0
2.603469865776924
4.642954909413736
4.9456503411647565
5.765135320581086
7.580004705051431
4.6813670390773545
5.474168899386332
3.80790695320224
6.235218725781012
6.6579312322273845
4.173278271217447
5.271478672016026
6.113648658425011
5.043171588723731
4.23461297011931
4.912621083253783
5.717913761091991
5.071931609304852
6.438015674020199
6.686970050895837
5.079754951511494
3.9963712437316237
5.078248371934481
6.415623726539083
3.8654405230077398
6.4186127492015395
5.844083667616739
4.6325963525598075
5.163675642110862
3.902065616278303
5.259206291906325
6.5197393166691056
4.853365985223843
4.379509639247571
4.859431024531253
5.024263455526846
4.478822283602487
5.524876454083269
5.485610798542412
4.795400884656188
5.203977887474403
5.729828963417624
3.6411451568184905
6.724570074435637
6.64674804715468
4.6570589732336
4.6598346362580125
5.0291592226500414
4.6991502355923895
4.159055847166422
6.009723048851158
3.9646365950211306
6.183437808952497
3.905543647394927
6.392697650981384
6.469204393762849
4.449179879429362
5.864799794184309
6.382208923679895
8.638296937734518
5.132762257083394
5.2052149665517495
5.599541876664532
4.777615775892311
5.267010566477015
4.619584729305658
5.615539057601683
7.39170083011647
5.674750825058155
5.440553061047204
4.846175198419962
5.32386781087605
5.6591868720511265
5.4879148278436265
7.438539814430839
8.72831441752362
8.082671386312208
5.14240284407154
5.137839536674968
5.400385998701469
4.534197261803812
4.938377286389601
5.939563168499556
7.475238821799854
6.400575478201124
6.09725938043001
6.428256840974468
7.243765744412851
5.004418934869584
2.9499148963538415
4.806318030863612
5.383865811799717
5.8531733803172665
5.870983788556727
3.5048371993111345
5.8999953714795765
4.759923569076694
4.859009190365156
6.441417374426953
4.141410111006977
7.308836692781687
5.948336582560581
6.92110370118919
5.267790913697372
4.241653129661904
6.100844546402619
6.2215861400039305
5.251416518645746
5.018362031021008
5.4685766985653315
5.767709408706997
5.693504736192576
5.250698152499485
5.09865713447668
6.612040492765597
6.596905132473119
4.225899809759503
4.65267215306441
4.291610082840823
6.694967197891555
4.140351725671324
6.670037291297955
4.570984606337989
5.581006035883715
4.493586559341557
6.319205176190836
6.5702305245630575
6.263647003237817
5.632625861592805
6.089327796387717
4.31954022535484
6.042859100773649
5.001227548529995
5.03716324868266
6.250067294004278
7.387675767366083
7.268814239962102
6.5166998825314515
6.349226527592188
5.7802130302915415
5.376729834110702
4.226102903217712
4.722248821408228
4.817503117951537
3.2259048721396493
4.5415186150792035
5.137386382584732
4.201054720110659
4.972768439092067
5.652190232976398
6.028284552962575
4.185303538150481
2.981840574055079
3.3802328639771817
5.061185802176386
5.241980186196063
4.317958553317165
6.39120490737995
5.451380858520608
6.470077337583078
6.3069943900013525
7.100630649667275
5.963973977125254
6.208379541822347
6.0463850653356745
6.099353322908442
6.585760762953951
6.828134517691253
2.504551729197054
4.371444040867177
5.0857760258787446
5.0513804821088115
5.112196893585295
4.422203200800275
6.1966259612013435
2.8157979419697927
7.992271419979046
5.818199420369144
5.359919088733852
5.0246698392604
4.777423858313074
4.879134654126477
3.737350720306201
5.983659970523916
4.405694735452475
4.447822029383731
5.6083159818889925
7.760864385983223
5.36935058180336
6.68574617936956
5.858076898885747
4.11567518142248
3.2832771188942935
2.033783856209506
5.732873070224153
5.832110243382298
4.5560750772660015
5.1790913117032495
4.976887242132649
5.6115706879669975
6.463723769616978
6.409407025402488
4.278975432667633
5.193869928458339
4.349295307090294
4.261134553620682
4.350742225059536
4.889006329573542
5.439981987947516
7.9008113310093515
4.042934380149171
5.274027039218977
4.700724275950179
5.553239130775251
4.853786105407421
5.285109747870887
3.7413557173107512
3.9561135956543203
7.372739641215719
7.062792431194472
6.523583975951024
3.2288373575273606
6.6083939743712365
5.850451849623716
5.713854985817259
3.291484869955349
5.437072209792155
3.0802541264482928
4.244430980770278
5.496602699191947
5.72774445215192
5.426386168068473
4.457790763619886
3.7415927984122472
7.463442464423499
2.4079415934261386
7.398024596715624
7.590860822240068
3.1394481319890213
5.613287602184341
6.313221993086462
6.128179309187593
4.797835156244894
5.6551927013226155
5.764606426770822
4.932160938394597
5.05848088318508
3.5608141859213283
6.5865464520287516
5.54454393282575
4.719598207905766
5.031739654012129
5.5508011884400466
6.229462558059372
4.75940027801411
4.834875217848189
6.824579872773968
5.717783738210711
4.687311248017045
6.393370533604205
7.238280809563905
4.783708150471281
6.429197696035826
5.3189141885296864
3.7001639693002226
6.408004893587835
4.870564031287125
5.5500109657145416
5.262048474818136
5.318914492706933
5.871817045967848
5.822429762351283
3.9978043470962077
5.881142630386489
6.3894337981229725
4.224254735655975
6.50195861380444
7.756019309407674
7.049300065955499
7.863880581332652
5.771050973429885
6.501693497873912
5.2288560814764615
5.892623806240926
7.054381440591559
7.451746715751716
6.243681025199043
5.135956410019084
3.9951805989404257
3.864138801692562
5.9159765089102425
3.524392991395854
5.248388236224711
5.8310926959120675
4.578085566786532
5.218779140923114
3.4516746788073984
3.836647344430063
4.554939529129061
5.53750072301109
4.614714330059229
4.479369519126759
5.46658615464932
3.6976917761853256
3.9886091884792734
5.084761151113282
5.712210324417343
7.197021901102512
5.968487659351484
4.855045392017437
4.767301139482218
4.51240788015032
5.134396560180925
4.419020329529007
5.892364401654051
4.543749961465296
5.075862156566532
4.77039955608729
6.4334339318995015
5.089059241844115
5.137079196812899
5.487255038311702
6.471101023928463
6.203411888414929
6.458582770421981
3.6385285650618013
5.002348781734696
5.22919093831092
5.542342517459658
5.413235897718084
4.147250300323082
6.62154970835883
6.599128542525389
4.436777887236828
6.091045464912402
3.8704564368692815
3.0899522613614185
6.689474678716752
4.792918367642743
6.657421170453706
6.431702249434606
4.606375803820543
4.590556872726274
3.9613746473755374
4.378163076271568
5.267721433243401
4.2028877346551266
4.602107602646382
5.783504870492383
3.053535213811866
2.497690291489048
7.601258177163951
6.248901911941478
5.448350870651734
5.445840554427305
5.695178038313616
4.446591745495748
3.698310105649495
4.004037286140076
4.729142132714473
4.42671371994384
6.497888913542919
5.882918786375809
3.9143356507452896
5.3382169995749535
6.143755855516223
5.665678063785747
5.213557361123578
4.898657635933762
2.885525130472649
4.4935634870817305
5.320850786707515
7.7173235160747735
3.5240746224666064
8.018396999160704
2.203141475469628
7.060302630936782
5.999343469758772
7.706963540166253
7.685375981801976
6.006706679294194
5.313179834266846
6.037361457742578
6.1559504527877245
4.618625693978019
4.7214978071455205
5.567630404827348
6.887480426535818
6.2590385421669374
6.3259823941412865
3.920687661254663
4.97431582221797
4.0594153860859405
5.172897671049257
6.582049968284179
3.4575461095996882
4.244381475856616
4.49925637213143
4.63123592576246
4.938486985892379
4.853721375676609
5.182817782538335
4.893708289527935
4.041701410895411
5.995535601294907
6.526567250053317
5.566940811847549
6.494451637333211
4.836670143591234
5.908941136208761
4.787193510348693
4.887439607115597
5.202221057115619
3.9514195657084525
5.961103094416751
5.453751803241538
5.782589000455396
5.407662719898083
4.925142820834218
5.388278272343875
2.681616137163825
8.381621233190451
8.012962877463254
2.1457847596212107
2.873575324028409
6.046496603477826
6.041489378136565
6.917936000006846
7.3308970866416026
3.759498859307677
3.6046503088164807
3.39019388441577
8.942177826909447
5.226179539491335
4.654774333133522
5.090895331974169
4.577579417379851
4.914197956482333
4.685022085237266
5.377835424378816
4.290786664746712
5.806525952573044
6.813110602936345
2.593386897821974
7.773518567029759
1.832048162047196
4.112873811554585
5.38084660480996
5.90635409381079
3.957475920133531
6.086378644222126
7.335153798087871
5.670995760433734
6.477767419214482
5.785956088348929
5.916326547179127
5.531363119390295
5.927822883459337
4.211366250496937
3.002103597783097
4.020434182052911
3.899473886055809
5.790138217195552
6.463388749622383
3.768593300024081
7.238054092009403
7.099856392755174
3.848727391825171
4.340506570475781
4.33121829505121
2.4328761184760874
1.9501866963449646
7.752831976091018
6.796541334129598
6.069213595756076
5.25475138397655
4.894820143099552
7.115864109827602
5.789855079634485
6.379752389302276
3.750481355482297
5.89859652949242
5.379342530353432
5.267586210206957
5.201332731003486
5.31213804365021
6.048903615232101
4.850513950257669
5.071078190940818
6.245388164633358
6.1700244183900015
6.106220015970591
7.032035439086143
4.99731751182382
4.465063360272938
3.2054494418752353
3.138160390956548
7.267863434125761
3.757502741447603
4.036016510583974
5.96536670931164
4.88205600342602
4.922279051332725
5.604551461568058
4.627930434047237
4.282966773533954
7.439935936660609
7.769920092100246
7.557124173238483
3.452076831062757
6.689336371216354
6.338727389981944
6.203245047970022
5.387608039849806
4.577302239763233
5.072120066797809
5.147413758430086
4.493937090402739
5.502794446413625
5.727411315054929
5.1774226672003
5.287511194085621
5.089820353011757
6.29127761971287
4.8109913540641465
4.572972540249187
5.492995579860725
5.7308369828150205
4.338835087919551
4.2685293538922116
5.616259937383237
4.498548592104827
4.699658547604104
3.955911343407291
4.857172876801431
5.61358216127482
5.26819784557795
4.622803531409368
5.835113633139682
6.019573298879473
5.60850395530518
3.895527375251312
6.72237929796206
4.633277986134606
7.114357297473977
5.48207439628282
4.76032803238779
4.308522246011555
3.3206507558357563
1.631703953889612
7.044618021454572
8.880601979514475
6.707388781942532
4.670585766920825
6.432962339639284
4.744491855267539
4.921472329352686
5.326844775261572
4.684518179340274
3.682313631923407
5.663207080720202
5.086435458742358
3.6968493141910517
4.6265984813007455
6.62375554375902
6.899585028756331
7.1723432144903665
6.897565199896185
4.539052466888599
5.032654780444834
5.531410990521904
6.21795988920779
5.777456698657486
5.825811045345645
4.429401810649545
4.39451802710332
6.138383218058576
6.348185941346701
2.7828620271362388
5.141296294092617
6.161852624422921
6.916417549825291
5.373430746910003
3.9158008805811737
4.024542548589761
4.700243195445123
5.911764795169208
2.336888370907752
2.148990579778274
3.3475854826141727
5.303399496423931
6.3521986401961374
3.2951080498593264
2.917703174730163
4.808792498582193
5.703265475489827
5.318314033627666
5.470174182605234
6.706183148946787
5.184295189500878
6.360308480637574
5.982769102156767
4.050637602994033
4.810971427436681
4.856468566551741
4.667831997328015
3.855886585858682
5.305262353783805
4.655923893384668
5.443207680291758
6.3982416172534275
3.791225389175277
3.613372096308213
5.771368262001697
6.28710091400959
7.717375329552157
6.15599844658028
5.759913485773433
2.9395566093084473
4.212257277163047
5.504875569066515
5.371038418558207
4.95622963875702
3.837816536750058
3.1055364875291174
3.0420659372363694
3.281391731172096
4.275900998365625
4.165039848264835
5.837535174340189
5.554969819645429
5.1813367855595045
5.393668255721028
6.7730754580910375
4.872845623648972
3.722138386191183
5.069176025077631
3.432339040181403
7.088432126333152
4.9694043757970245
5.866482968978409
6.29803568835799
4.116178047486246
5.03987519800872
8.16402395776581
7.882818397711948
7.288690156637315
5.690556613669857
4.846232491098744
6.1308801295977275
6.059641022159856
5.86794969537092
1.6907769108609556
7.1278466113086445
6.975632451994601
6.0832483216890765
5.928075407187067
4.34273146597897
2.69551487301366
3.9487700028401527
4.579992891432857
1.8245356329392177
0.7117940747559387
6.341430325291688
4.177572388189754
5.461520481396629
3.4589431849926093
4.614689648375397
5.721819524177164
7.761848331894779
5.500224118527471
6.020806178982511
4.439793843074913
4.634990094958505
3.6596316301576137
5.90024093063639
4.028903994778564
5.428757414457668
5.723349247698148
4.258844854812314
5.060590109079953
5.564549500736079
6.553424115309061
4.261936727731379
6.5087827231569175
4.184543436257405
5.358269537515203
6.485008807661837
7.175078947186675
2.6148710664540324
7.371060490915951
7.357276385448266
7.523201193303286
5.9779372038392795
6.311104465368358
4.966345043464178
7.589769974663639
6.347359755229478
6.154328105754098
6.3840714560075975
5.469279718162742
4.692564537449864
5.672750066111503
6.023872863664888
4.624946621936742
5.3110109363997005
4.100519343547426
5.417088368435144
6.274835966022088
4.994522320603234
5.242726082273872
4.177176533183068
4.352996236589701
3.9070252412989377
3.551209765701696
3.284462028179134
4.545066925367164
3.495169044713243
3.3595919693947276
6.088844973489162
5.323524394843916
5.4465834084720655
5.185694384062405
5.747316503067308
3.96387692276087
1.1649143068847347
6.246354850209615
6.432267960569114
7.011286178354091
6.641933697402323
7.301079972810371
7.007834443063841
6.614696558914674
6.696662183486128
6.345833847394103
4.207271205460756
4.220439796345801
4.388765175005456
5.2555974050110335
5.714190106637025
5.676288425526097
4.274862860814637
6.762343342287641
5.649559517153764
5.949061514684174
6.712548103710111
7.343518964522149
6.637285683928648
6.441672347059085
6.872383662690466
7.457396629037296
5.946040473985053
6.309126165596461
7.3759490222548445
3.234465491138783
6.882859934345379
6.265924155812755
4.607493635715706
5.27807109659339
4.512845726791311
6.104402211839861
6.340231824432016
4.648697914434379
5.546545280883992
6.479181245373807
6.055503607391534
5.106936717023878
4.933081937575249
5.206931959712274
5.040967540931031
5.776036301876202
5.666421019544414
5.94880954586172
5.522812698205805
5.134845339076411
4.436413138907142
6.022599145256684
5.859295563622547
7.894286199954909
0.7690631461097042
2.7924932448269826
6.53811667173106
5.961239052385333
5.637178984393706
4.456337862133744
5.516924933401104
4.463566450553697
4.747891646554722
4.30988089829047
5.416356307956527
7.3002522943758725
6.950476203320147
4.036296657390636
3.9989544686534635
7.571896147432297
6.214360527071144
6.439516006552229
6.288619282668739
6.077316090156276
7.137606360681261
6.143432181214358
6.5250510576569
7.045285442475106
6.959211195838202
7.004055753844026
4.742185698039406
5.019909517840413
4.498077009475595
3.1747683239747055
4.064141355787338
7.783475305826653
4.631964083241649
4.7183584995547285
4.652824393574425
3.7237688972400433
3.103333247888288
3.5332340212473308
6.5728495371851015
5.314051167450707
5.736565025373464
6.812968747518645
6.210460068553358
5.320081784275646
5.185887848209572
3.5694053131935597
6.474194741459156
4.452662801014171
3.581901010023065
8.276154597127858
3.815608297982201
5.589448075920798
4.962808706454006
6.4206939451033875
2.5766381960580436
4.5733830488442235
3.7757056033128804
3.5657281147267152
5.054157638167147
5.53003235195142
6.98136942011062
6.562417632976776
6.817193390029604
3.550758881701887
4.650754792567325
4.691721954453114
5.097575966989492
6.360505888423821
3.956535139412641
4.135792720517483
4.8299080949057185
5.815008749908167
5.62534058724719
4.041219985585985
6.793282305236842
3.29211880172669
4.690728522058103
4.524881574045959
4.772594765528649
6.429623971928828
3.505791040319476
6.808076951012861
3.48793370077042
5.972870033039841
7.438205197650918
6.8912611251424165
6.388259786655762
3.3587023498198465
4.740444427200425
5.2374176035064846
4.317076736844528
4.6872607845154475
4.912552335433933
7.29256737628568
6.012829687787029
4.613262557900037
5.136477906174038
4.598024903467375
3.8333486893545645
6.634975332335887
6.673181081789684
5.980682879044513
6.418212234150202
6.139139805160549
6.993461627125303
3.6239983357180963
5.653057231100768
4.172970255063759
5.273849866442733
4.097411276973312
3.832160395895124
3.881112489691247
6.118423504021371
4.432825273783344
5.301375138678808
3.6211833413731305
7.237844408383676
6.457872901492609
4.082128787129917
3.7655899831200648
3.1853330007423346
6.959349781303662
6.902024923997606
4.750349595450005
4.840058556019403
5.471036744704683
4.803848777588752
2.4314394410334526
2.828562466562632
5.486202743564333
3.9738498058422933
4.945419783935681
4.164829626214832
1.6118179999500564
3.5914339222109195
6.320661521915581
6.604077930407959
5.38382440018894
5.787872196759673
5.948495028532466
6.205141682727057
5.118619107680371
5.928233655093936
4.760459902384593
3.8859160099051424
3.281061706270359
3.2243606506966027
5.88601759275819
5.286388636072126
4.531167278009218
3.6850703616700686
3.8668209024874938
4.300944885775137
3.9278349079351695
6.549854751669505
4.688057646682689
4.5376758191927
5.000777386165652
4.683304819381437
6.7439884776902455
4.441855950594114
3.8594703270887383
5.599428248054569
4.900466315544022
5.030774086690888
2.550192834528765
2.7444884264573046
2.4751074335886334
4.782349304613207
5.071957863047014
6.18919613776563
5.7243513147320915
6.493793055028114
3.9207344003954465
5.833073735953115
5.2489291054871225
5.089637955187565
5.383584348625061
6.297410453696553
6.354651937109234
5.238220251404068
3.4149061033022416
7.085316858751762
6.359017811531076
5.793945421375079
6.2590077356449125
5.076314913782222
4.834845922983771
3.588088193518436
7.533647297460877
6.851007990739888
4.810883208215826
5.339027197862766
5.5310244372173445
4.856381096898917
3.8514773567161953
6.042042726191107
6.370761673900279
6.44052507738513
4.484094720424337
3.3004620651243224
4.261051512664137
6.183606084235163
3.8442607141887373
6.385281964306372
5.003576350063283
6.36562269773714
6.2549446475260675
5.547634309888461
4.962588392840775
5.080749951072871
5.140883552037376
5.287013966020088
7.365064833602947
2.804444412562189
5.26687895811432
4.680016147263746
5.128350666375618
5.103681903464584
4.315653357175782
6.408927918761928
6.567310013412386
4.813380698082184
5.661905278915223
5.828896793867933
3.9252651114816155
4.197860182801901
6.241338153374414
5.412665089206302
5.105577620754718
5.564037217816311
4.521419279768662
5.29467795855966
5.540974428426736
5.512088144518122
3.5123622697992443
5.836855653485473
4.924554245255532
4.7786806361923695
4.062639649192589
4.862497552113965
4.18779292664323
4.166179448001246
6.027824913093443
4.796319323933417
6.3264614908362
6.530006240644504
2.2848097936130474
7.513728908971439
5.754119975550819
5.287585393418361
4.871212030473426
4.97227920800188
6.889242488468804
4.232501058393352
6.8702824040755335
6.982548248255377
2.847565630995081
5.603033375826865
4.5434979954222126
6.70328654308815
5.3277684170131545
5.154664288108649
5.80362688100519
5.329824775225631
4.1546771275761305
6.10440602554036
5.369601543712834
4.059750421916646
4.850698093577056
4.366863077033895
4.554853019187376
5.454344525260283
3.615334744382295
7.125832819139458
4.131340878075837
5.456574601410628
8.361605210729646
3.91944140370731
6.488110929630271
6.891659706465973
3.8062825597255525
6.3038760742947035
3.244919512133657
7.308820504774601
4.4090171075794125
4.721279360691768
4.562114042943409
4.388951522148452
7.986597406370169
6.523462336724851
7.161763909559129
6.666139188163002
6.526188345300772
7.364032360180706
4.171706806559145
4.780632003642616
3.1594803867232257
5.104804402914947
5.1594768160296205
3.608807213408973
4.64415608341822
5.839952452796751
5.1705505953281055
3.6070119762147206
6.9216814402344315
3.5877014860818055
5.881674145183482
5.544038243651643
4.819655963181036
4.555515473404321
6.551126041690788
5.279125772213647
3.469684894927978
7.199324728554464
6.191480263502633
7.309249226537381
3.6834861988471825
6.5862295271391105
4.223148846855388
5.11671685854882
5.022314407257265
5.35021480323057
6.614991758168619
6.225205961348926
6.063291654736363
6.336208698569534
5.7216027563669565
4.259694827333293
5.920049420701948
5.765319779552765
6.020823087083924
4.964816369973296
5.139937571933995
4.552959561137784
3.890887471995746
3.8240219374444115
6.020439904924408
4.656052151049002
4.861784739579902
5.182276029153135
5.889032190909183
4.439999271009172
4.466303724500363
3.6025767983678967
5.848108965441167
4.212835489777773
5.544120007336297
4.6798928211087585
4.473788720530056
4.964223142436064
5.005302863583343
3.959507787711211
3.8048543637533414
5.8645350655657555
6.994836030954559
6.26043980542163
4.908546264051277
5.157060154136519
5.223932243150518
6.695805458958952
4.972961424773615
5.831640978038407
3.7498641527296517
5.752459707958566
5.216999015043195
4.928061027821037
7.070172636949024
3.940544588357432
5.4749139862211145
3.6965201388884257
4.95183316496935
4.967032827097633
5.252116454292868
4.601487668068782
4.0660185585739255
5.454579835819461
4.110809175250264
5.602193517076997
5.43885427068936
4.887160084153179
5.236832001739874
5.783374903125592
5.148355812237876
4.040303747253218
4.568753338832329
4.7732801988014115
5.024856376846568
5.6488453597073995
6.6433556195611265
4.549403098709464
4.954196522048102
6.56651564983636
4.752924878322459
5.890006138805499
5.286276346901213
4.695714329213203
5.432611127706491
3.1066414622330267
4.955357689923094
5.422451138305408
3.851123280725103
3.8185205189654403
4.596132333099559
5.221379285499923
5.67836754959515
4.730426172778868
5.478022240939717
5.246308922997306
4.945068330908699
4.787809266632425
5.805338672263152
5.123220666538255
5.780898414640598
4.70987139880251
4.406798358814252
4.718552513452285
4.959648283589703
4.00846139725741
4.999561261799497
6.623340558500177
6.6963050788359
5.1665440022432865
9.739929186822458
3.563990890211545
7.1572440697037
3.7843743686297646
5.5248781719863125
7.1513663555590625
4.032186412609253
5.001362508606921
3.5914629700264693
6.117662872150462
6.771110148534178
3.861302512060948
4.013593674540952
6.04649932279534
5.092835259971639
5.5581387270345655
4.825139797473757
4.913543615933867
5.461927875592252
4.752735141398965
5.170981485046843
7.448586316988935
1.5703770407122855
7.33404610850359
3.4708892771495057
7.0394248112923306
4.820755626732502
4.304201386358989
5.532458256493689
4.7157124926629335
6.8299670483175525
3.046091893847323
3.3628511251994215
4.510080437778166
3.6195435979152175
5.65436873474587
5.88200109815687
5.445322402164409
5.804460393841243
5.498658229655181
6.9306811551352006
4.02776490748568
4.472278357235072
5.78874126957879
4.612847486692701
5.569256998146748
5.0533807169721765
5.014820068316331
4.47552791417728
4.353965000967522
4.928767164933005
5.647773346558218
5.064974021744535
5.227029129954935
4.791140501897143
4.01478129479829
4.165623134046659
2.608231050810735
3.1469604696906366
3.1516089660541105
3.916230517493721
3.810116687754041
1.503055276471036
7.913960121468654
4.30151630713
7.336768663676205
4.046903606311448
3.864587045983004
6.16289916879701
5.6218811404691005
5.973124115617614
5.840570783173145
6.255197474919533
3.5191952737227785
7.4238305286462705
6.148873808297185
4.491429120556289
5.4625001173031205
6.569553511713157
3.7368845062278786
5.381466457425642
4.831268462014285
4.565786926287267
3.4759994628777737
5.741505299982981
5.6826347974210165
3.6235523133624916
3.5707518230533704
7.6194378133819205
4.076764541454438
5.965587750072353
5.106810745983458
3.5030701838232807
4.910916610552759
5.181557503840483
6.274887759011563
4.461724310743047
6.359161278507083
4.325152565787892
2.8974150751542402
3.026141355439394
3.1613130321112792
7.881807790655112
7.445137482578735
6.655279605377042
7.50294938352172
7.890725819605662
4.49385773047816
5.8706358809459305
4.2503454423535825
6.164874998598712
4.261905915107243
6.629889060972946
3.266663454965804
4.02820999741918
3.7125423413576875
7.282809608289362
7.792450529642394
5.320072960290309
3.876230538786477
5.028279841774916
5.019435351772198
4.733011368853137
5.61083077417906
3.064234599604604
7.602667769091064
5.737038724589513
5.204390749075547
4.752631955390308
4.6807226779908895
7.560521495726217
3.4277944401786526
5.93268983461263
4.946160767218068
7.5962184790298455
6.5575416256477155
5.831603169160765
4.9101605742938075
5.542563433190035
4.248107202327092
5.359023382856597
4.027196123386944
5.7845043859610055
6.173392292146673
6.493316996579866
4.507429823359284
5.101093314828832
5.215633663748324
6.482261871482625
5.525644275036005
4.604916900307238
7.7655573387991454
6.872759849344314
6.964979167203831
2.8241390187094084
7.123278393832163
6.017471950348406
3.10743659138558
2.1498381699419404
7.687305521120034
3.1065060764459886
7.166257313176687
4.389267928027845
5.221067896916326
4.5657061356432935
4.7101522854073
6.124475205690411
0.7221456906423604
7.870199167558714
4.76086816006862
5.170857207060732
7.209564889255236
4.334863680020588
5.920734661094146
4.440444490959239
4.292612080742386
4.774839846842396
4.522442919665692
4.4381475327080135
4.7259660567478186
7.372019147633139
4.547774250119713
5.750207779250759
5.844961981382663
5.509992972910699
5.890513326088348
5.458918272488281
4.299836936610053
4.8450473907553
5.0947149446826385
4.861450200406332
5.780800073330405
4.141483506026961
4.236559618332687
4.034192582491986
4.72217832958713
4.117757865648979
5.410355299440796
7.189261886241706
3.0861937903867624
3.7467023243805806
6.0384751831530235
3.1420946974542416
5.506111997635874
8.80905134866542
5.8317021979787835
6.5599176144339015
6.2956618242935996
5.833061285110451
4.375740654809862
4.230110793131753
6.877728050651412
7.3771475182450885
7.623536578995093
2.7385905728515394
3.918255310929284
4.650751903125659
5.1614813935792565
6.324035209216391
6.362811807654821
2.631958522322149
6.923870232324566
4.274709512628267
5.096168745985725
3.787742012253138
2.349268565764032
7.5031809445226285
4.668510990204162
5.812396057956667
5.368903077347675
5.614037793132353
5.866527869046712
4.232680781504504
2.971498112839379
3.414832861690692
6.150967627862256
4.702736109156592
4.035452652111169
4.664062782461987
4.0351226090519745
5.471904881912928
4.095648570849246
3.9664680391604055
6.811995578898025
7.2708853729997776
3.887856609704152
5.479091267528131
4.203175530791805
4.144950092405273
5.32259577550383
5.936612684687656
3.9749543236263016
5.456486915378197
6.832891969592691
5.545394801500756
6.989670785419536
5.918719360934683
5.375680874259934
5.234273203858333
4.301691818711299
6.089713205391674
7.32521868670033
1.6964537261445283
7.510181480918493
5.177683255047875
4.254919519892421
4.761050911798201
4.231169479440597
5.181799576590752
3.1926536807191037
6.739249967798024
7.31430484708553
6.017719714082392
4.830267754560922
4.94453036287222
6.161065214362121
4.122162823559927
4.269832987266695
5.791191441897094
5.709447643964339
5.817263488586842
5.609005424404076
4.346859346950998
3.926760769661787
5.682591284123461
2.3310066608872972
6.938494000487778
4.622096393642778
4.5341071907539785
4.464269901507257
5.060329546256367
6.000747359725988
4.978302717048435
5.435796659433935
3.736749785428337
3.740481612201972
5.091132619012996
4.490905930961852
4.550715658280843
5.645624322792832
4.411372176318592
3.9889756966813885
6.978444901632027
5.108158153646114
4.796537231251885
5.667663752692252
5.002898139032601
6.0594502235918
4.624511930942307
5.0313227272188
5.188600436160824
4.822306289731713
6.9753267099319105
4.024014120074217
5.129098497727524
5.137362854529109
5.523273326947523
5.731346728798831
4.974942849423624
5.740974523460554
5.656152698526446
4.386311168020284
3.5992090650936572
4.619969991881014
4.927388914330392
4.688640645292717
4.492416521141889
6.750243155472713
6.270467468823137
6.756421158235613
5.38874947580876
5.380743811744612
4.733529082337263
5.429135268737393
5.315197368021352
4.944661360108168
4.2024638461038695
4.489405815969279
5.058271460713999
6.203584467915209
6.416433756680914
5.995901156253276
6.229064094030351
5.67567187474115
5.4707398406757894
4.221444268239155
5.38124439415307
4.717102293733595
5.665828210906714
5.491911795466074
4.762165417036317
5.803423048191183
5.452393718293024
7.03742488219054
5.7569990109826765
3.057106218193478
8.018975798610217
7.742198880124047
6.282919674563668
4.434620914623683
5.08465533816188
5.965818873996322
5.015373835009024
4.74207675221736
6.3420461506653725
3.865654827911716
4.48373377329803
5.798056260306583
7.0679975587817605
7.24928614593022
6.021717327441436
5.301414725701911
5.192179382079624
3.6738895519745967
3.966869106560197
4.155969075173724
4.607318948455855
3.3481636827160206
5.21890535928381
5.01171263096118
4.260883749190969
5.829440164708685
6.891588784475818
2.927157183287105
6.802927171811231
3.1584113693409996
6.774815104711802
6.20194028034423
4.895405649364341
5.188822776635498
5.625152973392381
4.0148532182334975
6.3020269641004045
5.945255435842726
4.955945150469055
5.368798210334655
4.615327818338126
4.625104847905182
6.094573073139716
4.420557024985555
4.224783977406106
5.5221384309345
4.695453389280893
4.704380477635134
4.166956287766074
4.42969815884522
4.256724125364702
0.4601933841590297
3.0104097638419782
5.595908012629636
4.17493251278064
4.033248983971394
7.568855842173242
3.1144226479467556
8.513523913575304
8.667034413505014
7.160459481661769
5.887760754517429
5.744433116754296
4.888180075969024
4.499432729726441
5.719493423753227
4.935316881057586
4.8645470556162635
4.903435164194534
5.599521076395756
5.700344199643776
4.738496372954946
5.002643785291674
5.005380478179977
4.781320387504461
4.724990078444709
4.382977257490032
3.9433491677717734
3.4104821539309196
5.327071864560224
6.258668406590015
6.023144489726535
8.05058440759462
7.045211106746931
7.267065344134466
6.104516991657967
5.444153503427252
4.882672408893689
4.665908512829995
5.7417316027433065
4.25507484260833
4.93520543403476
7.434245932870798
6.490911834282115
5.459644284443018
5.627407438424946
4.954573877588128
5.985275088818971
6.450857935001902
6.203659878971983
3.2837696275708477
5.0248815410801875
5.569136817203877
5.6567179757883554
3.9175836352537985
2.8922689845836884
5.646259807196446
6.070729086982372
4.877809379808779
4.635351611921428
4.128478052988366
6.125742892046786
6.139154522862357
3.6275808518804586
6.726881764262067
4.12596121415906
7.807038751058442
8.499341223341846
7.272116402440249
6.870740264823577
6.588242547160701
4.429378280388199
5.458451564721589
4.561719623417514
7.5825258679224135
7.0443755636023955
7.133793246859819
7.482305426535167
5.778150261526023
5.497025072522517
4.418389251840945
5.268395822626301
4.234373226450756
6.211927360243069
5.390560374356844
5.081378028778911
4.608992954238128
5.177168959084635
5.1772077012811
5.181534035403007
5.47908745295613
5.00389370348802
5.604658263166361
7.256620763417458
6.2730514768374235
4.745911002098368
5.9561116524835365
3.0752111733884013
5.2975299120408295
5.46393481904332
4.760387396586897
5.8882431594135625
5.057464888813111
5.116644020166116
5.568870408191219
3.2066068032567356
1.6778276916431363
2.6445619927727035
4.575915679181844
4.75940572239279
3.7193980084464733
6.146036372279328
6.940549160422738
7.177375507962829
6.500419134216037
4.470549228934887
4.889390857055534
3.4280624430650124
2.8389435711673463
2.9082464148517215
3.304819646776131
5.735161984600353
5.673200924263194
5.488425712306251
5.423272389382532
3.9143619399593117
3.945480631964747
1.324146959255818
2.0556179473754206
3.5351015706012308
7.277299822045931
7.05097252765277
5.524006465650746
3.4275598665733256
5.425085695188851
5.358751134353799
4.575661061529835
5.00421072658857
6.1808174457799865
4.451275488212404
6.333752351272775
5.398704743126035
5.530831795465323
6.903893965311849
6.382621819220111
3.1423012086659874
2.340054324154516
2.340054324154516
2.290882202602006
2.290882202602006
2.3880305428251107
1.626215988163349
1.6537653049152476
1.8152017928985977
5.7447191787674825
5.516024340250436
5.571714810393459
4.327779890521893
5.294739990639394
5.224176881706732
4.865490192680577
5.125415766050646
5.272605972520394
6.373485407679243
6.883192808291328
5.6789652627000775
6.073093029803512
5.539680374254958
5.662082548702954
3.5498182422746685
5.79368199012336
5.33491229732871
4.841504002164607
6.356264087173903
7.912675939742468
2.770227529893257
7.672978916976564
4.005451471351308
6.243915811027799
5.2045831608321285
5.267163907288978
5.434299504260548
6.308309103624417
5.667994173124441
6.947138839276026
4.4255322239281485
5.921252336728679
3.433195107662865
4.702455200880986
4.403203102088423
5.009992052051397
5.699817836407341
4.089768924894943
4.606255806573177
4.415764159346403
5.288156205342796
5.049784895688466
5.364518277957409
6.3500641862549685
5.736117794725026
6.525396488529687
5.418250619931173
4.13410521883418
5.068195416510259
3.9617496316705103
5.594787087153159
5.628200065149392
5.4833126306694115
4.867803194855955
6.932482132191584
3.573610122937984
4.423030683803574
6.881710105351418
4.122328861832284
4.125972207742863
4.790305688813248
5.437968338233829
5.667788634193231
6.464616208499665
6.6576896750486085
6.558909060344067
6.684754408332481
5.814867456312346
4.092939366269084
5.589741856096724
6.38428944479672
5.802758830623659
4.546028068268331
4.449491917787539
5.9667348987382285
6.3862548813313476
4.654910442452341
5.227715279242223
4.37377055297157
3.598178671501122
3.5140308369959663
7.096635061744136
6.87553707293072
3.1370078819946374
5.402972426965841
5.368181064530458
5.9021180676025455
3.331998651239484
5.736280571063994
4.945836778871933
4.750322499606431
5.363585240340876
5.021108796016948
5.795195402917129
6.434964245041588
3.3668613429213177
3.9555608121740775
4.643571082399632
4.3266987612510786
4.482493675995731
4.2892353312653215
5.227726531261323
5.439618890859543
3.4694328923509015
4.723867066577942
5.6340721018399424
5.40763539942352
6.021887271315606
6.724520860903745
6.693682297253502
4.544020405771598
5.129615014859884
4.385048099648331
4.5531483035865445
4.67855455313141
6.368364573200326
6.893855308991284
5.546812144960014
4.353592203932165
4.4653526361967115
4.5770358774097915
3.694453833944752
2.987213480703206
5.126058653127035
5.047182839344829
5.562969878403111
4.5381175191977805
6.529319568915635
5.348426965294139
6.992277490906001
6.616272065301989
6.778274026167497
6.9226594040839275
6.528078589527088
7.522338340534252
6.8752795980345
6.382717686451083
2.3078937307181406
6.769397145731235
5.1942920345063
4.634970325004081
4.541196124219869
6.600126480712877
3.308629058924084
7.653870486786058
4.300994875897783
5.805695415336739
4.870869224043949
4.4309969133732405
6.092932043225674
4.655060057718932
5.834667375214647
5.629037342629525
5.417245754406708
4.874086123658256
5.431458155579269
6.8175237088931215
4.706878703151124
4.86479928913148
4.841199180769193
3.8097985486835095
5.276425141169252
5.517866992475959
6.659997260520148
2.989414211462214
7.948451550588491
2.7176109540607998
1.9138384306542697
1.9078044451876683
2.316519649040467
6.047725472334802
5.5662095404781065
5.775054356535337
5.979413160282051
7.880606789657552
3.5785687013498326
6.050804496592038
4.387869269229336
4.88402024120552
4.628245838648539
5.946095743313415
6.204991860115184
5.45606719157868
4.16364913600131
4.9807211093806085
5.076182558310046
5.551374417751824
5.806712156408681
4.81328872954374
4.440719133845315
4.928555544033763
5.261606172801705
5.588536939740263
7.25164055690616
4.9313063926436245
3.6934542078945722
4.422103040839249
4.521265804234128
5.725812672631042
5.030384959812927
6.4247447973532745
5.6970303133057545
6.379003157529214
6.58749426563279
4.671940717493384
4.728993468133323
3.6965944774722463
6.705577391048622
5.85836144445965
6.145754501276324
3.6268882122799226
4.559169533230488
5.185192095812866
4.8756407917316125
6.041097045674407
5.353578500162885
5.314363290499675
6.090135613402386
7.167628867923373
7.700972193441626
6.744012915563944
5.262507128279946
5.965020978427798
6.0248683176034
3.7942693921038058
5.215094492216611
5.909458854323871
5.182797418360109
5.985451890251033
5.001201768090841
8.32916906577682
3.9321945154489324
7.34671355266314
6.772095964243181
4.071947764593622
3.981126498231611
6.600990094829453
