0
-1.0808307089443447
-0.8647299713897172
-2.29545565138712
-1.7164874028213377
-0.5139346625024381
-1.607085582670857
-1.3824825197162502
-1.5160185649025468
-2.229075268284213
-0.7323869282144435
-0.7785726486831104
-0.250080900715205
-0.5791041743366705
-0.8606487337803237
-0.6259318898308049
-0.5101840870793132
-2.4516915277774274
-2.5465515198052993
-2.9175428271409554
-3.49166431678358
-3.458366982856714
-2.8938291484602594
-2.866908208936272
-2.3835765522973826
-0.8008824256117009
-0.7484928262798927
-0.22842239197583733
-0.8900991739259754
-1.435376597008902
-1.720647691242077
-1.8612462632038818
-0.13934738557472545
-0.5108487147556132
-0.6454848323772262
-0.7797015166193515
-0.3464333010929211
-1.377576319409891
-1.0231472899213925
-0.731262852732376
-1.9996940189587555
-1.0915659302103933
-0.2570683600768358
-1.2582742169167598
-0.7199820288129662
-0.6351094739657785
-0.4925278940407858
-0.397616867137749
-1.3398120023875582
-0.7171992630718509
-1.1520909522552374
0.05865533710119257
-0.7886223321671975
-0.6012071155090877
-0.24117305382780288
-1.0501767426994042
-1.083027192193071
-0.8053632150648528
-0.17022653524723494
-0.48345314216822527
-0.5724622253982979
-0.8680649453598396
-1.3658774830382705
-1.1519584258012663
-1.5246038535775168
-1.2452184953824987
-0.8733904981618624
-0.4899995942422824
-1.4581987586604364
-1.2245282048095958
-1.3379309656093807
-1.0977914383768461
-2.5256459364236976
-2.3811273637522974
-2.0792810860010364
-2.005267386974589
-0.2654476188383387
-0.9368643453984279
-0.8980095133007963
-1.7070826279729086
-2.038362888763887
-1.4857573236019503
-1.8500575060126574
-2.1748245113527394
-1.6942958240566275
-1.2195263076325635
-1.8479761144735587
-2.2767077786073973
0.13959474126489757
0.08015322340992646
-0.15694878639357263
-0.3355342244778027
-0.5098146969246039
-0.31486717293682664
-0.9635423384779302
-0.6478285834302635
-2.8047279368198694
-3.0124924571572103
-3.5105811656137256
-2.267716497564926
-1.2226888565151526
-1.2901567701682144
-1.6484329575764063
-0.4795189834202393
-0.4298283014667846
-0.6853164252187639
-0.6386092415561896
-1.7107120840450165
-1.0692997096932284
-1.2365162494992488
-1.3334061501653172
-0.5039820960646438
-0.9597322531684072
-0.5162589253917229
-1.0022363953483358
-1.0127023420878738
-0.35286153978806684
-0.9089318541501434
-0.05554067838482637
-0.6554997942303794
-1.6034828216620547
-0.9612868932732848
-0.8090025930130399
-0.45427306154044217
-1.0007669498180036
-0.8598184060814469
-1.901847709907083
-1.976958257826081
-2.6818450565016034
-2.9307234318993802
-2.013592147296717
-2.1624356709775827
-1.1663715058339044
-0.3105683739959113
-0.38853206169916027
-0.5635671201146167
-0.274214057379112
-0.886623783679351
-0.9125534336556206
-1.7127473699495053
-3.5008262390763574
-3.7033125026115314
-3.530046047234325
-2.7269886810591872
-2.6230540515857856
-2.4989973643773102
-2.0578130200027505
-0.740133528376059
-0.37780851606763777
0.12616214367587306
-0.004890110008923989
-0.5822853903863267
-0.7727894359034716
-0.2100163038846984
-0.5188737956114271
-0.253304548926615
-1.2746544730822207
-0.5604976534692203
-0.3421730324960772
-0.8870964985678894
-1.745935213688931
-0.9220425353462285
-1.4084647568061799
-1.8055657915877696
-1.1982062617298808
-2.008269612738864
-1.375175945219638
-0.5496369266127822
-0.3995583882234994
-0.11797001185236493
-0.041502943033200894
-0.10016989509263638
0.01208622230336745
-0.006589986796578065
-3.4831532125715334
-4.215116972065833
-4.065143882417691
-4.004988272579258
-2.962527878840767
-1.122084239191148
-2.8775806683085134
-0.7985024451711205
-1.5202732575482583
-1.5022703355732927
-1.5022703355732927
-1.5001711112788485
-1.4897514552202813
-1.5385254526931638
-1.5062542193970307
-1.429245140934887
-0.2631424430541915
-0.6928898221488746
-0.2585088641811794
-0.9951768198356954
-0.35485592840569385
-0.438899016356591
-1.3067284872357576
-1.1940549551294017
-0.34780756404587915
-1.3215108987214308
-1.3116159563514127
-2.9372861411143782
-0.4600613196676705
-3.3536957282429216
-2.3876734125297405
-1.9884684855207226
-1.2331704078853394
-1.256661514831427
-1.699625531858839
-0.32768860029975083
-0.7701180486256227
-0.6860358486886409
-0.5183092805861863
-0.9954323617319973
-0.9011707801067597
-0.9070957649169843
-1.2883486250287348
-0.04095729590685605
-0.5890616130066207
-0.44889355700610156
0.09864417785425701
-0.6959615861202074
-1.2825743368176954
-1.3140759505915522
-0.9440047978106112
-0.8958541174296114
0.04526388760171979
-0.0329823435701542
-0.29913143870276426
0.18995992268850106
-0.512406827983103
-0.6829195146564785
-0.7085298484143286
-0.637345764676674
-0.7176515190885479
-0.6613725820574103
-0.6621092946775337
-0.4396176260247396
-0.7941561739487178
-0.9314790418421212
-1.1320446692476425
-1.0785073507736245
-0.6510615201501293
-0.9678979239776547
-1.5446244786102
-2.013957963978032
-0.9023736658765291
-1.4569199746643977
-1.6113508623197341
-3.3149574357025733
-2.7816881712144
-2.7669782634683484
-0.6174780018805159
-0.9096647720216339
-0.3726218009556246
-0.7038064290353724
-0.5254411880920763
-0.11737988552229454
-2.5807054699180267
-2.5974949449582354
-2.359906045654543
-1.8909364746151702
-1.6357219571478672
-0.9810381858637884
-0.9704741477501219
-1.0074987609328607
-0.8281303724618777
-0.9755284793476002
-1.3051506639326858
-0.6966636695387042
-1.1147522148366962
-1.8156519099587247
-2.207024449332823
-1.6606154434666622
-1.625539494910864
-1.6485565806431626
-2.169722119253244
-0.6032135234047987
-1.0427086311022977
-1.0838782342852689
-1.0838782342852689
-1.0838782342852689
-1.0725664294082444
-0.4351582658958857
-0.4227361472430296
-1.3751096100431772
-1.366399822203158
-1.366399822203158
-1.3678556666800956
-1.3760084858768518
-1.3773243718022274
-1.3773243718022274
-1.3823233164955924
-1.394496095099983
-1.39562834615243
-1.3952968209466485
-1.4154421426574015
-1.4190454415052685
-1.4190454415052685
-1.4297345297349893
-1.4291775858523
-1.4336400650166758
-1.4336400650166758
-1.4355053107737215
-1.4355053107737215
-1.4355053107737215
-1.4615845285838889
-1.4630939250628474
-1.4630939250628474
-1.4630939250628474
-1.450870492726717
-1.4587686899315848
-1.4587686899315848
-1.4587686899315848
-1.4587686899315848
-1.4649701552628838
-1.4649701552628838
-1.4520512544915
-1.4520512544915
-1.4520512544915
-1.4529715670623884
-1.4529715670623884
-1.4529715670623884
-1.458994113903002
-1.451292156375834
-1.451292156375834
-1.41669316074713
-1.41669316074713
-1.4185953522809494
-1.4185953522809494
-1.4132337825326742
-1.417512345996753
-1.4156896675637907
-1.4156896675637907
-1.3905200829148994
-1.3905200829148994
-1.3905200829148994
-1.396209444087666
-1.3929475253845383
-1.4026702764106318
-1.4039532029016286
-1.40519696446689
-1.3760466042159623
-1.3760466042159623
-1.3937516901345548
-1.3966369076967318
-1.3995944905652602
-1.4061351166788219
-1.4003421060023706
-1.3989910870768751
-1.3989910870768751
-1.398536445480692
-1.398536445480692
-1.3861460641034835
-1.3865567118841382
-1.3815998088782806
-1.3815998088782806
-1.3819554698839605
-1.3300023274928707
-1.3300023274928707
-1.3300023274928707
-1.321099266555446
-1.32029540880525
-1.3185291547930251
-1.3185291547930251
-1.3185291547930251
-1.3157339130882544
-1.318345695749434
-1.318345695749434
-1.318345695749434
-1.3204282866612185
-1.3313376762299864
-1.3313376762299864
-1.3346056195431732
-1.3307807229245947
-1.3495483649133273
-1.3545008162074867
-1.3627877362665695
-1.3540644489693958
-1.3540644489693958
-1.3430485979184745
-1.325790297066124
-1.325790297066124
-1.325790297066124
-1.3354131615777962
-1.3310402666692875
-1.3310402666692875
-1.3348093639793681
-1.3402298553743244
-1.3477807284556453
-1.3480914714672942
-1.3480914714672942
-1.3374428396321802
-1.3467328843923574
-1.3523217621611472
-1.3655114804276631
-1.359868696712272
-1.3523243266584515
-1.3602374076388917
-1.351595578898328
-1.3618650045585736
-1.3618650045585736
-1.3618650045585736
-1.360960952278984
-1.360960952278984
-1.363584177389558
-1.363584177389558
-1.3519088846820602
-1.3098328164190072
-1.308503328343456
-1.3020156409359023
-1.2956126460013506
-1.2956126460013506
-1.298203182515236
-1.294360069330004
-1.294360069330004
-1.3117502656512006
-1.3057501617391765
-1.2777646316599536
-1.2790653796128968
-1.2790653796128968
-1.2790653796128968
-1.2875310270487448
-0.5977355322106842
-0.680681347692126
-1.083219747892008
-1.226525774566135
-0.6772867862088067
-0.9584423766130263
-2.7136375481020303
-1.9349455435495237
-2.0105793661801745
-1.0269476488417575
-0.9338813321056884
-0.7828492116354137
-1.231396040703797
-0.7833570550444776
-0.6773999929993987
-0.12732941191943795
-0.11595630914020821
-0.7733783418561393
-1.144216216733523
-1.7521230781934285
-1.3259195481497412
-2.0372024417336934
-0.8328023843672566
-0.4583236305509518
-1.6604810414106876
-0.6167301395630632
-1.294448316476708
-2.010621787002097
-2.0111578798824863
-2.0909197479357515
-2.0909197479357515
-2.0909197479357515
-2.0238739875932326
-2.0238739875932326
-2.0559703742842133
-2.0559703742842133
-2.0852129846464744
-2.0852129846464744
-2.2537402891420077
-2.286892334609683
-2.3679380879265697
-2.3574880281432486
-2.4579212865295017
-2.5208958540667172
-2.5424119600720263
-2.6566877956369392
-2.6566877956369392
-2.710516234806459
-2.710516234806459
-2.710516234806459
-2.700318459915837
-2.7021973102712167
-2.7021973102712167
-2.7021973102712167
-2.719385133806424
-2.719385133806424
-2.7198074149257834
-2.725664969571927
-2.725664969571927
-2.7640409104582693
-2.7640409104582693
-2.5167914608065294
-2.871905015184587
-2.8736113298226105
-1.9783606439190429
-2.125470120150336
-2.1511582008614907
-1.6995397995823285
-0.4350390725351459
-1.5537262270981294
-1.6833730965848237
-1.4824813387125637
-2.402529694873014
-2.947074220119407
-3.1934754069752818
-4.386955939702174
-4.281332443653732
-4.039828121802914
-0.9674878321907178
-1.0328249784096704
-1.3157410131310945
-0.42497398736568986
-1.518286651962495
-0.3036269141536569
-0.6994859934577308
-1.308872311910258
-1.508809197628942
-1.087460444386717
-0.9303374229876148
-2.08535008937633
-2.3688772813442247
-2.20472485082664
-2.7835427231290466
-0.5105554163037969
-0.7334311394603151
-0.7896764833620735
-1.416230292807196
-0.17490682064602164
-0.6147030234656711
-0.3606425928656648
-2.0368302183845803
-0.22863170028503554
-0.4852978878442071
-1.0887017680301763
-1.3371306808130154
-0.6816176127856653
-0.7286225364705977
-0.6774652225908038
-0.5100334913159779
-0.362715634653082
-0.3041284681517671
-1.044335882610698
-1.1786088734196167
-1.3125531255512222
-0.5000827146414699
-0.36594704516909093
-1.1867488976921683
-0.4568805659040506
-1.7368400804637023
-1.6909504622106688
-2.3360895349839264
-2.21561153935173
-1.605107917346428
-0.1865585592396532
-0.9386696980275306
-0.13425994589278295
-2.3530173731236896
-1.3356403642039671
-0.6305355165926939
-0.9526667542936397
-1.31687641483819
-0.2554006739490332
-0.5468372347050718
-1.0867757101221196
-1.2796760001018785
-0.9610603735556145
-1.520517272519523
-1.4974271826414234
-1.5400684778903972
-1.6828599324924056
-0.06318307707883566
-0.19092971793582353
-1.1344352256611148
-0.46785004683133785
-0.3946529473580427
-0.9517930863756657
-0.24530659904990737
-1.4247365746009542
-1.3003116252739815
-1.3596665446702416
0.042660090772981996
-0.16706950755589742
-1.4096617631724253
-1.1029754721428173
-2.053184981308551
-2.6857160855505193
-1.2785329129851044
-1.3324975862522443
-0.353494887791004
-0.8643769544047456
-0.4142668971734153
-1.9448946258209865
-1.8467569502752725
-1.0726218468544289
-0.03911296248982231
-1.1480880505282947
-1.7273194800697678
-1.112198801038833
-0.9715480187762137
-0.8144845096156662
-1.8141409865285794
-1.6393745507449349
-1.7020550102021068
-0.5040490578193412
-0.41154328084695024
-1.2012231782706169
-2.1453699962916475
-2.5146478407903747
-2.018111632068901
-1.4941151736797136
-1.0917899846065602
-1.4863719424395174
-0.3714478904133714
-3.0926085765491633
-3.1044945886835853
-2.9715630706315643
-0.4306368295871124
-0.8004818814764336
-0.4310777742062223
-1.2257776199309014
-0.8053011632796955
-1.1223361303181119
-0.7158368449437135
-1.0935444885693482
-0.28473018852275905
-0.10769250357631156
-2.1536702014046325
-1.9760956183820229
-0.18166408182098823
-0.5570057690199377
-2.125772913345059
-2.638105009771393
-3.052235564034909
-2.623405319955465
-2.5206337846886293
-1.6936671632407443
-2.2406276932209823
-1.1389911752548822
-1.2514328488107447
-1.2267448720122118
-0.3062666135006888
-0.2751127504635683
-1.8480556009370532
-1.2894287275926726
-1.0891223669275387
0.3356013770273016
-1.4317948369526834
-1.0793538235279698
-1.1651589941932285
-0.1532680770686054
-0.11939283366293338
-1.1005490757169385
-0.9925961550922547
-0.2990437434687174
-0.2874269172037312
-0.37414863396846526
-0.24394873221451058
0.007005539975827107
-0.728427143579697
-0.5095037435027432
-1.3615043672178517
-0.5630543218028429
-0.5676824993176771
-1.6653329469821876
-1.7604340343626663
-1.4938751096701957
-0.04280503378870602
-0.7449617502361027
-2.0941234369443955
-2.07278383332885
-1.8709331436001828
-1.5985335880801648
-1.7501790586340724
-2.248974816245324
-1.0160639232519444
-0.7876477015041353
-1.9232489940001782
-1.3607277004502958
-1.768331681607038
-0.8368760032104854
-0.07212672097067896
-1.1364025982941006
-1.5319564271818027
-1.448922934365135
-1.0951010862354182
-1.07951570412265
-1.5175555734728061
-1.320570959583607
0.07104966453143506
-0.10614666170415385
-0.7285380475615696
-1.0554158064876942
-1.739197403559663
-2.2518633349101287
-0.02275199686498188
-0.41553504795200413
-0.5085602159332716
-1.1784183068714893
-0.5256836270745173
-0.9106251244067066
-0.8493504309843145
-0.7885632973640622
-0.654153934618349
-1.5224878562271953
-0.43675844980287837
-2.049656821852505
-0.8255498092781293
-0.4396467727385169
-0.9181827759310406
-1.1804622274657908
-0.4378137931652983
-0.33084659109305914
-0.9344348955134144
-0.5678988950131141
-0.6345255664153332
-0.7083784672339632
-0.7305192060554221
-0.24832556465759242
-0.9549565689902899
-0.8820235472500717
-0.5958499628948579
-0.601046972975085
-0.49315886557848476
-0.516403971903921
-0.13861815431981814
-0.5519851024406223
-0.6076544664499878
-0.5988822155538389
-0.648558915080483
-1.2434472326601842
-1.7034569063215457
-1.264998040487414
-0.4566211739930976
-1.1063320242948587
-0.7333578469149711
-0.5913262894052806
-0.6217983308934962
-0.6538468170343679
-0.8463236617991818
-0.8731057115688452
-1.1907884340604218
-1.157962430720183
-0.6848329734874444
-0.45447582003759884
-1.3691909945510974
-1.5420974059192258
-0.18892117989806329
-0.4401822475350004
-0.8083959566622463
-1.6167073415614615
-1.348475741092507
-1.284897396023599
-0.7822347130448168
-0.3630709196868004
-1.0879682789991831
-0.5358616573759233
-0.31101688400372307
-1.3162087957021633
-1.0957219968803646
-1.7463959702394376
-0.08398988105830799
-1.1187864550394528
-0.4858033269685023
-1.1498638244131738
-0.8799561434193395
-1.5191007526795488
-0.8133562873963033
-0.8521473943456731
-0.9580924210945754
-1.3885104030386313
-0.9578197598014082
-0.6598388640180577
-0.26513861167082076
-1.143616847486963
-1.8206129255503047
-1.4601380240418993
-0.8724849442901285
-0.19356602236624992
-0.9311321704761164
-0.9466350782145171
-0.25150142639429707
-1.1861221728430742
-0.7910429454217617
-1.1203440508474094
-1.0698500567420741
-0.7634733169209307
-1.0570137076704755
-0.8582448899619995
-0.7162559101297484
-1.1338260669777187
-1.0467197400237715
-0.9851714086453158
-0.437412731563226
-0.6321401576238168
-0.753673510670949
-1.0040506931475357
-0.5872117672361017
-0.3704880283045777
-0.25716913325684554
-0.27084982607883
-1.189487485115746
-0.5277029787626069
-0.5562436816850047
-0.1920635043673881
-1.6061475018347788
-1.021255667557787
-0.41411466581765854
-2.357801417353506
-1.792518084221579
-1.1971692082154173
-1.3808544746941138
-1.0925188701935054
-0.9249937881597927
-0.8755683477239484
-0.77947179334596
-2.0281494648892187
-2.9837085304808015
-2.422180612317159
-1.2224941664263662
-0.7601554324612649
-1.414106339809094
-1.414106339809094
-2.2611757455704864
-0.43744981675746464
-1.2330848999588135
-0.3626081354565134
-1.3982284409129222
-1.3428984326727351
-0.4169058193499464
-1.3305724393186475
0.17271184998838418
-2.677224735971699
-1.4111414354662482
-0.8898644984356124
-0.264454740868506
-0.7575373647256818
-0.19649308008459782
-1.0829528791273428
-0.7740774428831388
-0.7502306089843276
-1.62820936836531
-1.0832335737690968
-0.7731611514722473
-0.4308929414719174
-0.14072409844914724
-1.1448138527034204
-0.32733787905581174
-0.6656152085546134
-0.9613810278654428
-0.6760748446186565
-0.05188807846623186
-1.427794873439347
-1.382609250614944
-1.1052607468882947
-0.4864799267577122
-0.5624345719468553
-1.0991360182442065
-0.3215380217623696
-0.6806989266979327
-1.8356704501237473
-0.57895316526184
-1.4855052117417005
-0.9770994890175528
-2.5373425283116844
-2.1102204253515247
-0.9361507721873362
-0.8479085146503397
-0.801061024365076
-0.7571320804872145
-0.49763393681932616
-1.9517901627847332
-1.0953826696352402
-0.38837173543562514
-1.1020142570212563
-1.5748322993929813
-0.027347869069634014
-1.1199380156606111
-0.9253917145611189
-0.8338634370533762
-0.2373404690111046
-1.935407268286306
-0.25489297311074693
-0.7915994466351143
-0.10538710241806463
-0.9008175426366838
-3.9502656239985314
-3.7313576269644497
-0.2212005484194727
-0.53475669418161
-0.8049121923279197
-0.798813411128011
-0.5107024517035487
-1.1715488602277722
-1.0560192012088032
-1.0614923177323032
-0.1731829661416702
-1.118894336018794
-2.0722296050316698
-0.8513719490854095
-0.190092655801911
-0.7501230299028637
-2.138721457989528
-1.8644083909798856
-0.5719980770459108
-1.4484745136815604
-2.4945694319730003
-2.456093357882605
-1.758785273443835
-0.8906617689445906
-1.1883851695364627
-0.32044752815009386
-1.0434370415344203
-0.7577374519727003
-0.578206795251864
-0.6155151527904453
-1.0158373338054958
-1.1193742884178115
-1.1532060761559242
-1.3035487181848342
-1.58006554527668
-0.3454186872323326
-0.16996134536690816
-0.16996134536690816
-0.19124855727344361
-0.19124855727344361
-0.19124855727344361
-0.18388858225253119
-0.18388858225253119
-0.19480765942013184
-0.19934563062687696
-0.20374421654728495
-0.1992622309797775
-0.18023651344020153
-0.13823853434559744
-0.14949418700709963
-0.14949418700709963
-0.140165944123435
-0.17459242069702627
-0.17035842435144877
-0.17035842435144877
-0.1559793980938763
-0.3320575890524506
-2.4729054026340975
-2.441446821958948
-2.5392190566089603
-0.5577045784622503
-0.36079996651351653
-0.6514246084865938
-1.3217289678950772
-1.1011410190171866
-0.5332575279939833
-1.2744910687752011
-0.7632609522039788
-2.1004505012975554
-1.1311965784824347
-1.2768841297515932
-2.0225048944962443
-1.2782622032568758
0.03943319755292524
-0.9459171403893679
-1.2408423892937401
-0.20807049984468606
-1.7201852480680009
-0.21426077476440805
-0.30581695949005827
-0.8494644225453868
-0.8741443275079163
-0.8379924556022835
-0.632981338914681
-0.9011731096452287
-0.33290777662173343
-0.25383533051925694
-0.48061279908809623
-0.03667713721338296
-0.4877970051588211
-0.9311457907441735
-0.5466483798341749
-0.7370076607589662
-0.7160275025565879
-0.6413868962464051
-0.482017963828737
-0.5192858510923073
-1.4090025863875748
-0.7138769595463405
-0.6979998855147216
-0.8180420470095404
-1.0058585281533763
-0.458612649834024
-0.746559559031143
-1.044671060830136
-0.18059906326896305
-0.7275947460380819
-1.0315110633880042
-0.8748941356866297
-0.6234212367552824
-0.8569317654145072
-1.8204390993711446
-1.9973574108217824
-1.772026382022133
-0.7817210487438987
-1.8253771986974328
-1.6938959325474165
-0.7091240370061244
-0.7513942680734852
-0.9851270590831918
-0.45127971145126716
-0.8131938474193009
-0.6566203018885212
-0.4365489617499362
-1.0274904446712119
-1.48414541694669
-1.5722746367041096
-0.5517430546032903
-0.7465431985245172
-0.20663443503246232
-1.1867188634711416
-0.2638353259086189
-0.09081375562572462
-1.047264694632153
-1.5718077672058828
-0.7898944239357725
-0.4895500995935398
-0.8446622205369431
-2.1718054443770036
-2.246665186392464
-2.530068338700637
-3.1479379736403375
-3.5542401482524877
-3.554006223713889
-4.679575873249121
-4.572471405922425
-2.888215790160823
-3.3720484330898532
-2.6604700494271647
-2.5493950171380155
-2.1137896439778525
-1.2294164427569376
-1.0377664508236613
-0.9725393898231043
-1.3766656184194832
-1.7193977821324995
-0.9491055015164863
-0.9002258114487836
-1.379206882218519
-0.7744576001737018
-0.8229704886437859
-0.9665850268852377
-1.4909529618187456
-1.2117080850452413
-0.9421238192629353
-1.3954911857801477
-2.3376794562703913
-0.16014040344085512
-0.6185832598043524
-0.158270576462648
-0.3263823456712157
-0.6886149882502234
-0.644645829232773
-1.2424582178033212
-0.6903998785174092
-0.966461492969756
-0.5460890241856704
-0.4529495198514522
-0.5995312763226488
-2.049792528318349
-2.177953293321944
-1.2646606764908472
-1.099741642961025
-0.44135601603599495
-1.7189892747184146
-1.1459259594086384
-1.1017610948708714
-0.9221010228484523
-0.8001102590907492
-0.6775682342763578
0.16493330153924712
0.2675076943274676
0.20506613846907756
-0.23703455512174545
-1.3952793359395896
-1.3793634662329253
-1.688812112119633
-0.7091273772352481
-1.1745773607596715
-0.8713579186094906
-0.9506950388972676
-0.6595186329435482
-0.3851354611099286
-0.71471662435782
-0.48721802314080037
-3.1958185776380135
-1.3535283757792291
-1.2806326360987401
-1.5170380137550692
-1.8045123475756573
-1.8119674084210489
-0.19689759454609426
-1.7164559017089647
-1.1174335717223798
-0.29013659280445014
-0.920787309231417
-1.7424632369124524
-1.707094338793211
-0.6325879229527818
-0.4095462146214055
-0.9100786627874838
-1.6280765353453586
-1.6967581459403318
-1.0301096427241605
-1.0584423153179483
-0.8165206216349045
-1.650248402673303
-0.9733912369720753
-0.6988120504809537
-0.6525477114383303
-0.8439188246888368
-0.48136648374682084
-0.5863627556384943
-1.2599082194849092
-0.14362508373889205
-1.016723662215351
-1.2598722652458882
-0.7276081640689049
-0.8428993409289717
-0.4107709720123002
-0.3243647283029684
-0.8052500091312075
-1.8491825634993169
-2.2658574360568053
-1.8570865043527178
-0.17428764517058878
-1.105574213966572
-0.7687556787694566
-0.20133110504745716
-1.1737389712657085
-0.8944743796387723
-0.4856208154048545
-0.8639235529071573
-0.4345036388031083
-1.3699985923969018
-1.3452074198714052
-0.45362265908878485
-1.0124214710151755
-0.2397477304886913
-1.5487632740594046
-0.928737485880078
-1.031468061874216
-0.6167645606172225
-0.45270525887606855
-0.2778319215793357
-0.21536711539571943
-0.1346339274399431
-1.3892092378292427
-0.5974249809163502
-0.9910006505482822
-0.6800209053934752
-0.5584346462654851
-1.1142736429811892
-1.1147663201709326
-1.3696776846333325
-0.8742495905617527
-1.0700389430884591
-1.032000354366486
-1.3900615599042752
-1.8356036325996126
-1.013426264057592
0.03441497939092655
-0.07398172883655967
-0.09649317079472307
-0.14357657014815994
-0.3282111072977042
0.048672685466846076
-2.8171104390867416
-1.482278667043757
-1.2912996491286943
-0.6642306208783771
-0.900459730764727
-0.6085625626450818
-0.5404739558770223
-0.6282402126475896
-0.9492579232714898
-0.7790056803919012
-1.1086071565053082
-1.3216758857230009
-2.4750272369912105
-0.4541622868010624
-0.4432472252058658
-1.060081863148543
-0.9484928778308368
-1.047660351451698
-0.8460959470350643
-0.6455992560449043
-0.41412046078815334
-1.2508137477800758
-0.6659537130984899
-0.7836426719678019
-0.259129744897673
-0.3264908356179637
-1.219904672255666
-1.8253475980857574
-2.24392450961048
-0.7221048184730517
-0.44137102683498636
-1.6390634108758928
-0.27470363283977467
-1.3326007476479087
-0.6355604167838503
-0.18777934718765746
-0.5759036716514135
-0.47258676999611565
-1.1785085930293626
-2.4448667062549454
-2.505235998273316
-1.0146317688124475
-1.1185297040772555
-1.3931770839225641
-1.9754328433332375
-1.8188023138561968
-1.442319748487769
-1.2847848376175621
-1.0983124229792038
-2.4524204064978474
-1.5472310268868765
-1.0356075438899097
-0.9702624302544645
-1.3669670710799748
-1.1270054184790281
-1.3533100142979257
-1.6643972846514148
-0.8736359633834522
-1.431229439535948
-1.8204466855496149
-0.07453548036286495
-0.6849683494061809
-0.20126495982251366
-1.1018048527838766
-0.38018798651194563
-0.3749592805097045
-1.827506157793869
-1.6510574524029695
-2.7377761921285524
-2.4851122348501438
-2.852291690124304
-2.3605232170474997
-1.9039811806653728
-0.9586920506505446
-0.17972457665364286
-1.74548061892399
-1.9687445446408287
-2.024748988592886
-2.0405639733836733
-1.948189482696113
-1.5039207374797599
-1.0410618519222543
-1.1036978937779676
-1.0261684599865681
-1.0682112803929655
-0.7086708769826645
-0.08232983655809303
-0.025451010750692424
-0.26923086147062475
-0.8610509309900249
-0.8189072841461706
-1.9730190250450566
-1.1146580924841314
-0.8306838006520654
-0.5746914766862049
-0.7478470358701456
-0.2608255102663918
-1.4974253336989398
-0.27317246126368455
-0.1441151215387876
-0.14386784155735943
-0.4710209260360541
-1.4787549928060064
-2.071286105417902
-0.5004462226636717
-0.2356169572434874
-1.059872913911005
-0.8261242041425305
-1.115296922400227
-0.9155088704473864
-1.8566487151209456
-0.1831491323992915
-0.878428764707511
-0.7538655578893741
-0.9410792239993302
-1.0312695583303215
-0.8770037212104765
-0.7436200241721196
-0.6035779387298459
-0.2623574421684033
-1.0309566302416173
-0.7814098259314548
-0.6983363606714256
-0.6299026254482742
-0.6484921002550132
-0.587403071172228
-0.9178927700021062
-0.6738115412139605
-0.8364626926566238
-0.9546599039928836
-0.9443005135327356
-1.0653478786343382
-1.8897281352901003
-1.6663718585385212
-0.7505971913450399
-0.7565116497797532
-0.3375795106970444
-0.5385834582813724
-0.3263116423740033
-0.32265382569045664
-0.33798417453097573
-0.3051788964769066
-0.3957533518641382
0.046279595314886735
-0.5513916295407785
-0.07565004699515608
-1.2333957971022413
-1.1437201030643769
-0.7638049088017582
-0.4353271426625187
-1.1607922886406725
-0.9776805871841069
-0.812730037066548
-0.497720876442968
-0.1533256024613245
0.03630981536136387
-0.09121737003984366
-0.33654837019529765
-1.8425436461629727
-1.7187156259511647
-1.8691462236585208
-0.11878690162119189
-0.48724653934634105
-0.2308540936074264
-1.1772664544856901
-1.4413300497944497
-0.7020514507602065
-0.2289448489726552
-0.9934589251453337
-0.0203620759622165
-0.5501777193652432
-0.33584677610231817
-1.6765204590483318
-1.865538414227918
-0.14041659581756877
-1.1204830032957478
-0.40909215011097205
-0.5804985716877251
-0.46524682539582574
-0.6446336255197446
-1.006140018048628
-0.4632640972108272
-0.4827590348782968
-0.812086037238716
-0.7433818712930144
-0.9138798387738085
-0.5515337465267225
-0.3772955063369752
-1.311715940862768
-0.5227814424037973
-1.1537056691036276
-0.8061853964901121
-0.32077979656870365
-0.14299636188956816
-0.5688528225755363
-0.8855687453418719
-1.1143401285512442
-0.23772211803550372
-0.9055479888741093
0.02823746189070125
-0.7498346609183417
-0.697922724148339
-0.5342624863487955
-1.6419303214467025
-1.0643256017254306
-0.5805191607577157
-0.8146776202410407
-0.3594159965192325
-0.5924879658913358
-0.5357274720620112
-0.612642275740793
-0.795573370316635
-0.7084385305442499
-0.9095074868471716
-0.7825737269830239
-1.1889773499714313
-1.473623077441267
-1.6090175997375307
-0.2876355343166825
-0.2476279090811143
-0.294728066666006
-0.2502007987513543
-0.7105406006493918
-0.6385780264787606
-1.058206606016514
-0.42630257732198973
-0.24739908127857918
-0.24739908127857918
-0.23794335404168315
-0.6091467313511442
-0.3100914825796014
-1.300076261506267
-0.6728687614331641
-0.8431938073780454
-1.2795630966226836
-1.003494750509772
-0.7886751635862417
-0.42789470719861805
-0.6184646737934405
-0.4683413662902881
-0.9449383333370157
-2.1141229810121214
-2.4214639332143593
-1.7530104318715336
-1.2664658317609583
-1.4935405764684908
-0.6250889471564898
-0.887279111071744
-0.5629421732100611
-0.6512569823111496
-0.6340021788264758
-0.9303332896545734
-0.12985688359239048
-0.5569287771183764
-0.8297247549193582
-0.6908682797607445
-0.40522735842826463
-0.691144443581923
-0.801993763490948
-0.7046663505288252
-0.16681735356214558
-0.09142543420864208
-0.2538942129655955
-0.24344892356261347
-0.5406811946029791
-1.0584702891135076
-1.867597211628765
-1.9215654469310177
-1.8263617477853353
-1.0109076091578602
-0.7734927968915344
-0.6989805438967207
-0.5146822406697574
-0.8758460882689237
-0.6010133516474977
-0.17797577443550475
-1.2960867538062137
-1.6997466482710017
-1.7422609970786538
-1.7489331421801906
-0.17039107869777503
-1.1831218866851418
-0.7604725207963222
-1.0619132680280634
-1.0659757696553467
-0.5020046357292055
-0.7457723049309601
-1.1524980341142423
-0.7378899964874774
-1.5582246395026955
-0.5535084950450089
-1.5835561273169718
-0.7372130603676228
-0.8070023146043315
-1.310896713179899
-0.31819269051261717
-0.7075622330526004
-1.6760976977253628
-0.13356073543149233
-0.11358053358132014
-0.4412443558711842
-0.322704257127223
-0.03523978245521877
-0.8805772995726313
-1.37673531146777
-2.4432323264257785
-2.6008809040080285
-2.456832572488869
-2.6751867055076337
-3.1995718043863803
-1.5204043654392543
-1.4845990608628785
-1.0124068307603875
-1.025922771868475
-0.350606881154394
-1.958812187469782
-2.494761659545718
-1.4793590072944884
-1.650438398870645
-1.9976686760543139
-3.251481528507573
-3.242974032480624
-3.726804689974738
-2.797527380535225
-0.8719222546954732
-1.6083301164308332
-1.0930471714666976
-0.6312870244253692
-1.5435192640923936
-2.942442372409868
-2.075006168758719
-1.76602931997647
-0.029090612857355227
-0.510371365788566
-1.6490135932561618
-1.2017285832906273
-2.865135750704483
-2.244313147676389
-2.2832375746555154
-0.024853684773305657
-0.010138115006079331
-0.298731673224412
-0.8424700538442811
-1.1075573268272663
-1.6493326901221899
-0.9317728939315525
-2.230807497165383
-1.4522292460995594
-0.5885063151974693
-0.6631245675420097
-0.3701690625834613
-0.8427164504306586
-0.3504314363105501
-1.4445798831282979
-1.342359006366678
-0.604611040607385
-0.7140142954370173
-0.3075785433596638
-0.6154621970378857
-1.1084722847286055
-1.1081814456038506
-0.5329669025679338
-0.8637987069979189
-0.604458384237529
-0.9819573842089298
-0.6697110814324954
-0.453388359040467
-0.5281536342216873
-0.7298107752756593
-1.9037985360770369
-1.3530521596415643
-3.4065027483368793
-1.7147724341292128
-0.33734309585237027
-0.7861827211336267
-0.9551253139392123
-0.7473991915193334
-0.9068665492242224
-0.49128566280879354
-0.6027360171075063
-0.45898710839724005
-0.7377408774647025
-0.6810347493437693
-1.0667290814373591
-0.6106507359938022
-1.3062655214414198
-0.5410281791658602
-0.22050393637993868
-0.2689437744242617
-2.3019872362348313
-2.0339646925867556
-1.4093043922509219
0.02764818842062682
-1.0751452407465674
-0.3932421512700573
-0.2907920879465825
0.0125813548113808
-0.09583476418385918
-0.8033850161550319
-0.9305670255716029
-0.5032711884398544
-1.4561114574636076
-1.091692747040999
-3.0354164372710484
-3.013130278659777
-1.7693669379273467
-0.2491711374240773
-1.8342702893391913
-0.5825239021962855
-0.5631844634456795
-0.36627658988702666
-0.3908605429565298
-0.7361862951163173
-0.8670738943555736
-0.9584925304858558
-0.663788921589213
-0.6679844445929238
-0.8440888787749014
-1.0974738359733935
-1.4481489214951335
-0.33436081898343206
-0.33101121971672104
-0.9218821468573457
-1.3442426916517665
-1.1708784576282
-0.38633491703890965
-1.4917756905490758
-0.6189372697534523
-0.7686782324417447
-0.8295964479805905
-0.47712310999686103
-0.8250963312047552
-0.27149644963074515
-0.04565628020464581
-0.09189615145562254
-0.5893118520372679
-0.4576349494475895
-0.40227941962856745
-1.5369583502712953
-0.1932387205447877
-1.085524737449394
-1.5122840221522806
-0.466220765642958
-0.7955968040908735
-1.2133495589830243
-1.7659533427523133
-2.170894836858259
-1.0845329499314549
-1.2005802780430295
-1.0229983535992277
-0.8220110743036988
-0.6881083329720459
-0.4831018890232038
-0.8464883035403249
-1.0375352692218556
-0.9916079899511927
-0.21072540109443183
-0.3664323487520128
-1.0225921400938975
-0.819721748908818
-1.7207219773226732
-1.55114632641898
-1.4065309775886785
-2.2539410322671136
-2.160271451022824
-1.2845593892768365
-0.47589072181336106
-0.46472676179077566
-0.3229802238675108
-0.9005040017054545
-0.5040186712323442
-0.49371521102451166
-1.130639259240051
-1.3392008880547204
-3.009840998478548
-2.6652331739744213
-2.2188015976407267
-3.0805905792606554
-2.602023227664135
-1.6411279637386227
-1.746593871693994
-2.230837174760514
-1.773562434212771
-0.8222579143901214
-1.0523252162651493
-0.7261049486448176
-0.3699349757062515
-1.5358386967366677
-1.7154440804474809
-1.8084768895348133
-1.7836786922008199
-1.7301450270607188
-1.6342237520830443
-1.6170633423640706
-1.4518504848177098
-1.5841000834291903
-0.7827170914444406
-1.3646776828821465
-0.39261518345380375
-0.7760637275084776
-0.8769649263159911
-1.1316782334291036
-2.2587551671081276
-2.097289759914017
-2.050166730571025
-0.17808127867150458
-1.0473350097739897
-0.9409324849459274
-0.4503840234266126
-0.6559770053638582
-0.5271149565496346
-0.5074642147098742
-0.7097644599911308
-0.7909822504674304
-0.5353002161683458
-0.6142265943530095
-0.7538900670695056
-1.2673788514974438
-0.014086512363815265
-0.5505923891687
-0.24163950631364767
-0.3484795304057148
-1.3204701542987236
-2.5923911183075306
-2.779390197231313
-3.6003035612527334
-2.504447799306068
-0.611518171581312
-0.5746081129015965
-0.7077105189174775
-1.799484322223063
-0.8518396677051012
-0.44756802357656444
-1.1455638871932774
-1.3605757429870633
-0.3684000122162807
-0.4310964180241383
-0.39100064743386137
-2.3944861486806595
-2.0930565279134097
-1.624056426787035
-0.6353041096887425
-0.9987034499282883
-1.8671386828338596
-0.6009256150447506
-0.6598682561213521
-1.6421770167396414
-1.5163033158792172
-0.38300797094203387
-0.42603556747348686
-2.7717284529214194
-2.6421159797035596
-1.1091407637218262
-1.299690906311873
-0.6429421516587174
-1.4970347281808716
-0.1543611358347669
-1.0623484006644135
-0.5736508647948837
-0.30519193875751194
-0.6203381238357688
-1.8070726254613982
-1.9648345635450186
-0.285527032221609
-0.34768143648688093
-0.3747643613270632
-0.760316889519508
-0.5405419499128773
-1.6284761128645475
-1.4099587602516979
0.027090280738187037
-0.23772269733489032
-0.48058614916513404
-0.7472090746024412
-0.9759364623789503
-0.42294352517253053
-0.9761054463607589
-0.6537864380337558
-1.4297946937040718
-0.9502223383830374
-1.7430198726529353
-2.550781474748244
-1.2307742547796068
-0.8820808144461223
-0.3630139393109405
-0.43110991593572495
-1.192288621837967
-1.1992080856591025
-0.6770850127724053
-1.1485972333454115
-1.1936955200313346
-0.6537592527124715
-1.020278829241808
-1.1554928145901882
-1.2181372787031535
-0.7897844435518895
-1.3050660039556916
-0.8299617519254436
-1.3784419688400873
-1.5453380440288322
-1.3490551737627217
-0.5818235990288511
-0.7209491822307098
-0.8563464003965046
-1.4842136616093176
-1.4777610612319698
-0.6414052896572855
-0.7323917026526024
-0.9170593217099994
-1.5646022630909433
-0.9542301864616747
-1.236928825959634
-1.1828475650068917
-0.4613503069628766
-0.3442016417483632
-0.5520709468859433
-0.8957791949127207
-0.4992216325549776
-0.5159390845765686
-0.2868144096536105
-0.5603814132849555
-2.9186483275323796
-3.0342917782969048
-3.0581675290123873
-2.111986025283402
-1.4861512748265284
-1.0508268575941728
-0.7010985728873643
-1.0919486528826237
-1.5791226553231101
-1.40840737134593
-0.6816714813630498
-0.7285409560933367
-0.7716429604737423
-1.318551690412842
-1.4734542726728652
-1.0175055081381008
-0.9446550574212257
-1.2340158554471332
-1.0966115204631566
-0.0053378865541795035
-0.5112854722113932
-0.46952141278653664
-1.25715446736806
-0.9948123689018703
-0.999359336564479
-0.8731200424705685
-1.3565958384903796
-0.5639494783408263
0.0748179047047131
-0.5179190381235298
-1.3546801560507968
-2.4332545998534365
-1.8259043728109403
-2.151006678120664
-2.208547278317663
-1.299360707246436
-1.7073354611454856
-2.2436836729677743
-1.1803284410804924
-0.9760061188098493
-0.39307234262301094
-0.41958469190376985
-0.37896994616172414
-1.2259122542944647
-0.4738438931849871
-4.105827040791654
-2.4936512617327966
-2.5848756464906693
-0.9235057405281314
-0.725608767355212
-0.002088545432092158
-1.6967772838980684
-1.7608597559025274
-1.5273486353358592
-1.4233112023390984
-1.7608435419475912
-1.7898345590625997
-2.024556973648114
-1.773405664075323
-0.4316184689987754
-0.5500692858732954
-1.080175347799078
-0.262869637927747
-0.3738988424890903
-1.1423539184853382
-0.051523629428892416
-0.8910056400866607
-2.8613840031399884
-2.90247578289253
-0.2707281811802263
-0.4563860451459423
-0.11032324846651989
-0.9399825446889796
-1.650866863915985
-1.010576038297573
-0.40422649079793826
-1.2019441947681835
-1.3544384138572647
-0.45593883761822634
-0.660125433150735
-0.25546345683493216
-0.7306604258118183
-0.6669763877972599
-0.19930926025580903
-0.9713530275496624
-0.1623482805821491
-0.2487556609119125
-0.34180344841450266
-0.9981087941492867
-2.1886422223659423
-1.138961365689483
-3.096373840393933
-2.8036214395781114
-2.4439896464067483
-2.4876000999299968
-1.8470355435531747
-1.6464768586870433
-2.1794509613719955
-1.3197370530342984
-1.9240686495180448
-0.3957524074595416
0.0058409436820803405
-0.15900574554800806
-0.29340124918185384
-1.5645198372227667
-1.4941649033776423
-0.6203689389837808
-0.6411473075157578
-0.6061563673900601
-0.19923211843189184
-0.8717760491299
-0.5716904912489985
-1.20196851558019
-0.04095866707102108
-0.21691267568287112
-0.13891398980817926
-0.5768409376095457
-0.8252209928376464
-0.8324150292834971
-0.2927084655278924
-0.24209223289549853
-2.5523385379224894
-1.8249956664017337
-0.8060237868857765
-0.8060237868857765
-0.5585187428310161
-0.25769895838039014
-1.4125486126702984
-0.18725282348090788
-0.4570969277215311
-0.3797384677037981
-0.26509746238528326
-1.5167390798609603
-0.1905920126558228
-0.44143316010650524
-0.7769481110467211
-0.9954116023256019
-1.442270178168867
-3.0779936598865323
-2.930089156803093
-1.7824942898272789
-1.3173763778482441
-1.769754124784641
-3.0162412560655287
-2.4667870271467938
-2.3465737894681054
-1.582175700415335
-0.5148360376256356
-0.8821740108154419
-1.0712252980365617
-0.6047369561301369
-1.1700342670636585
-1.0940734506403555
-1.1044475354588148
-0.7331758547991443
-0.5827313250493895
-0.401019539722309
-1.0140453335938433
-0.751865932928735
-0.8994300113561651
-0.5937928699451526
-0.5429530827444188
-0.8649608716466147
-0.1812033837151796
-1.6768618990511897
-1.737086567995488
-0.8333156168804617
-0.8141818909235811
-1.1042532520701702
-0.8808792241926278
-0.6770557790486643
-0.5058142816756198
-0.28626281553990024
-0.3870991667107269
-0.2595079629739413
-3.0387055533219463
-0.6249585690464999
-0.7604621670757808
-0.7980215748015034
-0.7551896247839787
-1.270408869452407
-0.17410108702940266
0.08361554227463049
-1.64701397661242
-1.8870919593317195
-2.1011173580256006
-1.7883581661884984
-2.1965049966525974
-2.6254975623384955
-0.9398462397796762
-0.7299123838535971
-0.8463190231744524
-0.4599506777401035
-0.9250320867265316
-0.42976814773813615
-1.1623310843333694
-1.5827407015692894
-1.044978763866179
-0.5067215198329157
-0.48411270133986767
-0.5409009137581412
-0.955475552444544
-0.41219359251848053
-1.168982147722568
-1.115307756925315
-1.1542687552856161
-1.0866205843801937
-0.06987158270144768
-0.6499799196745413
-0.39390940814025516
-0.694710789416607
-0.2810187518365846
-1.1998494889574716
-0.8752055545988299
-0.4290200844014218
