0
0.07063286149054823
0.5445872030480744
0.04738025581813949
0.08766379792115277
0.03758800010387554
0.05906455636658277
0.049463021415389864
0.9327647229406932
0.47478598461924854
0.8267307717503416
0.030572100853474057
0.09021544479303624
0.29381482062155684
0.16684673977287473
0.35892327090604137
0.19322679301378956
0.0621391495930163
0.048342650065098663
0.8505699070285007
0.07749625506719919
0.14241026728270212
0.11120863517328801
0.05363467859873924
0.16865830467663154
0.016806190262630416
0.2534035968105302
0.07480974383026957
0.06407204902100416
0.1646585295813534
0.04773676167253906
0.1085876439784573
0.06873524276518081
0.03768916627998744
0.28631179306207655
0.20283732067345767
0.1393147182652415
0.4708169820564746
0.05196686770218448
0.03980151920036559
0.17969212879593208
0.0995120688574658
0.13630299410941515
0.16695675460661014
0.1081214718601333
0.08216387662126413
0.13359417906166673
0.15003035490242592
0.06002690582184757
0.2212679259144288
0.27475314959094743
0.1691586411758189
0.026460361592779022
0.12882828414843014
0.02800758647942209
0.06925387143795196
0.09226338995434864
0.06738498495407357
0.06669273099218632
0.19933954348649688
0.1360922963570529
0.05411768566099138
0.35065043374318905
0.08649963320722306
0.049700328341275725
0.19067624471112188
0.17587277235187623
0.17928917411708406
0.008730068495445232
0.02078934916018647
0.2446950724512015
0.17997299918430953
0.22160823652514153
0.03506470789312317
0.05636672116722963
0.06581881616218413
0.5282642087503304
0.720649265696297
0.10146258319101208
0.13647735355618199
0.0899098113664955
2.1346690814967975
0.7898564189842727
0.4421068742661727
0.326241183232049
0.26103445635168526
0.1574253525928143
0.12315753390895781
0.13854653161484212
0.09024475237356708
0.10150540904497911
0.10221905075543491
0.0390788132432488
0.07574763105601821
0.08001774651670734
0.18063082679368958
0.07086018500471666
0.3197563090220604
0.055580855022078525
0.021049286771235142
0.6100745985115991
0.1297669964769416
0.1533923418719639
0.0676681010506088
0.3406867147582414
0.1987882783739795
0.19958167349556893
0.19876183156521193
0.02300922487267138
0.27611418409602656
0.29002325938575446
0.06120860328017969
0.07748497585201992
0.08673443341164837
0.05756181956418854
0.05251303013772589
0.12002291940404668
0.14876138132295713
0.2417299944396537
0.05372440851810395
0.118256879459736
0.20267583624668828
0.0762235915327295
0.11682559807210044
0.030481083528920337
0.039540422756896065
0.13651130125144806
0.09758323738075238
0.12406246708109182
0.041739229232590574
0.040574551993104765
0.07521106139230276
0.08388550672175521
0.08840428533985407
0.2363514545237973
0.04837555139321762
0.06112399190016973
0.11339932207401407
0.603020423832493
0.4234479677714143
0.9467530574048938
0.3124241559885496
0.08593034873704675
0.064063581838407
0.041068562619161184
0.07593794307408118
0.11868124929572807
0.016090926539938384
0.02324014970813735
0.07436928512742674
0.2492291536689595
0.17538671249735735
0.04857662298581529
0.11750505470564283
0.12090366737254572
0.10597786111729117
0.15297900512393878
0.10438748262907682
0.08391007885768194
0.05338850121388831
0.13036314581206354
0.14194237468915047
0.10373491955141129
0.48131094572732114
0.5749076490417618
0.6625386483592977
0.49106508681491223
0.05118933137992567
0.02189455156369507
0.0980982399244382
0.07423016065398604
0.0625839631773905
0.34356295126315567
0.0435199411694383
0.02629066783588681
0.044644681173625037
0.2048212879166506
0.02620475176575817
0.21923963796071516
0.01944074902148191
0.13026589770138244
0.10140975758657685
0.01088950462263923
0.05486679857545297
0.1414048534969539
0.019966538178278984
0.020402262211176175
0.18043079512253726
0.02211163413531434
0.10326257790630294
0.12108474722866437
0.09517948493014548
0.16887267270273537
0.28266306626989
0.050714834736198686
0.4832101580091658
0.09273861975736959
0.07865029911470749
0.32691339391774626
0.10470960001704574
0.13099266761053652
0.0690015498243487
0.08640141096636199
0.025976404528138403
0.0946126878875752
0.03515978024812777
0.04185206162219494
0.03894072402257927
0.02810489564536047
0.4334105148328913
0.10606684735546912
0.20738505684101857
0.050153620550689684
0.13709510070146685
0.06424436861262446
0.10912722673547684
0.044176981694782555
0.023406947669038863
0.03930781597380404
0.2751323455615358
0.1146659447032187
0.41710325004944016
0.055982324587418614
0.07232781643644179
0.08910316382727136
0.06938195121424999
0.11280698464510072
0.2769516787097684
0.775549193770165
0.26360062887080976
0.09155716547539772
0.07767638657703475
0.08008519198836735
0.13257254152966472
0.14353977700773604
0.21448705757208675
0.08150333030077898
0.11011414465792625
0.11365008219050664
0.43653819937320315
0.07246099914092859
0.07571400075203633
0.15709549334018635
0.18826864001388646
0.11499750609001506
0.1136736854623905
0.09288775651616626
0.05033625517087889
0.061125298395678054
0.07488243524011191
0.11838308879545915
0.06916766678354001
0.09530405792561282
0.05257716301062729
0.050704868071780276
0.0686748056722707
0.03906557803729856
0.31588602501044716
0.1887473990238088
0.17239975629027926
0.0318084866567774
0.0987245008338286
0.13033319670257423
0.035086735626645243
0.022685078318407645
0.111527887275756
0.052859833552062085
0.265582487078771
0.1903867636292836
0.16274777478402513
0.05013001509021238
0.03241655707888817
0.05409369410839457
0.15118877984554147
0.09097939428741296
0.35644231486902617
0.05804486808595257
0.19241973273921983
0.012218033716539758
0.08141396311461369
0.24248995065510104
0.24616442572955305
0.0588379103730819
0.20315811561495078
0.07207158659798824
0.06711541690556141
0.11554506181293976
0.20659091808442692
0.09974519593954659
0.03766528979479094
0.039173491016116134
0.06398805847559749
0.30093600972932244
0.023420597109136174
0.024215073244949165
0.03567970357968081
0.14524114937527752
0.07631636822670408
0.1255761934586359
0.20767458946180697
0.04733727273268712
0.08875221126486704
0.03397763376152905
0.0909385628654406
0.15260534659203792
0.22945440717075288
0.07803782544210684
0.13104739058563208
0.03410750290278419
0.05182083187527639
0.07066464842559554
0.14112512353686113
0.07629543210701215
0.07105562878275855
0.05518557394239861
0.0716590431442617
0.10455060025374563
0.10135169806079357
0.07869167273837047
0.030892134573915462
0.18197281573682283
0.1886125200080713
0.04563166479031764
0.13386497151562282
0.05062127309457081
0.0464854887133483
0.11560002333131382
0.07079028190100797
0.10089903046855121
0.13847503686950843
0.06844419741986155
0.10665515542098876
0.0959567301404544
0.09854498876791326
0.11861852687446865
0.12900817454329164
0.0793587158480302
0.053557537002430364
0.07777121496998118
0.18913683249916802
0.16540647205776227
0.2503810686767227
0.09626955979576567
0.08113128480341536
0.08379998407250334
0.04537358687694235
0.3822341377510777
0.05263704767092827
0.04214727557690532
0.21326538267765308
0.4653021020546599
0.6880889181496683
0.010709554012025984
0.10182638155644565
0.2665673914512202
0.3352286074837846
0.1898990081433204
0.13943814351045516
0.06149204953579595
0.058892767317848566
0.0705265016171649
0.2821824049128785
0.030736423844742268
0.026240275616178005
0.3449908665803894
0.05080987954978644
0.17434903578058006
0.23065240960638259
0.07333107944719292
0.06551857070218263
0.06234319569212969
0.4842613744982695
0.04876012049970463
0.35338214340118435
0.06386848498450834
0.10283322544177205
0.24653837551051652
0.10011612301450089
0.0897466243836449
0.23411420384256862
0.03292047161234135
0.04941615326537858
0.2878409097991517
0.03257266331839832
0.03745282829047447
0.036154738466904174
0.043111609377219154
0.11008931407894308
0.02798111831124903
0.0508614170972389
0.023799186250523026
0.7234091541573731
0.04601830727347052
0.22708262681046457
0.07916714631354742
0.08274799046789842
0.13834974450643922
0.03039346948504021
0.031993808016289565
0.04506121470838554
0.09864920736368801
0.0883890341522775
0.22092371923987503
0.03524505514252622
0.0766713290002436
0.13750192622312396
0.049885221617206564
0.25881251654897125
0.6682631537653193
0.052518856959932754
0.09406027614316198
0.03944391777120277
0.01908764498442879
0.62757999210373
0.05173791614567558
0.08776256613415677
0.05110952827429168
0.06026245044205531
0.07425839707835241
0.02088200398502082
0.06626119272201539
0.0753640862213177
0.03972347975326946
0.0796853074623851
0.112347027109368
0.15082550408050716
0.0827268760287716
0.053458803052213344
0.06546139519021978
0.04486593172089386
0.1842143809558605
0.17543180740678307
0.07373830298303498
0.12724389967773342
0.03673666706879897
0.07739506827452687
0.2944555820751232
0.08918136371901866
0.14700348957840156
0.08847697626063634
0.04232897610823505
0.04223482943729495
0.3320695700843236
0.020743943371539987
0.07216582586219175
0.0675220720315525
0.18476425098784752
0.1498544156266592
0.05533815142152133
0.05348563499923683
0.09208357495785233
0.09294804969451655
0.0861350929885845
0.04933657509508702
0.13643008433515957
0.10091769199851065
0.30754701886447594
0.403380056597706
0.15176085635270256
0.05668327084581175
0.1519306110818416
0.06611709478346632
0.067778439960713
0.046340216594890085
0.06788173984197304
0.12991171320704725
0.0937414552772348
0.09275201909139008
0.322364567407099
0.15828992722199958
0.08917634635245414
0.07044908955357693
0.02123146324613403
0.16162605071437391
0.12201644238249812
0.0202369832189207
0.6360255286474558
0.5240124352715171
0.14233433956642402
0.11931269532505524
0.13974593987322442
0.1517580019514661
0.12035295622612707
0.43086286144805985
0.16698425627599311
0.13213646463363726
0.034311810296660944
0.02175737644667931
0.060579180266111365
0.039489857295762855
0.08122843709807549
0.05684220054163629
0.053041376955859705
0.05548042797678313
0.0464229553019527
0.06306655787090684
0.09081069227160839
0.15772842785523178
0.06024449531838473
0.1575828897478341
0.18017797392891718
0.15670403093862073
0.014944635659710638
0.014030322117978281
1.5578784520781004
0.9922094913051218
1.0465296510549904
0.0067291373153780774
0.46254152618326344
0.14693125664361262
0.12426079291136898
0.021645735800782953
0.18412883575297692
0.10983921762015897
0.09421735676792567
0.08534017946138157
0.11783337100571882
0.15279401039040086
0.22007813122831055
0.0206167324814546
0.6733807648298122
0.33278520636643594
0.11885544908989297
0.0632837511601155
0.05010831090081746
0.2023244034764515
0.06243843693271344
0.2681195801895564
0.0454472141162796
0.13785190525765523
0.13801231667721836
0.11473599020745985
0.050039310657242826
0.06502254127423696
0.3611812296493942
0.09814278162044897
0.18187782355336246
0.07300064315503292
0.12417945166585197
0.03857410429250458
0.021398437859104023
0.017390957456350224
0.042035668502783896
0.3808195200917737
0.05401729349727679
0.04440110388794939
0.07620964083783563
0.20301055526749573
0.10990311125151173
0.06503246096649537
0.13074761650437652
0.05504900105121575
0.058697321516370825
0.05735760999672113
0.07428715940757875
0.31873266179347176
0.05093001667678325
0.050156808535363195
0.18731958438585036
0.0652111780812391
0.01220568657485015
0.36178989113415005
0.014842769835896325
0.03559116939735492
0.048059985046088854
0.06627833575635461
0.10825703309193056
0.06871539689917941
0.05665491266741022
0.06985247101431097
0.2175619044996436
0.14688481497473288
0.12231106922750776
0.06418552172843817
0.045044896705381206
0.07548284866499833
0.024027781151253216
0.42406040581767496
0.295845509125357
0.018814301686822247
0.6000283198862028
0.18728630794367218
0.47071836009219986
0.5251629288248095
0.2696879591074599
0.10836726074927867
0.1846287352121363
0.18332852671649258
0.07047273263765769
0.051497888947496614
0.17755763128693436
0.09133614053802723
0.06871187324125455
0.27222693474800796
0.7716322754280844
0.15408435581007765
0.04063276780140821
0.10699196730912482
0.11019868403314578
0.11907253334122261
0.05556679583522966
0.15754814851400317
0.10597105022200964
0.1704829010793303
0.24264385737718144
0.20639734276989063
0.054037790361424996
0.06734319883112637
0.11227942177179977
0.13075405914467345
0.07106084014801953
0.024843186631273675
0.10516169849827185
0.5634355845278448
0.7429556749387428
0.442513248812199
0.14403727318023526
0.0764080959418233
0.13024767940215165
0.06633218729623383
0.07658137589174718
0.258753664406222
0.2307839125303063
0.12382279494443343
0.06224995218010502
0.10192245849563167
0.1456016428729618
0.07318434385813259
0.22147254126885282
0.07105603857858356
0.1243508062056243
0.10032461897323942
0.07721897603605639
0.07841560621101361
0.022881987150718906
0.17308513986805124
0.07687550269724748
0.1096967869829752
0.09042593487196646
0.13131311101855841
0.3794419579290851
0.1504962460182221
0.15865455321318345
0.15048441271160712
0.3904878742766091
0.048059579604238796
0.04883905195850135
0.06629452026465495
0.04451534922964598
0.10880166232850587
0.06077813006850717
0.07373136548770938
0.04484553401281661
0.21474405833421434
0.1645919242569388
0.16504841580818053
0.03610867308588124
0.12026330404438423
0.09557493846886216
0.023989850863578837
0.11768240063308046
0.13149255589467262
0.050689419823645374
0.036561019004926844
0.3273830267670559
0.024595264351905774
0.18026825574759966
0.058340296446778246
0.05324226836010025
0.15624105085167742
0.04323631701812505
0.8227698719624074
0.0299083804434575
0.17721809850375847
0.06436206458085114
0.09726569245406765
0.054162338076421825
0.09974733124659088
0.11577668512389634
0.07682072673167056
0.08469616775964593
0.08646224537379726
0.14071466187059095
0.07130390183925453
0.06680305270248807
0.16485256344102117
0.19820037427962175
0.0513988225162401
1.2270952201923666
0.18923539188058064
0.06686502679493744
0.12958256692607883
0.06061114744863408
0.4140084681294071
0.631935574233299
0.025610103964999728
0.60323206948459
0.040269591011919605
0.059194711910700075
0.07305675373483782
0.3135944019259224
0.02066627173798282
0.03307341180279516
0.08447155963768667
0.0916579637539121
0.19801913800837054
0.16847734090785615
0.2768003161163358
0.04838782618851069
0.07989076054539405
0.21829900533451435
0.25865029241329957
0.05493952629801662
0.1438176639430897
0.1389856792194425
0.17910754166312529
0.16821963465667822
0.14783795385381301
0.040341502209402066
0.4117096760454493
0.06968366902951102
0.10892860020277993
0.049197758740581785
0.17158513648068124
0.13452493925102155
0.11329337286147043
0.07687151444600848
0.07812744673963368
0.06546390969498753
0.04906556653680188
0.0941206464130589
0.04510060948767148
0.046896800592471324
0.17538334912991888
0.06717659382625321
0.15550642555341376
0.08739674165164958
0.033919324046386694
0.09064937736454164
0.12369173281003779
0.0626979072404197
0.07942116013399501
0.04223888392946534
0.5230014187974673
0.4105248921147331
0.07963079491552154
0.07059014212561748
0.05802768084988276
0.07097070609688877
0.06403378449452596
0.07417810713046546
0.09885579753913573
0.06753542606290096
0.2211961413953497
0.0756543240784175
0.11505886059374436
0.09430524199564501
0.029931531932361564
0.06598051714510407
0.07090828566384277
0.053722473379217185
0.20334099660239444
0.22597476350319678
0.2348193171734229
0.06007473214943307
1.7042283243451481
0.070157308542734
0.03146927403042294
0.03154725242572911
0.15717992763135827
0.09819146177848682
0.12191061875781177
0.031051320532455053
0.04171771529101433
0.06939038706963742
0.28103705175249466
0.058078516447218315
0.2023404530799941
0.2389347762513391
0.11425470148276727
0.08376792722932949
0.14237896872915162
0.0680656777649548
0.17555282220729784
0.19764484324483342
0.054687438769737376
0.07667594486474517
0.27617195724306304
0.11953079577563622
0.1879184531989167
0.17751436283383712
0.2449414320550856
0.4366205467274987
0.09228232684635804
0.06292376633656593
0.019025265723908943
0.3185105501279903
0.043712400175927875
0.17963754339064433
0.06820430289936813
0.017493224606913264
0.20964189822963084
0.3280102898884322
0.14406002069023063
0.17418862185057607
0.5257003223935741
0.010414596540114106
0.010424219805672565
0.011681598041977647
0.010243492573050798
0.011247833728576092
0.10948503236698226
0.11836050386944277
0.12274062537613498
0.2216851745398438
0.07992536191974503
0.0851052552293507
0.058505741924847365
0.10532059034361116
0.03483388258409221
0.04943195631121787
0.06157614817293817
0.292043154271332
0.02447775739053911
0.02966274559000614
0.214179118729923
0.07887919496182715
0.04295746868684525
0.026774464306471273
0.24212075121940504
0.04305463524297922
0.10643539736424452
0.039310576923985395
0.20732742578412697
0.04812023383203309
0.1169578731688109
0.06685512012967779
0.19148946463391234
0.0665716718886201
0.0927212690871289
0.09039230733017715
0.031465020945359384
0.10428665064938913
0.10843390765070256
0.15010283210577402
0.05449663863836715
0.12254670915519203
0.17309724648952096
0.05300451743711989
0.06260890574505427
0.5869978803207951
0.03684112733909767
0.25027740261378956
0.43089886150217266
0.04120697661826917
0.2161118083616979
0.16968568751412558
0.12131923273361966
0.037796154293496746
0.05980179875800424
0.34841631854421673
0.1317935876978419
0.07768870759991851
0.13864307246210997
0.01739749058403809
0.0915038855331383
0.02921976547026276
0.11284969078679799
0.07544225209517434
0.1835958682143146
0.15864556433412044
0.24428365841655336
0.12155635911809137
0.21721389244178285
0.07278823722892762
0.040961458484924336
0.07833293810020998
0.05186894885218773
0.17179738059222566
0.039348743918704826
0.13674216948740373
0.13366411689227256
0.26391943630017095
0.1299690099353927
0.06505166449964937
0.13225892304036765
0.1514309884519211
0.4850516017481365
0.02495256197921581
0.07050651185047394
0.059856811297389796
0.055479488368833665
0.07035177191185844
0.22721911986638973
0.026220967133082966
0.3419421924785062
0.021352619352362833
0.05067972826011946
0.33989091673229904
0.28617090183518656
0.15540518472511916
0.08400167508452729
0.06462781265101084
0.13407483804977535
0.12302765016019705
0.021486285103238998
0.1132026824839613
0.11450820883287426
0.12688388930152178
0.03482999938488182
0.07280878647907807
0.3963806633026456
0.20800314050400204
0.07921810688404397
0.02065752777249155
0.3057936520810431
0.6283111484793564
0.2660276535728094
0.07061750641798406
0.05630614158150374
0.15664270263249414
0.13771917044086124
0.11983999060990994
0.15927241155842548
0.09317892928889528
0.10746840132463999
0.1593211008818462
0.5620367901439078
0.039294943651608426
0.8897972221263464
0.04034853996777541
0.050993332540686734
0.06772408480767785
0.03565402095074574
0.13638192366955748
0.10650636410043526
0.15461995559877095
0.052231987739135
0.03997519453517241
0.18695034281759484
0.023484294523461187
0.12986253654477156
0.06873229814307667
0.061477210309947156
0.0887230421839404
0.08251032307310582
0.09020858500289083
0.06989029405816505
0.4989496244978147
0.17260887999846744
0.048914834835519824
0.06914033733900236
0.06060404618686248
0.1281467797071448
0.07456617847808499
0.28781259897254385
0.07595625621589526
0.12481748057671761
0.0394103374407044
0.078116847858677
0.12439834071368103
0.11400937406732396
0.07649965207435398
0.10795651734735615
0.19570849993359649
0.05525427841176824
0.058371250668097896
0.020554064648157826
0.65301913246436
0.016305265256526456
0.01548243644960766
0.6723632581978954
0.48168490408025
0.049601144402533624
0.2661032843877042
0.020376576158182013
0.22535346648212326
0.041877715935845695
0.05542701145201713
0.07097187807389034
0.0263839761336365
0.07114202045735055
0.10084866011767984
0.1327418954398874
0.05540858596134688
0.17692885140765197
0.25439540463244237
0.1936397463223454
0.11603726775462843
0.14821098976196545
0.03612681056218467
0.043701843905357876
0.1014548792134894
0.06699836941738409
0.12393403340549818
0.19451047087439813
0.04602692188569556
0.21202779329014762
0.10371288332545806
0.08569272674204327
0.16147330676810948
0.03971395248508125
0.04841964597265609
0.0843423239129456
0.0834091767332237
0.03833163235834135
0.07464891205146988
0.5155410637076753
1.1857004230717803
0.030083816177550456
0.01926044470342396
0.04013243867361413
0.865247916205975
0.08602767548647611
0.22244699863246437
0.04679518760125291
0.09568790952932366
0.19411087606050376
0.060350489857533725
0.09476679599479283
0.16043464917451342
0.031079304554485866
0.028358542089388216
0.11948496735817331
0.07039705939515076
0.18229023234400168
0.1811151362457178
0.06677536820232834
0.0660657807533859
0.08292696858814273
0.07552545870863385
0.13692378833563754
0.1058778890468106
0.2530574399602344
0.02445261681126198
0.08315772941611045
0.06409782309249723
1.313763342810143
0.03437776669423602
0.391601437125371
0.08818059134989775
0.07919863556251733
0.18865494082521175
0.04472247843151237
0.026517646995213612
0.09359131304290147
0.08815274727348595
0.09722911626493588
0.6450076573380549
0.455476219123308
0.41897033631000374
0.047832686925217874
0.09585043877489072
0.17491477872087452
0.09110827183755736
0.0653389290072158
0.5158690713868506
0.5199763564354525
0.01826824035152939
0.041908706405803055
0.02367364537226721
0.31975049288262775
0.14404220507410806
0.0929323696390032
0.08846160530143944
0.10825844274823765
0.054021464171541064
0.0593879533851296
0.128277557933821
0.02484022861124679
0.05123314384400947
0.15583763066060421
0.11862405656487866
0.0753595082883638
0.05026509981027381
0.057603356637541
0.2897117286669762
0.07078400776056169
0.06196276325139388
0.1471617486786855
0.105745254819174
0.07618260385586516
0.14403757066444753
0.21602172884891324
0.03695319146989198
0.17746452142590458
0.01326766278451587
0.09434328709996329
0.031215321004519916
0.08863432990071796
0.10814872866867124
0.058471625483729875
0.17660517609539098
0.15323251411351327
0.08829316785349492
0.09599619684860577
0.21001001821009815
0.027075818267742642
0.11218414044153101
0.10054581628474656
0.10168994549117301
0.36155029139151845
0.01992474863920303
0.04415617694630743
0.05250507254549104
0.05997991139359111
0.01542300543237039
0.03216124352414361
0.0908517131838014
0.1068221318530744
0.0929080462759885
0.0853014197402678
0.054812859088285946
0.04752269479545889
0.09691872300022537
0.09485119331702924
0.12282779585404081
0.11835685509413224
0.04955591756003436
0.27267556885676125
0.0746117009376315
0.05211645793509426
0.5807550940832857
0.13711119194733012
0.36620090024185037
0.13111603731208032
0.09765063191976467
0.04121599142735722
0.10883176624265023
0.10300191719307779
0.03914162827352154
0.04245161012709886
0.12078417484120704
0.03200699424418399
0.10040717130504566
0.04738577641829877
0.03803080075835036
0.3373732514522677
0.40786271315867373
0.3928166077637158
0.1122381841631351
0.1005392561411175
0.02408054126883118
0.0997800595790796
0.10691446137443135
0.9152555107965301
0.01769465914728487
1.3083836372666617
0.11402966359183433
0.10505802319270502
0.09869517477968832
0.16627558431245465
0.17340656319444683
0.17660478733258106
0.049930083182357844
0.1141350223526616
0.14466132870174198
0.161401766237664
0.029810890123932933
0.3083475124170496
0.10206372570339964
0.05160102082484128
0.07804210683764884
0.2594680205763239
0.20104635839989518
0.13561558522101833
0.02613976277347989
0.08927775461465258
0.13921746797355805
0.16226836335488248
0.12497313156223755
0.062232296097329054
0.0815169424912413
0.13699870262555827
0.14424682397767108
0.11216033367556957
0.22118248113218777
0.07662423162095847
0.0954670921044856
0.05266084609246508
0.10274869907730473
0.17369212631717276
0.17853878174592994
0.06536290711331344
0.06917196961520992
0.11862407364367049
0.03237510995156848
0.3875732506017349
0.9798900965016641
0.03128237380617647
0.03836343985688145
0.07628091315057794
0.11103884110782583
0.2167877246707476
0.04103246017078343
0.06118163098500628
0.10442203904936881
0.13830641043782962
0.2900405982820836
0.07570867843952207
0.11137934125038691
0.12577321659763321
0.0646730850366151
0.1304499482824797
0.056977626302763165
0.06687066100437115
0.07190826698034228
0.3902533275372829
0.18633483295510125
0.03718069812232355
0.06708709008141123
0.09269751335024085
0.09194516355477704
0.13263093440962395
0.059906360248361594
0.1568495561930947
0.08913906265626192
0.25879001443855654
0.2042600344377919
0.20338433383553225
0.3604549975917411
0.19268396729344725
0.07108586269438413
0.23576665217967568
0.024730336502818608
0.669927604622766
0.03446841764733248
0.17093807537355912
0.1117388992050453
0.0763569010381495
0.05368198551879788
0.2919987225072011
0.04935456798629226
0.06385098676428155
0.10708863482118618
0.13764742741943883
0.034041188588094795
0.6094237564649204
1.0399094229267192
0.01450827713807159
0.27022723109803537
0.47044141865267036
0.0882523355692281
0.1110998372641716
0.19228249331356298
0.250728635381716
0.2100983668385237
0.05278235926385469
0.08823934061283517
0.320754375610961
0.03249282451225919
0.2387177940632061
0.11171347867805644
0.06273677547973867
0.06885187622484087
0.12049696666986111
0.1464725978442557
0.06816724574475491
0.1366274797882205
0.13793801083513862
0.17072495013722724
0.24199604414021195
0.2459865962452638
0.2732094981493575
0.5658019999410494
0.3760631274532875
0.10648765540942923
0.06152615546008677
0.32937564019312443
1.9613194620008507
0.29263556177737526
0.037337160414349424
0.11436854935495189
0.14508152016158343
0.15440363250179262
0.08082556357758625
0.2998913475692741
0.07502951853358264
0.060392753059773985
0.26073221748715664
0.12228601716241524
0.14458420237207864
0.03946661496334357
0.12109652579994751
0.4397359061691561
0.09452280615307745
0.04311270284803398
0.08951631247350289
1.0194275326734725
0.0935230168441668
0.10175749422001036
0.1649286609919796
0.06206546990474734
0.6421002223886055
0.2591783205775659
0.13129036512134717
0.12631501826917085
0.19278907677724122
0.2503520943647904
0.10720628774313681
0.07030660505803808
0.17728490599175004
0.024566981861124496
0.19724414301764803
0.05539087246350804
0.1374599886515337
0.11166494471978913
0.08321989169243575
0.06653727401432605
0.15092015036105375
0.06040087352623365
0.0241659839329052
0.27199806934752346
0.05157092109965131
0.08478385821869137
0.1732408289382946
0.08959978389498928
0.0910954065419485
0.36323171657685843
0.03888162509433862
0.06829639486485657
0.07625843540595229
0.07545138222171421
0.041104827675568806
0.18201970761617245
0.16351148586938785
0.05632651171247203
0.04234670474253258
0.13605528483401547
0.16172154460259638
0.524100445458914
0.3202385714311165
0.03331939011670371
0.02157994768097148
0.6523346962219354
0.0335913286052728
0.2511036138317328
0.08829785054412986
0.2765474715735774
0.16552087688785322
0.7235789229379636
0.44029429362233524
0.09155175943375493
0.17493299152819758
0.02965205843922321
0.6027615298164032
0.15915631250780332
0.1804055633028355
0.0228487692755126
0.09957204073986789
0.06862234819607478
0.29697194990807735
0.5097926796355083
0.04247834953099042
0.4473846753171311
0.18636571146387296
0.09627529349808553
0.1285329783487573
0.0496937783188356
0.09295457770636004
0.08816111661363506
0.03660708599045018
0.16617687206014875
0.06969848072214112
0.27880046544492415
0.12080088375311779
0.14140589400524226
0.03711591069540507
0.037740054531163365
0.07621105720963114
0.12241999647211334
0.08271570242856316
0.04769309690852556
0.06353921318629249
0.04975265744349133
0.1984677418784586
0.046091084903690814
0.6515979522331321
0.30860988760128105
0.2038094315288374
0.06541521773780212
0.13336606828758857
0.37929885853394923
0.04423061943305648
0.48547684255177287
0.18591695570450054
0.1639214693801043
0.20895537946064024
0.2198317712903594
0.030119125665693598
0.5458199937685517
0.6484942587561114
0.009344988070281909
1.5215420766693786
0.0898407238510628
0.4317357960367304
0.10435865182891103
0.04457242336503139
0.14640593341503744
0.054728234498375515
0.30405626158791244
0.2155650570571806
0.12704923552119918
0.10902704311743565
0.1260233080662423
0.1837975914847926
0.015877952093370135
0.11699744384558285
0.206131225509172
0.08372472170688892
0.05793398692309612
0.04821250415736642
0.311574077662367
0.31318362213708045
0.10950662748183285
0.04387918866655675
0.06292273716406722
0.13118284288815274
1.2479537682448651
1.5591948205575428
0.006590048117342058
0.6892870496099214
0.496062692923498
0.07598200739339078
0.28145370261696945
0.04558427389027739
0.07846042859377719
0.18173646910495456
0.14920012845473174
0.04257562640508972
0.5989078243983141
0.106077674776148
0.4349366586789851
0.3721999319346717
0.06339167338526626
0.03813977460982288
0.06495874696924915
0.08560258638037305
0.05546720263201763
0.052365998213176675
0.29210798657533443
0.022174744995997305
0.014973332369354159
0.4135409330837157
0.2702539829937503
0.2893639197482081
0.0320299222618822
0.08914897299958335
0.00994059027923302
0.8806112545853367
0.09094080948047618
0.6328170114799532
0.06508912675674607
0.1947437660035975
0.14599921852461054
0.16346006381746644
0.11226303606008367
0.06907695430014246
0.024017112490802246
0.09084318290663652
0.18868838922269018
0.065957438658148
0.08927611643793976
0.11030668557303028
0.17609248308613443
0.05832240236433455
0.3223338119352496
0.05286135041563865
0.1385112005643817
0.13452659597032696
0.2976524440725768
0.05124820357025623
0.031165374603821377
0.4689385739917467
0.5472002295441233
0.07764252257541769
0.07776241328434211
0.14739527172754605
0.03794238411357011
0.12611356287781247
0.10743692029442997
0.12515707717530403
0.11532483666149992
0.09052467904209825
0.09350715985337095
0.16708271523934554
0.09761918407483096
0.0688289914468639
0.03715928456825321
0.0603068581550029
0.08673745457931367
0.08443723214059777
0.10122443223925402
0.13128367796255422
0.19877343781311785
0.07690823255461654
0.09926872844880437
0.2611258609844667
0.8448089686807326
0.06041087535431973
0.13477167210351143
0.2112104879403102
0.0628072968266982
0.20795693834102025
0.12196563993884128
0.34907571856928193
0.14258059035734935
0.22413153933561536
0.051037139394586456
0.032114993742264696
0.0660541577567706
0.12437809597689083
0.05244449986105807
0.22917020494100984
0.024357379422776052
0.26819876959291
0.1876470590949219
0.1305441348726373
0.12313007830130124
0.4752937316198418
0.20150651895776103
0.1843029381280682
0.023424678414228895
0.04408642636574993
0.08714662489971634
0.08520542087435712
0.28341097587707037
0.04101030423950955
0.1011327709172828
0.11450458466950211
0.034537288683968125
0.022844198161591518
0.03535244924297839
0.13442496097380888
0.04906731899195008
0.0480059262130275
0.09527741113187035
0.06941062341601015
0.12900702311526724
0.2801123312648495
0.3349273371125932
0.06138202977363165
0.08005791159388581
0.046297207538594384
0.06364105465806129
0.07006915860191568
0.09302290796993226
0.26187065102578505
0.08487669401852947
0.042586910990898244
0.3139544836551885
0.06751855095646042
0.07491678150089989
0.1811953256175966
0.04399575615690229
0.03687557409747954
0.19643529733563822
0.18585682509098866
0.07056886591501872
0.18345693267747468
0.16829493688540947
0.09833456118321988
0.023324984300939572
0.022645043532278784
0.06994465472663576
0.048958946943313014
0.09565595371011126
0.07724992731328098
0.08557425473531148
0.023391248795429857
0.04229660221552735
0.21081360306551333
0.09095083821013687
0.03319324821721233
0.012942820812920716
0.29432733696833735
0.017235919764514655
0.08974127367789014
0.1062671569776998
0.11160890794260828
0.09056786317384047
0.1491096504253425
0.04259675613301596
0.14070209800569897
0.2691058565356494
0.12666431073802922
0.07954755881760767
0.10087076471991097
0.0749366137381553
0.13793507987835452
0.07662520543005318
0.051234394634028416
0.046469477945559494
0.07768154113734897
0.05477350950869901
0.1827017047356664
0.16874897001988035
0.0871037752275213
0.2166824826756705
0.04253454757498233
0.05461106747697425
0.08054488293693646
0.10873254058351095
0.07814215996455728
0.14475569090362825
0.3273809474626665
0.017289560649481565
0.08218851279163192
0.11687995115786474
0.12831022774144288
0.07863113302698266
0.09022250066725618
0.1098854256178205
0.0987022025164411
0.06208285056046475
0.05510330374919747
0.3020519180261887
0.05405821788934673
0.04966206812649098
0.6291598172809094
0.018939944903107936
0.03151266958870362
0.027767919598439002
0.36205112323955585
0.04828570836348119
0.1422721831651414
0.32583421027248755
0.32624717275221254
0.19364436324762152
0.09370380963208833
0.13628560761364614
0.310090871318294
0.30499463773338387
0.16725076959938073
0.5710669692460365
0.15071675743108764
0.08788719523524244
0.11968302816046181
0.0979869353618177
0.17171690136079162
0.1157259411093835
0.037149118419786464
0.05682386888269168
0.049673646162097976
0.1092075004554779
0.1205359279016989
0.7752793565409032
0.18237216382773971
1.4646645175967081
0.3318609164407946
0.010532925695785693
0.499653683199701
0.6906447868592199
0.5298224483344971
0.23882240651547476
0.7196100660514343
0.18810873636071546
0.13834479867907365
0.16824924656209253
0.25190394351056633
0.08513943582182966
0.047820333354654555
0.04376236712440266
0.22900790077565744
0.2466015818729655
0.10329753080856358
0.1226692953038488
0.08086233543070051
0.08492810973319989
0.05420173777038091
0.5209197634737371
0.36451486073879985
0.20351494027983327
0.08230019017431728
0.07462744038871176
0.08852768279474378
0.0684446463353128
0.7826881704459007
0.05442859709546335
0.048739365713895505
0.013679742127954905
0.7080726088105396
0.06613982748675461
0.10660746407020115
0.13270746177969675
0.12336850000693994
0.09622458238046219
0.060435282449453794
0.024434727764740576
0.02114437232330516
0.02249198493108126
0.013102047685140814
0.9920537683812053
0.12601662495385998
0.06756100043048077
0.03614538852043663
0.09755804392970893
0.09823336863637049
0.09901186598287325
0.01644895198431346
0.014964402381293762
0.04989345328610683
0.34754635036996373
0.22588741198359286
0.09906250263278703
0.09503501567171005
0.112768123600502
0.07390516341886685
0.4135190752335359
0.06223098590517408
0.08533639326504605
0.09130906148743302
0.31522406439345346
0.43067609096847587
0.1996370579602847
0.21942768366292967
0.08590715161057934
0.12214625148808458
0.042485411183484555
0.10136478784913254
0.10389825407153856
0.5058466754978759
0.06563799805779476
0.052376181555115094
0.12249898137308024
0.0543391523560217
0.06583659287588325
0.04018119113881061
0.1780739075471733
0.2822463670641781
0.02157632478124603
0.02318449263177741
0.04374575266374338
0.07054715812310403
0.1395303865375691
0.1498178184914277
0.02999991552642337
0.08566572983430709
0.10789180103680264
0.03951970528599097
0.19728541514055944
0.10035528797058528
0.04158887834061776
1.0815394556293194
0.09873074786206651
0.09198801524902527
0.09768862910165604
0.26904067706910245
0.17420483102490025
0.14380491505881532
0.03189680134746975
0.11609162462708712
0.12745263452089675
0.0940029747580063
0.04047177329754674
0.07208799312276808
0.07208799312276808
0.06623898085814323
0.06623898085814323
0.05628230804600601
0.19798644568626642
0.3554300696533294
0.4228895260161851
0.15918508656185276
0.47549058306138803
0.49079779452454847
1.60817994359565
0.641584697844042
0.6659259231370046
0.6812814712662759
0.7631617041766557
0.5820389218617107
1.0309018488503594
0.013548137736410486
0.05795161984918598
0.0524887095683342
0.13160072646221033
0.2116553526706317
0.3388469572443601
0.023779273058934552
0.05812577617819752
0.06480196893326343
0.045949953517697824
0.06364575166917551
0.10666466747202216
0.020449017083970907
0.149554810278833
0.05090008458095028
0.024670110786302962
0.027127994386558153
0.0224279627719085
0.020046542028419337
0.01920842116725132
0.1055742678474201
0.07995511954180334
0.08134751956141789
0.09640276079632405
0.08674729900876343
0.04872537352849611
0.08146156289719599
0.062299973148727664
0.10865831785795294
0.17332578791919181
0.11253937126935179
0.04805270227847315
0.07226256674033461
0.07408706240215561
0.13390453257861198
0.11293966485528269
0.06772616431859349
0.07200024373065811
0.06925076487126552
0.038862889257495585
0.04621318041749935
0.23980089861458492
0.05986015765705626
0.06406384884295831
0.05870070659876644
0.06100676446091895
0.1737508618571316
0.22763005108987064
0.03220318171398915
0.21831468557928235
0.1524087969407347
0.10308027680566885
0.2707872024508989
0.16336665729916985
0.39911333854826253
0.35381066989339954
0.020096455341859346
0.09480646488168637
0.07156042099440046
0.062112875827039435
0.15510834444434213
0.1452641711630898
1.0222276522336535
0.007648300903658566
0.01657839584011781
0.22515876656964773
0.4782676251638243
0.05129476986138585
0.407569051814418
0.04683364826567084
0.03253366474418086
0.5077836260745267
0.1406634730041451
0.7263195010020388
0.03986226497201537
0.38952228296751146
0.03808409866271884
0.12756204335668825
0.11873502620978128
0.10198976761711064
0.24908428732065444
0.14236615255586227
0.12238196615952762
0.11127068165433432
0.0784352552526381
0.11557806155157588
0.03382525091780118
0.039501587355889455
0.025222344261133324
0.04996648445845729
0.05112797802590143
0.062258857513773865
0.06021065704725429
0.18969479443046713
0.3963137027878876
0.06276272779816776
0.11272960108929937
0.05107426664734385
0.10272197962908886
0.3256013840909172
0.02564182379039258
0.24945615691942172
0.057389929330381145
0.032455391492655174
0.03428054361058026
0.13077126448185888
0.12640757227498145
0.053796307301557454
0.11745138845840852
0.0934381099145665
0.18054176630615895
0.061885029123572965
0.20341177892746126
0.052299313962180315
0.10109981170172398
0.10378470792027164
0.24528927566250025
0.05833734150829738
0.10421465642213518
0.05911402056932179
0.02416024141938807
0.0753217232771636
0.03394393963468607
0.03485931810189321
0.007816583838715068
0.10268419057317481
0.0723918672327551
0.029886046916652982
0.24398121671619763
0.13694963285319248
0.14308881295113976
0.04086277919620071
0.08190429797852555
0.2619445234749697
0.08624902060202184
0.06038488753452318
0.21058252136251726
0.061929540491704696
0.20780128794082262
0.680907220024986
0.11976606152074591
0.06502397366713886
0.055594352003729
0.17352422423727518
0.2498746483532688
0.12038504014671783
0.09725997613626575
0.013840067712874047
0.08176645002424092
0.053186285623918826
0.04560502298844402
0.10209331044226748
0.03979309914761675
0.3336020419275076
0.09696159587405975
0.1158124681032389
0.16836971892402564
0.08226738421751882
0.08693405772912596
0.08577260874416535
0.07759118048956126
0.11742469335806803
0.12237670243198887
0.12235387137433366
0.11838662938061652
0.49603169676848885
0.059499137401588985
0.13877287294025561
0.09855054753708165
0.38464483736526633
0.36899544818219243
0.02693277331787171
0.23448333211493574
0.032735544989462816
0.1350519219365112
0.1873498043851075
0.1701297309132737
0.061147371718404814
0.0681329080919155
0.028979505314816103
0.14438888828101087
0.16130947150665076
0.3676737864790309
0.29528946467576334
0.05400015176257195
2.924254421952529
0.07975693461602784
0.11567384287160151
0.1312868020317201
0.07263372158301605
0.1078198725807845
0.06365919384813334
0.07110754282443602
0.06485678610089991
0.13725006327613976
0.10856936749091822
0.09281920937478338
0.1752494887604929
0.04780507024759003
0.08505126193018639
0.17685454546799734
0.15215477095995222
0.09298004433407393
0.3810111987538914
0.29367014808500824
0.4586367142151023
0.42095648891077747
0.02403725602507534
0.03046140499699831
0.03570559961948111
0.04329402876779943
0.05692414228792191
0.06019357556052338
0.09769521236693421
0.08996854943984897
0.17575717565716206
0.05245373544203284
0.08976391756505932
0.3688119151993415
1.6148086099078494
0.11461122900372327
0.09321551983547446
0.04749253074022217
0.34799015589379956
0.49755291339104907
0.10614935746625201
0.11198262155885313
0.03872238039638608
