0
0.06597032760747007
0.08447914676501932
0.027607395180966263
0.03489472173332882
0.04745162907794296
0.017772229700496255
0.016384113080553035
0.14194402033138145
0.08251087092150114
0.0950835856966007
0.06391041716207896
0.06493697557540908
0.03794156272403885
0.04740548128673783
0.03566067703418964
0.048337947132021636
0.054216206354398035
0.06895283701362771
0.04250663582040252
0.04945493381986354
0.03995926350606177
0.010872465123615496
0.0661340128246336
0.07376356152412175
0.06823734376407942
0.14826936866018903
0.05274039209206907
0.05149088656442396
0.06126951075912696
0.05698549953311467
0.073054001919374
0.07955065321803818
0.09007177469161119
0.05390398200372018
0.05543202097667792
0.05997116512678249
0.03572951312112024
0.04238887220021515
0.06242946809579766
0.040480302105170056
0.03927233037546821
0.18830675129802965
0.11635384065228269
0.0691451948431822
0.05984698611648757
0.026763006931132934
0.05101775689726853
0.054726361241747755
0.045655241314650596
0.09551488054667767
0.07005315425003691
0.026551713598106434
0.05434659433302713
0.01943751506641949
0.10393819894512024
0.06288376254534918
0.028844349318876812
0.052810849882182584
0.09112246824766988
0.21950404371746698
0.12502064289932513
0.06421162360008871
0.055421978789770926
0.27376495283163266
0.03157447023166405
0.0389805129570653
0.061817112602175754
0.14825341644478549
0.1962777808114458
0.18595142732888953
0.11626482089142158
0.09852630642438122
0.014119705182170225
0.010904434034408968
0.08345576313145975
0.10417145037113029
0.07208632677565974
0.02380336618810074
0.034485896988831324
0.03887295181430006
0.030850500864825485
0.03132466593083979
0.0656730185763741
0.02010537679536286
0.014219907033899887
0.01881497062749823
0.05419923982877134
0.0583898894725581
0.0978814723873996
0.10889860447220709
0.01583638751077184
0.03755195951452031
0.10799247682564862
0.07072250931207148
0.09710632288217082
0.047992160806763336
0.07393016351034327
0.05227132202595428
0.03396906294551875
0.02835561221182915
0.12561551795445786
0.17678302656429254
0.10557227025078132
0.023472612207455716
0.17319198454449375
0.05951546949923005
0.0485111251230866
0.05321034519740352
0.03209281546579344
0.06007145341832476
0.19292901653566588
0.12151954076849529
0.10243134210872984
0.2139227220758481
0.306700862931028
0.45341538106654156
0.04128249984822039
0.0681812420910598
0.04114390494799201
0.04915253671208335
0.06254320021669638
0.015630603855243678
0.08316237830868721
0.33796965208054724
0.34820674908301125
0.07353769117184537
0.06370275522888537
0.04825146171356753
0.051874625290103143
0.06182840283920779
0.015722278589440673
0.05078376998765694
0.08762121223947004
0.01635851884530717
0.09889684170184032
0.03509961081580787
0.04633483220110904
0.022279145658467857
0.027670789264136207
0.030365646186902795
0.028830036767570948
0.4271067156271816
0.20367232886297248
0.23446298559771894
0.20951402586642887
0.1532837116853725
0.04984554572409341
0.06677422045469908
0.03379079214811386
0.11024804157414182
0.11983459449931022
0.01579757857677957
0.05355282033579106
0.053627772572074676
0.05369745305665545
0.025091365794272853
0.03873120737009101
0.051308533621950404
0.07754885109338797
0.07389902840280993
0.15128629122889137
0.14193505659678576
0.1388944983730376
0.060078430598786696
0.06059467046119499
0.10212407755663265
0.08195765609685816
0.07859111042222469
0.06499257283614471
0.05652194272344376
0.022597292793982066
0.08181536535972274
0.02949196750776646
0.03433239600706886
0.0623113965583107
0.05870852486889097
0.04640131368071491
0.021446216703384577
0.08987026014891962
0.04158621961375294
0.19392788014066084
0.034574756333457565
0.06895625483716188
0.02502908187642289
0.06841182644242583
0.06249258638515077
0.060001850824581836
0.03707914329200563
0.5546094626470722
0.10791014574113338
0.22586523765683952
0.2483560145571663
0.10875694757039182
0.27304225451697456
0.18532940256078723
0.13393092000089424
0.03305951239800153
0.15078214816896604
0.3663391750527884
0.08750217939255975
0.17054985451925303
0.1016736638636375
0.040602325571150275
0.044032814216966094
0.02733229119593352
0.05294457286330272
0.05514348142136712
0.06076425040944621
0.023763265009565975
0.06212167141450481
0.2281416949940258
0.4662735188571807
0.7183042524244326
0.622300007940491
0.1012951780312754
0.1981953988205695
0.20741538272043908
0.20353351176713108
0.07579755856176083
0.03069436418297776
0.05990608211465634
0.05686149305998313
0.817633130144905
0.030199328406552126
0.04706696699857939
0.05252691443319024
0.1254182339401307
0.26266569229975173
0.3953344030168622
0.4741099377141487
0.3603600893478429
0.05214620817589106
0.06108658402436643
0.08505603942539793
0.05721328722516233
0.030169154796931507
0.0527944938052879
0.04540186788638141
0.09551194159220247
0.7255260063236686
0.49407847556045714
0.28604280191766185
0.05265235130916658
0.10587221449077315
0.10335959001524424
0.049958257207003115
0.08268858967215412
0.1705353711609108
0.1440588467411764
0.1580322099228639
0.07962927649611527
0.030486192401815
0.34426914629320843
0.6556033349339224
0.015087940319397447
0.043785439586625646
0.08611363011310645
0.12757006624671163
0.17924539922251626
0.09751599029017706
0.16788747662735615
0.03304934147099382
0.13349778179229146
0.1626719333404464
0.12134339483866521
0.0457608309789005
0.08618853089770942
0.08342571124149317
0.05486450587478051
0.08007485507004539
0.056582583829103805
0.03640435428516847
0.04981303285572588
0.1011673894614269
0.05099392476981147
0.039988806099713226
0.04397491944708435
0.07334722452752968
0.04680490908913986
0.0809433715575204
0.09269751934074176
0.04534615069554838
0.03807125044602209
0.02804423878011344
0.3218450216185322
0.25265683300025626
0.2075452544328876
0.1692390081459308
0.12032199446124532
0.11524216281894517
0.22739202795180813
0.03685958875341928
0.35858465619764934
0.24022965219393325
0.1650998511962821
0.12350278206794428
0.060554540234081695
0.07001565717646234
0.05845032281998166
0.07275299295655492
0.5939925566326152
1.3481220920494468
0.024494871646556844
0.07165219972978774
0.02991212976953019
0.06476361046420828
0.027830398874458175
0.04245603926905381
0.06166766755204783
0.04864979476169347
0.031017385455876262
0.02518202980285482
0.20315082071694993
0.12574945119776934
0.06778447693095416
0.03576921849299484
0.040012147999964796
0.07955786359954402
0.056464272295164715
0.045345181032196376
0.05274330025388836
0.15071760031030482
0.08533696313101069
0.25689213681162376
0.2220830661384614
0.12821514758375258
0.1429898704337633
0.10375353390682822
0.12987911367055177
0.16713769338021833
0.22824383711341453
0.03933652094006295
0.025192400666474733
0.08791188606464326
0.026055197564625973
0.6003442643703906
0.17164482767715025
0.0255831545642063
0.06206008372535755
0.06119667947037892
0.04524409207409866
0.026424679087617642
0.13386319973917069
0.05525159518431183
0.03372499229371251
0.21446243421767486
0.30952641963301697
0.21537944020161953
0.02689550711919392
0.10747669007027953
0.1296637953231664
0.037315457385767914
0.08758138817380025
0.4910267326165048
1.0500142547798053
1.0926590287489286
0.1597655689879855
0.33743078803939136
0.21332471865314423
0.13015188795306273
0.08564281110553745
0.03122010543733087
0.036352499402212475
0.031662802520846446
0.13050351905486723
0.0668358820147273
0.058012510172881816
0.025118005311412374
0.020969107638509933
0.24475736578622395
0.04383980347313017
0.04046462771827018
0.07598396536587093
0.0669152047567578
0.03594575137277182
0.04989398251354157
0.1753476059661807
0.2080527586442924
0.22147982500687355
0.04527999937902731
1.111445719205245
0.029381519288499733
0.24915299253202455
0.1314670342415735
0.2753781733729531
0.2652634775838149
0.060974759630796
0.024337719652108646
0.039800984398273245
0.0484948272193275
0.047787052907163986
0.2812477890593646
0.29026517469685764
0.32282490095666755
0.24854643698891446
0.5219234632056676
0.1498450967555924
0.17358794465284014
0.11417503264050662
0.0119281206837672
0.022033696207144418
0.021473640326866925
0.2044257245537261
0.2881327392274446
0.15367304311033894
0.16911541138959532
0.5540290511886818
0.28727267013735674
0.268477426239811
0.04034506306296028
0.02695017162358827
0.11518693670748151
0.03953014011672689
0.09256914691594519
0.038689509428435506
0.044131301613411215
0.0290560878222758
0.07834724308839379
0.06313165725639187
0.05273118633780142
0.04245651599646714
0.06630121413964973
0.8954445826166076
0.012036851403860278
0.012124424476332555
0.08760077014831516
0.08110721005157473
0.06316690419395443
0.04220262042643679
0.06765782302173277
0.0651754876274377
0.06886952347222393
0.2181337106174761
0.0570260442078851
0.1222882939166709
0.05978397715384153
0.10889794102353854
0.1784575209859122
0.19817938184261047
0.033952955843999114
0.16064206951760696
0.10422200815388938
0.03259981815545508
0.05563540828428189
0.05818749241387479
0.07399152884251746
0.06554904722155191
0.08596651929706396
0.051495593400925445
0.23496550147264886
0.24745456680595185
0.5765319017804759
0.05976142972479838
0.18988523724004863
0.2220778361655865
0.03707313932974493
0.057244897120412856
0.03783978006640976
0.04941483047750858
0.026636725756567024
0.08154240120031683
0.049016493364241395
0.0657713057023242
0.026218133538295055
0.012925556207398757
0.09286649585435602
0.10463731964880049
0.02951215795984929
0.40759142376293156
0.10816202340106443
0.1331739871135486
0.16136512311096413
0.059177311970298706
0.06929523500152046
0.0961959717551306
0.5688521935132133
0.3976506997895162
0.09274295612995953
0.10248192369606167
0.08459507547000505
0.09412825319018149
0.0491030813131641
0.04275953545376742
0.11203719940859957
0.07727196950263557
0.02947637734657
0.007135390265567746
0.006724373234102918
0.18009506057082583
0.15088807729003745
0.3153373527048719
0.19312628514232671
0.13839392066743644
0.4484631808221649
0.24156062255770483
0.13477501276154194
0.07588989072414583
0.02640250269525331
0.02815337977167136
0.0798760412695891
0.035336288627836915
0.07345328971185373
0.07342555631456706
0.0642694640719535
0.08967637066427377
0.16977759325775163
0.2647858787040058
0.10822821444639495
0.021906826038196367
1.2755835113866942
0.025385206003593935
0.06568301953411125
0.05793266854009254
0.04941753439878233
0.07371567704030539
0.0501290950892793
0.008419398404102081
0.10095235984284957
0.0734871135926691
0.3583203189326785
0.2210350531563676
0.052356960528850915
0.10566045405702612
0.03447881033072225
0.037335516708780915
0.03937531759213997
0.06708552053239379
0.09440519556050506
0.0166891864209274
0.03849812857535866
0.05119870963637082
0.0351080366299443
0.03624697423206979
0.07104661653582416
0.055301199954601414
0.06773751554540858
0.026664524524082796
0.07805115608138102
0.0781215469375328
0.029023133278060203
0.017215628954427988
0.025454090657146274
0.08660913264568781
0.06837288110355708
0.06439194963894748
0.045562852944328415
0.07455921989266402
0.1050883949856643
0.13146117057964568
0.1042490945107438
0.07923242312871824
0.04080001460582831
0.10616123635136016
0.05720557100309355
0.0677864413028363
0.11638703025062692
0.11058497763401295
0.04651207303149848
0.05887866365822201
0.05064618852646403
0.20579158680619902
0.05242604086746847
0.02727525470965689
0.034014833306125584
0.107839959558702
0.0724424372620246
0.21658883214900462
0.19978642946751274
0.02273094196125612
0.10881870378341435
0.03426209800636774
0.4961367020890461
0.4008638717944676
0.05765824868912404
0.024951064964658612
0.04639359017853591
0.06434695480689542
0.08932746193012114
0.06859015377961057
0.06689637789219113
0.014717173552516028
0.05822489406538218
0.032764608068928246
0.04445648272001532
0.1847888946187994
0.03153417155896136
0.20577089051017647
0.16861750764403838
0.2585600314772214
0.11622043070446521
0.07834676062102157
0.08492064028737874
0.03553329005918764
0.02758930163750036
0.0547553906880565
0.04298528183422522
0.0254416833563117
0.015175049528822312
0.05780170678046248
0.05053087989099609
0.07814343846395666
0.017074764965028442
0.21259963395099257
0.0935025234530292
0.09234525700246281
0.06578417736601372
0.14639298869403405
0.04547542243670392
0.11268040751073653
0.9109788499418492
0.00957316939303748
1.335601777485423
0.05965344886054526
0.024512960158902853
0.04253221100370921
0.028909308475333403
0.04881341303976033
0.06882852800741945
0.26702049469313116
0.245236004869521
0.0548455265988208
0.08553778907795663
0.08098920830251177
0.09392939662036481
0.20561824849111776
0.1869371493893372
0.09597407396591905
0.07895747735448311
0.05544190366798421
0.30463431638819416
0.19501614780549759
0.060310807467993985
0.056642760387499734
0.03779120506296312
0.06958606729829238
0.029475046047925623
0.9731397169184319
0.2288797448625994
0.029846666797463436
0.05794536153922777
0.04891784603406502
0.06733585017169531
0.05962199464807723
0.22214730625192713
0.02488889920750042
0.010742171826117055
0.0844778218529792
0.043964618142586925
0.007659080876717905
0.046295061654965955
0.07173703496030095
0.06944162252296322
0.3515160418907446
0.11384635339007122
0.13457315886292548
0.03835031412004534
0.02315532313108785
0.07176515233928109
0.11729070341213692
0.07281846482072292
0.14164283216340434
0.06260355926269834
0.17347331672114455
0.02075520765297676
1.060607179226886
0.2153571886346493
0.08624592949720246
0.05049581745280196
0.055803738052886395
0.04149279890510115
0.08020399569376732
0.4563587040140642
0.33653252466145717
0.4790206593154614
0.12323784966099526
0.23791545127057762
0.049630283068969085
0.07032346893210505
0.2385790338582468
0.04474362546006846
0.06186052537634143
0.24550269375498904
0.02743750603249343
0.8702783355702586
0.04331006804427568
0.3142784223178832
0.13553516685295036
0.15869209450320412
0.24229576047283918
0.03776191389463638
0.09473018183153137
0.02366227068338434
0.026002372632838448
0.04627182538250866
0.054716020210818436
0.0536857819564849
0.06797631793126704
0.09299181435168653
0.07732073394254695
0.06728980201309473
0.07501209210355206
0.0723657680033794
0.08676998571729692
0.10399418673505331
0.03908504354610854
0.0575231809020219
0.04961998408084175
0.042208391998115095
0.08536049684309986
0.047865715313660934
0.04267964606633116
0.0583639457624922
0.05031701361879818
0.036144607729878576
0.08994546533751359
0.08006654787282766
0.07465844292920937
0.10724620681421229
0.19501309964980224
0.42999249876091306
0.21910369847978364
0.0520318744383321
0.039565391683360394
0.046275341619391924
0.051500767986979654
0.21399448021962658
1.107445702341906
0.40131115000968254
0.5185040316160914
0.2050695457937868
0.138599835214621
0.09353782664253481
0.06635047565032717
0.25623466693282565
0.021759650568219727
0.07857437970966469
0.08274755950053465
0.29872529007116416
0.29941223741660483
0.22139010635975145
0.16745044837812
0.03319821325446806
0.04268521866555164
0.08193174040657278
0.05177210978810286
0.036388957219385946
0.01755367811695759
0.056496586288952974
0.06387219463732142
0.057090477195190795
0.02900896666369634
0.08719100506839082
0.0743121739114385
0.04117564083690339
0.10345826280406115
0.07834806832124833
0.020955209513847745
0.08574553946514327
0.07311005305232864
0.07190419103970393
0.019905630611938837
0.019178459761157042
0.026937657620081153
0.15614818408571846
0.028086834999678074
0.07883231999852577
0.0426304485673872
0.05819184454267017
0.07715865360903176
0.08240607715172796
0.042205474951338515
0.08754547233387253
0.08822868746395977
0.05717018794661941
0.08324586485159995
0.03785807761395421
0.26432966897576154
0.15839930022162366
1.0151477005245895
0.12769827116330185
0.20673449922201545
0.17240425373280924
0.296081327267698
0.19620462986894743
0.10800498080228695
0.02269073977423953
0.05588962488886966
0.02778765617567357
0.029708570089936458
0.0687167417473059
0.05428137143562953
0.04982415501296565
0.06782225336323199
0.0791666877543591
0.08958742367176699
0.06612693507192158
0.026821985039345592
0.05675782504258561
0.1323574899369261
0.06983569158289106
0.1285583370762283
0.2053166834225454
0.26164791676302784
0.29792386231081985
0.346056946520128
0.5322908137537937
0.7056844267768614
0.7060506999405376
1.0316230953912218
0.5937582505363574
0.09219596053255041
0.21476777886337237
0.25236333986492054
0.21568902592237332
0.023857938181256453
0.09779327818528426
0.08190717695085184
0.11326774181435757
0.12636740068747226
0.06772679749195352
0.04631956896960504
0.02130058001432492
0.041766476911114174
0.07047011493465115
0.032330513919441445
0.14236167984944714
0.12433591257716438
0.04077098526998479
0.6539315196574779
0.040957434121997136
0.10802864911159592
0.05295734902874402
0.08517830179504178
0.007474591112448838
0.005903937010265644
0.09864271317636483
0.04150320590415992
0.0453234205551019
0.07878120860011373
0.05417590971364716
0.0505095233211161
0.09555751280421788
0.8536953656668808
0.5060634923784537
1.0174127568840654
0.1374385124683238
0.06175836874618082
0.07396705485153232
0.10176780757656606
0.07120177267932498
0.03151522236924997
0.0846725023056937
0.048699089730721144
0.03523615822605004
0.029026552150229073
0.0697436797234073
0.010875305796963585
0.05548107327933735
0.0482284763369474
0.1548770069955677
0.05751392224714801
0.20036751739955422
0.5195621185456925
0.25659045876905484
1.032750843838156
0.09277815670107475
0.10423592477137085
0.11690345975219314
0.12329956066685392
0.11897671933580742
0.059631787809104574
0.04359113791213465
0.19967222965003922
0.10324571880686997
0.00954623207385409
0.10182972561113161
0.0112827018584602
0.10923777140151789
0.040699427966837884
0.007595999997224046
0.7566940001465492
0.023175322557371356
0.15805446831138703
0.057166822861867035
0.09224131222316737
0.028379882775547097
0.1028366769664158
0.28652687167228796
0.18496709023830357
0.20642263663460517
0.1981787275211806
0.3016717432960681
0.1635531459682822
0.052033752663255044
0.02642105956273202
0.09779301170461664
0.11423435326595717
0.05634210062259034
0.07736165943666265
0.10056987371850024
0.031839165534942704
0.05198427663294403
0.037540565836410855
0.06794140309668517
0.0720639945090038
0.15390203950524572
0.05350499976846752
0.1443748540373629
0.014812260641652369
0.12939170480633813
0.5631088773862595
0.2904752530817212
0.05403175086550302
0.03889601382971877
0.1916498683665058
0.7236837415783297
0.35692550024101927
0.008666728765341832
0.008496214707401632
0.06818341168605495
0.1562173147714448
0.059125767062852094
0.03580035137248215
0.042365121342346074
0.01740915961303738
0.022982746141323427
0.055744589522486114
0.05030923419851988
0.17141978799159113
0.3093854519776629
0.07576945252375769
0.11864627508415988
0.06015227577001834
0.10316253885716047
0.04734384206798146
0.057760952794171504
0.05072250189965056
0.04291293246960419
0.07264567431550005
0.016059053527608263
0.08412148756380976
0.0257341943473175
0.6670296887886156
0.07830329809591292
0.07675498140462844
0.0822759700367
0.0964482489769458
0.04557284477255037
0.04203612758930609
0.06736513127452298
0.08365502572246411
0.019526892303369105
0.22853093701602226
0.035953493180048694
0.05624353812091293
0.030548361116435472
0.15173693796911028
0.12685157196790298
0.1401814489229679
0.19752844935903022
0.10923766819170788
0.06520986034916182
0.07894821504720359
0.07658708610246638
0.03911113877386069
0.06600168468909313
0.0830763127131421
0.11125975134485894
0.024158593382580754
0.0448512138346574
0.06762478541160155
0.021666063205587432
0.03996372515913833
0.04465292680781444
0.03462613175885121
0.15548835860463298
0.25349142430575267
0.08287801916776567
0.034019018947133293
0.07305259114236251
0.02682170162602321
0.03623480992834164
0.07455417314141323
0.0627796065691809
0.04686455865435676
0.08181327292617882
0.177210288391921
0.0814768286941941
0.1113841041159973
0.2549133226397619
0.08255692111679179
0.0464940778405473
0.02929812060789997
0.13274883292867395
0.030003531449073636
0.04268501366539241
0.2953758464285471
0.09994229884726559
0.1640965561984019
0.050787474465430464
0.023049047065564404
0.023706390580581518
0.15034194691948002
0.04880968018529032
0.043544746100446355
0.03620598833476661
0.12361468228503843
0.17132988319095738
0.0234514524800495
0.07344973701329825
0.25834364955776734
0.10497182663645357
0.02091270860778585
0.06290575838012478
0.08345635993822027
0.038925212301135596
0.06863655084182498
0.026286708451146303
0.10328075354204226
0.024996985366429088
0.060643585157373524
0.058023050930918585
0.042490048809820075
0.06544366597307005
0.05298778835513615
0.05363950057339116
0.27944281183441316
0.02853245831402565
0.04571554788955573
0.039016073507396345
0.04228642035640817
0.09761278522226291
0.10641835023666285
0.029353196555799623
0.06066351896325902
0.03081363551993112
0.052426519064702005
0.02880272654520139
0.05626904262238474
0.08764827227438671
0.13469117902513975
0.046952696516322445
0.04280320452529865
0.023667229790923283
0.1329708477364734
0.154541108917411
0.02413800886031755
0.1311545827679646
0.032114169949334234
0.025367944490767076
0.5717101649579075
0.09968834047144746
0.07608041699182441
0.03525027580883778
0.039982573681170946
0.07676381289837668
0.04089731679110223
0.07337835993677087
0.062439045642783034
0.07489505795228996
0.05728170035814333
0.07208151669235323
0.03495964386842422
0.06724470470014192
0.032655709716906574
0.022777158015296093
0.05135799605269893
0.0248198756354379
0.06181321859909268
0.03396732598512161
0.09567585942958663
0.08697059839620003
0.12343628877401429
0.02434855040307247
0.04294662601060654
0.06063308683732447
0.054904593080778163
0.05118605567490672
0.8603806607004404
0.6737708102738333
0.5837273321549027
0.17647124052036467
0.07941689266885918
0.0485676521451014
0.03890363544059916
0.08023120582214992
0.08560464122909767
0.09889138528826798
0.4058287378560702
0.5770671317901904
0.08056719175005754
0.0852312304545934
0.05420899760412232
0.032694661340118614
0.0807777257932978
0.15325495779012596
0.10813724178382063
0.050227888997693856
0.05022798773928357
0.1506717654163871
0.17638277287286896
0.07734443695451175
0.11445833390009655
0.13315385714561792
0.14865284622472588
0.15243899000854738
0.12441124706765416
0.22872773829459594
0.023955303489725605
0.030663837183952634
0.012220397170596822
0.06423802596867198
0.07345442326758062
0.061003102024826075
0.05638956635157287
0.039780311070522524
0.4886085473598305
0.3384590998904914
0.05128767652609886
0.08705194478999964
0.03493680271838596
0.16599546173892837
0.05389012429193113
0.10759884296388457
0.31032278850539313
0.21456775465013667
0.447228147298978
0.12201327380226246
0.10941506248018704
0.1844660918999753
0.16986696320647332
0.027612500506713194
0.028879373398100452
0.07404048715538254
0.11310641686569897
0.10642103044029874
0.1973387502699454
0.25114547153884437
0.20692457369969913
0.2666731259314121
0.20067296212000338
0.03430952019797753
0.08943255311050026
0.07467497937207264
0.1256721112128051
0.03842937029644549
0.06664797749603339
0.030724916035749485
0.0573786638159657
0.05612003468126006
0.0371721996434216
0.03670715054081582
0.016072787087060048
0.044691289585500754
0.04291568722249494
0.09179719479895823
0.1095882564134015
0.749074443635576
0.07317020721818271
0.01955526725590796
0.06653666100515432
0.03885587516510123
0.06715196068640701
0.0338568781268622
0.12526086739811193
0.3955444209291729
0.017263653712633456
0.19105077628836248
0.4030406717644213
0.16937364653126105
0.21209175192534557
0.10678374549109172
0.15012815953877037
0.023579000505632712
0.01257055297272965
0.06793946598308778
0.05308022844238387
0.040641655975849116
0.03121252257326865
0.18306448406442577
0.6557982800961129
0.37865905131606764
0.8694815361368872
0.7637001403225631
0.04630200994781978
0.029861342031248135
0.10940053022086615
0.09907663654200333
0.05952827193647709
0.05399546546275431
0.8076192393299485
0.1516892904295874
0.04117665084497123
0.05084579551856813
0.08135593734783472
0.051186117950571326
0.048504927426575334
0.040123016673345
0.09897024727945047
0.07915864639885994
0.075792101205899
0.10305604096213887
0.025811317208038892
0.31345563175087393
0.028753647458403475
0.1924936104688092
0.05065750375360415
0.15651230563695173
0.05372668444984908
0.15992786084841137
0.31964601705805573
0.05036411106066526
0.06336783284420053
0.09862202572694867
0.0666022826628107
0.07046576253776038
0.047756769613989315
0.01920066555063037
0.15153180061779703
0.04910458631913079
0.052312284422022515
0.21095635419636394
0.06259123254532381
0.0653825320310169
0.38865352901516936
0.1351970079208891
0.13888026547831134
0.11093832776009553
0.14195654150068177
0.14516038820282734
0.09408545215167062
0.08004311603819245
0.1632445842533476
0.15096442405233615
0.16640204947323214
0.3564685470820672
0.05568757973221486
0.02795130587977762
0.04943239442994097
0.03991656899738912
0.06552628005966483
0.11000684301919385
0.48799788843463326
0.10618270690226561
0.4456550306715518
0.18735207650674227
0.12767320613711197
0.11370509792666325
0.09156820118683079
0.2789219469619276
0.06418943556841097
0.09587545688901854
0.04119797409842348
0.05258255533006363
0.04412472059520027
0.08059158796819205
0.089355447062028
0.04103465828291214
0.04285209396647459
0.05904153688378686
0.03873135856277829
0.04375148601808232
0.05417824555617574
0.06908762909285758
0.16424837835441847
0.018920989125198604
0.04862935535798298
0.12847308390286438
0.051784783610160395
0.16399408060297094
0.034384448617816345
0.04937230173785736
0.024433595880388497
0.0378763789621189
0.06893578220462822
0.06101405193876943
0.2983936357089038
0.27645803491353294
0.04379547285390868
0.7885498603049166
0.2716096526020237
0.04138243958884127
0.11717868753554332
0.04490840767027491
0.291721119588026
0.21376201172039785
0.285018664198224
0.12893209245715123
0.03759338804585855
0.03893644684483311
0.18789573457754738
0.1648694382214893
0.13956732593842514
0.3935455299462437
0.16486658677345578
0.08027353208982295
0.07387861085501053
0.1598707940117436
0.06730022737834468
0.053201790826245876
0.02051976552406199
0.06405966665545387
0.033543706636817196
0.031168168700934036
0.07424826507131228
0.09120133377625525
0.06331124045968672
0.05778872553456104
0.045930096298583696
1.1166734870720678
0.07510222698586325
0.15047700378411025
0.17962493242578034
0.07130760981718307
0.12131740931903533
0.1691563009564005
0.12325304052271914
0.0684328692867588
0.08735848074870892
0.032857618646783625
0.08128654584133087
0.06648540585695852
0.06853037818317059
0.10823035306290814
0.06064964117969218
0.06827079445597523
0.05656053471314979
0.07142477801230919
0.08633364382810071
0.019048260388327142
0.03531806521092136
0.928515394780547
0.446034689254576
0.19546821716582197
0.26830057440222416
0.050330468563086296
0.20981288297906545
0.2496304533843562
0.28271730329554173
0.13866536581650363
0.03859279603085397
0.3852834509572969
0.04123590192364135
0.0693704652207542
0.04985003630891793
0.17677964487273196
0.07611138866853695
0.044397602234785234
0.061350592055326586
0.07322984114669512
0.05233348917152498
0.04622833662354556
0.04308795898721211
0.06915852175549414
0.26219240920935705
0.02251787891265244
0.20521471504062408
0.11478941651516182
0.5041057719585702
0.04031004743730187
0.03686806559683763
0.0667202165220964
0.06138644446599015
0.020187810032745706
0.09059208095148844
0.04146969803350209
0.09671831087484978
0.09590356860525513
0.05489798020663149
0.08445335324338792
0.018299799986578987
0.14084931261213435
0.652910068673676
0.18515744367945822
0.21795280637924622
0.42594322632005943
0.0805132069080587
0.04430996718726917
0.035724837743866256
0.058339721281970285
0.04811794008651742
0.232181634660968
0.8932591493357468
0.1829816071034397
0.14528365855224445
0.0866863087566845
0.09281465951757249
0.07752061672490718
0.02457539075026907
0.07215672402920012
0.0875237848082828
0.05361613906029028
0.08074255810073364
0.01296759983588874
0.06877328836815481
0.1922556009347811
0.18055271591374703
0.0914884753916302
0.08799067675263572
0.011098754634381532
0.055799761520313323
0.03564611489033387
0.05608444165210024
0.042073689236523666
0.030628462485906106
0.03426278927453402
0.030631210536588186
0.27936018254939327
0.2556308065797086
0.2066838765785561
0.48816278325692086
0.11582480899475457
0.08598253281024361
0.2120034953716096
0.056089521792050574
0.04238047271103104
0.34438592681387126
0.17394538123130113
0.10562788587337507
0.07666237209882308
0.011665253356373438
0.019658749910396997
0.1297981567326339
0.053265901162757506
0.44434233846085464
0.08958199187350147
0.0655373353627422
0.0975955225877675
0.06239250505390547
0.07148907131872417
0.09040873480855204
0.026724953288703817
0.02723966732260155
0.2394114073471928
0.09462820072879591
0.22331730565005972
0.14704753901144774
0.31361925371925237
0.06537718342096457
0.07197190231107668
0.022396015013396983
0.0598499313714091
0.04162458938131216
0.053475534895411736
0.05368384529600486
0.07732363397709867
0.05263777605185685
0.04088198468421648
0.9426798304829012
0.15173533612375323
0.353165503878723
0.16405650115254916
0.28966187545232097
0.016433038887727357
0.05348256609201784
0.12238125773029332
0.060423067451209
0.06671954197337632
0.02287980159295116
0.08834708974006943
0.1785717008072094
0.04158416312056647
0.310433171335658
0.06987226652481526
0.04433779152868959
0.04748707422660036
0.04633779747103076
0.24779261445967224
0.06304313591691398
0.0402411986441443
0.1640554857782738
0.025151881696937294
0.12300999315955809
0.37875780718141694
0.4662809142580367
0.24463719361367792
0.9334574156999924
0.06432481921516571
0.0659759687334425
0.02629195803099961
0.02660178605381089
0.02605986850368144
0.024563376976197353
0.024353046059188928
0.08239908242286433
0.04283450420529823
0.0663136096173626
0.050492556140010296
0.06509706210249838
0.1025768029725068
0.052871128300780106
0.08304347463127294
0.06854974109063317
0.03068578357424479
0.06383635097741058
0.03664726011373033
0.04492539951882802
0.05149555200554573
0.046885322265501024
0.2053199029500017
0.04740928625045322
0.20715036788835747
0.14935632592960763
0.11783532849709114
0.11238217290972481
0.07737563226883358
0.36882945132368516
0.01644026265403402
0.10634195629467584
0.3844495793736804
0.09653195058839288
0.15065225801250418
0.108594879903649
0.06006693706494403
0.07644934818519158
0.05977819415116749
0.05866010979057116
0.054548397198381254
0.07258712636892703
0.05238661517587883
0.034359728504625806
0.02902036146830581
0.07091340511826442
0.03203882411548069
0.04149642595034649
0.07820346294955959
0.03565792486094481
0.05716674072838091
0.0790689720354182
0.02529979906050076
0.018604063447819057
0.04261766694547161
0.0946528967603732
0.04228715342771994
0.16360340638704166
0.01677550723078576
0.05248730683412388
0.062307869088792024
0.14532087112552017
0.11258625731795413
0.12362522783618163
0.6670419457878887
0.06100774139084358
0.15430912480377035
0.10124152802325441
0.3849031706998744
0.05878976755745758
0.0372994892239101
0.022879521018385047
0.17012361259688688
0.3837049501440227
0.3682567174268735
0.05695383041827894
0.08909097787796216
0.1056303821044789
0.11241743237789721
0.037961444943313126
0.10857709646839596
0.03687424703267391
0.020868393204778155
0.05928798783520344
0.052596694189656415
0.034755092685293934
0.06285835793504735
0.08715527178821876
0.07737750326148381
0.05655726738560815
0.05347137687995518
0.09794869911043143
0.034975957364032174
0.3692246120994319
1.3041380285358193
0.18817126215937768
0.2753683362324989
0.01763687476255999
0.02856690623932473
0.05829322424519627
0.3040199802512961
0.30016950131501324
0.8208203803423053
0.043407742811859905
0.03429147198500088
0.032656468421253394
0.14745098966065545
0.07804585531979301
0.06925144904901712
0.02272993060361489
0.04570968142890089
0.03680769546260907
0.11251867399129654
0.06051318003149012
0.16519357237338395
0.1111066596784559
0.035819091170326674
0.020765618661497693
0.015865581580665634
0.12064969099889745
0.2677452143381747
0.02545373349831483
0.03886179643028525
0.02423530126588734
0.04419674921316752
0.024917585450783045
0.07094690395752655
0.09908292246588747
0.36836942695527386
0.0706694982194851
0.06300100572081575
0.06733972812755165
0.3481776896733626
0.052798999436599194
0.07977214831091026
0.06892066633332077
0.1865181427917628
0.03773079084322729
0.1299426504426945
0.07762279048821728
0.07128520827328297
0.12691988464035428
0.0980388219579287
0.05489265727628111
0.09354290566668305
0.4572198690651293
0.062257572740979206
0.04476594804306411
0.06123433598743558
0.07533333054753882
0.05548134381648889
0.05220435342662077
0.02772139521867139
0.02762516179705067
0.03177216818611648
0.05324980289709604
0.06317048799128377
0.08211771448316092
0.05314326984634624
0.02938575656679283
0.053977939399865255
0.0539444993972063
0.07036103856367658
0.011131840642694698
0.01596450088894903
0.0144107203160242
0.07884196617237807
0.02347788660073383
0.032517025275128564
0.06223717650314339
0.023267575717088575
0.13088272786202446
0.05664550608104392
0.09691400958194799
0.03147379172486833
0.04182010360729738
0.08675949662348184
0.028689279149293964
0.032325940278053605
0.10459359084791699
0.08768367724655575
0.049069728543639494
0.06661207957321032
0.10323138312573432
0.13594649427192468
0.052628188098102144
0.016169458573407684
0.03973089935777528
0.023589237379361066
0.05217750127842129
0.05746032915823033
0.0694939351976147
0.017643222501543505
0.09797027059857073
0.03932285525117188
0.21107618071983245
0.05161658975084097
0.019726483063775366
0.07914917459917335
0.05184121392730897
0.03460638385455007
0.030376808996735703
0.06970656428432495
0.08578460092527686
0.06755874651886647
0.05100473099310976
0.2735559549332752
1.297822892510587
0.03481851092160255
0.04539440810524577
0.038048072715917924
0.0339552037873345
0.029808504939321582
0.03714196257638848
0.08055587115232066
0.07043210214079275
0.05248580710920688
0.019428837153856106
0.04650522554642014
0.04612924660650369
0.04648924305574737
0.14775455987966934
0.1127439851550086
0.08765049792725947
0.5140147408183803
0.11652625436307887
0.05774751980891257
0.20617936879433815
0.029747983037262716
0.031464733470346166
0.014585260070232689
0.05618926952776023
0.053558599742747695
0.10585729355961716
0.11766725016830559
0.17929672799819157
0.030137870607078822
0.02450001018330458
0.06975717598529944
0.03900051966603033
0.06290779384913416
0.09191924042378967
0.09032401820654531
0.09414130289626663
0.03154477609225314
0.05418432958139629
0.20275216647811603
0.21984457902371396
0.29626581134922875
0.08743125340903657
0.0399441590447857
0.06353602378488465
0.06020410309305675
0.06473229924252215
0.12610870750882602
0.15492272922126263
0.18572863587308497
0.19369520383104902
0.051502362523875404
0.06070366675385303
0.05907437209262651
0.08800058891755558
0.042173101833167956
0.08240147254235436
0.10235183356131436
0.11998522530956372
0.01226095270287014
0.0665875599884455
0.025781111556188195
0.022084605640972452
0.06561612472816591
0.05840081510118476
0.07391378648622089
0.07692393908953353
0.06719743440925019
0.04426090513899406
0.04593003386495681
0.03636562134690798
0.03636562134690798
0.03930742101795537
0.03930742101795537
0.04536662608711842
0.059833484268815976
0.0734743879195603
0.08224930044030607
0.027139516933896983
0.07433965384587932
0.04678336995762041
0.053694644830881974
0.07873909554325355
0.0742892943054065
0.08382395207897837
0.12571016384328382
0.08792328498021727
0.22792676810064358
0.04112139950014999
0.032807512388629154
0.034538474126116346
0.06671818997501842
0.15560891111235983
0.38417196352779637
0.017776595955978833
0.01483471136347018
0.13020702829928313
0.02344231373795838
0.038262595464637505
0.04009898398576053
0.07020828774229838
0.22325764929579955
0.14036626774982477
0.08521530464786897
0.11908833527913962
0.10033912341145071
0.06619672192055227
0.04513994313007408
0.15885141463912097
0.08860190785319534
0.04201309736672234
0.07228266781278438
0.0361382234335619
0.10577699338703894
0.17489060287055433
0.05602523299980567
0.046664767299415856
0.04873206921414632
0.1809391974411816
0.22041101228026977
0.06349610314775117
0.03525811968890701
0.015145814166538511
0.06850544406020909
0.07413376511935624
0.037783220475554775
0.08384035036350047
0.3397778625994803
0.22853394214799683
0.03545071361690737
0.3482624363217435
0.10831533659983891
0.11864908011806352
0.09424059406116765
0.07487828916368622
0.03286575083458578
0.06478178496349353
0.1051701782558037
0.04289798841184987
0.08592798899419933
0.0942221549388546
0.23794175626582437
0.11817050935356042
0.10018826808647362
0.031240570740406863
0.027945253706300646
0.06468335261199394
0.03795352695362868
0.05893502841193095
0.03172553763929392
0.08611157339762465
0.05176113806934222
0.01891406988106057
0.13732360170233715
1.737635017562919
0.029386315672371644
0.054266402689508005
0.05741125069863719
0.05483939590397573
0.11547703581692051
0.046755365911363964
0.04173591611823743
0.07657336062724919
0.13531011851644317
0.071703896979106
0.03169088038530726
0.01459039001012471
1.2760743782404442
0.0322557982064046
0.05890651302523987
0.06157932097434514
0.12236489878333659
0.15775520670964854
0.017640349767715006
0.2516513524563345
0.18267053159429777
0.43525315629051936
0.3334896436343062
0.3118686186810744
0.26645900769438163
0.15928683181969613
0.044460966559590705
0.022341125379855314
0.5249218337682536
0.3794803004096296
0.2544388451132318
0.22561716412550972
0.19792706555049322
0.2415218352312033
0.04741213950720944
0.01952147026497266
0.18633094635885886
0.22939328230124298
0.04637037539376105
0.16938029210358177
0.04709142842296521
0.04270279730794169
0.08713971580296946
0.07429844617511457
0.22512867074393256
0.12401490980200597
0.054988455431882646
0.05358121932966222
0.04980561826033777
0.041865701798998636
0.03541304096726279
0.025758572119742307
0.154003890560691
0.28843455663386536
0.528965115384848
0.18894443387999846
0.1960938938278077
0.040780026532070635
0.0192298078308376
0.012711469744540009
0.10825697666374506
0.0501824498286111
0.1442297372987997
0.16526990435958683
0.06309646354624278
0.0261856908003131
0.05596335292526879
0.16050995683961955
0.12638560021016906
0.07501764327728802
0.12354812357173257
0.08463328537038213
0.05940115847624663
0.04256053614647496
0.046179974410748836
0.21177139351219915
1.475034975811682
0.8844772944439293
0.1343734038747333
0.13870550026822986
0.16419171954327794
0.10324040954712092
0.21944059409205502
0.1615350538619364
0.04981143814775497
0.1270604638075393
0.05154782593778107
0.041887768068936175
0.052893270150592336
0.0473307902321946
0.14288999008127037
0.0851831682475861
0.0782586174478873
0.06651019687138857
0.19066693542232077
0.275543587372372
0.14188646046131403
0.1290569473108198
0.19627496013632337
0.03011009749987094
0.060989027222155046
0.04156449155329343
0.027147893497125757
0.0768912500561861
0.061540750172449
0.15317497322078635
0.41573100080033837
0.16783829111521958
0.2793040521323752
0.2488954657332553
0.16775542289987835
0.21421274764595968
0.13095242880062935
0.04699999445661624
0.10555627402688962
0.01642149809153222
0.0707765572078689
0.04057606105323639
0.057483301957424626
0.032635272807630504
0.04349291373625751
0.0994442117569444
0.030618672869284005
0.02538190815488878
0.08179102145321712
0.1331847207378033
0.03801626281825058
0.03626425557388435
0.016430411624050262
0.04345882894956823
0.18730963088970126
0.040650596642683924
0.018641668704756944
0.07010395400665037
0.10433600783463297
0.010311177360164304
0.011059046118498849
0.08777922973202275
0.07667058081678481
0.039994540029783275
0.0654313940888956
0.06372425498420389
0.05991835353625842
0.05649767916720815
0.04030019996831962
0.24356853457698516
0.8044006919304825
0.8205867607342365
0.1897408697873495
0.06549127104386103
0.06735569667801392
0.019583636541877406
0.05214603543497327
0.04047245652748185
0.08500427254757469
0.06539280780422764
0.047792579728464804
0.06625768053224243
0.05976991532031337
0.06052605501656499
0.08984530548625945
