0
0.0866764500305445
0.10576733234003406
0.05516377747371345
0.044650608660543316
0.099279132208486
0.08334083133854142
0.07486450263169185
0.06927500407405059
0.04680411829692917
0.046940163716789975
0.10778390068354408
0.13591503674779717
0.07494226515515219
0.10916890784032453
0.09593719211931415
0.052767331516569434
0.12379364978496242
0.09932508988442176
0.08175569094892932
0.14943509060972557
0.06520480497877952
0.0322958117267173
0.028162475179593797
0.033176827724744284
0.10326098671614443
0.053979479390570004
0.05126945243169246
0.0945260547064307
0.09915973346273735
0.06732849941044551
0.09110181850704765
0.08016370163457534
0.0979878772454675
0.14069383822747553
0.08293768821313827
0.07380275792505964
0.04555484123043747
0.0950854462842452
0.06980089854676573
0.05485226954606438
0.0700990803147408
0.021886341697096717
0.0922177990132743
0.07567271738542296
0.11767937547906124
0.056883262825563066
0.09289831764903957
0.05027391207810167
0.09465658009089344
0.12467058053240847
0.04401314972322936
0.01677897755466535
0.12039063368588185
0.032368092916900106
0.2012241829553942
0.029674435536821503
0.0847586064527314
0.06948542957319304
0.05917393988677241
0.06449839741451575
0.07536164074601136
0.05511137082288919
0.03149359548677896
0.0616758081326625
0.07164812878884697
0.0656989456930388
0.0651793152233845
0.026393836481601433
0.10976418361839148
0.07333357278816992
0.09373266139713528
0.11235635305260347
0.023143633187723212
0.03708816738341652
0.029439869884195877
0.05499678670835919
0.059320322907355685
0.046737720289612456
0.014413347514147558
0.022701193869658236
0.04378836984573589
0.08480513465002279
0.08772375556879408
0.050581362225617134
0.05011719677139023
0.07272785162141836
0.05244841644387646
0.08119376431215689
0.10117717996260676
0.08396645734482389
0.047234465013702605
0.0229577887690914
0.0952801880414369
0.061813919145045554
0.09055915107125394
0.04643465999805986
0.17160757859969353
0.04537512479421132
0.0568683353814838
0.07044608428525817
0.16027400732172659
0.07129334664455929
0.05051769771736898
0.04710548908539227
0.037805868657630366
0.022303864210026555
0.020938383869203766
0.13539557155472012
0.10865477012944501
0.13453811736658736
0.03020703850483728
0.030586388724697957
0.038263189913666604
0.08153391720709649
0.060778840901127534
0.022131386738689814
0.06946464425349348
0.055285978487257546
0.008926204529902173
0.16144207300164665
0.012473282877081535
0.019488755794304695
0.029460801408902983
0.10927061167809614
0.19193534121327155
0.04146574814127387
0.03711773319763559
0.03982723751995698
0.09549304387328675
0.0989377298050692
0.045641960621523404
0.11939652201436443
0.14299237076281604
0.0645875256556168
0.09787067751619898
0.055546897656160506
0.09252132895135297
0.0581024467752313
0.06200027471612035
0.17171553461065903
0.18176378633712173
0.05184714294987873
0.059113655669570116
0.08438477510713407
0.05682274545875324
0.07337886175047892
0.21205129371515177
0.2273397090530269
0.10612251819883109
0.05507496294056695
0.07813751842539385
0.07318185790918154
0.0946018562570131
0.08589587946964096
0.03855492099155173
0.09742665889151762
0.0869850752265418
0.08181422496649249
0.05888876282812189
0.1659796638524665
0.07508101162646924
0.02443390277006803
0.11166171294742215
0.03729732646953195
0.03320655886980273
0.04294750522527812
0.12908416799789663
0.10522579682040865
0.043288472544537535
0.03937487997914731
0.0347167619325704
0.028950151569203074
0.026943498334321653
0.0464009643141609
0.15396620794065363
0.004803957750806233
0.1331338000725953
0.02878542848783186
0.08080898776709503
0.10015584117212514
0.03345422944035247
0.14725842064424435
0.07192691882736783
0.08758800975518405
0.06742530185230962
0.07093463576723691
0.035641362355405985
0.04800033091796174
0.03154175835616392
0.021753289328922166
0.021511039946074513
0.13261377233281796
0.10067130571631314
0.02690342640894704
0.10249640924444924
0.07161004160691008
0.027616247797412008
0.0378706147154336
0.06793855308051326
0.047445847559902755
0.06785487663537654
0.07955014159199308
0.07240077031244899
0.04284821292518151
0.03939895169903611
0.04473198437013656
0.04326070862140449
0.04702346355687778
0.05870258572272039
0.07612209843921054
0.014141275444384276
0.012262916695787418
0.012443868694759113
0.09712220112732964
0.06629345409210394
0.06183764758016821
0.045750919644439385
0.06056234984289041
0.08706561862241548
0.09213003872877684
0.06776844687233743
0.04564621889423133
0.1061500450122134
0.04813846014902993
0.033099986807203816
0.06821464554323285
0.08130146982264536
0.046245740358465404
0.08107364222420867
0.049747380372584
0.047869856275909214
0.05732647309520751
0.07665440957220092
0.13046745423693337
0.010324472592549793
0.018472647470294177
0.11199824210045564
0.10070012460246693
0.049085465841184575
0.06074534479216011
0.08477683325197408
0.05424514111823193
0.030845996351135333
0.04847289784074267
0.04941727972761871
0.060585337309578394
0.0771621169694274
0.06610733743407513
0.07009675529193012
0.07458852051601468
0.06758350226815835
0.05766641137183566
0.059271591213185974
0.053906372005183785
0.0797024163239203
0.06275068447641591
0.054744451147664366
0.03894596416225105
0.03989854049387105
0.06140222941051143
0.07165583112744651
0.06006844602677549
0.06960463137922399
0.07564869652445133
0.05357196181183932
0.1992810153489573
0.07848575405202245
0.03386100889934534
0.03915544954362115
0.19573499192536312
0.09995820097285263
0.07665837482393538
0.1483185548107737
0.18225635558769873
0.07386963706827314
0.11417482074132917
0.07365055676591413
0.09873468865506113
0.04451429426400262
0.06655785720947478
0.1459502450962171
0.04751446998756335
0.10840675409033734
0.14251720224008582
0.08678752779344039
0.07371261539456814
0.05141728794408338
0.08784585954763896
0.08914682588664694
0.09605972619180589
0.05683919742579822
0.08256879070376422
0.13135643181545156
0.08679548283095918
0.06828213069222436
0.05163260057862102
0.01956703547148297
0.06663694857945526
0.024710080629196482
0.10069547892150035
0.05522827415303519
0.09570584028177745
0.08818678092889003
0.019256927929698398
0.027219499334065124
0.043908203927931336
0.07307227732902188
0.07875485452299999
0.07183395097322877
0.05894398473451139
0.03949451060060223
0.1588517067715418
0.06473781793941231
0.055595480952875684
0.10509698532911257
0.05487540645837086
0.037956484524621976
0.042532802025907576
0.07403747440293677
0.09117935901356215
0.09423104452051564
0.10254194465119731
0.04065092369811837
0.05939966950571398
0.052047287910767834
0.13495251184806265
0.09424392856446041
0.07374387348868497
0.08599068013393162
0.07885266559355551
0.08524549160042724
0.042569553255752395
0.12260404577321675
0.03726638776087359
0.06304917930688661
0.06986102592950508
0.04105743758609458
0.03833040545985676
0.04407350851591493
0.024659924878798575
0.055101974955030386
0.06188960423654397
0.06140026938468167
0.14335312929620786
0.06522859184698325
0.03191350409889708
0.02364009750069337
0.03298233765583757
0.26756203817676033
0.027115861993010176
0.022378558907958992
0.07072509112009735
0.06471971328896448
0.14261390853852915
0.17000753961734644
0.06644938953021716
0.10687747095691998
0.07103310681262674
0.08798289903840426
0.13061511688785854
0.09319369566950104
0.1384381021380851
0.09570035775435567
0.028031922956952376
0.07274815679174114
0.050708366850942134
0.1665972899743669
0.07346772946052087
0.08693895794898363
0.09696910634797683
0.12000763823969927
0.01923662075762168
0.0193648430632524
0.11786193588343935
0.03456173104430045
0.06924112201347547
0.09365604022278581
0.0636146794258236
0.030217850374006847
0.033379071842103786
0.14744998757223873
0.042903289360204815
0.16035252124877564
0.18752016633140967
0.18995372075736225
0.18660687769153755
0.07814656204584189
0.09658226007140816
0.10359269099091897
0.05793512803315044
0.1078808970929611
0.1049421289881713
0.07185322409166565
0.08955149855569512
0.2129012735081645
0.046960531106653984
0.05287433464308409
0.04627308991965552
0.04735293997135066
0.03700659071543338
0.05094026150397486
0.08781564141793027
0.06338467020322593
0.06977991335348596
0.08147253501696877
0.09988216984757863
0.05971229526146324
0.050974639962454306
0.11193175944328929
0.06783472538385116
0.2021501200219542
0.14608777588926958
0.03579493953420152
0.1669794911251784
0.1484196280010172
0.06071802332241241
0.024038454820207257
0.06267198631467455
0.09606628182145867
0.06502956836987839
0.1033271527169111
0.04148963737253441
0.051520827617990476
0.07040810908664615
0.07070568738470578
0.0826626620379526
0.09478084472348748
0.09390837359319663
0.04201741566229563
0.08772417839756626
0.08908051978077552
0.07984631944983682
0.02982100637512558
0.03334546028438699
0.08032354170927518
0.07826653864568081
0.11143691489364659
0.0626647842387873
0.1865386562493649
0.0536698194454107
0.05739125709437598
0.051293512096028386
0.2360356894664565
0.05384425452835449
0.06659199665224688
0.12333534005936286
0.1509118295889462
0.1078941381716622
0.04366050345653507
0.11386539949116303
0.09386429585770807
0.051671903424792415
0.09617224883225937
0.08287828313313934
0.05928683413726029
0.13654838091537608
0.08668376487231147
0.021614078760170147
0.13056154139158568
0.08666796229189828
0.04829834817192656
0.035670972650562266
0.10033524292065438
0.05324177039877002
0.08292743989347112
0.0741164838793411
0.07407364686432472
0.08106611117399287
0.07073229877755992
0.06068390565203536
0.038988834394671996
0.029024165382477676
0.07551918311873196
0.08827164969503533
0.07790219651052382
0.053776881882685715
0.05349254861174985
0.10289748395511357
0.0650734491368453
0.05122697684639516
0.07501111022742908
0.06469533362239639
0.09307893054884776
0.2167640187030442
0.13728752876143438
0.03459494887218648
0.037213104192741715
0.07022299964984635
0.08234147935282796
0.054244554376114175
0.057256633621793666
0.0576337292210866
0.09875384954446859
0.06126604913584199
0.05518178725191086
0.05422590402853289
0.03439964015404153
0.0886085941295276
0.04663107483658157
0.05053702242424812
0.07751927396038794
0.05873245342992105
0.059479100725326806
0.0712396220500159
0.07434923798644744
0.07877174229516794
0.0737107021377153
0.05830937003827518
0.14759260623256734
0.053486609238049286
0.03666245714141498
0.06286200687101141
0.08821896300803803
0.05381125529379011
0.08731473168332404
0.08969818151241694
0.028702560242800053
0.08270375998555335
0.1344481005673975
0.07991017994738402
0.07929923723721242
0.045593193726211984
0.08985446884176687
0.053600889684678396
0.08976255922577646
0.03259431390491369
0.11701624998996811
0.0750371547586248
0.05228926336435932
0.06011997059625269
0.05176004646281955
0.08852728873024965
0.06492066599661611
0.10422477311759189
0.09496835315880865
0.07169362728167258
0.050255027047355766
0.059696555490691625
0.07311812299660705
0.1333327955641507
0.10278523674576434
0.04497374367339377
0.07960570914426747
0.04478697006496562
0.10367542485321209
0.052188178635385114
0.10301885151559129
0.07217822087526032
0.040375073847692414
0.05097138739170358
0.06855972148234646
0.1200891190783092
0.04837597950070297
0.11461202763283201
0.0751740936917356
0.1611150695123771
0.1510907176542885
0.04919167574018116
0.08008444688771756
0.06605983439042186
0.05832890387265597
0.021967148571781357
0.018748575894320767
0.12069699845962344
0.03822544648670929
0.0759528081066785
0.047983552133688746
0.07622974748161469
0.051982294170497115
0.14856894470906626
0.1759033094506897
0.045985404077446404
0.048804932458901475
0.09499298928349821
0.12916073014695562
0.09628259586027664
0.08503877383565463
0.08227914162858077
0.04045669086478566
0.05437874292376842
0.04567585160074325
0.03777454006653358
0.03719178016379664
0.03921084814112001
0.09164899748297319
0.012439866765580884
0.05657818786808087
0.050123059412926975
0.06636299668306733
0.07223659553509242
0.050467376115292055
0.03524557603553162
0.03763209975318511
0.04781133399220452
0.029016027655570466
0.0347649939442602
0.07218464152616381
0.07831582470250101
0.051036670453154936
0.10438601435643578
0.05712779754006477
0.06837321203907332
0.04149526630482846
0.05454631372105674
0.055351862780198186
0.196093736688028
0.2654718692960017
0.01570538279665866
0.05858242065863203
0.06638548149836095
0.10505220018466223
0.06061899344433071
0.020625947143041008
0.021061187614541666
0.03972342893365222
0.046091763864918124
0.02937190990543336
0.064295994483877
0.07076170972814612
0.07965246724841325
0.08099007537682527
0.07228121494692871
0.07775836599288492
0.06350658737781746
0.059486365998345406
0.050987410332700246
0.07383711359490398
0.05414002983905475
0.07093783562996081
0.05492672930635561
0.07310920410538999
0.07171448561632493
0.07187403191858288
0.10829649703318331
0.08127555135339448
0.1949434118049216
0.07431787806112816
0.03922575436491012
0.0733989476142664
0.09061022795438682
0.04417217765736685
0.036991045191734795
0.04030575646970886
0.02508475113987798
0.12018914312953305
0.04883306343272836
0.11589140462413729
0.04349693764021427
0.07724842704831254
0.07994147119056833
0.02746674380779682
0.05590568520882704
0.027214417180103298
0.0454846102555299
0.04755523926208222
0.04293449909603645
0.05640915433482566
0.06310166712311803
0.044633940036640514
0.06659787034001066
0.05830390938081687
0.12912051628718602
0.07432649753282246
0.0736283447429572
0.039555056613775945
0.048922222902215144
0.1260904278338412
0.14521494376785488
0.028956529939821354
0.07739762379421374
0.04308796954287254
0.030286084189561222
0.09781092703894179
0.04908881765577543
0.06302049267290957
0.06401208514464009
0.027831737338790227
0.07864170822643526
0.047040796071026215
0.05031834376532844
0.043258828670987855
0.05256512163627606
0.0881857212408918
0.06133766585393497
0.02795399217823089
0.10087068797356542
0.11170063581814893
0.016356464826776263
0.11981260724501702
0.05055201816627108
0.055054857537265356
0.030577682813001276
0.12334077417356501
0.14885642060267648
0.20598701962202354
0.053563929730757395
0.028100838574089935
0.04970003857114391
0.06391111727825
0.07829258727830486
0.05882910210081974
0.06925350230617461
0.04939385093414102
0.0890952231457662
0.061227309866843854
0.07265437462002405
0.07476342992676403
0.06863587088577464
0.09458773880848617
0.05131154595619747
0.04600155118772016
0.03755845037796815
0.04924179372887584
0.04432110870697533
0.031008285602900008
0.03990905570319928
0.05021221449236105
0.06382822705900812
0.12078286858895412
0.024329828991124406
0.08181773113116521
0.07659234752000502
0.018328776795852434
0.01576115490297877
0.07529608155489673
0.1633391751368047
0.16235175498742357
0.08634231879367467
0.08611299393614766
0.0695669273060921
0.07665054796357654
0.05007254070516334
0.04323685046584563
0.051717390665198065
0.05977424368898869
0.07022962970168256
0.09171445374221691
0.0900013076026089
0.04793250790423679
0.13276307322795153
0.12292150708208865
0.05071652899426748
0.10724189941033918
0.10842800127303709
0.0937859105226007
0.0723660383093189
0.07922652817461719
0.09221768856043115
0.1099669646076262
0.09034339789717703
0.05550254663730309
0.18597314734475245
0.045237175941607435
0.08174316938711759
0.03211347166520531
0.08938351414230632
0.0495894370478355
0.037286529475444474
0.051402910916766444
0.022540115688801717
0.08331300540730198
0.08240012722866637
0.11513310536174359
0.11486619905880009
0.09900264905747687
0.06633428563286957
0.06891968301254303
0.07079916645750585
0.11644420738904042
0.09526326163649396
0.05273855809859472
0.09798113523486096
0.12342973229753391
0.10951298891291707
0.014341286420661877
0.1582328614641312
0.02271872080301335
0.026417104960989854
0.05308215113840671
0.09869065714584029
0.08043396409947803
0.0540256743603408
0.10175823201387373
0.09704716216747623
0.11161799192401403
0.05319879369061106
0.014917968445481707
0.0967016982149053
0.09064419684075914
0.03574777563517053
0.025634869533412583
0.029755214236735442
0.08374132997156998
0.031220408945940536
0.1237596436097041
0.04148473167797246
0.27623053374527007
0.07310633969774591
0.14911802705007562
0.0430084700196697
0.03103822873832168
0.02399790411013159
0.05031681340370782
0.05227434574701338
0.09351692502189651
0.08750702215493202
0.08801130606572101
0.10309324351214083
0.11243018364428586
0.11137026256459477
0.02208071111994885
0.0077472113217967155
0.008144964898523606
0.009601987783670931
0.057036910335629326
0.009558899790133243
0.016475075393456183
0.08283435867680244
0.036901148869342454
0.15513607943333674
0.09063519104003868
0.11910557400467157
0.05804589386877102
0.01878974099538604
0.11814669502266181
0.038104047732391545
0.13505034960619602
0.07527567230331507
0.06957972326898765
0.0737950723643923
0.12783527248789917
0.02588960738752022
0.1655807620985697
0.05594810468211613
0.06162632136771863
0.06459576704315144
0.03952277564022903
0.073054518464762
0.05508426532464652
0.12352156451643845
0.08082240781180758
0.008256486950028823
0.22868967356514355
0.0687506945823629
0.054012271622084766
0.08110478631331866
0.0762380430275985
0.058782949209033576
0.1217425045696403
0.0431239766243843
0.04136648212170395
0.06930752445726439
0.037156224109517605
0.08756128377372435
0.08029704202991994
0.07082274846302153
0.037355769743454635
0.06879001921316921
0.04161692115853399
0.1435945142685453
0.08324320191734297
0.083671346554342
0.04264190493520214
0.07407672747439933
0.06384351117651157
0.05369249414758559
0.0685454266670686
0.08485963038213759
0.0639832044152221
0.07839176718759072
0.09859394266604125
0.03561626617639589
0.12951841453947446
0.049139341874974256
0.03572491969210661
0.13290277111694426
0.058241421445160195
0.045310351745157885
0.033562059323853304
0.02445587483524384
0.02790867097143135
0.032121894328336315
0.027095449688533006
0.13133994540506821
0.08368919097929946
0.09107661542409429
0.07171121465956107
0.08058671762312797
0.05485417554751493
0.06612209380952651
0.07329447226408453
0.146284920805542
0.04364247591362836
0.10456969352953471
0.06085038671057732
0.10622736402615715
0.042694288820854694
0.09632669332882857
0.09812807723236174
0.07695440021398713
0.0942259987132152
0.07445640033765948
0.05297951904736071
0.03959136048567029
0.08285108547019106
0.07942884834217616
0.06584808192772627
0.09296347736985854
0.14380350058430458
0.10009579539877975
0.056890834118044784
0.07839394857064501
0.030632857472422153
0.05673177864573253
0.092819755100765
0.11129657572439793
0.08134449804330648
0.10349699554199109
0.10874121834757361
0.04783706703799213
0.03166533162508954
0.11508419474194212
0.02819449116568475
0.014220003235019018
0.019645761845579382
0.025762621170418703
0.1663968794600186
0.09342066496684272
0.07040831961663303
0.06465348448902045
0.05333241774888948
0.041664941728282105
0.045350202470836515
0.1089182311009603
0.06265432010916146
0.08326094643674226
0.1611237869117175
0.14053743837726781
0.05498355744548341
0.4309400809102529
0.11209047906969832
0.022490764359964895
0.10780172063378433
0.10958999085518009
0.08380699145655142
0.08735217677550977
0.04939080217391525
0.07849617009212206
0.07398924329078305
0.0967880974136757
0.08261794370145896
0.0806209928581584
0.061687755125303737
0.04158521602534045
0.03803934330103576
0.05178225699444396
0.04413283185822879
0.09640401975084527
0.05595671001402545
0.09280253783244125
0.09643157565350442
0.06349843514015242
0.0678416498837599
0.060424036102907495
0.05158396288640013
0.09816380126951539
0.10684644923555833
0.065457520853635
0.030828457649707555
0.05434636235373852
0.04724431523951319
0.042750702737321726
0.059313317224217815
0.038097563949550675
0.13821536953448724
0.06075244562875205
0.09819645180919057
0.09508880621757901
0.09479304359493179
0.1543814952619982
0.07447880331255315
0.05375451090441868
0.10518444092530237
0.09038701576393593
0.04444726350822054
0.03145172187438264
0.032758504115146074
0.09844854767388186
0.049217547747724806
0.07363672948109815
0.05954478437197424
0.04769222429673116
0.049074984134081706
0.06290301988425807
0.05349691899939339
0.183201767557638
0.05182983167093792
0.029911638119027074
0.046463857432682304
0.32855910026049395
0.07198503200851224
0.09815690591400052
0.027990356356467683
0.03155593697649589
0.1673301504357031
0.044599024303524096
0.06201167728413762
0.030514617757493766
0.05090620917701737
0.030571396495914557
0.04504869641812958
0.1050576858703233
0.03875108900581278
0.07248406244464607
0.09624372513399419
0.07553628936070683
0.061999976333682164
0.0687044330216982
0.04150402785826422
0.06449832427486754
0.04201730766628458
0.0419508662591733
0.010321749982621092
0.06641408634926883
0.15962580459416814
0.13610008744158955
0.05619151438428999
0.0607099542843187
0.05887237498152302
0.041227082787623597
0.13645267013281615
0.06007131677908255
0.05723114729377926
0.18123476298061897
0.05136440846617612
0.027454391441955016
0.10658838076034903
0.10200799926225866
0.09307937960273936
0.04031180061796253
0.06448207934686714
0.03244246167731606
0.17370037547728645
0.0708203506284006
0.07954450322812748
0.047759015297077496
0.12327330122123442
0.31013008992875507
0.2455085260761055
0.3405361636961939
0.08125048134070115
0.040768287947470484
0.046700379405883105
0.06641952205667233
0.049703934915949634
0.07399502459676677
0.019151582893406512
0.10056694190438764
0.06964611888227779
0.06440924061336241
0.03653832668150183
0.042491040119039335
0.06379385841478019
0.05763800095605001
0.03817700321999381
0.1024281492798575
0.08597290853340406
0.061075548367714
0.09012594367275065
0.05357155768307384
0.20008135942018423
0.08310902809076554
0.09172311828312937
0.09045058763790939
0.05011501364163594
0.07556243915511276
0.04574514651841795
0.03212593166574078
0.37093258217235325
0.1936133174415186
0.11265509962986453
0.02340333523214516
0.025379522735351125
0.012511796130634821
0.29897526894005705
0.0517512687872462
0.12247509443108641
0.04037478532122867
0.19836634523732707
0.21538739232837903
0.05711290313646695
0.06320059847772617
0.09727542650883846
0.04101684211944828
0.048469764192781595
0.10979664792466186
0.06534785860287833
0.09845447918649376
0.04868569330379749
0.17958376337220744
0.15133589745197698
0.027793870267801543
0.044478588478144454
0.07362236417827543
0.05842086597992897
0.056777205925409045
0.05576374360399932
0.1276959880701302
0.010924882536298707
0.009464099127582063
0.010493916371838635
0.06588824340363476
0.04797834962659586
0.04477849816314555
0.0840511924849963
0.11658529405406834
0.05691949725116261
0.0521272242871552
0.0923389511869736
0.05553035171713916
0.1126239935989948
0.04686802886329928
0.15808488473642654
0.14837698328464263
0.10510848420975195
0.0840846042474966
0.10245052071726216
0.0697193089330879
0.08429891668776032
0.07303165874336964
0.07113929061822354
0.06040425485134176
0.08614234945916487
0.06877091635602148
0.060698554084640595
0.07473780934915271
0.04013479751729894
0.04471455073053742
0.05243995887630993
0.051495061877982015
0.057218999243371094
0.033324635914488136
0.16528086538463702
0.11657531712294981
0.07532509304020404
0.03737518843367561
0.04122182434693004
0.0436459725855261
0.0424117926859212
0.052376000612805576
0.06119286077201469
0.053858673824904446
0.1001133547463888
0.0673856277334389
0.15160524897956312
0.06939985229869466
0.06298225546667655
0.05628068725194874
0.15968480649781178
0.026227324618738224
0.0349104192241376
0.06633837115118933
0.0747750859864409
0.10659658463724761
0.13341359507793646
0.05691101665325169
0.05555879148119428
0.1746931738433747
0.1614247915081488
0.045504941465744325
0.14624036540900082
0.13799561076816844
0.021226424473024915
0.019047924539608407
0.05032457310399609
0.049605459207984356
0.04475845136575648
0.174778510285232
0.13070915838949346
0.015474809755047296
0.030825857167322904
0.038675445945717826
0.04250943765188474
0.06007307254476474
0.08748588960703155
0.06507617025114566
0.08881787655331874
0.12997343865728866
0.044170018443291055
0.05737467120203167
0.2182834138584922
0.06606365521332445
0.1005546717337717
0.10139423072887198
0.06851766354704761
0.04936287621603806
0.03292264488313654
0.10580817910489795
0.11162662298297268
0.07002701425447475
0.06698247748615395
0.08904486014828195
0.049434784070714985
0.10623338551872365
0.03256476064440974
0.13182730404595394
0.0430442232784586
0.08455869003305755
0.07047955408550605
0.05714836924483441
0.06257682878690074
0.07774380452009758
0.11757990902559227
0.0656497627682882
0.1216414991594757
0.04485831552248589
0.11074337901412892
0.061257873672423344
0.08963434696082544
0.08682247247391367
0.06016749485266048
0.08870280052170813
0.04702600239583273
0.12506584830017273
0.018569215563727884
0.08490852892422347
0.05654430756010821
0.061710104639951614
0.10040745699807228
0.07897942806595208
0.038695188709302844
0.07408230884056798
0.04640658690217396
0.0820647492835722
0.0847580142462306
0.08861705144332838
0.14172738896294168
0.09659329472563347
0.14225163346207664
0.01875195872275307
0.0164289170874928
0.03161788816043565
0.12099836018739073
0.0131425721295843
0.015725270809381603
0.1473200211554626
0.05630608013987408
0.06003525213039941
0.06817819130407489
0.06862399560924468
0.05946136711527001
0.044804134387975786
0.1349393932801584
0.1265352317948093
0.1492871277275107
0.028268197064131542
0.017376555731159076
0.03952786737302913
0.049961302523114155
0.054242016460491024
0.07292419506008245
0.08974928099516309
0.09587196355668222
0.06777350148970275
0.04144689592070557
0.15765356635969566
0.07962229907871832
0.07743283010215393
0.07786214711084065
0.10242737136504756
0.1275823549907194
0.043163452543526146
0.04366253658570505
0.045306047177577614
0.05091915775532726
0.11639012275614158
0.044098878462660286
0.06379343718659782
0.06557728144720469
0.07286954568877958
0.04588472771132171
0.09459370744755763
0.08459380887731469
0.05580892927321265
0.07707875713560336
0.12475129079817308
0.08463481860914092
0.044125285281511675
0.02823522229396607
0.034112815961632244
0.05103100509115951
0.057962122428049004
0.07200546682478479
0.0702217344721991
0.0763034651223444
0.08202380808004503
0.09504759878763405
0.04740630074225703
0.12027395135238986
0.05456605246396767
0.03440091380146022
0.03756099429618842
0.042852622461538904
0.017321443438827844
0.14558676879170673
0.1737829383108149
0.05508294642391122
0.022712921384055222
0.028631091758387572
0.06118553887569385
0.16284863418604345
0.049561481312888137
0.043690800757253616
0.0638465354688329
0.01867375549111708
0.023535010991410674
0.0111277380498634
0.03479303995338173
0.09199482358799085
0.08238602164332308
0.056436835410991884
0.05655229811758152
0.0478697727368205
0.03526150633913311
0.08769714123797977
0.13339408651237855
0.04277981113973575
0.07779298790085024
0.06431604857828292
0.060479939412006356
0.11876306452082826
0.06384218378455635
0.11081361010011966
0.052832283375490695
0.12027747313864348
0.06858535117026089
0.002966605709289117
0.010597725270475311
0.015132324459026817
0.16665881439852895
0.05915470704541197
0.028878001554149164
0.11777176235316485
0.07587428772389629
0.05707780902328089
0.03583593101758353
0.05754441822496117
0.0698031870475729
0.12399192033585875
0.06971700244487125
0.07832489771768202
0.0421788630786358
0.043912768534661514
0.06775352602526491
0.058636961577061095
0.061892577930079275
0.05108595046529362
0.047394377877405
0.05561238450408896
0.06186605578327968
0.08913564180240063
0.053958498532229414
0.18212010779870483
0.03744988323317575
0.053986013302267814
0.043344430191409426
0.08750806151791865
0.08209352056773325
0.08527178666131431
0.10140017145283498
0.06677901131165997
0.10028841838802167
0.05915795643471225
0.0811443716467042
0.05068718080860561
0.06366096754192499
0.09132240616328295
0.06550292242086145
0.05980965985599459
0.04271659201909493
0.1144399666560079
0.05964968351553175
0.08724453415839453
0.05060745274877773
0.06731576836299402
0.06097161473557503
0.05581124413797761
0.05034127014328919
0.07096430633017937
0.1628895614777116
0.1621620615082932
0.05639239540539958
0.03246360319888965
0.08554285365911078
0.05132753175870254
0.03488636700000535
0.04383991093492143
0.05675683016167792
0.12181313477760272
0.038397987319738945
0.02274671299372014
0.06457476512278454
0.05680613625814296
0.02130928335858356
0.17716040867745966
0.09394930687143214
0.06325464103040875
0.06023298748591185
0.06197677877178559
0.07352115762318777
0.1076193822348737
0.10268514525791667
0.10181021622535262
0.10828249306800092
0.10828221410677062
0.07502223259131842
0.057695745483728904
0.08041055277402162
0.08840876099042864
0.11180349077938068
0.05251864285950396
0.06983595768405332
0.09291890934624503
0.020316073197820857
0.11669853973850461
0.184520715140697
0.06077048402935628
0.08772151440132372
0.062292928057021135
0.05804750952597763
0.0821307671003727
0.05728375852200402
0.044017692340262024
0.07225774377185047
0.03931363211963036
0.08809954115502196
0.10694592505276998
0.26502508622609444
0.10023916758940914
0.03203520720893142
0.16345767470721403
0.10706171145836589
0.03520427644356595
0.037310984565048416
0.038655951210170826
0.11421025457602044
0.030179199790265357
0.1296424007674229
0.004911829982480804
0.029971045915289717
0.11417851463914558
0.10201843187935311
0.06053064878801872
0.06434033374156674
0.05371544444592689
0.06624562403652323
0.08294796262335949
0.059145267465729255
0.07450846170958844
0.03496497018506675
0.1201087935255731
0.04747189396876643
0.06594934183800055
0.062421133123112676
0.04432115597347086
0.07130562425110815
0.11475537172673289
0.039103669967482976
0.08228394092437775
0.10749349536063828
0.04116348798679898
0.1151493305201599
0.05508340280041373
0.06513907331083861
0.11603031807744182
0.01623430300853645
0.008894816106277794
0.08344686497727577
0.036831114932084505
0.09857814847893279
0.11115616004235125
0.10857149622244487
0.12385889342011534
0.13121427285107048
0.03951294386314546
0.07403926478980204
0.06050299254055916
0.08166223609142685
0.07665593633771627
0.0890901789654104
0.07125362802006775
0.08373661895232548
0.03479370538582471
0.03829112541115129
0.133621543595614
0.017241033639677102
0.013941118823354005
0.016897880531161962
0.05147505329436074
0.10593358756734128
0.02786793665187906
0.15617510084481212
0.0568636903828098
0.0690000167360785
0.05011982308585562
0.06081738741773501
0.04913864465170153
0.07043557217174888
0.15574970127195215
0.04922742824394626
0.06617864516413076
0.07980579185366266
0.0615224720629324
0.1977547068673335
0.079299873683811
0.05729621733238173
0.06109367677197073
0.051276362934906325
0.09430873266295932
0.048542548920429446
0.06880437041576686
0.03830314711307961
0.0867015465409291
0.06319163304969788
0.05413299442241584
0.055143057804358485
0.04680668069891222
0.1307109514517065
0.1457334563061757
0.09931589474072454
0.10420609383059935
0.06464905122609871
0.09938799083975511
0.08053148815971906
0.1100752582081343
0.029298933185521788
0.03003450623708063
0.013693151168651014
0.027356569891116973
0.029228979698868413
0.044955549977218706
0.12138245438472069
0.19479885836557148
0.14596960570523657
0.1958982740504412
0.12066245687621013
0.16639376658288854
0.1126361998084341
0.13003394805561688
0.06676732868855609
0.054730626986278404
0.05487119615722147
0.05535208211070989
0.10267528367069335
0.11100830391240989
0.05723689422205542
0.050038038206311856
0.05886533296084172
0.12762127574979584
0.037042509235017694
0.009474964515779389
0.10589090081318409
0.06991019487655388
0.03201646683388125
0.07370910272269986
0.06883272311275086
0.09761272173558785
0.038689883796383356
0.051217335196369784
0.043195957042699004
0.06401083882241722
0.08418178255155441
0.05088193524535212
0.1637233501510802
0.03692413143832507
0.03693886071691888
0.06589133612980584
0.0405154661767847
0.05297764543118254
0.06779629249626185
0.04823423241917007
0.13168471812921892
0.11701740649107988
0.035704088887861966
0.057987351006295526
0.06103017936893477
0.08793277471015988
0.05605751521465444
0.060093142425708394
0.08242887645652332
0.08765573543776131
0.06530931441212089
0.05037308455764657
0.15617936426582044
0.06195027908976236
0.04384750444016511
0.026503088739463387
0.12034795836880013
0.034221528799863336
0.04581113673382926
0.12260653004167268
0.06408630417831714
0.04667596148728858
0.05081744160900334
0.02894071193538946
0.06128237387820395
0.04541171552274304
0.05689055195339954
0.052266812255087905
0.06155945245276279
0.04220171989687045
0.08253651612632858
0.0991612958283422
0.08508563512215231
0.06116681524546411
0.04823654619588715
0.05000228688083501
0.049767282048189636
0.03322081794000722
0.040624774069997524
0.035323898584307824
0.03755595707154708
0.058574808584807216
0.1670013272452594
0.04386542327277159
0.014030297845791401
0.015368042872909016
0.04261149420492855
0.0657958238000195
0.08244577840273129
0.08082473647999433
0.08613604624796688
0.09767775947993718
0.04061101606228012
0.06379484746507301
0.06401381587155874
0.16193775722868672
0.02512525226414267
0.035578864534770084
0.06407692397312838
0.03335771967494515
0.07626184807782915
0.06050684248903944
0.07717960293215698
0.0651424128197482
0.02531330720915948
0.019900318763404565
0.037281817323836376
0.02148974362709242
0.11979285531100976
0.0790406098289872
0.08933208940441408
0.09097836625951941
0.07285645852694207
0.06100642287665689
0.08012233095912061
0.08636571243268135
0.08192599330346448
0.09707147096623105
0.10136430972289774
0.028835798804901787
0.03962627653517202
0.038057026939545026
0.025056179723441804
0.0247097772662667
0.025147400178083854
0.07743784626089315
0.08291025077641802
0.05479531393745667
0.02629039152507247
0.023372298957630988
0.014293622689753956
0.1009819901808902
0.07075160608221605
0.051611606058089426
0.04254734797626569
0.04945929056568745
0.10117472429768472
0.08249160806286097
0.12818472617156823
0.0660699117421766
0.1287570806196627
0.0565026426091591
0.023639867865741446
0.0669700098254112
0.060942303452031533
0.07994814091972514
0.0951198170421356
0.10689988067707379
0.09613936678367221
0.07674979681750191
0.0914969496781853
0.07991243060404155
0.07050087457065549
0.06889199846876413
0.11727198245771094
0.11697424126660223
0.11820588627543835
0.37789908112577275
0.3599242418829201
0.08319385441916198
0.045542679394230325
0.08450051093592437
0.08884476701912686
0.0817922647940678
0.03600679303593401
0.06543213899917573
0.03446180205847748
0.09523069881391284
0.07241755869591283
0.076308381381533
0.02706283951286199
0.028492574940562752
0.055158862665698236
0.0478685050235171
0.03836101172557225
0.03199067402869765
0.03631243100578574
0.05189174506249398
0.07452527075952742
0.028719653040750442
0.10311618784064557
0.06219675224776895
0.051293062086912415
0.11673276448831164
0.10363771957027759
0.1897329209749719
0.049096917321388864
0.06793893786547332
0.04739167934379863
0.041360539701138906
0.03189016195642316
0.16770741597600924
0.06398078011328648
0.0591582262380194
0.07958437232854242
0.07272885685387781
0.06046293179886803
0.05479646585026837
0.018591469614386097
0.04154387320509062
0.1826139932071094
0.2107680939968447
0.0182652479643192
0.053589265123512184
0.13827283421348488
0.3919565997894062
0.0665350090672634
0.06584660525059227
0.06160645614125924
0.09789634362206749
0.09199607525741348
0.05140438894021461
0.05747559009853594
0.03712646900862397
0.03712646900862397
0.03569918207365968
0.03569918207365968
0.04168185569695201
0.06181258168163311
0.06272981746842542
0.06522028985871334
0.2544304144124607
0.1046190680121413
0.13070750696683317
0.14643534731336452
0.12081491454672358
0.1269226704089011
0.13059655932379993
0.10060914300874754
0.0959667650508397
0.11550442878897663
0.021249449619779835
0.08016798314500034
0.08833362837663308
0.0911651234503023
0.042665550949584935
0.0289295543799351
0.4097287575740847
0.14257008135973934
0.18866051493613156
0.06016403178517208
0.07114581877729037
0.05110323630360878
0.18439433923711596
0.057795396994382964
0.047447759717214856
0.06360084182851121
0.027742350340024178
0.029610575944813984
0.014580869841484207
0.01414154227330229
0.03616105125534153
0.03255505951012894
0.07319400789575972
0.07081433090710039
0.03554096629037355
0.0773365622072532
0.06671564616301708
0.07180941050754794
0.08214440530080108
0.05448767862910926
0.029350638927478155
0.05559368854729845
0.06887310280758634
0.056985465236371984
0.039060641233193576
0.08686871587503162
0.07010334387719189
0.02352456418439793
0.04270596092983102
0.07375111651029924
0.09749110013680365
0.07122616920667897
0.02962135268010145
0.03409657597754007
0.06060813672651412
0.10605413638392595
0.03383344888334849
0.07418913232329571
0.06534369391263095
0.03186042480656793
0.050260699020681365
0.034886265955982126
0.1550125581354967
0.16110200210052772
0.1657862256969274
0.13607327522647764
0.04874260793642449
0.1573263187526067
0.1863425048262976
0.028495038179325367
0.272810730594193
0.19676996195603244
0.047381047613273164
0.059336518732058946
0.08604573966235816
0.15138850406944143
0.09190785337969161
0.08932327933055334
0.05918122803560622
0.09277483575788587
0.07884188812546523
0.0688299523141331
0.08258033315918951
0.08001695680818333
0.024254859824635114
0.03357543828407096
0.21721955751584368
0.017106936596422494
0.06011973475176185
0.08895614065388738
0.05431341136012466
0.06988468064289663
0.08489049616710609
0.11593658432350286
0.12093058618218709
0.08749161347518045
0.04911794139805068
0.06297769263754024
0.05916162713965505
0.06320972360523967
0.05848780570266314
0.06733828438186192
0.06455047990972228
0.09318722741152978
0.0926914092187854
0.08339527901367617
0.03653400602658167
0.06099123736637006
0.08597238920848603
0.04342500675838734
0.08253153159194178
0.039478024117109926
0.061022536721433214
0.1369144199766057
0.14312693240921356
0.07047552402740287
0.09425539717188763
0.03968539949948271
0.039647493260480386
0.03615389721278361
0.0773458978945753
0.03496398444808815
0.15695997877466752
0.04231413594890087
0.026429220872162436
0.029854204408919338
0.07057414734356066
0.031517508443422416
0.0515067529517454
0.028098559385812898
0.08752444984181022
0.07227483990430973
0.044557948511806306
0.041791645797585396
0.1098670841274833
0.2965502391619338
0.37058675749061226
0.25973659157466955
0.03590486531553325
0.03662386624158665
0.026636803883190528
0.12643804846558662
0.030997580761951724
0.06030523367844653
0.06316556627180467
0.11718913525081386
0.058856259477856304
0.04539320127883336
0.06350295218138288
0.09504173999264169
0.10555981704313376
0.08663860600440232
0.03751774265712159
0.03360970927648531
0.04139119717644181
0.05005957689174207
0.03306993618037902
0.0624657693724717
0.024426927309540342
0.033356341283744866
0.0540593637794929
0.030556834856509667
0.17341214237915303
0.032628499509501536
0.043535849899095515
0.0474935485295158
0.09764868074299098
0.036782049647872246
0.05444049098938879
0.04428470022071382
0.09788972626183069
0.07337598154332776
0.0836421772997749
0.13532777053228462
0.14963591030591478
0.07880156946992939
0.020625456167865045
0.12894280419042084
0.014559681051510122
0.012629502878418472
0.015164789759991101
0.10919221959590714
0.03481124082201192
0.06791694387404455
0.04336715694056912
0.06262216687754914
0.05906790495722299
0.05476496818818532
0.06183818063418295
0.12766357026500025
0.041727734252821086
0.0652370125784027
0.08592133427960218
0.05199404626695906
0.059706274525465175
0.05558653682037665
0.05786139254223235
0.0426007112974818
0.08005803031866611
0.01997814893967255
0.03275875825448829
0.0710654016155323
0.0757916921421201
0.02470216361852682
0.032672854617133075
0.05953581141339911
0.026904372531857974
0.06676917527944536
0.027713849928310504
0.06730663628303367
0.08968019157988069
0.027734522997739115
0.05085814279926246
0.09363209733242848
0.14574359985868823
0.12540799250389084
0.066860321362412
0.07335559644535052
0.04507170320234255
0.05652943270098657
0.04855950302616847
0.06348709822601528
0.06685519637091122
0.05709994659368244
0.054164537088810825
0.10641493133026825
0.17056743255060183
0.08994656655301728
0.09568110197081285
0.013945461809755635
0.01694953386861928
0.08776337198659985
0.10427710460442435
0.07658877928091665
0.025832766563806186
0.09515625481266678
0.1170198283830515
0.10320069609263735
