0
-2.4450112336334104
-2.633023659966069
-2.729844340898169
-2.591684519849869
-2.531178231109864
-2.3157970748839345
-2.8772402983725636
-2.340006917377597
-2.5195704503201406
-2.611565354876241
-2.958477374592694
-3.033749309876842
-2.209813591047173
-2.2321314751147154
-2.783111228637791
-2.690867044441366
-2.759516801075173
-2.7147819375830613
-2.448280298135762
-2.4094328078001266
-2.4780558914912136
-2.3435538243231426
-2.7678800980714087
-2.9598635588027014
-2.784941793719945
-2.9101858891785826
-2.616885722386594
-3.3060115574902684
-3.50665428023991
-2.37567959315441
-2.950779020043804
-2.0043721982902474
-2.6271233278046333
-2.575428323018843
-2.2884154742903524
-2.657210392526427
-2.4983810003997826
-2.5320197233049138
-2.4734191083901536
-2.543625166113627
-2.483276975104605
-2.323680474772388
-2.4823199533725813
-2.5983655429712176
-2.829547910981481
-2.7733362978362703
-2.7914127485476845
-2.6914222102653134
-2.6719212941862502
-2.6980529318739532
-2.7480418759456438
-2.68544308560947
-3.012118056140667
-2.64400354079403
-2.6919653425553176
-3.2264343644934073
-3.247441429918935
-2.2698703517861962
-2.085366129540431
-2.44711849323598
-2.3896993971535316
-2.4854417899500683
-3.1346833832955894
-2.9741805328479036
-2.6433991214598294
-3.244107146568064
-3.129506307126412
-2.3224180791086075
-2.884917226655166
-2.7766906424178206
-2.3879691711783297
-2.4310183747752907
-2.4256064879681354
-2.6111103251536685
-2.7595453768478038
-2.576923283574422
-2.473449707570532
-2.456968701686859
-2.71978072500686
-2.7364863476985377
-3.169666484971775
-3.0170319646472894
-2.3797630738421285
-2.318745110290701
-2.3680181092620636
-2.6399493273776136
-2.828131641985511
-3.523135481908767
-3.0688514937912936
-2.65763778759391
-2.6581798430302426
-2.2719352608853187
-2.582024268267118
-2.3105464639348097
-2.773321510102851
-2.881530181943264
-3.3453650158339134
-2.026814321664702
-2.579675290052944
-2.7785592409840345
-2.6178894334039686
-2.984703281224209
-2.6999400018945785
-2.2921443951903036
-3.103177493337402
-2.2397724248312465
-2.416417582352127
-2.4200538609464735
-3.2981328380502095
-2.471426720604373
-3.3328398649819415
-2.5433597956705825
-3.2290260648145455
-2.912693753401702
-2.9365103023410075
-2.388602268091606
-2.4680788351589893
-2.4620541233282123
-2.0517409263132387
-3.107567706361675
-2.9110228579299817
-2.8598357451768064
-2.710481369748272
-2.306742995936946
-2.1689919382624745
-2.490734759555857
-2.688032201221006
-2.0535212362837414
-3.030016201148125
-2.95492564762969
-2.733372436115253
-2.82568901290331
-3.3410609293477544
-2.4837827592985904
-2.2681756562085784
-2.3041482918698875
-2.2678581141698846
-2.096954292998256
-2.866695374895738
-2.306999756816513
-2.5303392949286314
-2.725917875495087
-2.915763328499872
-2.8226589229820642
-2.6053007830233117
-2.618478116441603
-2.481793201867758
-2.8177348088346728
-3.031045134250863
-2.2546612300358775
-2.3006705247199424
-2.3379781006770153
-2.8019200146485472
-2.806840588387459
-2.7904015831843023
-2.5679613747737964
-2.4683842681452712
-2.4060739794036494
-3.030999775896064
-2.7396798583380977
-3.278478655306732
-2.791562631065915
-2.8594805757880244
-2.857893786437044
-3.2876046647503037
-3.302695130683655
-3.195459057651753
-2.6606377697840218
-2.8527394957658117
-2.9181959911841324
-2.3947023140229415
-2.3947023140229415
-2.450673481200665
-2.0457473225425553
-1.9098137156081603
-2.6124372815284014
-2.717692644272502
-2.5218403145753108
-2.3987957937807125
-2.059027958811762
-2.2865525714026282
-2.4278681555416823
-2.717368312975863
-2.7772741581060094
-2.802892028751997
-2.691071553496163
-2.8173738913964046
-3.4302475521943365
-3.380561311962937
-2.522537498071916
-2.7461992150722647
-2.6768381483443804
-2.8426580338962752
-2.6532644377303582
-2.5749048580780234
-2.6887698802687083
-2.616793843448672
-2.725162421271053
-2.7369196424067894
-2.7673167167570534
-3.372397979579679
-3.6886283804626245
-3.7634071850842274
-2.378560192675063
-2.0854875707455345
-2.206759900359765
-2.1259616337675222
-3.048313569146503
-3.131541949036488
-2.2317368259148416
-2.2059868268362806
-2.2229139270663762
-2.2387725578207816
-2.4907167425416015
-2.568530177107866
-2.879966412715932
-2.4358717218039616
-2.266763733303881
-2.4898055546663427
-2.5366234563365784
-3.0156507639197767
-2.6539644048378475
-2.424118603197471
-2.427200257534308
-2.730552828757103
-2.456380307279362
-2.890284554406005
-3.0632778695639016
-2.5861076126497364
-2.5915034674665898
-2.1606944884564756
-2.272041043107166
-2.193585672050979
-2.0983076621939833
-2.4435675173309495
-2.7993438598937472
-2.7277009992115366
-2.8037262893804678
-2.7612108452809325
-2.4516956657800497
-3.5002713190461163
-3.934922041628145
-2.4151080975793664
-2.5834161461515786
-2.963589134458323
-2.375717998035268
-2.6663941406970055
-2.229132655608209
-2.213329163367264
-2.199170565794436
-2.424771053302338
-2.2259884603794613
-2.046243960461268
-2.2331928037820696
-2.453553658466374
-2.753772027220483
-2.814751514058004
-2.706068050792921
-2.997681311143527
-2.4841086800078314
-2.5094776080029018
-2.21659463112263
-2.28848297069126
-2.490959044702832
-2.735019739470885
-2.7411074061808276
-2.683081378188876
-3.5346571616655456
-2.1680312426091364
-2.488738293758893
-2.630200793022784
-2.6292741501849877
-2.407184304166455
-2.4670473504269057
-2.516867222519061
-2.4799522997338985
-2.432643876883385
-2.4726471755096044
-2.347234020641537
-2.976374230565135
-2.5388271770828883
-2.9752683796124595
-2.459792063662395
-2.435998678607988
-2.4360565392489524
-2.596171581763662
-2.692686996855401
-2.3912528877143364
-2.5226961116050646
-2.5114513501991897
-2.5496589838070207
-2.8891812900388203
-2.7496808595241506
-2.7254295650521634
-2.8090353462654236
-3.242375118956193
-1.9475756281486587
-1.8922123629951169
-2.81246884220979
-2.5837059722123126
-2.399826940497212
-2.3184990631120392
-2.587951870958159
-2.4569187709704923
-2.437840400557774
-2.3768093885000585
-2.528674619520311
-2.3770966004926866
-2.4304427921563483
-2.83822722005329
-2.3659882689899723
-2.2916178808491536
-2.3103441429946767
-3.0874147835293044
-2.403189094776328
-2.5005938253389957
-2.8968098086433502
-2.8817479684441185
-2.886844460852303
-2.7895053803650836
-2.951243050631973
-2.632143742957935
-2.755262590547612
-2.2251373575827387
-3.0456233400114243
-2.6427075140679595
-2.3478534896518464
-2.266042711194478
-2.428327853372826
-2.5741659786583027
-2.637821564808375
-2.5988399812309133
-2.7144595096700317
-2.4295474523221876
-3.0138305400639553
-3.0761602924979976
-3.130864470153292
-3.8255191166556752
-3.4459972620055628
-3.049751801715463
-3.013715957782625
-2.5823780677231585
-2.8605882579701642
-3.003518863375905
-2.992747217848142
-2.8286833815282333
-2.8792747462981625
-2.789587395508867
-2.6664374468733394
-2.6787453773962566
-2.648033776916601
-2.788788460802094
-2.0996956718764075
-2.312265062518369
-2.4828875798101238
-2.475378560716004
-2.474195169176654
-2.6759223106180356
-2.8432610777721408
-2.7033779741594857
-2.4828847867903123
-2.8444466474033674
-3.248042212774283
-2.752771153225499
-2.962064453551329
-2.748589653949353
-2.5443134640839373
-2.538951195682482
-2.6600056526135516
-2.65347207687481
-2.7890793822024533
-2.748752113561432
-2.9901114512574742
-3.004401767987995
-2.8686307584076967
-2.1778915992285324
-2.4260165201488024
-2.4166215175794377
-2.3336381594950106
-2.456711046101473
-2.3076450984995334
-2.703073417925086
-1.9190251339792144
-1.8886715188613812
-2.6609479530043814
-2.8222480658509888
-2.6400727547463876
-2.741001410537376
-2.4845579479468145
-3.0655865841944814
-2.832798058378949
-2.531622528507129
-2.413830570935971
-2.452926555454114
-2.4077680638600323
-2.37431998061991
-2.4385284860582552
-3.1350935911291464
-2.8259521296095844
-2.4886700441939715
-2.3311800935864797
-2.5948459187510147
-2.284208055350916
-2.633370195868166
-2.542999494272392
-2.639888340658462
-2.6952360236372703
-2.6596891512063134
-2.7327680310410196
-3.135659891548067
-2.7095815126020293
-2.7781178464920533
-2.1167572135513892
-2.976068908349833
-2.7357889349557385
-2.0998409202783246
-3.241522540924532
-3.2230206851168783
-2.761396479916803
-2.5109265940750016
-2.4652212385298764
-2.0825993480028253
-2.1277571170921292
-2.7680904721903157
-2.3877335303983784
-2.67388945635158
-2.6445173049189545
-2.6920614194154586
-2.539058276331006
-2.4648381326335715
-2.7309246300352332
-2.8066639715524753
-2.807068970773748
-2.630673451054709
-2.937268540621295
-2.6536013375733867
-2.6935814374322855
-2.4255614378615538
-2.324358342772812
-3.2962664303484805
-2.7715036302565794
-2.495869635207109
-2.8210587836419787
-2.2526987671807595
-2.0797435827949298
-2.479740118652329
-2.224674635515588
-3.161835530497416
-3.848849933305363
-2.9932967990018837
-2.4286889582576485
-1.8291684726380864
-2.6080930926695416
-2.793169547168289
-2.8269591848392635
-2.6333364987091383
-2.36069819342718
-2.340726198115641
-2.643044281112842
-2.5436003349231626
-2.56825220256061
-2.76364821769209
-2.934997498047527
-2.760705401718176
-2.534271954466015
-2.6891992915158496
-2.9350869276333262
-2.3460516898507513
-2.3551581113723272
-3.235077300431729
-3.2046400779776354
-2.4994751399261794
-2.7432942686541955
-2.5566502151155848
-2.577219463457683
-2.5816541583804873
-2.9125620703295994
-2.837440543880862
-3.04183741819966
-3.2806242420304197
-3.783946562395305
-2.2024438117516416
-2.579146549617886
-2.130833659742993
-2.29132329455577
-2.9053969158008477
-2.6975449315069477
-2.691202124492827
-2.579772904300694
-2.9856799912681034
-2.405579631622749
-2.284405587624194
-2.274678747093205
-2.5881130131578036
-2.562423743188364
-2.4116144024676243
-2.662043176101446
-2.611324543452457
-2.49673140288681
-2.453473457405651
-2.29083775977431
-3.031541102398554
-3.0270047163327547
-3.202312853515344
-2.463456779819677
-2.7309290425965522
-2.4798689827083398
-2.369465828365917
-2.7302678079713125
-2.78529602212398
-2.8851232393895643
-3.8544938776722852
-3.0113553745513557
-3.0821526678922444
-3.125193682672498
-2.637504353690062
-2.683062726416431
-2.5927996214989495
-2.6768313393555965
-2.5799924983551343
-2.637104907117991
-2.186211937704837
-2.2128957278563615
-2.2064692850928
-2.0553967010951784
-2.104630056803866
-1.9565704340448642
-2.798018864309461
-2.552887856573541
-2.7048355293267767
-2.9250109618912434
-2.0954727059736538
-2.367507599392996
-2.21119073631534
-2.2067756864617865
-2.675525842876499
-2.5901128718239663
-2.398959692099521
-2.5325005421655455
-2.761803299582225
-2.3932030296083178
-2.380326023082539
-2.0607964837550807
-2.317284149005243
-2.300695142601031
-3.0979598679954985
-2.3904159997808603
-2.6464792480936885
-2.67225347336287
-2.706897863945216
-2.707687313957831
-2.665632263397512
-2.718996888565554
-2.7255584383752245
-2.8504696484345597
-2.423534176555964
-2.4296057315884805
-2.4009690109633963
-2.186586446423757
-2.3573382786224473
-2.691386619599773
-3.169877320461094
-1.9778398621256328
-2.5662502937662226
-2.500164051684078
-2.27837573079975
-2.42755491927195
-2.355360201939644
-2.8875352563671597
-3.076850698812973
-2.7074654676116143
-3.0604249444082425
-2.7752615298641046
-2.852238099431374
-2.9986773175971835
-2.668540009322027
-2.7814057748577388
-2.8643548173972726
-3.144193450313477
-2.3545426452505693
-2.9457165810235355
-2.696657514723598
-2.499480932459166
-2.9168828450890785
-2.8524322641925908
-2.6652080856035787
-2.420318286049464
-2.415657352655019
-2.434475456884408
-2.6331576948212843
-2.7002624839744502
-3.1928057586662697
-3.2300353063373137
-2.7941011959431483
-2.642661185072123
-2.736464340257465
-2.739968772530871
-2.599167420563417
-2.7177698818336515
-2.4182463472168325
-2.4819011913956195
-2.3248768010578127
-2.646055283057135
-2.5217726494949244
-3.310452916804148
-3.2338182369538537
-2.2079162149161142
-2.9942447373593497
-3.0712404950883494
-2.6073881643853944
-2.4700685539436558
-2.589008394924035
-2.404559348177447
-2.2462800016632274
-2.4566375241025526
-2.5320485445675
-2.3890275194351496
-2.303984619229498
-2.3223394141400355
-2.4283329433001533
-2.539151333468934
-2.714454467128798
-2.4395858258031935
-2.318576324037252
-2.506329490597885
-2.7259804767374236
-2.4852409658633743
-2.6078487173840625
-2.6596500646773547
-2.6333527477145404
-2.684135222620968
-2.5227498229186542
-2.294192369500299
-2.2129752268528313
-2.429914464459382
-2.54273753541521
-2.926178620234573
-2.6016214222856013
-2.0661798865943997
-2.786060264905969
-2.9105406694133533
-2.6087935463759533
-3.7760476846320095
-2.1284483250267097
-3.2393905716950946
-3.0867305497421875
-3.41290594748479
-4.307337859447999
-2.7906640668920466
-3.181176104297486
-2.4471561502545813
-2.6088091817200927
-2.433633522573087
-3.1340491093712015
-2.9810250432751726
-2.5415200056010927
-2.3515554252206052
-2.4997207383345432
-2.4464932975472857
-2.2397340006624984
-2.190360054335948
-2.4204510644500092
-2.496482137026555
-2.4962155090423885
-2.5089870605536566
-2.664366089521692
-2.600853163715784
-2.80309704257873
-2.5478337923450347
-2.709253687218502
-2.889443043848554
-2.856117472021823
-2.861455134166716
-2.2068319214068675
-3.050172979279418
-2.3714443355617316
-2.4232486767095986
-2.040292463521335
-2.8020659238201935
-2.6637509666325747
-2.8433658239761725
-2.770294540235141
-3.0198841219867143
-2.2879580556933816
-2.6317759248539896
-2.7959734002576973
-2.6043675185228725
-2.3848380955081785
-2.5808418947533514
-2.693317489191954
-2.3372898625133085
-2.596920952341116
-2.4484668985864904
-2.389978481415406
-2.4962420074015195
-2.925802997925444
-2.584553711527718
-2.8770058155674816
-2.2178068499285706
-2.996024809698893
-2.858507341258238
-2.580664639914344
-2.4433872556242795
-2.5368604067420994
-2.4345067194252183
-2.7194342322032186
-2.4249394037254812
-2.7017740370799106
-2.414930466314074
-2.6964549621326124
-2.0293501599618735
-2.080997532258634
-2.8370831312666778
-2.5800183060668873
-2.371953686781855
-2.5049772854744186
-2.3369776306159253
-2.339593542869268
-2.2033370782368014
-2.4003786059089656
-2.507749089378955
-2.8929279992413335
-2.651844473177179
-2.4660458169944546
-2.33667077082993
-2.2089345915943714
-2.287446890787942
-2.7310180920313045
-3.092024707573281
-2.4755787727566965
-2.4600605753212657
-2.4288349952868566
-2.3904609679247675
-3.182936995925103
-2.750442206636724
-2.7284535219962964
-2.491832501722215
-2.1763785535124973
-2.4657052157967687
-2.9309008191668386
-2.665976689326337
-2.637107172795415
-2.636191040144307
-2.520496411728585
-2.5992119520001897
-2.479313770276588
-2.496645616344717
-2.750472204008067
-2.33809159376297
-2.883324731573264
-2.802940885356964
-2.5534859239053582
-2.4090933349652257
-2.498218455856662
-2.271107077631645
-2.5561865984744245
-2.4944320514086593
-2.145334214434206
-3.0066060251399094
-2.0651124602364686
-2.532875131834746
-2.538077631782168
-2.6016882275343867
-2.5239536302769734
-2.455882619653164
-2.5260520803220268
-2.463222123362832
-2.9968076366998453
-2.3894781809123655
-2.4753309646534465
-2.5462195881694947
-2.5619693778898784
-2.5417256064863194
-2.5048998466624943
-2.3528430099931503
-2.452713677189454
-2.735757479808209
-2.3977356580788385
-2.525215538028419
-2.4916414329921635
-2.604923105975107
-2.88201586821855
-2.619778012125589
-2.3967473278495874
-2.169391079811091
-2.436358072927762
-2.831406036625815
-2.1476806768636467
-2.63963212245735
-2.743768100622732
-2.5954559634258834
-2.6647331821959055
-2.3446780939366145
-2.6901098226677718
-2.4053178264571202
-2.8861100544834946
-2.9249608761377757
-2.4577179755310383
-2.5388001947098853
-2.5677521905399088
-2.5261645205238565
-2.176487172684108
-2.1553291380976694
-2.815979777975801
-2.5992223822924085
-2.3882898358991556
-2.3600981123860256
-2.1511456357898933
-2.53820358028132
-2.6845422018262037
-2.906048499694536
-2.801855641072321
-2.3510608419605776
-2.5216830104269516
-2.9200022392830376
-3.1122814489032153
-3.1105288242844993
-3.06588280018009
-3.3677939044490843
-2.517170051861793
-2.504831754218275
-2.517181424972686
-2.352120305849891
-2.127740756868691
-2.8477372745128315
-2.2843718514225713
-2.6353411051049247
-2.6714466939482246
-2.371174130979559
-2.8957574603043805
-2.2110457716482337
-3.1239604039644244
-2.209240530731561
-2.196688147332996
-2.310372795275782
-2.9293728652154414
-2.665374639970748
-2.192352257023538
-2.2224944893279894
-2.3747214093947626
-2.497623520369673
-2.134023325516882
-2.4246189621910004
-2.6825984206658045
-2.2162047545628307
-2.4742187208488935
-2.8778054371257022
-2.413148114946589
-2.413407210655574
-2.3703668188596376
-2.2225777960751003
-2.4404935166235364
-3.2809969814541886
-3.1814909424414055
-2.9692568328300424
-2.60192659177878
-3.096276837908815
-2.7182210747425164
-2.3161275353707618
-3.056279389811393
-2.6699176245839555
-2.718201709193646
-2.7487550785357455
-2.8673476922876886
-2.8522882517453008
-2.739453839224207
-3.69108413405869
-2.4695725438943548
-2.7307096676196667
-2.40498348086824
-2.1483265198612593
-2.2034784580586106
-2.432408551289366
-2.8907704160308874
-2.58282117681812
-2.9134328314925733
-2.421709181926638
-2.485584996701702
-2.3566122660287823
-2.5660975035651528
-2.4393824568409426
-2.4641518188014033
-2.3990294062246127
-2.445956682692297
-2.6869380376678147
-2.6722671199499466
-2.5661939455140503
-2.5344862500249956
-2.3399350307109463
-2.583244511344811
-2.7343808990412626
-2.668017652880862
-2.387813541101708
-2.6364769459393336
-2.573692927862259
-2.83362901222653
-2.9884707141651576
-2.92384208470457
-2.4990986613368804
-2.5162764445197743
-2.4698528207931996
-2.729626326442324
-2.759686303232365
-2.7951850359000896
-2.73115120218497
-2.6907168458263127
-3.0313768584620657
-3.0869310690062286
-2.6754001258471076
-2.9882994651366275
-2.680714083965484
-2.594001480238123
-2.7347434939542796
-2.6089808854143244
-2.56595415806143
-2.2909430967356688
-2.7288372812446973
-2.603369512482815
-3.020836243829588
-3.2834141580437226
-2.9066061235347025
-2.938062863250843
-2.798833246512672
-2.8519526007707117
-3.3328223197080145
-3.348471064427168
-2.513410769306821
-2.205407839700825
-3.080773464422956
-2.3716858805127274
-2.5946423252000033
-3.429717913706651
-2.9215305422046307
-2.715851612060858
-2.666029154733382
-2.33693308571256
-3.2017022204639742
-2.739951084004551
-2.8836939705895017
-2.4411179015653377
-2.6466011352548544
-2.394119334293407
-2.783518363617332
-2.936847021706751
-2.439022404849595
-2.5016529524432674
-2.817561100363398
-2.4799380578731283
-2.4353066438816424
-2.886757822293966
-2.81576577825296
-3.536870526455954
-2.4504033203970947
-2.740895859529623
-2.6384926477037918
-2.920034454158393
-2.91220651869919
-3.024791889060752
-2.237896619540454
-2.4521344690126172
-2.244155547099537
-2.5468054221297414
-2.39897705639097
-2.279358203400814
-2.6644457940999513
-3.0897403755664845
-2.3021853856263164
-3.1536881825247147
-3.0153605009289457
-2.8111150847280757
-2.6368748062841862
-2.8105991050274275
-2.31137129299358
-2.4090067951527394
-2.5820251410925676
-3.23493969853436
-3.305967632150024
-2.5110591683779457
-3.249845383837852
-3.2320121444344223
-2.864150923995958
-2.787658307202048
-2.555560588636813
-2.3672720020495746
-2.6076702842297257
-2.775418146013815
-2.500319359687794
-2.107271838090339
-2.0975616931342986
-3.0432676840220996
-2.3545138859099404
-3.70856406014533
-3.1949429478139826
-5.503291899249511
-5.638513295334059
-5.467591422116748
-4.770518136274367
-3.0210528563609564
-2.9522353225287605
-2.273688307752183
-2.8763105395425783
-3.001891729190419
-2.938738951928548
-2.876321302112205
-2.631799746967943
-2.307054695867751
-2.2349446686413623
-2.318756377567433
-2.6597511876054907
-2.526118348440476
-2.580133842366869
-2.8244348231509413
-2.608638293789332
-2.778107840748027
-2.488715671748194
-2.4605881417005127
-2.366675663925011
-2.66273566147531
-2.971664257331973
-2.807796588828067
-2.76762788230969
-2.719100360940019
-2.3683845708839972
-2.6886492150944923
-2.9352709526982736
-2.5738467595714782
-2.92480153436875
-2.749159782778369
-2.6411734160254197
-4.040840336418616
-4.123507100146812
-2.2896821107624525
-2.655319010122245
-2.9280112679670993
-2.93200565308972
-4.907094324640886
-2.3966406035356385
-2.409650020307726
-2.2622017650565573
-2.3871669799475543
-2.224072797703244
-2.5445720412456194
-2.1510519837643756
-3.837207194784213
-2.7616289885677623
-2.535846324800235
-2.4367793023340485
-2.225255361929521
-2.767564499288078
-2.432388983375319
-2.798555198286284
-2.2522129013505334
-2.022674193341417
-2.7322909366530004
-2.597783452392484
-2.814568858332932
-2.5175611156581805
-2.3192369177344
-2.318691369796185
-1.9676126166167085
-2.461411867121058
-2.6457911901914763
-2.8564691902607056
-2.4713024717145577
-2.245413494351695
-2.5702242199109473
-2.5438875466525874
-2.2927789694894605
-2.2983777025766683
-2.297235546878721
-2.555897386878582
-2.4397652449378833
-2.5106478904027996
-2.4503901562075345
-2.420145733659137
-2.5354204476412394
-2.5664179715711395
-2.430152621937788
-2.8252978707779457
-2.520269100148889
-2.6150385053431413
-2.596572161394352
-2.519332503003874
-2.386354399412565
-2.1528731944232398
-2.336290034965215
-2.2338423173234365
-3.120149516035788
-2.658282813945414
-2.7125194662495717
-2.6516467163352213
-2.572837648277057
-2.1209357750042
-2.072984123653409
-2.34356639668701
-3.1473483442982717
-2.14827195706872
-2.010770211132032
-2.1873435757845145
-2.370107617104431
-2.057813520684542
-2.1606450646783957
-2.152665339068518
-2.1095872723666496
-2.5498273047866182
-2.58889809902336
-2.5695353286223606
-2.927829942734224
-3.0846266075318813
-2.372713344387102
-2.6221801659165567
-2.71279618114544
-2.464367851555382
-2.2403894401540083
-2.668393912914793
-2.7857656903165395
-2.2823219698571338
-2.5692114500822574
-2.600043476037113
-2.3946200012576493
-2.7231345499299997
-2.773343780977637
-2.72260195076717
-2.299952153031158
-2.3794869612527485
-2.817401973852558
-2.913491463954035
-2.8141360350222473
-3.397435254750046
-2.635668594630411
-2.429256686440694
-2.0792080939431226
-2.1972887947649227
-2.921104272056151
-2.780960461496241
-2.955906051434048
-2.753160745217827
-2.685837651838637
-2.5173333483604514
-2.279838879799128
-3.2204599723909246
-2.8657681560829515
-2.4216349739735787
-3.5621678635604037
-2.205968054196646
-2.0968687864832622
-2.966647729919984
-2.671012443523659
-2.6557064758827735
-2.6480717495705073
-2.5414005582530073
-2.7278514190087115
-2.468524828593027
-2.70989879317505
-2.4961123451205056
-2.332729092265198
-3.008043841931922
-2.8636917755229967
-3.253821683749013
-2.9194904094883687
-3.2118664475856034
-2.601985959145481
-2.538362675038204
-2.246259869835
-2.616325613997981
-2.6286069458594388
-2.993152724484087
-3.041003207603694
-2.4629162895927355
-2.4922445384764838
-2.439686283452799
-2.5875420375026486
-2.425933290342122
-2.283697172997948
-2.7241081567989385
-2.409564162789201
-2.4183164979390077
-2.5714592232008435
-2.691709068268538
-2.7300910752739327
-2.5309865383097048
-2.331340840446282
-2.5266902405046925
-2.7446747044279407
-2.5725097932273497
-2.5678166484436082
-2.5469718200637557
-2.549399033326334
-2.218458126478346
-2.2006097154154585
-2.7243522283255213
-2.7747443030480823
-2.5143902431695193
-2.7422516947572273
-2.2524771459345527
-2.880736292287953
-3.081218130923979
-3.0636559604548292
-2.5027005975970873
-2.268982869882303
-2.6132875501473625
-2.7068817635851783
-2.971323682899933
-2.89680701082809
-2.9203583020460577
-2.471268933617511
-2.4921954578279126
-2.3969290307871596
-2.573357504680487
-2.8298453932612566
-2.880095605418143
-2.808978918153792
-2.9410169525644223
-2.5689859015792424
-2.605332067797906
-2.82995497137425
-2.4103826003778983
-2.8835394439547875
-2.5426408623148635
-2.5230066644362763
-2.986385970720194
-2.909144611021214
-2.8973653720712393
-2.942421727900792
-2.5854098213193275
-2.54582284685627
-3.004314072690571
-2.3927430831165304
-2.8671763664191237
-3.3495345894849664
-2.7884056652693117
-2.4433979564795827
-2.2729911661522144
-2.844316103678736
-2.603371199006838
-3.321255473736163
-2.475322555034763
-3.3544381360215616
-2.7274293396801053
-3.118523433513394
-2.3984744359837498
-2.551617343328692
-2.5629045535203736
-3.146020646736459
-3.4090769684829034
-2.8473061640638733
-2.954678354845671
-2.9021677321919657
-2.4591419565500003
-2.848152374453469
-2.985710040840407
-2.4429224858939036
-2.5030682626803977
-2.634993807200315
-2.5022068518407634
-2.427595775233572
-2.1638654166981195
-2.1194580543382218
-2.204617528016888
-2.3370523642396828
-2.402093165628997
-2.450859755760151
-2.6228923164968396
-2.5538475132121103
-2.633429576317182
-2.8239684706100365
-2.542802073836247
-2.2979961394214534
-2.6502158080667138
-2.5527788441889454
-2.2073144593571175
-2.4344529492791485
-2.473265142748467
-2.6545011248143413
-2.612547653171912
-2.3989302435054682
-2.4764507984420705
-2.5631800906751074
-2.5304772984649344
-2.3042191828514587
-3.2403043521012758
-2.6974812909290713
-2.975350449351935
-2.749011074262768
-3.01499062246104
-2.4480780866771137
-2.489347514544997
-2.4430803827534793
-2.716784540970638
-2.571343572776409
-2.662493205069517
-2.6671177693719463
-2.76472712907022
-2.911303378081898
-2.456629581979593
-2.47880207764013
-2.290112689238243
-2.537450026377378
-2.339390399524472
-2.5896825075497714
-2.5538416204763297
-2.3467423399396754
-2.77844277438782
-2.6302796564177724
-2.3757788882122557
-2.793488876872101
-2.868179197309824
-2.547916964005733
-2.5047912113485906
-2.386217917919729
-2.6149980526980454
-2.3445600388306858
-2.0007679609387927
-2.0795777543813636
-2.7389324051032955
-2.6439007553113596
-2.925553889921784
-2.485757067397414
-2.506727671008175
-2.406765368110546
-2.3001047172099556
-2.415819319712437
-2.3166219541296136
-2.496758898709244
-2.3991988400932778
-2.3897683839345847
-2.8317189245021637
-2.8097549638797368
-3.294960961391715
-2.9068297358498163
-2.4612123932906336
-2.683596385956093
-2.611867067396081
-3.141638984259655
-3.360958636241329
-2.4490565041751013
-2.5628554174176856
-2.4786669124316485
-3.0827818812145016
-2.689469942554406
-2.838087216827193
-2.5876908303861303
-2.5960422788037087
-2.6897446623128527
-2.8940243291617747
-3.319921352269645
-3.118507243108056
-2.7626324932523563
-2.6854585560666866
-2.6137257120752815
-2.807149477299422
-2.6969947870730127
-2.4877121659357324
-2.8162994257118372
-2.6619511139340855
-2.7659453250284494
-2.7720889102438737
-2.6850586242756123
-2.576176125840009
-2.4481995921249795
-2.6496498622007896
-2.546043831064354
-2.5030296232048066
-2.581499536260356
-2.192949666666743
-2.7124982175289003
-2.635392119894268
-2.45504128589035
-2.604747945994508
-2.6170665559229156
-2.5641189952407495
-2.644114497479942
-3.1065632036985362
-2.440404100960329
-2.848538010708933
-2.161651139845717
-2.8467089062264237
-2.82366198021987
-2.4105205834610137
-3.1894395971450797
-2.3898041980651605
-2.934448284544112
-2.9709164712330876
-2.6394926648170967
-3.069507572655808
-2.9111846752417745
-2.4284571017623136
-2.5799533755973676
-2.081319232252216
-2.388255732175463
-2.393753591912467
-2.4829580896297987
-2.5009314392557096
-2.61307438680412
-2.4213031673774976
-2.415301966803221
-2.485321621953675
-2.627583668145906
-2.9346179285234157
-2.9202603108202387
-2.5307372863275845
-2.989132864834182
-3.2679597121468813
-2.3890441199656207
-2.739841169240751
-2.72506672693324
-2.7492361349461256
-2.7366694975743937
-2.673497824681489
-2.8509049528605512
-2.5694813800905085
-2.5518890675611052
-2.7280549381809895
-3.050274114877689
-3.9341629333212085
-2.598838523068253
-2.720297357503836
-2.9221287706902985
-2.728732732188797
-3.4911396110572
-2.9825268834918295
-2.806823293137511
-2.6751052637986654
-2.5263958146113166
-2.5451129011442775
-2.9466742115829736
-2.5226462396843865
-2.3800545123667916
-2.632005173699152
-2.4057216408774376
-2.7450504227099186
-2.7210922824683306
-2.660223200113434
-3.037778630125597
-3.3114565650263867
-2.6334430084924865
-3.5069221065257996
-2.673944711064295
-3.2069924785083717
-2.4031853548395703
-2.573696382215676
-2.5715631257768337
-2.57557285708259
-2.3598811805238102
-2.650569811758426
-2.3691067192155977
-2.3074358761943485
-2.0907255522112234
-2.472592229151556
-2.3110757761487544
-2.7398742455203453
-2.6654548924455552
-2.6954150536364554
-2.699564769718138
-3.390425193626823
-2.206103017091365
-2.665342806763015
-2.2071206255632956
-2.140612324065478
-2.052944350798055
-2.6823353900210316
-3.022003031038012
-2.6219946944496035
-3.107982810103267
-3.1096532721864296
-2.0865669494232315
-2.6192257494442273
-2.5798705104607875
-3.193788156533367
-2.8898070719986664
-2.7094049507015567
-2.389476768282371
-2.699407070668688
-2.6228976778115203
-2.4960884926297107
-3.1667467906354503
-2.9964333236867757
-2.7029581052705387
-2.9740319459050553
-3.1062324864283957
-2.1510898201335733
-2.402792457633591
-2.2214881805883446
-2.138862117476117
-2.487727886797149
-2.6111543242362254
-2.544468513571021
-2.407149828426932
-2.7545877090468074
-2.4084348435252374
-2.3765577191256524
-2.468043212678336
-2.561121709553746
-2.6978345711962453
-2.3589353792069105
-3.2661937588674688
-3.912064376284655
-3.8092192239908496
-2.252022783647428
-2.9851819924549137
-2.933611659149182
-2.8313859398337633
-2.8747632991434844
-2.847430266570473
-2.9333707674939804
-2.760160609315102
-3.0375701256593906
-2.3265737090156566
-2.575798367981632
-2.5552273445530105
-2.4936373006629933
-2.58973244166284
-2.4105525866614816
-2.612885344684735
-2.5264346238749615
-2.275844795755353
-2.486943556357784
-2.697957642491406
-2.788769121069098
-2.751990159162855
-2.93905929625514
-2.69471448191204
-2.455704659413385
-2.639726107262242
-2.8156313637668835
-2.679213513744614
-2.6007353496218704
-2.6986413452814104
-2.5634621534523463
-3.027597061133685
-2.7755273592215306
-2.8334767342739124
-3.0350737138920825
-3.0388519061912302
-2.7544013831062255
-2.6387068105995977
-2.583743220815978
-3.0405848501609087
-3.187172883291635
-3.039102648312458
-3.048590011448689
-3.0338359906012142
-2.7965596331902707
-2.759950515387162
-2.8625842243830895
-2.724766319089542
-2.3854359198079247
-2.746962882021377
-2.428698684767574
-2.814233816016054
-2.515867584026552
-2.6878290718419877
-2.8947250544503844
-2.3158564136776416
-2.144458968411756
-2.3798920586117753
-2.6586970047177063
-2.684118848569631
-2.738029156919076
-2.997152941870161
-2.7068029499543327
-2.1590734085664045
-2.9545309152345
-2.448228378007049
-2.5133030850782854
-2.5538237353522857
-2.2193579721643086
-2.9147259667163685
-2.800419289758058
-3.567679152848936
-3.5803189064941474
-3.521903012043176
-2.785829603267799
-2.755707061431372
-2.6618497786247683
-2.6593826043757613
-2.703191079945851
-2.792028848382966
-2.627461062668731
-2.611151234545253
-2.4686571216606477
-2.1493971842155313
-3.3356688900353304
-2.9660789710462074
-2.457577617968967
-2.445352920592544
-2.3726803894702946
-2.3485866021197763
-2.3752959492546193
-2.3730593824692163
-2.793743483680065
-2.3376689499896934
-2.260498942415916
-2.9905722728442026
-2.8477488703669906
-2.1594714988684345
-2.187483320543918
-2.450932985668165
-2.5220292435955716
-2.5183251588311717
-2.39621659044413
-2.206845008420625
-2.109020109381958
-2.1461343705470957
-1.936822841730866
-2.1068066423737304
-2.0617962186724736
-2.5444546292255867
-2.6154154096386852
-3.0747899416922695
-3.4652103401566747
-2.7670536704856463
-2.6030462911195267
-2.546914686604148
-2.7438244194736394
-2.633809756353964
-2.3096376628462454
-3.200499360549727
-2.5211858989804443
-3.776912878096884
-3.7988850644045296
-2.5208154783825565
-2.5917148848641514
-2.5490245174113033
-2.463413385096511
-2.5682737052849105
-2.65367266678686
-1.861929360955432
-2.7501999569352735
-2.776902218509848
-2.488729026213154
-3.015446327284133
-2.543415891352341
-2.5317557419235928
-2.5390401105843634
-2.8509406156701944
-2.506365722873363
-2.7828981823884087
-2.2575119611276153
-3.1473872488019525
-2.8095043032329645
-2.515097873676398
-2.1848929844728247
-2.702020368136977
-2.5758717094471018
-2.389223453205842
-2.433078712625606
-2.946244851335876
-2.9925662889527556
-2.8617348902356303
-2.882882139658887
-2.8271145263436144
-2.755652422710005
-2.9829069218327224
-2.3510795236230595
-2.399710344113576
-2.2651119059018496
-2.5472208188806604
-2.6532512979085587
-2.781753843740765
-2.7221219682338136
-2.931586912845501
-2.534942357053671
-2.6460229944430314
-2.825463304258828
-2.6721053245199577
-2.1310620412684673
-2.309691695260803
-3.1838857291070912
-2.1958820235043275
-2.743928428426692
-2.711499882838708
-3.2484791050410644
-2.394288741757092
-2.606060142857627
-2.7262704163336706
-2.258238489594666
-2.8399658209027954
-3.1366574552987996
-2.885036143881902
-2.6165620242708014
-2.653008377378002
-2.528801476883649
-2.373336948129146
-2.4436345115074514
-2.6242178730762515
-2.471896120675456
-2.755987732863169
-2.850310738367761
-2.769497527691069
-2.4693729543907366
-2.5631767011364297
-2.9484220800736
-2.863558722263467
-2.5195953974039202
-2.96120982662372
-2.7548554694834975
-2.1042649211795283
-2.8979652317913724
-2.8456316884361956
-3.2717902712233347
-3.1304914610298153
-2.692195475873929
-2.4338102971771183
-2.819759271935671
-2.9099256895759873
-2.7628830678053116
-2.809356940212659
-2.1701885998208263
-2.450382799345993
-3.179606550004332
-2.592384756815209
-2.6791607874382266
-2.6996919649040345
-2.274735059198891
-2.8104360398932644
-2.8612470715103155
-2.8913625646809193
-2.8603519988842554
-3.3376268311411006
-2.8384547600232497
-2.274430234247912
-2.7868282853418194
-2.713532811426425
-2.960850430914159
-2.3032152239723263
-2.2060989036262364
-2.4353542861014557
-2.2164991731307153
-2.5663725028722943
-2.5909976712275986
-2.451574073390624
-2.448419538642273
-2.3169698042829867
-2.3374213797088235
-2.296830395334649
-2.4683218473158557
-2.5805722431628846
-2.2633338424819947
-3.2282202247716127
-2.712574606403203
-2.6617113773017262
-2.607865097422416
-2.597920044540924
-2.5887181359311717
-2.892133343592851
-2.5289479540332622
-2.7091786230710015
-2.7597802350008647
-2.671911753024388
-2.9418590952784465
-2.939191139284209
-2.9433861345934647
-2.3384003982129133
-2.022649721816979
-2.531258792465821
-2.3340064792798527
-2.902506591646374
-2.8972976864493796
-2.913417478979358
-3.006298415702198
-3.126269890373109
-2.310115505544389
-2.784191753038689
-2.9337059618724646
-2.5172112095142
-2.9752949795615975
-2.0897575760458484
-2.040252411317234
-2.087317347640421
-2.346146465263736
-2.5511369468710083
-2.2466406921774524
-2.306412263989242
-2.2839006993738575
-2.4359872972189267
-3.04178087257062
-2.500354339722354
-2.595713260352841
-2.740734258954158
-2.666719659317326
-2.46569931166168
-2.422776220098331
-2.5637898029452137
-2.5250840437250117
-2.672432748571216
-2.671691909798093
-2.341929951422745
-2.041307732238582
-2.2009914789119422
-3.0215868304579967
-2.270293891634438
-2.408333895588592
-2.478846330239381
-2.87790114547094
-2.885614277606906
-2.732590373571261
-2.9994705858744917
-2.375841666567061
-2.305239950544341
-2.451242619308146
-3.1140158830479177
-2.4805212651505557
-2.7869545137072276
-2.764417709520346
-2.43341749951331
-3.2849000598411413
-2.829560982949348
-2.8880652058787053
-2.7182419236947215
-2.6877885625186426
-2.803558406847201
-2.7974306960252537
-2.861537775634096
-2.5102070208258493
-3.2216053196357683
-3.102321635016621
-3.1461893712694096
-3.042130118754233
-2.5828045957873242
-2.5484625092827184
-2.434133433824825
-2.8225309072729385
-3.0745366370720904
-2.686608961104595
-2.30671031952067
-2.792645303665073
-2.564772498997284
-2.3840189181608316
-2.76315903565275
-3.2488144061357938
-3.5118310927363665
-2.475409803122202
-2.414274043870296
-2.6743790622371026
-2.6800255844064695
-2.2779350564789733
-2.391128725779311
-2.433294328443018
-2.6983144446113982
-2.804627725723633
-2.1684751689561437
-2.2536377293784553
-2.7133217081993006
-2.592372527251319
-3.2253850292523953
-2.5089382648581613
-2.5925580216546154
-2.7761822076107863
-2.7901960974578164
-2.4791152519631248
-2.517164439405136
-2.6249913035859844
-2.515822819454639
-2.569994036931408
-2.5997180557910795
-2.828754926034068
-2.2080580609196447
-2.4792266856591616
-2.660459157486484
-2.582597983915091
-3.2791129494115565
-2.4958521084272642
-2.707652527153736
-2.6173718815059277
-2.4069523195085565
-2.625584056923029
-2.3850571988692946
-2.8022381908494665
-2.647685680792799
-2.3032487590434
-2.473899722544724
-2.4188815845884566
-2.901849502275728
-2.7201009261265154
-2.4001943627127176
-2.2797578685056457
-2.219994465894406
-2.5281990279959015
-2.615097099967915
-2.8747550522559657
-2.5584244257657094
-2.509125807657693
-2.715480205404021
-2.7705837775358746
-2.4657670986158036
-2.6020422380558017
-2.2484192268997054
-2.7285546663017173
-2.664869795365107
-2.7809628757625973
-2.595200292391438
-2.749345714006622
-2.279895087996553
-2.3357154239264144
-3.1203252257451113
-2.770907065495562
-3.4692507564613426
-2.328805937448969
-3.052546298970757
-2.408770254097102
-2.717856312941197
-2.418839503305866
-4.482964028261873
-3.442028449736023
-3.4764291842314456
-2.4111432199353637
-2.5849107320865423
-2.3464258184936253
-2.5134634827017095
-2.428135987120451
-2.353478537404621
-2.770568972993589
-2.709412153284534
-2.3958254252323643
-2.678885800105468
-2.543259383012258
-2.436443908346988
-2.7796878539604997
-2.6301117629596327
-2.205025777904913
-2.425183699645737
-2.425033315161274
-2.3569005357041495
-2.3545143466150105
-2.3222017388381633
-2.429891720395503
-2.8960795766099627
-2.7340253002143142
-2.8373492855419244
-2.8836865997138883
-2.9472415241587067
-2.951754511694459
-2.5593961052746943
-2.831821307300145
-2.5925721602695404
-2.3034340822390007
-3.474907270850528
-2.790533423463937
-2.2093317380005173
-2.991610786247525
-2.264382785432762
-2.37159258786543
-2.189369704624808
-2.2550543401062297
-2.338435647805953
-2.2041227343449896
-2.899037587198733
-2.5379018039188597
-2.284094082292991
-2.9933672099840423
-2.9210528494793233
-2.90764503797122
-2.90896034645076
-2.917535301915518
-2.8530846113899315
-2.8530846113899315
-2.860429931618956
-2.850326808925637
-2.880084507617392
-2.7894860946250337
-2.8148462111042094
-2.952286724283753
-2.954893711118761
-2.267225117205519
-2.4537447471328426
-2.2670414191089416
-2.4414121954035717
-2.424109066344054
-2.349751876111983
-2.5089805281531286
-2.46977760057351
-2.6476900092244513
-2.788628527321094
-3.6242995933942495
-3.754449760691111
-3.525791577748644
-3.5533845320424007
-3.3120691578845327
-3.0209420728498486
-2.8347788990976857
-2.4056444044929357
-3.1205938939842914
-2.20637573322732
-2.793960966979055
-2.7033804758331703
-3.0239966226244297
-3.0470270887380178
-3.115660239880423
-3.3578537264212422
-2.741573327045018
-2.561317660346836
-2.548352529015105
-2.4476320182191125
-2.106644384690555
-2.2712649465587114
-2.4269355644218806
-2.4822283492969315
-2.446423443389983
-2.2635341385586605
