0
-1.2436297552835474
-0.9991260456898979
-0.7276445058562926
-0.6429126981109392
-1.3216443341569166
-0.8738261001515035
-0.8994210150786158
-0.8428188009538574
-0.6216592745307278
-1.3298653745772835
-1.3448565518143563
-1.487544901553217
-1.1683565751818699
-1.3783520405248275
-1.1583465446145578
-1.2038278231200743
-0.6238011910927324
-0.5749944279898868
-0.5680503329433667
-0.3005918505755328
-0.3335321331142602
-0.5865989991999522
-0.6078340902580673
-0.698244093066514
-1.2057495731412786
-1.31297616597868
-1.3436213110838056
-1.0926273340265922
-0.8452408263243001
-0.6818079854536051
-0.7627421962685396
-1.5716487663569934
-1.2186149792002121
-1.1699049390355256
-0.9929855138467729
-1.502165468112381
-0.9293076731513097
-1.0293427681845286
-1.1338143037593853
-1.106424712819433
-1.296890977800171
-1.3540372574341053
-1.1698121089985962
-1.1197364249242816
-1.1770932537687262
-1.279937615056129
-1.4236334143514748
-0.9641890980741116
-1.2409491726894137
-1.1150528492721175
-1.689397078541202
-1.1482025672860234
-1.5715040521905062
-1.6286020167051471
-1.3642806846639932
-1.3765179733194903
-1.0955929599808336
-1.4976082482998703
-1.3619566335344642
-1.3330263383583305
-1.3299776136998955
-0.9512375699318654
-1.0535456408897539
-0.8207584193909638
-0.9049025721993941
-1.0130206837948732
-1.3596882549921152
-1.025865625655996
-0.9275584023344515
-0.9168300949462985
-1.00279266198669
-0.6430956793638072
-0.7835952089819636
-0.7961824602273961
-0.9236994412005198
-1.3464264282708864
-1.077352355288271
-1.062989903182786
-0.644200390892141
-0.7249127002680006
-0.7726494849007514
-0.6796224830841451
-0.6213573339272127
-0.5590785989723106
-0.8398340045530732
-0.7744370144661823
-0.6534769375384264
-1.85634052987871
-1.8465443483926103
-1.6815851471094583
-1.5619698530254111
-1.7205582379925515
-1.255927461270858
-1.0734166879284686
-1.299405975163877
-0.48913137489321323
-0.5415540518836363
-0.2577691539298239
-0.47280705331320555
-0.8322082084108042
-0.9259994366452279
-1.04172953974998
-1.6377199402262912
-1.6231395684537087
-1.2519034987579838
-1.3695886317110864
-1.0396309785259308
-1.1310539125464374
-1.2166306915905454
-1.152918901199785
-1.2514984140443004
-1.2295504073563364
-1.2132756073735798
-0.39965087823128004
-0.3971031457902367
-0.4543922681620815
-1.3929713819928689
-1.3514683710149633
-1.2840946910946827
-1.1548757162637826
-1.2996496114001073
-1.124696206154201
-1.4549449065580071
-1.1048108767849398
-1.3489317733995345
-0.9451047218156314
-0.6499722417658631
-0.5344132316148489
-0.6889392097270941
-0.6995632626279839
-0.5622904077477485
-1.0293487372231103
-1.5761228249464365
-1.401380962664116
-1.2570896549355424
-1.6319357524950246
-1.2642238475285588
-1.0271415900664735
-0.6755785207132695
-0.3483204807521121
-0.2296884289841029
-0.25839322444881513
-0.5550390281112297
-0.5557598000112525
-0.6053043368254439
-0.6956469231732676
-1.3851304320180848
-1.5132463385907549
-1.9553011462789769
-1.9526599653285925
-1.6960194272358915
-1.1654732916031665
-1.351618277739556
-1.4051766767219704
-1.1793134243159364
-1.0005559925114198
-1.23366969271648
-1.6923765394718628
-0.9731076413450293
-0.9352891258235422
-1.2195017643121209
-0.73079190247635
-0.6799835607690372
-1.0773890864157742
-0.8284961603310539
-0.9614797111410782
-1.5572824580145797
-1.578499026066487
-1.7526583090822268
-1.8394440907444405
-1.8569172679041472
-1.7222220318380175
-1.692225670450823
-0.4688490480595714
-0.340297646425011
-0.327558793622696
-0.301717991128755
-0.4670018529467637
-0.9527510431361726
-0.5559277426281451
-1.0985973442099601
-0.9768173657660888
-0.9337059068492884
-0.9337059068492884
-0.937852665458408
-0.9557026875186861
-0.9440203949154519
-0.9187150844182866
-0.9401461558954511
-1.1878958424107715
-1.2615578826763512
-1.2736969306503585
-1.1097206182991999
-1.297206715830301
-1.2541840182355406
-0.8553855840988887
-0.8279034014460679
-1.3598168901980898
-1.1478852395404195
-1.098425732187105
-0.5490689337359999
-1.3382183853317322
-0.5515432326104407
-0.9009989231134098
-0.9610265712126251
-1.0568937133660967
-1.079524339126375
-0.8700756530317195
-1.4036082819201847
-1.2369835957485396
-1.4689953698897744
-1.3737759371485716
-0.8132984363830945
-0.8903823248795607
-1.0941219050481812
-1.0876981719682124
-1.4308780094634537
-1.5221649337200367
-1.4954606984787588
-1.5413390009066925
-1.3566959990895218
-1.3144552284570612
-1.3234675012443202
-1.3044037420030858
-1.4932602870972782
-1.6554550498145657
-1.6077475554016358
-2.1434948310368815
-1.9653847776733637
-1.3595810538699207
-1.2983839131229133
-1.186707734170933
-1.2916412673149391
-1.2466268132319003
-1.278291637871572
-1.1219329970452068
-1.0651635362253344
-1.3971076984363522
-1.1682193383000226
-1.1536281043480916
-1.1221901690008687
-1.2008833177352023
-1.1027684441908028
-1.0503665058497744
-0.8938272545516487
-0.9744232445610184
-0.9281502907107063
-1.072423966360052
-0.4777002802154083
-0.559476337318787
-0.4254479325426591
-1.0892622582801106
-1.610987465923237
-1.2278988456554276
-1.1781652298695324
-1.5301406788713394
-2.0118615708951944
-0.5977632992617236
-0.6908467871603464
-0.7290234614327642
-0.7673879206073227
-0.9714080739882979
-1.0991273407237179
-1.127615334859951
-1.1226281558686175
-1.16915978197421
-1.1038332395129171
-1.1175480272360327
-1.336467441506897
-1.1162435903991073
-0.5582046731486011
-0.48460223476664605
-0.6883159049021089
-0.9047583331610125
-0.8552810833766059
-0.81148474062026
-0.9287749197218381
-1.107720926126202
-1.1137650146450147
-1.1137650146450147
-1.1137650146450147
-1.1095355423895483
-1.2783504949561049
-1.5794647615335797
-1.5651249963389409
-1.5721012192879062
-1.5721012192879062
-1.5697329880145179
-1.5789305305231005
-1.5748320274908318
-1.5748320274908318
-1.577313786407251
-1.5716092441979144
-1.5763953893132583
-1.5768509977648855
-1.586974628542874
-1.584065362378958
-1.584065362378958
-1.5781786168729734
-1.5717428269437135
-1.5732005720569764
-1.5732005720569764
-1.5738966306771291
-1.5738966306771291
-1.5738966306771291
-1.5832141603508552
-1.5860016229035367
-1.5860016229035367
-1.5860016229035367
-1.5905686341955159
-1.5836508601543398
-1.5836508601543398
-1.5836508601543398
-1.5836508601543398
-1.580734278513156
-1.580734278513156
-1.586471793866724
-1.586471793866724
-1.586471793866724
-1.590483724869321
-1.590483724869321
-1.590483724869321
-1.5927949095870104
-1.599016592496043
-1.599016592496043
-1.5902013925356642
-1.5902013925356642
-1.5952961843405116
-1.5952961843405116
-1.5927298155330725
-1.5936673241841002
-1.5977356517651045
-1.5977356517651045
-1.5953930262732565
-1.5953930262732565
-1.5953930262732565
-1.592524421380931
-1.5901336941139224
-1.5903312814259267
-1.597096495539995
-1.5929721835030706
-1.6294722148833047
-1.6294722148833047
-1.631592076398332
-1.6380257279372374
-1.6471405073809107
-1.6480851876600793
-1.6459146107591307
-1.6482922183756141
-1.6482922183756141
-1.6483244053366004
-1.6483244053366004
-1.645072809396883
-1.637775420032134
-1.6334678288626476
-1.6334678288626476
-1.6288906492620998
-1.6519959019034418
-1.6519959019034418
-1.6519959019034418
-1.6572088449859355
-1.6532069812714743
-1.6502546560649596
-1.6502546560649596
-1.6502546560649596
-1.6492186707512821
-1.6512790829641886
-1.6512790829641886
-1.6512790829641886
-1.655130472903355
-1.663292723415296
-1.663292723415296
-1.6627545677876718
-1.6612298355858979
-1.669345289882707
-1.6701430903471626
-1.6712739637341139
-1.6768271331513054
-1.6768271331513054
-1.6808294872864291
-1.6915582251000254
-1.6915582251000254
-1.6915582251000254
-1.6857294219467
-1.6787630760625871
-1.6787630760625871
-1.6779871970123392
-1.6801706536298842
-1.679249859684682
-1.67846831014423
-1.67846831014423
-1.664240972144365
-1.6655046398898243
-1.664976593558717
-1.662869938334604
-1.6648626936945545
-1.6618277222165698
-1.6614518705912922
-1.6587713407867801
-1.6592706942445934
-1.6592706942445934
-1.6592706942445934
-1.650317116049458
-1.650317116049458
-1.6545575133043573
-1.6545575133043573
-1.6298287543364727
-1.5914629395843758
-1.5922879164521555
-1.5968706314861592
-1.597711527053435
-1.597711527053435
-1.5958879875215606
-1.610186595615213
-1.610186595615213
-1.6096137381651636
-1.6085954890745295
-1.598479165480112
-1.5980502542242343
-1.5980502542242343
-1.5980502542242343
-1.5964462293540471
-1.4859129644661297
-1.1604008513172404
-0.9414033515767268
-0.9744908860508094
-1.1112747286158726
-1.0616918442539185
-0.4196111786220962
-0.7130635573887387
-0.8506413940155307
-1.2279354000221
-1.2752550626485595
-1.1817036191575399
-1.0551194667495838
-1.2386028177509936
-1.1903718698971166
-1.5070263131081956
-1.4908374114886007
-1.4699245540654045
-1.2229818639505565
-0.8712287372579446
-0.7739513023192882
-0.8372349526895244
-1.1069823068383073
-1.9766570025370118
-0.8425296042835688
-1.260337731968326
-0.9881462623416781
-0.9137431414319741
-0.37172666330836823
-0.3097846469504305
-0.3097846469504305
-0.3097846469504305
-0.33513957215749374
-0.33513957215749374
-0.29960190832549655
-0.29960190832549655
-0.30979765994502856
-0.30979765994502856
-0.3866213509124657
-0.33663429052262767
-0.353102324495082
-0.34889374212968965
-0.3290226610829958
-0.4668098081008273
-0.46639571431482396
-0.3372247164783287
-0.3372247164783287
-0.33845683955130246
-0.33845683955130246
-0.33845683955130246
-0.33201105396030695
-0.3289978646603191
-0.3289978646603191
-0.3289978646603191
-0.33298828249627616
-0.33298828249627616
-0.3268267476298629
-0.32841390752968913
-0.32841390752968913
-0.4334112764728882
-0.4334112764728882
-0.5215282800930677
-0.5889838272715289
-0.46966676029820204
-0.5375831081116863
-0.6997633779863747
-0.621036934300036
-0.7301015023053786
-1.2551148069521
-0.8359028415971409
-0.9343574074788812
-1.0987940507848397
-0.6618739070118377
-0.44829610251592933
-0.40939614622432535
-0.30108587437828777
-0.33906786146436113
-0.020188465342263432
-1.3391191985458455
-1.3105473949195847
-1.1753190504345046
-1.2579446400408656
-0.6579090478232602
-1.4990501766086188
-1.5013643578817504
-0.9936910173818005
-0.9693148966108376
-1.1035129675251323
-1.162971180919081
-1.1960217498571102
-0.6569503303122998
-0.7009564378839906
-0.5118562900677444
-1.2872315828202268
-1.2180094818906548
-1.2051534283718306
-0.8892300239498917
-1.333077272858918
-1.3070003806315311
-1.3552571387392458
-0.8401276899251565
-1.703587371941437
-1.2747463679544544
-1.0183812033407849
-0.8114991217552769
-0.9716681783142986
-1.0092123796908414
-1.0785122744294087
-1.3071527696660066
-1.564633307739643
-1.416817444867729
-1.1749442565900259
-1.1092244619024443
-1.0148527038652522
-1.546095837209615
-1.679852420327898
-0.9067887148579494
-1.5753465661908101
-0.69053510646933
-0.7694200017207611
-0.7707155131388251
-0.7933463721286264
-1.0843425178015442
-1.4926673497417602
-1.268217142358941
-1.4779955198289252
-0.5436772655572791
-0.9965824830963448
-1.2511352711374033
-1.2954481019483997
-1.079232335639106
-1.4750656924143233
-1.5633965672449648
-1.1048015673116982
-0.9676448091429826
-0.6979426909114423
-0.9132838426116253
-0.9222954228783923
-0.9220231988625092
-0.8020850571201014
-1.4372828412447676
-1.4827979602305688
-1.1625032616696218
-1.490560238911627
-1.426764790067713
-1.4031975869474
-1.4671579606527023
-1.0878567805799204
-1.1050838610234093
-1.0879992179205482
-2.3050764543743107
-2.1253207249565182
-0.912432580077118
-1.144340387246323
-0.6575846403288951
-0.402702664499995
-0.7897078440526908
-0.7814165953846406
-1.152788529610602
-0.9738724462590991
-1.4274957988741643
-0.8881069565134194
-0.9373856014520172
-1.2067214760391216
-1.6190820151664682
-0.9894881916643524
-0.7720754908441149
-0.8923142931307366
-0.8775848843585636
-1.254158370306878
-0.8107307458356088
-0.8535135538157587
-0.9231904484978288
-1.3860180536668736
-1.5143145492665289
-1.0375457874234153
-0.5166862709133294
-0.5723219673263886
-0.6917480009168808
-0.934584582373714
-1.1412160764235426
-1.3220219068514825
-1.4054124440596352
-0.44702756069316896
-0.44690411122609897
-0.502073837421351
-1.1590386184274977
-1.1476350007504643
-1.1147092008183306
-1.0148109035043706
-0.8848945604410199
-0.8451553990344525
-1.500328735389072
-1.0333654653124993
-1.957030760889619
-1.7181170874047726
-0.6610052398155639
-0.6846524695203602
-1.6006114535809224
-1.4688603606948802
-0.4328746753788619
-0.6779072384124741
-0.5695583558593388
-0.5149121832305361
-0.7165298016907464
-0.6636439116176954
-0.7124689051439478
-1.1091477267749659
-1.108973137334714
-1.138709981022557
-1.6725336780898563
-1.5696110284744367
-0.6858721822655964
-0.6548360879586042
-0.3807392244953885
-2.4985034710821115
-0.6928244055649699
-0.6854011055467323
-0.912569783741502
-1.3909149335787674
-1.5367201629848097
-1.0145249501984057
-1.1885881232987805
-1.6593853249582218
-1.7050425401032598
-1.775055673481464
-1.919736899184018
-1.7788772857669772
-1.3771261098718413
-1.2573264700551732
-0.8173830223204573
-1.274150275352016
-1.2602120343567862
-0.8429995990142275
-0.892159393857263
-0.9100082497335784
-1.9335782503699395
-1.257897080373938
-0.8043781613235702
-0.7816498366389714
-0.7174109485222728
-0.8198918186532698
-0.7328925368533866
-0.6189431494878559
-1.3619539906551679
-1.3866796998400215
-0.6417445852491754
-0.8238305628963
-0.9790146120440203
-0.8569544467954302
-1.6418324171118757
-1.0377467000364884
-0.8040232510368711
-0.7610983361409797
-1.0130624605638026
-1.0443556639787843
-0.9574334354155485
-1.0579855566485372
-1.5159390939028994
-1.4941202659781379
-1.177882308868661
-1.0632363667595668
-0.6862713626326434
-0.9090690398149102
-2.162787642213352
-1.590647991986503
-1.6175028853799254
-1.188745116406166
-1.7344756340486263
-0.9950260188092453
-1.0352135922411296
-0.9958309614621534
-1.2854278029900343
-0.9544793272674457
-1.067327915170829
-0.8028100648509251
-1.0394422146222235
-1.3480239370726077
-1.2224120369675868
-0.9714911622537442
-1.3513681874066854
-1.2851857820963837
-1.2579921292673364
-1.2277570951805736
-1.1584706317332576
-1.1206218632907392
-1.4709783331070558
-1.9028705845385863
-1.030669524548318
-0.8259946317752465
-0.7749699011940393
-1.3605000834709922
-1.3039824035273586
-1.3011248469701566
-1.5097455743460444
-1.63323837920593
-1.5578497822244597
-1.5522447217223216
-1.3362915603555365
-1.0352097925188757
-0.918744542646979
-1.0201957491592344
-1.0155047378767663
-0.8602560739648014
-1.054647904123709
-1.0384908123186327
-1.0507754847699495
-1.0941348770149057
-1.0403877816893305
-1.1258811524217822
-1.0332034160722867
-1.113452325588328
-1.3558710636657991
-1.2523334124263876
-0.6422606040556411
-0.5935379684513176
-1.4930626454328169
-1.2274117691929967
-1.1110993874643162
-0.9438967936039254
-0.6772005142163806
-1.1082380227976902
-1.378445007481646
-2.14438404910786
-1.2480485541456001
-1.2781943604050363
-1.2626969671089827
-1.0418336468661544
-1.0181275418333797
-1.0183453444012065
-1.1339128348758218
-0.8901337932516655
-1.0496385963602597
-0.9193372922369839
-0.9899781758550268
-0.9093316852005702
-1.148046986550742
-1.2366596188576648
-1.05301711997271
-0.9400455233843674
-0.9445896137144683
-1.1315560448090756
-1.1861648797425233
-0.9951638622128738
-0.66377599917362
-1.076908931295945
-1.2293343110419837
-1.6558561081497896
-1.258585514832204
-1.1692802884566396
-1.570334174035332
-1.068745971822728
-1.2374724830523687
-1.0999261896382546
-1.1185628584520289
-1.2405568171813992
-1.0080101910408488
-1.0383407010031651
-1.2014396694423568
-0.9376342628847387
-1.3743944330330522
-1.3073720371394044
-1.3997990467948669
-1.3481383623711338
-1.0052783423639662
-1.145589326475879
-1.2603754569162113
-1.3227644370012055
-1.6261752588324445
-1.517790416040867
-1.1842591859289868
-1.431836076670147
-1.142941244814603
-1.4067507035517801
-0.7559836363042223
-1.0000715269044238
-1.2519202346628433
-0.6628673035930956
-0.7936419726641244
-1.1556902939484046
-0.9231013384193185
-0.8236808313900823
-1.2526653098306466
-1.3404453427344032
-1.3070902766191423
-1.0114902795991694
-0.6612096751974886
-0.588591184914369
-1.0976602876869705
-1.190170806211436
-1.059231102449979
-1.059231102449979
-0.6479257595564496
-1.2460533441271953
-1.2512599609817507
-1.1721377243008273
-1.066463572555856
-0.9767906407728113
-1.050585695806191
-1.0787580451690546
-1.590805892970001
-0.4713578316196781
-0.9104242524681958
-0.9786762961857899
-1.5403445393557285
-1.3393150657979302
-1.5020816358184086
-1.1417655514512934
-1.1849607926135668
-1.1687065668581933
-0.9776699176814191
-1.0130630398865204
-1.1198481447173598
-1.2481807917181265
-1.2603041236968668
-1.0714538379839296
-2.115916333346951
-1.244970553485348
-1.082342616593023
-1.3452086585782423
-1.6282033803329066
-0.890349725640042
-0.976720819789295
-1.0946439873662879
-1.392562903032383
-1.3645499301099746
-1.0723125683586643
-1.5192528404945673
-1.0211913856736852
-0.6117745593189805
-1.4146561947502196
-0.9232492877420225
-1.2531061763311546
-0.5924015616758963
-0.6183832345577136
-1.0694646301355437
-1.0667442052182443
-1.0566993966296152
-1.1213274908144417
-1.430053343090739
-0.932942212224709
-1.046869995031372
-1.3865561308558285
-0.8739361949277971
-0.8689442866714809
-1.640069356800969
-1.041045261073873
-0.9953950828913825
-0.9169873539794101
-1.466948152897193
-1.0167060796156349
-1.898245698202406
-1.3076026554065796
-1.5051571545895157
-1.0134574906877267
-0.19483953496972684
-0.24376201620237276
-1.8232479465006461
-1.4605600519578161
-1.0446057970814104
-1.075687862793395
-1.1784474989514333
-0.9569388794785546
-1.1164464914477723
-1.1482530183028623
-1.973066351252327
-1.035003320577052
-0.8133022179021804
-0.7867491722996712
-1.3606287510187727
-1.3406698793168643
-0.7177256007115684
-1.1186270998377998
-1.2750105343403169
-0.9167421266984118
-0.5065548926141868
-0.499411629419851
-0.5405493667359579
-0.9443537974874111
-0.9305981249592234
-1.5317107279820956
-1.2786584428090988
-1.2766070659816358
-1.3457490410235273
-1.119653518658029
-1.0787566609500834
-1.0463553594217243
-1.0181626943690818
-1.1112147693766579
-1.0765029363479184
-1.3461621169946372
-1.561794486992696
-1.561794486992696
-1.5524268981076077
-1.5524268981076077
-1.5524268981076077
-1.554094612412822
-1.554094612412822
-1.557811600901862
-1.5595609367670011
-1.5535680396791158
-1.5593023717571044
-1.5602903785200701
-1.5785196381060302
-1.5792937420466902
-1.5792937420466902
-1.580865139622737
-1.5709237376858758
-1.5641567890961836
-1.5641567890961836
-1.5823890318357943
-1.3670772627007062
-0.5194742441819996
-0.47749810359572026
-0.448603889936779
-1.428219535650149
-1.11357500691769
-1.171276763197054
-1.057763500752903
-0.9762519195120016
-1.3280565212633169
-1.0195336034580837
-1.2705354535339601
-0.9142423860718965
-0.907385081065559
-0.6748953720848979
-0.7758650672801596
-1.100666050274799
-2.2720604715841923
-1.878040614908935
-1.1587459535704163
-1.3851627071399872
-0.9429210204388676
-1.5216727204930103
-1.4332297480633212
-0.8474253426848012
-1.1932364189733977
-1.4809272417428283
-1.3172782215958225
-1.3130551301963949
-1.5990540754823521
-1.5942850978180299
-1.6990093293093782
-1.9608975426983302
-1.4542003813831827
-1.0912250475192138
-1.2610322215632006
-1.209195149538178
-1.1305765931278091
-1.1526491915862527
-1.1116426881667432
-1.4227459583017228
-1.2099241124038136
-1.5743498858841634
-1.5934025485269594
-1.0815711032749584
-1.107843354080199
-1.5677149402153339
-1.3920626959482132
-1.1337814185083073
-1.416218181996882
-1.141781922110048
-0.9234451922895961
-0.9454775008067333
-1.2408996988147722
-0.8788193549794561
-0.7449535042723231
-0.7179328362554341
-0.799298088517116
-1.1339110874510336
-0.8530628977683812
-0.4171595215368732
-0.4089060797778915
-0.380651000051281
-1.2764475672865252
-1.6410502654917218
-1.2494479828055562
-1.2051257692577182
-1.2663075188578987
-1.9045976121883827
-0.8262193663103796
-0.8245694316108433
-1.456866757753157
-1.20116194204121
-1.4931058127104533
-1.0790201848680316
-1.3520531437843597
-1.6154353924643743
-1.3515201946250661
-1.026721909928738
-1.5368473819327337
-1.2560046189340102
-1.1194830401247795
-0.38241241138526677
-0.6540804618125293
-0.4761654107334845
-0.4843859575179865
-0.3479489963798603
-0.26246495460196856
-0.1719175967613849
-0.1848820128925589
-0.31067172818831074
-0.3224022889071938
-0.6216672909635442
-0.6115153932400124
-0.642294492030252
-0.8970746796574829
-1.0171020273593747
-0.8909675775792877
-0.9205220152543319
-0.8510465295713541
-1.09137919695832
-1.0497233563526254
-1.0506972883669718
-1.3413596154412546
-1.1503301238775816
-1.2240788117303485
-0.8901140141714907
-1.0021653008446878
-0.9360588653410443
-0.8741194521380019
-1.5537304594498846
-1.6907591647253826
-1.4337610722740275
-1.6013097076745795
-1.9931208545174928
-1.4840266635238804
-1.528084741316883
-1.0043153283845048
-1.4772156947110162
-1.100655942298486
-1.520766460631397
-1.516351482010585
-1.1064965803841522
-0.846653077881333
-0.8530487121118593
-0.6860374303980844
-1.1735677645268918
-1.3715622692536602
-1.008279272917931
-0.9039317699517112
-0.8477672915950136
-0.9780837063019928
-1.0827247561115922
-1.11856898318602
-2.0496977838725723
-2.0559251248096824
-2.00190071758579
-1.344536338291316
-0.8532328416198613
-0.849119061939356
-0.7912109899290922
-1.5072813509675278
-0.991887968499381
-1.0320832809061609
-1.2483677175225512
-1.1134775968935209
-1.3738625566770057
-1.0540893084396699
-1.2947750304455725
-0.49929055801046407
-1.026696704681472
-1.0771736638183094
-0.8033587564842191
-0.7567560885884798
-0.854452646293017
-1.632753978430987
-0.7832229719394568
-0.8728369584412337
-1.4000237686315997
-1.3127686230907478
-1.0167800370933402
-0.8833565104039002
-1.1649437317815048
-1.32983373651277
-0.9877016408072152
-0.9547218179895717
-0.8103706831809293
-1.1429837335320856
-1.1657743842733237
-1.0419427814898807
-0.8219302416232784
-1.0428725035517827
-1.135351198288447
-1.294376179244914
-1.1920957263183536
-1.4143760086576906
-1.3074421666083536
-1.100029961738631
-1.2616093506118837
-1.1794624827472038
-1.1828770343252268
-1.130557014772596
-1.0665441577081554
-1.4561094490461979
-1.3511382592283843
-1.087348394482014
-0.808842974220615
-0.5387822029983873
-0.8318905474432992
-1.3068682267359653
-1.184013163346538
-1.331592732713546
-1.604279902659389
-1.0348998100124651
-1.0456780752902215
-1.0698361330070492
-1.3324714333598313
-1.3891057076365352
-0.8922999980320298
-0.9664018542568189
-1.5015143195546168
-1.135222062943597
-1.390636237534844
-0.9109066809333256
-1.1898029711373306
-1.3876144746585581
-1.701184076598087
-1.4602595192801262
-1.6262284299279932
-1.5107278546136684
-1.711423097280569
-0.8803322784523715
-1.1409091720467945
-1.042421781026691
-1.256651214930907
-1.4079266494268436
-1.329367448204927
-1.1652771439108847
-1.083565772870907
-1.176314189470861
-1.0801957136632792
-0.896182280055745
-0.8002229548126398
-0.6540940161744443
-1.289918376063944
-1.8987665113630594
-1.8087286724579512
-1.851126343611243
-1.9063408472743704
-2.0410705353062886
-1.8710701734175756
-0.3493151423676469
-0.6912965413648581
-0.6382411928092355
-1.4382296768542737
-1.217853723154808
-1.2206969988202543
-1.2593140813322434
-1.2319478250734006
-1.1386878533514602
-1.2361395842568148
-1.0921042707645299
-1.0136354569240902
-0.7462642712536367
-1.217106845928615
-1.3816790118915272
-1.1397077219636378
-1.1769996893330337
-0.8292953000269842
-1.296287759936721
-1.1400385581563277
-1.3562436879718471
-1.0350888218771341
-1.3300137652653683
-1.261304939491524
-1.4494005261169807
-1.4590497849026618
-0.9894542728621261
-0.5108072627091919
-0.6350245726290615
-1.0911206971357632
-1.2213129679032995
-0.6918692099288589
-1.5602485412571343
-0.8521031204532397
-1.452741539199318
-1.7970061199019378
-1.5209977178097989
-1.638546055912299
-1.159008984958139
-0.781305529735118
-0.7861118851447815
-0.9668418981014926
-1.095994022433875
-0.9703823043483343
-0.8529266181373462
-1.0089915722883085
-1.0954167872401566
-1.167623300754176
-1.0784361282253958
-0.229727304315654
-0.686941538582763
-1.0182044757291024
-1.0330503693660558
-0.973790596365229
-0.9904099612269787
-0.9168254622087303
-0.7929273729027082
-1.0618899123397203
-0.9303968851367113
-0.7674825665940415
-1.4619648729823425
-1.1140372158492773
-1.3540208454131935
-1.0621132974319516
-1.5024135813075465
-1.3627652338486311
-0.6997919793450138
-0.575637257611307
-0.6541065040527343
-0.6971986062629094
-0.6957244348781516
-0.704700776240693
-0.7883482868064275
-1.1161911278794203
-1.489281115828419
-0.8825099757579262
-0.8586519072567643
-0.8576996878249562
-0.6211225676544749
-0.6997761691658612
-1.1196233533510456
-0.7053045379000009
-0.8489692674462315
-1.2347728759348373
-0.9881775703232456
-1.214991347192103
-1.5600330758507082
-1.785471171402886
-1.8156883578374494
-1.3602779075154263
-1.4211334159801785
-1.0957644443170063
-1.3034682162675284
-1.4880169102121479
-1.481440543618016
-1.117226426608421
-1.251271847208534
-0.9172708040591376
-1.647586416003154
-1.521340101605656
-1.8428474308649814
-1.3261697801459094
-0.8969537367318156
-0.6787473208207745
-1.1899748899427143
-1.3401345699080816
-1.2749025613570033
-1.1576955796969177
-1.0470216512156951
-1.2237351814569863
-0.6700514054286779
-1.708694560849793
-0.8097449540757932
-1.3286677590145846
-1.2759355558961027
-1.2429923494002986
-1.3074451771877247
-1.3222536908801439
-1.446918612066671
-1.3783739803348871
-1.0961781732422171
-1.3526945629992968
-1.202889465382762
-1.2597869708801548
-1.315545844536708
-1.3170671156406895
-1.0006428827918339
-1.1759461780893827
-1.3628805625640765
-1.1445088975004214
-1.2030838917590583
-1.2313630903805863
-0.5793269273070214
-0.5836579474180951
-1.0304973855216408
-1.2911407613704633
-1.6984113987596183
-1.6011301197162073
-1.4471302617013602
-1.431938698685124
-1.4288024573098541
-1.4193773805644028
-1.3917262564441526
-1.613456363624401
-1.6194099899752898
-1.5421832579195554
-0.7979227054507184
-1.1958721052599497
-1.0799711635712783
-1.0791205710219585
-1.275705032308793
-1.085158210616704
-1.0984304369924012
-1.4954989866400332
-1.5864384135706284
-1.7020362299251213
-1.516433173468964
-1.7546909394658827
-0.864826531276083
-0.9259719914080873
-0.778323845102548
-2.0483173283949183
-1.407416400006413
-1.649453139891949
-1.3575267654140486
-0.9481403331011143
-1.1795496284999527
-1.2329400613441763
-1.3438207349735605
-1.2815224273977492
-1.447741294599666
-1.3583153185020773
-1.016199208072054
-0.9059571383792714
-1.542533663971992
-1.254312389111503
-1.5676508604449135
-1.5333247340267524
-1.4929810731775441
-1.412052546342773
-1.1935483985952464
-1.293229552780569
-1.2856268238247557
-1.2644926523274425
-1.1011991532779988
-1.1803188858898437
-1.092740327671101
-1.152454922671105
-0.8634937064308501
-1.285063654366994
-0.9750369060950108
-0.9242208488230471
-1.6176375511059262
-2.0997302485917224
-1.8135808822727062
-1.7190934651876837
-1.03273082380146
-1.2874333808945237
-1.1588225487779782
-1.4827353767078308
-1.417901850838161
-1.4118954838320414
-1.171818413421779
-0.9286024829317117
-1.1815551587977666
-1.3409788137045053
-1.4186975867386757
-1.684723157441686
-1.4529485087843528
-1.4217378898987785
-1.3346078238265564
-1.4508874383173043
-1.47959411008056
-1.2117807582161904
-1.042610068701625
-0.888081022308066
-0.7588537081732832
-1.0349550924132944
-1.5413357012746167
-1.9486978559102086
-1.5937743743802706
-1.4480680587894448
-1.3081635820572048
-1.2497741831701528
-0.8095846590795911
-1.5447464380719613
-1.678806441308878
-1.678806441308878
-1.6520639196669928
-1.7575242146584347
-1.59531463435251
-0.9487342924822875
-1.245710982563326
-1.1043033547103809
-1.0880466882879158
-1.0943604712721802
-1.2673885415069885
-1.1236150498278938
-2.1206793746576307
-1.959387743254543
-1.015653847338461
-0.5514349701730253
-0.5212520167141307
-0.7980238259231279
-1.0573001903495585
-1.1746182699500411
-0.8965118908176689
-1.1653942086883318
-1.4297197309231535
-1.240996850564797
-1.272174997840456
-1.135405408239237
-1.606688561364027
-1.4002905221895339
-1.2173973341812199
-1.3416363744712547
-1.520219024426602
-1.3103544323767156
-1.253464603074258
-1.2933094166841796
-1.383746753563601
-2.1380974808823723
-1.6799763233713925
-1.6544594278740454
-1.3406350166663124
-1.0328620339701087
-0.7976411426023464
-0.7248920458474299
-0.3948819590718819
-0.6222172261875385
-1.2120593400024962
-1.0542400433549903
-1.120176703795727
-1.2915724649877627
-1.3775077831951552
-1.3858018966448027
-1.008156300880392
-0.8325997255545078
-0.806087551563391
-0.7994609971011837
-1.6047140878505881
-1.3662064500774962
-1.113730755090419
-0.9767526365407928
-1.0392641755907817
-1.4570316012807996
-1.003327195873956
-0.7761518663258838
-1.1454413358122173
-1.0722604229100265
-1.252173786171165
-0.8408358049812972
-1.0644913783585674
-1.121744602771807
-0.9406001177955571
-1.646346344079561
-1.3501396981631721
-1.0245840444001506
-1.393695986384765
-1.394532423780517
-1.2855917950796618
-1.326406741138434
-1.519084498772819
-0.9711874798221585
-1.0144021969990673
-0.6998885711318933
-0.6008022688097882
-0.36727632120641873
-0.5046843936186042
-0.2616341479686145
-0.8390401503039081
-0.8127619762087229
-1.0983712727528787
-0.8278228180661994
-1.0604134583883198
-0.4984833447576522
-0.8878832853968835
-1.0837157704164178
-0.8848167913569789
-0.5536762589673102
-0.6146009824833778
-0.5517794165838257
-0.20687803297559262
-0.6918855950385442
-1.056873675827776
-1.22665120555349
-0.9865183181957643
-1.001581419637641
-0.49679392373051134
-0.46306211833828886
-0.38428701855284253
-0.6009186827499465
-1.5891063327917478
-1.6575571106628906
-0.6060679829383259
-0.9369702311803854
-0.2752097453849213
-0.80686005333696
-0.5740924975183785
-1.5661509389541397
-1.605850799202882
-1.5362600952550929
-1.1735990951105304
-1.0040011596566634
-0.5970312264802116
-0.7972066630371594
-0.8041412830561852
-0.827647272433833
-1.3675013361292374
-1.3334515815101335
-1.50964577860444
-1.320587180481149
-1.2158980269520776
-0.9768717498750261
-1.0252868383208236
-1.5873320659139494
-1.0688083466067788
-1.5008375836328212
-1.2664904030273998
-1.0383835759349647
-1.036114697195398
-1.2940556617757204
-1.1010526713996434
-1.1922627833226362
-0.9720440913027272
-1.2081946265860142
-1.32653490351477
-1.339729341004069
-1.0265962095952204
-0.7264656771717896
-0.8741017867268428
-0.4947229441722119
-0.9216059919562218
-1.3307948553260611
-1.339129402565696
-1.1556450857931242
-1.2545631709973828
-1.3290534761409398
-1.3183398069621377
-1.276201311098917
-1.3441789408795657
-1.4131787766330108
-1.4366785908408106
-1.1858847576699647
-1.353567905307301
-1.076773681952966
-1.2889370179381867
-1.5465535691711336
-1.3028579051531006
-0.8795042385549255
-1.0370008056705244
-1.0203424178019618
-1.5351224143756916
-1.1748094757347975
-1.4443513841810751
-1.595213537907109
-1.864707140197397
-1.859852902289603
-1.3480293422252188
-1.135266850529329
-1.2920230135337507
-0.840024905736445
-0.9950812749136695
-0.36632259994068295
-0.3813547175956191
-0.5961484252786691
-1.3050712516980543
-0.868253524333333
-1.2750057170338853
-1.239322408670531
-1.9131163805544462
-2.036985685145094
-1.2678475450986793
-1.0466793260697504
-0.9484779361244545
-1.2541870000835025
-1.165272810906347
-0.9541164624991011
-0.9931290164150984
-1.0464489929371068
-1.2762275118671684
-1.3120688833273797
-1.0155724111814495
-1.00216163607324
-1.041750673150957
-1.3410745891094986
-1.1405945261859427
-1.5025054675603333
-1.0589337737036904
-0.7711626640633569
-1.3433201043211076
-1.09690141751066
-1.4595868718142972
-1.595814285213626
-1.5356106552943611
-1.4098486058652986
-1.4884196337556563
-1.5292302686279982
-0.9297662441174348
-1.532535475952599
-1.0383254288869057
-0.9044990685552827
-1.2548263583185528
-1.2967549021395488
-0.9490156676683024
-0.9389608734500379
-0.8419467484388187
-1.0367550249807382
-0.9527531427261923
-1.3048143313596918
-1.258229357492485
-1.217808505688551
-1.4254702645512718
-1.1288748334871739
-1.1573634294901642
-1.0747521961381026
-1.4957904218814
-1.3540524638557785
-1.0655319779691514
-1.0970316531598685
-0.8195866804074255
-1.0068675608346547
-0.2457488540405044
-0.7297725539288503
-0.7000454653907375
-1.0886809109599742
-1.3348159933993216
-1.3219175247312949
-1.5454827438936654
-1.0092154602352394
-1.5086396856194322
-1.436750749179495
-0.992916509783282
-0.8693473195888101
-0.34622291358548024
-0.4686279241749097
-0.49283049195345685
-0.24850912497275673
-0.23148195606007838
-0.8684800591304238
-0.8243748237273809
-0.5375216209881679
-0.8204885600763305
-1.1341355670293218
-1.151227721911404
-1.1422752532713798
-1.137158888289283
-0.9882697962775246
-0.7400870339959955
-0.9882368817782891
-0.7516730913199285
-0.7661422996320416
-0.9731142371920145
-0.8124183876820196
-0.9275609151882315
-0.9005769510736935
-1.3152331815565583
-0.9464228298418014
-1.5215440832992635
-0.931531736436092
-1.2406264049970779
-0.878088536598032
-0.6077199021451716
-0.7475885677855103
-0.8054328838776539
-1.8003977435876173
-1.0496159867455186
-0.9796458175604801
-1.4866832139025525
-1.3151837825630557
-1.3322184641833066
-1.440891801371255
-1.3117174615456415
-1.2356057981456634
-1.3858193337023252
-0.936188022653928
-1.2090845206799201
-0.9848321701968341
-2.218389507399201
-1.6055413633832243
-1.3926162014097667
-1.4021135835836496
-0.868643257007043
-0.6074930564316526
-0.4097004275541469
-0.3778340804164097
-0.6407704252118852
-1.2692959031011366
-1.215527642651818
-1.2948345872692422
-0.8005138029031817
-1.1784658279677773
-1.3258691681758166
-1.268209690989836
-0.9451762815280412
-1.4201362948593703
-1.23660094485244
-1.331288343819438
-0.5310003268432556
-0.714448499890641
-0.7120784466510803
-1.217538219802295
-1.2167963248259124
-0.6099220997838564
-1.2721985853921864
-1.2914082143196566
-0.7133942892886028
-0.8532665207207767
-1.3310918050297327
-1.0554359989084496
-0.5075256797066307
-0.5162947178813577
-1.0610138231838244
-0.9770104388269115
-1.2180611875234832
-0.5963488232793891
-1.6242201983829716
-1.029116576059321
-1.3459647090110003
-1.5520895761313216
-1.4613797732940654
-0.875654495532012
-0.8464855729034041
-1.4390122510083492
-1.3537603576046153
-1.368857173786197
-1.229924292214978
-1.3955384862666753
-0.8348193535728291
-1.082517518329861
-2.150101469224045
-1.6390916413239676
-1.3463193672261349
-1.1978270019813744
-0.8711756651036378
-1.6541770337141624
-1.019550257282
-1.1530611124224635
-1.1088883366498252
-1.4018131165116274
-1.012027903230464
-0.8388924906414933
-0.9514061612276264
-1.2866545899429638
-1.4835532818213046
-1.3793100347332345
-0.9325733246380975
-0.9646367160754189
-1.299552508913519
-0.9126094162153131
-0.8677806676518477
-1.2189152725128167
-0.963925884838484
-0.8161572922721505
-1.0137712824777527
-1.479745700952705
-1.115034565397149
-1.3048518032435945
-1.1115704656319236
-1.16352974831312
-0.6597506975883168
-1.2595466382416112
-1.2249373108945574
-1.2684160359118994
-1.0185721767252223
-1.035056454677164
-1.3417368574565356
-1.3931947069134851
-1.0897729548356574
-0.8530934191177296
-1.0265900871923095
-1.116493137269129
-1.1285512828201734
-1.3643511777204533
-1.236687936227594
-1.0652081653423129
-1.1464210285541434
-1.6926917935907095
-1.620556244275895
-1.7109259793266836
-1.2110896053601605
-0.5400432804134907
-0.42438507168951
-0.5055890258453085
-0.7072281267311318
-0.8027740830649391
-1.0687716235531528
-1.1097829291072134
-1.1391311093260685
-1.0037854998969393
-0.8341898895635357
-1.0655041840577855
-1.0785549606699734
-1.0280189228188827
-1.2033309663657945
-1.106637080226912
-1.0047623691287457
-0.9189502488222646
-0.7653664561162382
-0.9391907122187901
-1.9240603592735768
-1.321948793301331
-1.3528719034691996
-1.0425192486484764
-1.1123437631171824
-1.1904937925727104
-1.4656726129490234
-0.8953656208516918
-1.2501015113843184
-1.8037975911710724
-1.430250806543258
-1.011809709357148
-0.6523839510382076
-0.8260302711060235
-0.6841889468329668
-0.5711307364414137
-0.929460901021264
-0.7529570798625801
-0.55284018167886
-0.9417698797980193
-1.0638598206446523
-2.226994902756655
-1.8713889448731802
-1.867998895022799
-0.8678408835398838
-1.3481066170674736
-0.35770317904275295
-0.6086143599482108
-0.7710155526759749
-1.0747911741303762
-1.0792180707603847
-1.384637126051284
-0.8560713841087116
-0.7874100334183597
-1.0410332854730135
-0.907947987616972
-0.8695657676998757
-0.7758596176099404
-0.7911454655844112
-0.7733457138202696
-1.2183572111299266
-1.2239778114555966
-1.0086358817921295
-1.382244574559312
-1.4070679991685635
-1.1698384664884063
-1.7892777614983344
-1.1174274761803973
-0.578380927935831
-0.4768731431889732
-1.7657426547733384
-1.6109763833248332
-1.5756147915413103
-1.0467100008651424
-0.9003980421424556
-1.0421031264693148
-1.280333221574057
-1.1578218013495827
-1.0198841641920362
-1.500573152026634
-1.3333138477482094
-1.3617658899501912
-1.2393536007924002
-1.1339602108931532
-1.5205057679644167
-1.1291097976976934
-1.9595793515250606
-2.2487524478507335
-1.6007673484621616
-1.1789146111107416
-0.9055754471986956
-0.9114674292451043
-0.5255717475823884
-0.40466004742043404
-0.3798605984102382
-0.6688334437858966
-0.9896394595989151
-0.9933379680019405
-0.9419421591884705
-0.9642336349646029
-0.8839941497719653
-1.4471225794492704
-1.7374327617299485
-1.782421062810289
-1.5987706591024453
-0.7996119757166779
-1.0841933480788468
-1.3239931001050558
-1.6897608981841248
-1.5202080506704458
-1.7483161308453958
-1.1449351210503587
-1.1813788202842426
-1.0752612385556053
-1.716284774281729
-1.610657308386707
-1.5858963202029048
-1.416843692588959
-1.2367755337288104
-1.2271261023392228
-1.3884030076865201
-1.4601744342909504
-0.760917963867967
-0.8776225975225287
-1.2931873633373445
-1.2931873633373445
-1.3721238297614249
-1.8161466286537593
-1.012191476235885
-1.6095405304590285
-1.5112792065890204
-1.4770228451046614
-1.28504450211963
-1.0733904978270827
-1.5168071629460633
-1.3912696965685143
-1.2371259649782822
-1.0522994996060404
-0.8382230258424853
-0.46777484016600557
-0.6482303446133674
-0.8189434162706468
-0.9497239162712616
-0.9091974743169335
-0.6000244767366508
-0.6126088632224885
-0.6047115707342021
-1.0370818781814757
-1.2991689009659606
-1.038587776597048
-1.2291025739958559
-1.1420380978545113
-0.9381874620621017
-1.0649248732836334
-1.0210811898394936
-1.1378399428216535
-1.2302510618672113
-1.3224801260575147
-1.2337462993233266
-1.2301421455698986
-1.1303539500736834
-0.9392687254241426
-1.284776973331756
-1.1742069702831992
-1.195390461840208
-0.6923714457967214
-0.7161085942279278
-1.1969121895479817
-1.1061058031320508
-1.165797215400291
-1.2263614891256844
-1.3252728327717511
-1.2458332946210007
-1.5467146708936836
-1.601539607797602
-1.4645048552391355
-0.5753409019713307
-1.2039058086740562
-1.1810163962235847
-1.2034846334759677
-1.0652018914405335
-0.9479613665719705
-1.440088974766011
-1.4483704918746168
-0.49618105396887735
-0.7119828436830318
-0.6525057009275006
-0.9596584398929155
-0.5872992523494146
-0.5153695855635767
-1.0484275349754977
-1.193505883516131
-1.0529337417677054
-1.5590197490855437
-1.3442563550445
-1.0926738735505226
-1.0246903636820444
-0.9124546652992327
-1.1717377285602177
-1.392381991078825
-1.2694839485540912
-1.2572367501259478
-1.2361028304856543
-1.5627408719270015
-1.0578070495609122
-1.0947368388146237
-1.0774424357490286
-1.1226824678572558
-1.6237763052563445
-1.3831156060094498
-1.4349215061011118
-1.4928101704236532
-1.8840721686741042
-0.8380420579269101
-0.9287609982392662
-2.031577905579715
