0
-0.3989810450644823
-1.7959515434219242
-2.0946660259025704
-1.860563374205099
-1.03644980541046
-2.2663926792796896
-2.3794597426021853
-1.3839694313018491
-1.5176766936590755
-1.4758734846058141
-0.49936873938032983
-1.3728052246740792
-2.0232818991862977
-1.8712818269276001
-1.7660252915457477
-1.3471403398011883
-1.2928331904476347
-0.7791795266972316
-2.033764502679557
-1.9458466851984975
-1.324882148784115
-2.282328787833104
-2.1159139014028354
-0.28697162607327736
-2.870673276229693
-0.42941963114755705
-1.705363197005173
-1.1379889208394074
-1.1569577695957016
-1.5372984178610267
-1.4411812526240741
-1.4369648670770856
-1.497675797338422
-0.7253298623820166
-0.7622656911688129
-0.921191654924106
-1.3407443693495784
-1.7309663538489186
-1.6144897488667946
-0.2057548607175977
0.11849330852027451
-1.6495764236107948
-1.1155244961746094
-3.024318940414269
-1.0992477995377017
-1.9410359512360875
-2.142819891354694
-0.6736579769110029
-2.1410759947218034
-2.0873105513709977
-2.4895169585573083
-0.1437356351937501
-1.3895892414120101
-2.607081534735354
-0.8501318770281546
-1.6927336607028922
-1.0639740269527294
-1.8184623954339343
-1.498010744798437
-1.0856749331314757
-0.8507624367472216
-1.8932865146146987
0.9269867174903258
-1.652094955401999
-1.3003564686568014
-1.3721420882260662
-0.3905145996825555
0.34057844763058853
-0.6463827837188976
0.462284327596298
-0.7195250847028095
-1.0709511539019738
-1.8584844768152808
-1.8678789574632477
-1.6041149884770138
-1.5680617518225957
-1.307794554928475
-0.12717568600323312
-1.6658396818289158
-1.7535019870242914
0.45614755836477455
-1.7583331387788836
-1.7340631713337988
-1.321658476122528
-1.5121555790821324
-1.6601616595693383
-1.2059412545870556
-1.1817709312275047
-1.5151037376440637
-1.4586590086854216
-1.7003979259869058
-2.084297425506263
-1.6504726770049127
-1.3582113858655844
-1.2334966131905392
-1.0188284943225108
-2.7598330272106035
-1.6872013706666904
-1.6251455002476272
-0.6999584798043
-1.0321031447022817
-1.8404353736933154
-2.132057900978781
0.9601867534822038
-1.020821055314283
-2.528621087620636
-2.792393044250132
-0.8139245942308992
-1.310940734684265
0.00828160063564591
-2.1692046531562923
-1.9531780464377402
-2.270729406312446
-1.835800750516879
-2.1466536192542995
-1.9407422303707358
-1.1228355246344428
-0.33332072064449125
-2.9331402666968316
-0.4709952301506384
-3.1177828974077215
-1.4501821026250752
-1.4078972845956628
-1.8852131299114914
-1.990311577700031
-3.7582464408612544
-3.39586697751577
-2.998085094534861
-2.138352510123173
-2.168434410943105
-1.736904040989892
-1.172741209515972
-1.8216729216068182
-0.654202221438623
-1.6339241174606285
-1.152380531787043
-0.9857121402197653
-1.24966064750145
-1.0921427098949024
-2.0751650198227916
-2.873626343606123
-0.6598200096784327
-0.590544106139387
-0.4146680487358376
-0.6396206172366189
-1.4710563494050677
-1.181792762688403
0.4513632626666952
-2.1773596712018053
-0.6664424525082037
-1.5269920059134712
-1.6253707321573567
-2.430906120984157
-2.1985781351109632
-1.6592123134606078
-1.2149880568979459
-1.4662597230528873
-0.6432166046392296
-0.10365144629072602
-0.7456911088883408
-1.907532729515883
-1.7094370573038653
-0.8823035608099683
-1.6243247089197228
-1.6258150126205395
-1.817994646520194
-0.2952323013524848
-0.5838638138429865
-2.7132321158264845
-2.4327027577765996
-1.5401397203023475
-0.9970012634515493
-1.9873445722758862
-3.9763349823333525
-1.8432502182711998
-1.7362128652563413
-1.8837579036330387
-2.743969703925627
-1.1102429646639402
-1.7709522634134434
-1.802362909350044
-2.352062012918304
-1.221321642658554
-1.5960629695645927
-2.278627528579759
-2.2849839832882752
-0.5837528808116872
-3.3730259922379195
0.4415476545328485
-0.6921610684921097
-0.14668404102377836
-0.11861942697653578
-0.08695430713577271
-2.4368449719198995
-1.0537133149676385
-0.9858095186182582
-2.0750450117425476
-0.20959394887994942
0.10619046021486678
-1.5947309374314818
-1.3461657634799076
-1.1220017378000218
-1.630803623352721
-1.8660193622744892
-1.6397153965137121
-1.4666617768054586
-1.473360522231653
-1.872177808405665
-3.384420279702851
-3.356093242623833
-1.097718692891611
-2.530643393201899
-1.6413519792583784
-1.5553226345874507
-1.6955304204745287
-0.48658015715482084
-1.1180275881167607
-0.4852369416196137
-2.1414872934110605
-1.1844418483362178
-1.795161849364495
-0.7471922988703342
-1.8482989380400043
-1.8394452403403232
-1.2098336532710965
-1.8239010329606191
-2.0123206567750773
-1.8526799894543537
-1.3405744929035697
-1.6915182168907112
-2.1608439547613436
-0.908265002844284
-1.2297208010009448
-1.6573713126876943
-0.8160991827864476
-1.276739991396879
-1.5084532794045709
-1.5669973552154244
-0.16213650196023488
-1.0973157187589313
-1.4896427797201597
-2.341441672392557
-2.1039406900990376
-3.129312202689868
-3.1675939591835167
-0.6366870897508837
-1.245118453036072
-1.3766451932133195
-2.1753852035080143
-0.9360483313218171
-1.6418745424123813
-2.3881030192257584
0.8263033794765896
1.0413230785022385
-3.194303073619399
-1.157005304019332
-0.9746607110975805
-1.680446635939925
-0.8307389744218124
-3.0501581140072447
-0.6404830384710405
-2.2436213467453006
-1.3317538699180917
-1.0196681059800572
-2.05510875501443
-0.8236219033048511
-1.0179451422912653
-1.4043020509975581
-0.6414943560107863
-1.267529084345558
-1.3791009031688615
-1.101831348578337
-1.5761975167639541
-1.580091789589518
-0.5961533430809148
-2.2148471297237866
-1.0870270746568012
-1.1534785585006966
-2.0710055691591602
-3.5472377642755326
-1.855727240492831
-1.5136255421734586
-0.5357863554788381
-2.513603151036953
-1.1516216349419517
-1.7588984585160914
-0.6712208383031303
-1.2137821281786887
-1.679607119789283
-1.486242886479752
-0.4055203397005906
-2.3530264345733056
-2.2445428425041554
-2.9173661436935814
-2.2490188691152486
-1.4058027501552124
-2.7957593818231756
-1.7585255043063335
-0.5292966256177045
-2.484292921753166
-2.2453350759781907
-1.7727073356645422
-2.5510799265660555
-1.4394718157570088
-2.2013011933701963
-0.23664657933965
-1.937196343295431
-2.50878537358666
-1.8129921610889266
-0.14890800571352553
-1.941996068199757
-0.7158453843544478
-1.4344021153920699
-1.2483503774673272
-1.2855490457181131
-2.012644045041073
-3.0914575708641547
-2.836370859532258
-2.2244998326739767
-3.5374261670167764
-3.4582830259938335
-2.0644462219587685
-1.3157369604757974
-1.5732599718220972
-1.5702141387015425
-2.099850856484967
-2.0876415312528875
-2.7483457224255066
-2.7289680529302864
-3.902184840494951
-4.032723676172287
-1.1187885246567417
-1.5083158411770383
-1.455479660940748
-1.6822859905564833
-1.750569013252131
-0.9701111898665801
-2.3556221719941703
-1.599279777442523
-1.8513605088024458
-1.8051996294433341
-1.0970369927137102
-1.5314963526872736
-1.9156765630330845
-2.3652344022964176
-0.6672305913886665
-3.5911591115992776
-3.4618227685505922
-1.246047076036474
-2.8504946264793904
-2.446417680251031
-1.0555045146928697
-3.2059737414019125
-1.8381262898791024
-0.9907330797752705
-1.1199156430595045
-2.235243378921069
-1.611289301805986
-2.3623004726578722
-2.4472619090707277
-2.5265086130632923
-0.08073266114924874
-0.34801243310226454
-3.28797305704513
-1.178349209135394
-1.23570341727846
-1.1233771362770593
-2.7365213958471353
-2.4138354813821454
-2.489903684669586
-1.7686753910410784
-1.0288514171451009
-0.18829819491867786
-1.5775534439348389
-0.4440793798297008
-3.0674538918598895
-2.593591817362379
-2.205051067384697
0.45925698368960344
-1.564265575741015
-2.2987920222582954
-1.4530479227619209
-2.144359559255519
-2.0357625974882527
-3.0019033515072655
-3.6790124293182562
-2.4612470926869086
1.1626731179576997
1.2348340289177082
2.383677274737954
-3.7415863142793944
-1.269350879815378
-2.099983108018916
-0.9844159263869878
-2.227046574854573
-1.5571839380008412
-0.30623150533043275
-0.2920553140077464
-1.9421252618236806
-0.40001134424908863
-0.5816741030521295
-1.8998161296316114
-1.9247203708963145
-2.359925627683329
-0.5104348808940072
-0.7646890496438581
-1.9353432365363148
-1.5879193330336954
-1.4798508665146937
-1.9594884797094927
-1.7383929116223744
-2.7258128898917726
0.3467385258342242
-3.123380157673615
-1.5687490484796434
-2.266817945319342
-0.4255493011357754
-1.6003489024921156
0.19034302207828524
-0.9268176899029603
-1.2360888958298089
-1.3815457030207345
-0.8164380435761027
-1.710591524814252
-1.9972831652114134
-0.7596231632637918
-0.8995187718482409
-1.2326087353030977
-1.508005009142828
-1.4463445095724017
-1.4399012048171034
-0.706902321997732
-1.4847187351494122
-1.230055459422738
-1.4749244115841116
-1.9132279695516103
-1.1400522101019033
-1.9722080103136912
-1.4541914967344625
-1.2558434541402221
-1.5975413195926453
-3.0860039622908046
-0.6731068690721225
-2.023587860297339
-1.10552241194658
-2.418344994345501
-1.0567648496605664
-1.3587416500133067
-2.0333152159641656
-0.9361531646665782
-1.1922002565622223
-2.6464152100843394
-2.611437307501137
-2.3261211470480614
-1.563317642471615
-1.1220268125057629
-1.7772547255648266
-1.23831127748433
-2.2789764525240854
-2.23294673484655
-1.859762725432652
-1.6173834602503478
0.1228171224825369
0.2913917799100261
-1.306363479730516
-0.8361381068629831
-0.9889120720044409
-2.597088417750336
-1.828019070164073
-1.1854286728215824
-1.5878336782103037
-1.6127041918377283
-0.30194758278755407
-1.0985322016135515
-1.7351842954851737
-2.5599860873605684
-1.8791588633870426
-1.7147907031871745
-0.5958806033914013
-0.33434834941030206
-0.8048937370433
-2.2949807255769987
-1.8114285686069518
-1.003916135191355
-1.1865953402084375
-1.9271755742122594
-2.2475606589489483
-2.4234299132533295
-1.0806649953952976
-1.754490825826009
-1.29646296342919
-1.4723851857919508
0.4736908316316789
-2.501788719501728
-1.9623142452883156
-2.503769290545758
-1.9339991350893284
-0.42813859759727796
-2.095359952845445
-1.702696392386893
-3.2162511747980362
0.9132370075065883
0.9233008288456177
-3.402969739845879
-2.61421570153761
-1.9327946991116431
-2.1918227519362787
-2.0855704178433685
-1.915614058894909
-0.32166015694762823
-1.6444134904198595
-2.195750443705445
-1.9538475737895584
-2.2534683842298953
-2.098566116166464
-2.1289513592683615
-1.0057980150723174
-1.6329253972714057
-1.3168161639263996
-1.596101662816359
-1.5163508888266024
-0.5003484724689634
-1.6651720114179052
-1.3722834617666388
-1.6058352393732396
-3.180286801623112
-1.6575053548056973
-2.7562539953044887
-2.0984472340435034
-1.859964377965885
-2.2157969450595933
-1.2112348536717457
-1.0117971144295366
0.019713656899812998
-1.5647610532799492
-1.65556757416674
-1.1690481764665472
-0.8958900853154773
-1.8155162191039773
-1.9320932356345326
-1.694545505064712
-0.231425752360277
-1.8275155437650124
-0.048008896619036824
-2.708813335192211
-2.2774539788870123
-1.5533922969815648
-1.5422760878952404
-1.5659836215982506
-1.3564384780825136
-0.894279196802879
-1.2407395140570947
-0.8608202521243052
-1.73084984176526
-1.9989624544252136
-1.3281346825098779
-1.1607398769865345
-2.9238152478192827
-1.3352546959558595
-2.1662576914228096
-0.9428560941573634
-1.8310099734858334
-2.250499617397169
-0.8297521699383301
-2.4853688549483155
-1.0841974215663168
-0.8693962375327038
-1.2942595281381262
-1.8027055795176077
-2.0215551727477505
-0.4610875413423933
-3.8679992952196676
-2.952320002464202
-1.3711665225292466
0.27797567132378537
-0.5513352022391625
-1.7245054349651479
-1.789986782590408
-1.6925041132248513
-1.795827888883525
-1.425310671605755
-1.6812475354118095
-0.6798003332400581
-1.4509390411439342
-1.9023342196798552
-1.7705891671221896
-1.6272821568244793
-1.4383289317962478
-1.19007816187988
-2.299529927252857
-0.850586589329829
-2.089823782337825
-0.10903287136377623
-1.0678433805385998
-1.1052542694272638
-1.4196699793614076
-1.2693311327107817
-1.4713751485757969
-1.5034786471107218
-2.1466309627313054
-1.9388683915195564
-1.6690137945114059
-1.361039406500781
-2.2593694166119165
-1.821748630384716
-2.5252718687844533
-3.1649205614033393
-2.6246192566709725
-1.172585629254485
-1.1552897978526784
-1.4884813224756694
-0.7572990511545421
-2.2529154739515684
-2.075659483065688
-1.1906777619704143
-1.7236667021874919
-1.8516461497636598
-0.6827236359177491
-1.5648610829030236
-1.6038153970880689
0.17996116301146273
-0.3189789664704683
-0.3533739796785599
-1.7174631013981603
-1.6822283959531772
-1.7519430933640492
-1.2067687875523248
-1.1119366761261165
-1.678131389974783
-1.8893514290079876
-1.3060593409067265
-1.5768921936083067
-1.6119063717909028
-1.715128349745492
-0.1317120591696243
-2.428917296041881
-2.044530727308743
-1.5976687922675386
-0.5855991521378742
-1.748218190710807
-1.0182218522881459
-0.21689587351875966
-2.280124727565075
-2.2227229034347427
-0.00466760947068532
-0.7685634007510452
-1.6790627183462836
-0.421051642480769
-1.1772329856489272
-1.407575439472018
-1.826062021546327
-1.668681443765549
-0.2745767798435616
-0.48561588695003893
-0.2511380189788816
-1.74039178083001
-1.5535083214759182
-0.8038827509740711
-1.7019416275812655
-1.4745689776858115
-1.4047494197902675
-1.569823073004417
-0.794463981623678
-3.1266214931024146
-2.5450752231882974
-2.097579445115605
-2.1578610006498913
-2.0910873028203447
-2.402211968967681
-1.431568853677117
-0.6413100951547464
-1.9429028269733666
0.2947190273904691
-2.519296738356245
-1.7783972185313754
0.2674953653617777
-2.4770542892860563
-1.1831903514360365
0.05291331175873146
-1.8462346586992875
-2.4016435207510924
-0.9230680543129479
-1.6297242094517352
-1.5318105907395811
0.45238909312823694
-0.38244741662569265
-1.8610604262900936
-1.5118832189843865
-1.4711208301971788
-0.728724930400117
-0.32059165389585786
-1.6001464657062134
-1.2220322130065973
-0.5025226115413044
0.07523355330597933
-2.7004313183320146
-0.8982718345083414
-1.6579585261055096
-2.287664913845603
-0.833458159457378
-1.7896893289024949
-1.6111077858257103
-1.0897866148476199
-2.048889985011429
-2.1091262341440324
-2.2728103110976896
-2.2280446715020545
-0.6352980923070972
-1.376695082990621
-1.7329742748914174
-1.9519556994180358
-1.3869455423314756
-1.8880019659026395
-1.6103034041182769
-1.3687450078362786
-1.3149204286370508
-1.6287082563980397
-1.4125455772862936
-1.8259798245460483
-1.7569448467505666
-2.1728485912054336
-1.7109108976092307
-1.3708381550731283
-1.7326294073319413
-2.3779040476605844
-2.1144146891724196
-2.122846510357226
-2.0541041034797036
-2.1968207829705575
-1.2355860312720945
-3.0312913313949794
-2.374614703548618
-0.9392370092652597
-1.7169071267084066
-2.1805424174542796
-1.390448083150998
-0.9741382717351439
-3.2435866660278174
-0.5525174994303865
-2.01060264808246
-1.9542033229467801
-2.1552359049911267
-1.9559379189422255
-1.19851905657112
-2.4543145769973775
-2.762914758542357
-0.16229469803116295
-1.132477658808977
-1.6441158976517851
-1.9318778550863975
-1.8439933706887661
-1.9419471404407465
-2.2839579736085662
-1.810360400060227
-1.7060242064694182
-0.7795084003559212
-1.3962585880526466
-1.646052635407973
-1.817436858643834
-2.328568972077153
-1.34410572144294
-1.7768590936116018
0.3487166061340172
-2.9132396189471526
-0.7926283630139571
-1.3952230382126087
-1.4631898946840478
-1.9578923000425863
-0.9503577831054184
-0.8774252730578153
-2.268870163387593
-1.4349026332724706
-1.757551294426256
-2.0450749947739806
-1.1908661432014218
1.3316165556482478
-2.79471980445628
-2.5670049917964675
-3.862287122284983
-1.936075392843448
-1.5693925052471098
-0.9462852420841424
-1.7615218833763726
-1.593137609385392
-0.7984383549422143
-2.449911056786906
-0.5471337005412057
-2.674697897453702
-2.5048394124458504
-0.6533119985197935
0.3904599448499737
-0.07572322973472718
-2.1317719850771413
-1.235661580660768
-0.6866985445043899
-1.2988277515316962
-2.506534972339256
-1.6881473322995793
-2.3873650435120317
-1.3374454696153657
0.29900080825647524
-0.12881487832918553
-0.9517516406992351
-0.9703646349000656
-1.5476122058605846
-1.4815345704515668
-1.339353558035052
-1.4666002090131007
-1.6094587185958327
-1.5201369186327296
-1.3011305062783853
-1.8438996628898563
-1.8733336730373524
-1.426290406109325
0.4969435029049309
-1.1669541203041507
-1.4388672198424197
-1.8204368250970493
-0.42423873806419443
-1.4604503052068751
-1.909812981991331
-2.2729655929391592
1.1763387455133956
0.43259140717214706
-1.3415510907831962
-1.289765931538317
-1.1125243224476569
-2.4251214486101587
-1.3083372666647037
-2.8340780506789316
-1.9842462220265813
-2.2377649152289423
-0.11858190476678755
-1.9464908854185794
-1.6211375855585965
-1.0570633303685524
-1.6307144362916772
-1.2172228193469408
-1.9066415156285905
-1.9090437178375783
-0.6479616195226052
-1.5305744836991162
-1.1371816246827449
-1.909931274693298
-2.3819397313814505
-2.4993979032788847
-3.130428744714968
0.12407587146180393
-1.7380849762678923
-1.8333547327337902
-1.0005854774308895
-2.003028956816295
-1.59767814422809
-1.3585417133206181
-1.4448986015437373
-2.359080232510081
-2.9028830778691406
0.07066866525627835
-0.8628519670640031
-1.2749463670184822
-1.9442256381754046
-0.5565065503937202
-1.0242659895631443
-1.2130276901964638
-1.4793309059362256
-1.9501385075947124
-1.186677669866493
-1.652295218644587
-1.9135158216613393
-1.9065749328284523
-1.5075891372855004
-0.7032007054855551
-0.4713448983224883
-2.302678418635631
0.8515381652779
-2.3015253758876586
-1.8880244684736311
-2.498592484761437
-0.0688864664503131
-3.5784553434011794
0.1382942597802658
-3.1953770512617012
-1.407992960181309
-0.28424359580843084
-1.1584631370878162
-1.3007649021688716
-0.27300000611985054
-1.9595496000348722
-2.505864819388872
-2.7344299594677497
-2.8033243917743484
-2.9106043932609835
-2.181940648321569
-1.673082870527414
-1.2756737504789282
-1.5464138478768228
-1.2559731892113963
-1.2381819004194268
-1.3838544962702874
-1.5691619978811011
-1.7750245047789577
-1.7722875308164847
-1.5059010849325918
-1.877030015209203
-0.7720624435249871
-1.9578039151749138
-1.684432498224191
-2.565912992219034
-1.8670903430649664
-0.8497201415565376
-2.0481259404187084
-1.9600133704279483
-0.3895510826016347
-2.2391497570103933
-1.5771209677227178
-0.9998548965123498
-0.868134589715496
-2.565703510167786
-2.803244105530231
-2.1966949884996674
-1.3020781483265669
-2.13160682698975
-1.474335721979967
-0.5116671760209816
-0.37184848526640985
-0.18186422387625753
-0.1865915092506037
-1.7863043614553984
-0.2881883682200266
-1.7235506700842775
-1.2651360784236063
-1.7422257411489988
-1.6764238963789322
-0.6474039213598405
-1.9076112144072828
-1.0926708606643585
-0.7336045428291489
-1.0325538504077738
-2.235260333118421
-0.4428166282920893
-1.830047077866406
-0.44179269271353167
-2.0277651726449766
-0.8501731695157875
-2.5806716371621814
-1.354449833128266
-0.6535158557368269
-2.805163586103341
-2.6419830269695352
-0.23481270813190924
-2.4587704284360274
-0.8771181487526925
-2.026075670435971
-1.3581538225584344
-2.3671612935726087
-1.5256762679532108
-1.952533274071064
-1.7732949060766283
-2.4159498216788746
-3.331703119683409
-1.1312952104439966
-1.5515085992470081
0.20289108975358677
0.25947500802403245
-3.531306529453351
-1.5754113366372358
0.23776982967976118
-1.6580405720968214
-0.3553583567929018
0.2705064403846514
-0.9088635485428286
-1.2627704723423745
-0.8867105782979012
-2.866724672850717
-1.0473961230125441
-3.2112081323126023
-2.051904485722815
-0.7024328377692403
-2.103752161572075
-2.153851066426832
-1.1334227908454222
-1.0636149317007677
-0.6460660405436367
-1.7714975427377906
-1.0778685809911381
-1.4236128785219089
-2.0145620781868274
-0.673610192952232
-2.435975913374267
-1.4008750301140342
-1.5068965827058347
-1.6302670079578345
-1.4111530962264767
-1.0435745551587392
-2.827366999397992
-1.159838555520132
-1.676148256106432
-1.6071547957904628
-1.5483954869294054
-0.6744615361217379
-1.666153300570384
-1.9019563914574142
-1.291375153919135
-0.5065016191503667
-1.79895316248669
-1.7740549424650862
-1.2466681257743737
-0.8113998834231886
-3.2837876080688644
-1.79192308400359
0.02900906448194483
-2.7030530880838035
-1.2512027230055356
-1.6213254654240057
-1.4707413240464675
-0.9307244709391177
-2.2600711726366494
-2.571286374250996
-3.8716587125694235
-3.505422915458571
-1.40656659115396
-1.2795504536653621
-1.7540057136016778
-2.1311429176296
-1.2928152333233176
-1.140512439493447
-1.5554034237194307
-1.6858743479846474
-2.597108821385613
-1.6538699453008234
-0.9473153247616105
-1.4899288759127762
-1.5126147669064185
-2.564698197940949
-1.6285940786814923
-0.9254079950896423
-0.8132915592214843
-1.4247999457556277
-1.1823048203003903
-1.5374453469659852
-1.6828195661533683
-0.12054687413660815
-1.8911898090506007
-1.528279083249729
-1.6122475768665114
-0.6009640959605983
-0.8961711552454894
-3.7090910301704603
-2.5229910055902005
-2.6573277285534336
-2.7298711040866337
-1.6915764485257323
-1.4374685069477258
-1.5558933270070447
-1.5859361809893466
-1.5236421217572926
0.5410727623360558
-2.7227570726541535
-0.32966791712816873
0.5366924544288666
-2.2660546453825163
-1.4385906955801264
-1.6849431505724553
-0.838027960802706
-2.004821414908803
-1.141249589971841
-1.2276993391109836
-1.930217358708474
-0.7999455424080374
-1.5429978043432302
-1.7391498938438308
-1.8678792541494542
-2.0539511143569205
-2.1406401819669
-1.0616146742592845
-1.3094343142499885
-1.169896369684496
-2.0985348410741005
-0.7378599834186147
-1.210735474655031
-1.1968030039573045
-2.1170024212877294
-1.8978552082741378
-1.3102107446343794
-1.380380364791413
-0.8759754609494779
-2.6219516560639957
-0.6578273946886862
-0.9755163623804545
-0.9706919711626069
-2.7425775920521036
-1.2472537981766953
-2.606774241813305
-0.01512031255544513
0.7756818482403035
-0.33184291721711134
-1.4435100000700898
-2.7619949642625974
-2.1436806016147
-0.616642097769092
-1.1791320412081994
-2.1562992960522562
-1.4467501584758016
-1.2603530504200362
-1.3765093526937553
-1.8322661540409042
-2.2065679827153026
-0.8257815199014209
-1.238806074155879
-1.13568232375736
-0.6164467516331978
-3.0750276806436863
-3.2623958899740573
-1.8714758043698203
-1.5521381473011708
-3.568469618376127
-1.8075101066641988
-1.1524544767640474
-1.3753025070609195
-1.7196466904177783
0.008576045563879921
-2.2092120322683226
-1.786572791330324
-2.3120297901816755
-2.0169218823758728
-2.187745963543601
-1.675754958573252
-2.1797347424912012
-2.246720106606885
-3.3895744571448105
-3.2466177532245406
-0.9928096841434793
-1.6150734835741696
-1.3737239307224498
-0.7228354870974709
-1.0854519925332993
-1.4009011991696483
-1.10330258830736
-1.061565148641092
-0.6002945948318723
0.0879160430813375
-2.610224066500023
-2.3203419601943587
-3.488043441945131
-1.6981068758629232
-1.9744982813095617
-0.17449949595998654
0.6114216092932062
-1.7537747039008507
-0.4058544611322967
-2.2950114781371878
-2.354930688236008
-1.7672533160495374
-1.013493686413896
-1.375281329441712
-1.0367297607150636
-0.6003434465304159
-1.365019437082739
-1.496322252001002
-0.9752601863715387
-1.6152952211270621
-1.5338738713092817
-1.8495329517554717
-2.0340227426191273
-1.961162560684979
-1.2223626618449965
-1.6035007693506105
-3.021879584216064
-3.195477289312599
-2.6039044281984167
-2.025405534307764
-2.7682229999951646
-1.312903205943208
-1.3391645717189171
-1.8333229440254086
-1.2398178976216072
-1.525072352914547
-0.7399516881709309
-2.6994861249391287
-1.827872433698406
-3.477788177500551
-3.4465766626624252
-1.435754763257729
-2.093546329689946
-0.7743739406408484
-1.7751300037077327
-3.109606804581059
-2.7756092494759335
-2.4337320357347307
-2.6711834654395457
-3.092257548584726
-1.4639052653224032
-3.264099700014168
-1.528768367969358
-0.7158919521195015
-1.7747162102687917
-2.141418912786271
-2.345449512530617
-1.5122199137699162
-2.1920123714079285
-2.0753840144890097
-1.4326627033829529
-0.34804874057705415
-2.3257909817883147
-1.3927349611113102
0.196803857164221
-1.6366258733299732
-1.3105800765295827
-2.0157415540334473
-1.1522681731966409
-2.069077902196285
-0.5675560837919265
-0.785976526276817
-1.5105557080076022
-1.8612620311833505
-0.40730450114517247
-1.4342801797006293
-1.424779268740629
-1.169460822129353
-1.4712236531449134
-1.6285802877709334
-1.404347975601367
-1.6488755198891136
-2.7905469407175376
-2.1873671975852162
-2.730936747260821
-1.4814311378622391
-1.3799006836156535
-1.2273373322292171
-1.4396334999713745
-1.8201838556228849
-1.808325998884632
-1.3915202311840003
-1.0550274796280978
-1.2252418260287525
-0.37476700658377826
-0.796199339789885
-1.0210824009295785
-1.7486132046811063
-0.9628674244699069
-1.4332318312730121
-3.9835193964023357
-1.0852459182522585
-3.4401899626901
-3.7452818625647186
-1.8941234818972168
-3.1335802547492055
-2.5988857486209263
-3.0613786726366374
-0.9128015833269848
-1.385162797338747
-1.787003722579408
0.02692569892199553
0.02964624025448164
-0.37955152072262877
-1.2368625577559533
-1.5299911159408377
-1.771882670639018
-1.5829637425442502
-1.8494910485511582
-2.354537606340667
-2.3084362937335023
-1.9700201345761599
-1.4520913673339477
-1.0004892018247935
-2.4067819724249695
-0.6901922079998982
-1.4616160939715037
-1.700449074638363
-1.309900903921405
-0.45879267200249807
-1.6528558584755928
-1.6440454643933542
-1.558806894854276
-1.2048546418692794
-2.241830255413216
-2.0310826381812266
-1.429790395797802
-1.2624473680550683
-1.5363842976155453
-1.3115037474385043
-0.8735003995413236
-2.0029817200537465
-0.9769189711606492
-1.6476783367726278
-1.856277729628757
-1.9226782368490956
-2.9253124553577328
-0.7717362694860207
-0.7071765741374457
-1.3681098908214484
-0.7574510988127832
-0.9616708010542958
-2.5620562406279133
-1.4608360971935883
-1.5655440473873226
-0.9707796564495965
-1.4014694646740944
-1.5720298381621836
-1.0039109041518606
-1.0394191825443404
-0.22945117915142985
-1.1451993496590445
-2.0008529390662453
-0.02001562977156276
0.5486708283800308
-1.5364940182271638
-1.071973927988642
-1.5133844705696091
-2.541066205342028
-1.904601274119529
0.37108166586531643
-3.1686370253881635
-3.5950404005611745
-0.1956813131681003
-0.939468508900755
-0.8330471022796297
-2.1072901245485625
-0.9503023414787738
-0.36989150727216313
-1.7712548998081452
-1.7563298889097618
-1.6017966872385898
-2.891936573212273
0.29903539987841354
-0.8719625393292912
-1.3369299531356438
-1.797493955607194
-1.766381404481628
-1.4015152850067116
-1.6251888678992805
-1.5665078891362656
-3.297210569454998
1.0267280545267508
-1.5393269813755162
-0.022750434130712337
-0.39715113813789826
-1.3851939543703777
-2.7874072853154113
-2.0185096269697764
-2.7437326296268916
-2.4450148360214463
-1.4824224247415225
-2.268290228082933
0.008899830818179645
-0.36971901212764285
-1.9932686373466049
-1.7098213763281618
-2.5240366090236415
-1.4021877577526487
-1.290720919303946
-1.7460325250045259
-1.4929817200237125
-1.9202194665116532
-1.5301557336563492
-1.685644594703832
-0.9376420465127699
-1.6469254248230125
-1.4384009221638623
-2.1745379204241404
-2.136351225905326
-0.02902305640963533
-2.6177084438261473
-1.0321470146517995
-0.6891167818282107
-2.07814400658501
-1.5829732697464356
-1.5401095407591712
-0.8979192673638474
-1.0996198460500957
-1.0152511597851008
-1.8905845061142026
-2.046115269143554
-1.5860960149501295
-2.2369531216016036
-2.2706194163623827
-1.931755623255953
-1.4815093669176018
-1.9757417707076164
-0.16467729418283492
-2.071995927923149
-1.3143845778032874
-1.4704335485528286
-2.7840058988539793
-1.334836065742916
-2.338720238966928
-2.1176254260356893
-2.872508386299868
-1.419633565743671
-1.5053342646200545
-2.0580851207072355
-1.461970390107564
-1.5199044975832854
-1.0518217028074799
-0.5912337141135565
-2.8960622992841696
-1.7863960820115163
-1.3854054052924534
-2.2031872692644465
-2.0354186830300427
-1.604953240136009
-1.3509164986924243
-1.1964061284125767
-1.3987898965631473
-1.377325480882622
-1.7942086571577687
-0.6989997184400143
-2.5058071181206274
-2.261580377656243
-1.9277792352465917
-1.928575137663608
-0.8723357599938434
-0.555723394192823
-0.8054598698033328
-1.6342491602494196
-0.7483315865555606
-1.9670599519336274
-1.5589335709632093
-1.629020128988642
-0.49830409499716566
-2.699194626887674
-2.4973509542537733
0.564165627191772
-3.019646908712934
0.6055776416043431
-2.406807235833846
-1.7804733325002033
-1.9837641541610669
-1.6522512670178982
-1.9754582001647782
-0.9614343940371575
-2.4790351235915713
-2.514965371286264
-2.0466283058526757
-1.5244835620766652
-2.4074243736804823
-2.4292646625932734
-1.6602675665441269
-1.0632442119071384
-2.665449066614803
-2.0215965992953584
-1.9636464271289693
-1.877170748300029
-1.2749793193639705
-1.1768239310335125
-1.5894166726963594
-0.21828589489368908
-2.257737298723507
-1.8587002497197236
-2.070285838456482
-3.895055626084039
-2.374893173849172
-3.1733975768263765
-0.9720877213588965
-1.0474688962999188
-1.7963165164751895
-0.7386569757624778
-1.2856571711160116
-1.4145325032825835
-4.582475488650035
-2.212235589113597
-1.921182572772914
-1.5218266030385648
-0.5730471522787564
-2.30969472760512
-0.933302029325384
-2.685893392146259
-0.13846894237410906
-1.6019771017975457
-1.4435521375623983
-1.582504360097308
-0.9586881216262082
-1.9667922142242382
-2.703178888655357
-0.8534767399025296
-2.969242373263145
-1.7550303626784414
-1.3784779454582523
-1.5999627889111765
-1.0397367706312888
-1.1556266000401292
-1.0975953123123792
-1.1422753502886636
-1.2983386915361377
-1.4467453660034209
-1.706339212772038
-1.2433360040821915
-1.4799134476225362
-0.5505179072382189
-1.2013160842036827
-1.6493083608578665
-1.6797585028528843
-0.872015904317433
-1.1074730910918549
-1.1435997002782825
-2.232692678276413
-1.9962095744990058
-2.3208911358014994
-2.746141017541235
-1.0440752575259376
-1.9367187291918695
-0.8473375277259256
-2.0693914326272376
-2.373001716656897
-2.258192876177806
-0.21902802909514416
-1.158518829851931
-3.8166477979045648
0.3094397795602557
0.7485767475529944
1.1365410003750662
0.2729661059325712
-2.4221269410415203
-1.4661738193160088
-2.1445846851812855
-1.9154011114732947
-0.6081569175933186
-1.8412427157331466
-1.2815261744699018
-1.8134006283573434
-2.2193144453049634
-2.6208408907077083
-1.3225300229166739
-0.994638416580348
-1.0681116304082148
-2.339656209718372
-1.198540513844444
-2.8897124440758613
-2.508360220422975
-1.721937538223521
-1.1097013915955969
-1.8413566364717082
-1.3261647702316919
-1.7151205525294049
-1.6887563441740774
-1.6342460633336444
-0.4455326659724431
0.44101597261092895
-0.9237643350530723
-1.2203517230010297
-1.1248717922440445
-1.61416980773333
-0.717552067676236
-0.8967925355216166
-1.3533671877232
-2.7373988316564826
-1.4783365016458485
-1.9264523306275019
-2.1920955577131083
-1.7104326400788603
-1.8546494881146498
-1.9224742170206772
0.2899843326591354
-1.3740684613344845
-1.353842244657763
-1.5243746832379417
-0.08924656554525133
-0.29413801022326674
-1.5100198204211253
-0.34830773471512655
-1.303881661110648
-1.4898386860400197
-1.1576507506947817
-1.8277550115913543
-1.7849938137813819
-1.2534552357700122
-1.5785132378231161
-1.042341089477734
-1.727191859290482
-0.8785796343919221
-1.697531943867909
-2.3079603723555415
-2.4360424175243214
-1.3339393915453015
-1.360389506071297
-1.8666224916585312
-2.4838925497991315
-0.8014414321937989
-0.4783757480823127
-0.7736209938932249
-1.9988780328702012
-2.7949783463679845
-0.7606939218710135
-1.2507043802903521
-1.011228883213378
-1.3391486968040252
-1.1833677533562876
-2.227546044189502
-1.8916314941570591
-2.8899287306484176
-1.6497770274603427
-1.4150810802551412
-1.0694906392110333
-1.9504146744126856
-1.686400592411776
-1.4799159249103806
-1.6407750227140578
-1.6475154269103411
-1.997878945341041
-1.7304648594686345
-2.0926387875148933
-2.074008753573685
-1.5145859483227704
-2.577736160657924
-2.6511040658833633
-0.24926737145525948
-1.579187971404354
-1.401872750811756
-1.4877177865457203
-1.9081755913355605
-1.8793912869251161
-1.307332041775981
-0.4567712747885688
0.3404583953888089
-3.0033810936623313
0.04805299041456061
-1.3065324479162992
-1.10277974007107
-0.8112269481285174
-1.215019669597407
-1.6639093484657614
-2.090661437090944
-1.8371270589185926
-1.1227882108281764
-1.4263327740802445
-1.441591633796523
-1.3905697572676428
-1.9809768671411605
-1.318933729253988
-2.9831015408544252
-1.9750584558675848
-1.9238717553892124
-1.8005317928240718
-1.8659787822894083
-2.160657722847414
-3.894861494910964
-3.0965088048135643
-0.6437470017396343
-1.9804921150388186
0.038720584832628795
-2.2985266705353875
-1.5129242732002377
-1.6542257947373573
-0.4527054566259983
-0.9229298264699731
-1.394528174751887
-1.651829798307398
-1.4749246449737552
-2.910638653276846
-1.1829210706286744
-1.7762910020531155
-1.1516433627838027
-1.2512205044081512
-1.8022003497637624
-1.6536879447041175
-1.5265432896877509
-1.1765848458022043
-1.411828138799805
-1.9484236561385146
-1.818308222309721
-2.0433678171241705
-2.129793901314841
-2.051973217368263
-2.557756769427691
-0.74019368801412
-1.6801020784773146
0.3668097514898436
0.2847406708785686
-0.1470050281682156
-2.54396403477473
-1.2518740882586807
-3.028100429483055
-1.6029054937011347
-1.3340705063360296
-0.8789882740860027
-0.20299802792439484
-1.176400451688321
-1.1063767571807137
-1.7707639802647008
-2.3714882959320027
0.41920043139542945
-2.3949906850630733
0.21590142366330284
-0.19211672942338298
1.1383407205566787
-1.395324159834068
-2.7203214571784953
-1.7168323184299614
-2.0148126783286777
-1.9234765069133337
-2.412412982427903
-0.41345551835258526
-1.7057933655447115
-2.231669819736938
-2.9403401723344986
-0.687447452550941
-0.7023890118912278
-0.6844751753062676
-1.7586429743435477
-1.866198620007653
-2.342209671569265
-0.7465761543838605
-1.4837959928879716
-2.3828621359577014
-0.6004434580666781
-0.7233505359175436
-1.1864409038543475
-1.5774577662058835
-1.0325249026938599
-0.7755704867065826
-0.7214939780466543
-0.00868892834577864
-1.4632123752161412
-2.317418985160415
-3.1510244661376845
-1.1530804440134408
-1.4007740821707568
-0.29986850294700423
-1.2996609759856175
-1.9953963385084046
-1.152879219495968
-3.4436716806294547
-3.1719577449279552
-1.1236000629248712
-0.9897287620158619
-1.1882844623106263
-1.380422448457553
-0.13520398728245644
-0.3519102088402404
-2.5697635436286577
-2.213070314335342
-0.1282750773778764
-2.3866988359159222
-2.5784881101861648
-2.6650339587918195
-1.5932877535178618
-1.0456338853454779
-0.4355371260127808
-1.3819611381921413
-1.377335227259153
-0.29411716264383486
-2.4954094194084098
-2.902319898870477
-0.3923817225785939
-2.340815503739626
0.0827856448678258
-1.8900662812547
-1.536018193347391
-2.306578941139
-1.6195916674942752
-1.0366355502662223
-0.7116260353052449
-0.2979409964714441
-2.1634860910342466
-2.054569290602106
-2.054569290602106
-2.0401648937608132
-2.0401648937608132
-1.8796811443406105
-1.6246779393128552
-1.4932658437740658
-1.3498978084418516
0.5227285251900899
-0.7104951112916966
-0.18656692021257604
-2.0166672236794723
-2.803239478301448
-2.8638371113987273
-2.0189484975207486
-2.5802838243214046
-3.3540600495453714
-1.7481490468738818
-0.17985310623700507
-0.3404081462099665
-0.2654289359066042
0.4038591472591545
-2.400838374072402
-1.1639776685643357
-2.0607646438363623
-2.0695591098248864
-1.9150007926343313
-1.564247665257331
-1.8422393932882652
-1.599581563471696
-3.1970696755394297
-1.4126279405990394
-0.9484447415418391
-1.7410186974096973
-1.6623154518704732
-1.670681468869142
-1.9934452927831567
-2.1051519727196504
-4.128419582068634
-2.0913862162941115
-1.9286945677572964
-1.6183205658465447
-1.8067522639688125
-2.384565222218116
-2.235091005584487
-2.9634072039501276
0.4445980252227567
-3.2900054235682124
-3.7191252373731527
-0.5279877668680957
-1.9543596754576678
-1.9447826385797082
-2.496481849892599
-0.9898104682705696
-1.1185606753340074
-2.303016048653207
-0.06087054829820794
-1.179276443167521
-1.1943560788045244
-1.595969357478789
0.07702277718498758
-2.191630096570543
1.2139399630069627
-2.4582065443595384
-2.5594128272494485
-1.9498441081273599
-1.3711361022194521
-2.3495306682608543
-0.9338603259286467
-2.200432668114059
-2.3244796873002445
-2.2545394117682025
-2.9471380417267485
-2.9012617072563787
-1.9788418586592122
-2.1733708918412713
-2.3605645468272116
-1.4409772522973112
-1.5303874541457623
-1.4476901985088872
-0.2293505572105865
-1.1207620001402416
-0.852651415659425
-0.9891184858592206
-1.2557867391418942
-1.274417011577762
-1.297129436474857
-1.6041050890555488
-0.9654859731550867
-1.793722971107064
-1.6274207587643144
0.1374020877348776
-2.44707607615042
-2.0784679503471253
-0.6746599973811921
-1.6336542902886373
-1.03588163916723
-1.020378924251046
-2.3421959237005177
-0.3129915408427577
-0.8967453934412559
-3.530226913769314
-3.339756743643923
-2.226112954410898
-0.5370019841792077
-0.4862790384777245
-2.045236743851099
-1.7662171580732335
-1.9716499861294785
-1.3156780198627385
-1.5601694155555692
-3.7154354876356397
-3.419249172995268
-1.7874134447480774
-1.7483516129821544
0.21831096112766957
-1.3251877440973185
-0.8480433289201487
-1.847818667027175
-1.124525322986439
-1.8387155325635693
-2.3701120385546486
-2.4565219293262586
-1.623375645562679
-1.0264329924508953
-1.178965497071219
-1.1221506356464468
-1.1948456879006073
-2.918012117123947
-1.7515355877761927
-2.7800447874902288
-1.100917312781941
-0.5119680285245659
-2.140250892704895
-1.4987857618948648
-1.068111006236903
-0.6927961215255805
-3.438544375122489
-1.0019272462875966
-1.5083474818245104
-0.774825335395816
-0.8552381633430465
-1.8069267787558065
-0.237905901976203
-0.4793220614016427
-1.2648336055539695
-1.8647186336680686
-0.12482938469060652
-0.5044629974561108
-2.5034517192266557
-2.0214009609330663
-0.27968903268317286
-1.9610304574774844
-1.268810005208453
-1.5896466535832547
-1.6043523278486373
-1.0833723999886795
-1.564165009285863
-1.5727147253605904
-2.3716261505551293
-1.7759947003525725
-2.758773467192268
-1.8111137554165817
-0.7944370257552262
-0.9219359920733798
-2.0863724203022427
-2.2979669564001077
-2.9758281352754583
-2.4650713232631962
-2.612976597625189
0.08205031268548926
-1.7957820812572038
-1.6084505792705295
-1.0901959154574419
-1.2500126058910441
-1.3968963738110347
-0.6136882338660319
-1.6007429017611696
-1.6762521760370312
-2.0703549048983865
-0.6034574842025192
-0.7749494165328671
-1.2608447556580589
-1.93827554673045
-0.8796850548431141
-2.0626201215396915
-1.2196021670789672
-1.4281576802595466
-1.93527205333087
0.8417871849005901
-3.759518040734619
-0.49601839481941334
-0.6462860275812873
0.4913429460787289
0.519572620371235
-1.8670996024553512
-0.23479529979152167
-1.5064515381921817
-1.1705369589918577
-1.9823137981659786
0.023031677069233
-2.900047297870846
-1.889357658861974
-1.1569628837674202
-0.6789978418972896
-1.0138949322726185
-1.7657357776651113
-2.1046573069215757
-1.3776492904741975
-3.0687999738701466
-2.4863770938576377
-0.9606771325345577
-1.4738438132561649
-1.7236974716545823
-1.3038134041306733
-1.0703978039796855
-1.7788852479711847
0.03554648077585119
-1.1885676624741437
-2.6336459118858304
-2.238806771883473
-1.025779442489621
-0.2841652372791086
-0.5402728956594558
-2.1766943195172344
-0.9090578040428856
-0.8116971058180942
-0.6579805774442082
0.29364967935073877
-1.4775947315039277
-0.8415858154859198
-0.8477214879196885
-0.8375169824316279
-2.0902230120415886
-0.6640974299708579
-0.1391632572561892
-1.9687874232768934
-2.348328688694841
-1.8710084337544455
-0.2407160350158581
-1.5218541962170298
-1.6448315479239277
-1.5856313109444768
-0.9208343894053463
-0.8720133020000337
-1.3570294051637983
