0
0.05740885073062409
0.06874944488401605
0.060188885471875044
0.04793144046612277
0.07232131203930152
0.09705451103203802
0.08666929430176513
0.047961188545933835
0.057886224011690315
0.05413203518764306
0.10673034079362344
0.07776582991440786
0.07545148682375442
0.10025721120947118
0.06133997062681973
0.04775278001698305
0.03922289766034466
0.031044104196610182
0.03801191845854645
0.046099129742939934
0.15060565554818425
0.049505819988800895
0.037303885597662415
0.07826127507764835
0.04828556439486391
0.05277443472416792
0.05374047362066658
0.09973712030576189
0.07612777350641446
0.08540870907528517
0.10155533115777986
0.09438506633677993
0.09801560655820882
0.03776830257323673
0.03200022208361334
0.034114981217783884
0.022616636175357793
0.1262955016849128
0.04964256409099065
0.07835507297669486
0.06924383155271112
0.049438391857688946
0.04563660270214109
0.08595541687634796
0.09934361302026083
0.05156195452095693
0.03871598157393833
0.06806832815632727
0.06296388039936504
0.09369795610140776
0.1266846429395319
0.15455597336029792
0.054074613395258826
0.06669857838212305
0.10036963466871161
0.06786849687989739
0.06539506188090792
0.09128560935347148
0.0742332393998174
0.048454406832637575
0.07188468083547246
0.03534386817839207
0.04733485368127984
0.037741536352995764
0.10581957380279228
0.05674812898159726
0.0527253350659216
0.04809673418913684
0.07440268852517896
0.0724505799173219
0.0815422334213929
0.06783236045961882
0.04014081581540302
0.03397605603525491
0.052006642802482406
0.046604279051945564
0.0890887808239544
0.05298598341282421
0.19303127144043894
0.1614332689805769
0.05766158900491719
0.133256668208308
0.1194239838400462
0.07696439726123944
0.10624754787887372
0.06945647213315764
0.10099453569228019
0.09071304570237129
0.08648791585412582
0.04900175216691268
0.07284976516651874
0.03984281464019669
0.03513427974902336
0.038684822083528116
0.017952623095240414
0.024784677532792565
0.11198604979820756
0.01952902807471102
0.06191517271682597
0.1094438019967493
0.12670314391653148
0.08070927378742423
0.0640274488736507
0.04872944795182716
0.026583864975017284
0.07247173247951029
0.04391737292411674
0.06421201565138594
0.06704126005548919
0.0458181293374286
0.06093064243767633
0.06336386409355957
0.05310794196710204
0.059062326759915844
0.045186151399814044
0.058969994337458656
0.08436599093385681
0.08002727686462117
0.03731224550944455
0.10959763115190112
0.03610979235331849
0.0525102503542182
0.0462277753840308
0.07944215434697793
0.07432854887612876
0.08060292230511809
0.08015537674823968
0.08567406979271303
0.06884846414349345
0.07412570415982112
0.06266902280286327
0.09257821462493249
0.045855058457686226
0.05242085404229176
0.08116904969278728
0.09163349498609896
0.06631098454641202
0.04750223698974621
0.054927656108588435
0.059838636745509474
0.04427488780462978
0.06250733993982159
0.06715752328473554
0.0663306774068485
0.06649205174305799
0.10797540867719349
0.07666856059198192
0.08537537294177633
0.0683403816997411
0.08801740350174853
0.06188557524677328
0.07676443897175572
0.05246757299355784
0.05507296403171851
0.06727143267898578
0.046840552167409226
0.04332574807704056
0.08177082213000328
0.056794161013468465
0.06186810504847422
0.07274483767872904
0.02037600860553321
0.08251431602769407
0.03324686004055438
0.034540907831210964
0.03799224900377857
0.07526809852864863
0.07021834656910063
0.048354970288654334
0.04098829038059077
0.04666487549439974
0.07157743396402455
0.10387831031307726
0.04835810666609229
0.03890671074713397
0.04207471713046005
0.01940054898207966
0.05935145519053887
0.07147755925184374
0.07897750625105641
0.05474333429360024
0.12803244239145883
0.05062839535597406
0.09470088940440617
0.0912390216387291
0.09045088598563651
0.0365655379694198
0.05099626367834346
0.0454786707905194
0.05246965101105592
0.06987409713857026
0.04653998249239486
0.05575090781709986
0.04486343655206075
0.08630885739458687
0.08360227784792984
0.05834296211933102
0.03565237287027853
0.06863929896214012
0.06562499494906658
0.09055028140602626
0.08149032482511563
0.06046255930531062
0.04609608883183827
0.05948772594662819
0.05224282922146321
0.05017465451899378
0.05634190415240548
0.08001474333498593
0.057500536388674896
0.055674031641551956
0.07240080466500257
0.061784934626682275
0.06203540590955303
0.07621565691069032
0.05618609106197046
0.05266753034446214
0.055177144088820705
0.07475480565734147
0.08608480221048652
0.11590787895128937
0.057220015138676195
0.10030437860248873
0.035641308075732514
0.05881690847043347
0.03771161786888987
0.06856871989302875
0.06104994225158399
0.08210922956770338
0.09575628684354741
0.09532740164060488
0.015156080864290244
0.03323534147621009
0.03079771763051364
0.08479699700280614
0.05860276775038182
0.08409438241745319
0.0848881896328641
0.05946535533123782
0.05460633581337206
0.06026032296265149
0.08918544100716633
0.06978740826662083
0.04420009302774088
0.048588924789549896
0.07510286932707715
0.07381506057199629
0.07474471964806932
0.05736444325101542
0.06253191332426956
0.05923473991550097
0.0626365244460657
0.061776867607054156
0.07139093061383102
0.06660342374340263
0.09162836303831497
0.05026152250415125
0.044020925840883046
0.0521039494062694
0.05133362378324131
0.05892371122534817
0.053142919128979615
0.061580259322369504
0.052534952703670985
0.04752305551792955
0.13725823319842334
0.0581841994297913
0.053574183829371964
0.07186640104765242
0.0893102161023076
0.06283841405525774
0.06802682521131988
0.11633924918448037
0.07869207598016811
0.12543044532145917
0.015474485220250179
0.03935625957112369
0.18963046667345596
0.1197500806915856
0.054829727117536795
0.07397600516009911
0.053619145261477076
0.04219707223998455
0.042040161592994695
0.03726132227316848
0.07271624259893193
0.06670516048541321
0.07422260471293969
0.0906424858506307
0.08832928044737373
0.04746307565255104
0.1254869774441615
0.09654983794130553
0.06905139560225744
0.0680270628438631
0.03123649024450771
0.057417220605736154
0.055055735186589905
0.045188552353812424
0.05864093239897931
0.10065073599347722
0.08971409709923078
0.03463227537396417
0.09012510569857549
0.09227869289190364
0.07569512404290839
0.08806259273636036
0.052278513117944875
0.060084153093264404
0.0766332489806825
0.08210977850995121
0.023485157800551593
0.08873291446725873
0.06410721366068312
0.10078659198327417
0.026880827492335432
0.07476502311351213
0.05823175000826177
0.052453664408813265
0.10439732254201835
0.10314401725427483
0.06837204603231835
0.07600649309374899
0.042302120198751667
0.043681219597691494
0.097912396504965
0.07321082727496586
0.08329580475795437
0.08611830583153818
0.08755008378148317
0.07920918813102065
0.04321638198549852
0.07153976099654635
0.037864293458683584
0.059949096480055024
0.08093878626098265
0.06349366720209793
0.08441443004814216
0.05719178282993498
0.0509672909886859
0.0762815149573524
0.0744604853535792
0.08067839696157424
0.12959263694714052
0.05506319301618832
0.04173105485036832
0.13783103579943023
0.10688087455352803
0.04393349015330722
0.07457462112193718
0.07856445651347845
0.048959474259067784
0.06574302613504864
0.09576551715688551
0.1146575342666962
0.0769976118038788
0.06366799448303681
0.08641125488601682
0.07765569546821399
0.06386381907226703
0.06281066018348973
0.06829544286375966
0.0794706580145636
0.05579331480521047
0.06541865654642687
0.07090542493172396
0.07192697961214894
0.09549922411682366
0.09198375143364355
0.0570185772000657
0.058275527660383616
0.03626363135423964
0.030402039391407544
0.06440447143932697
0.09945509177822297
0.04623627735969513
0.07671756521184528
0.07128902830304092
0.03810618654338308
0.04664328227480002
0.10992449899858203
0.038628436008552716
0.11106904831656168
0.09413277713711408
0.06878765152316471
0.06714744014432376
0.10246677052785828
0.09778203098543134
0.08376827387420066
0.12229239489304801
0.056123857096496955
0.05368581678178969
0.0793616574065105
0.09205314139372303
0.08732517682908668
0.05814997978986398
0.06494062719161833
0.059282862807415654
0.06241246476162372
0.04872115632447408
0.05316308118383627
0.08166549321671425
0.06446292868408518
0.08245571079864357
0.10021231888957667
0.09517833875383427
0.03525678195932378
0.04382691710230708
0.03872356161567843
0.08228537401679605
0.07203825586931167
0.05357934362895475
0.05053106005195205
0.06586944156277955
0.10229075718455456
0.056064031905607374
0.11847375106745237
0.06369888620658724
0.0699219768418347
0.060212991747307786
0.12077317322548123
0.04863153103276531
0.050656825298916276
0.06462032065260749
0.06340160956511207
0.132143618363054
0.14531967441530946
0.14647976198364468
0.13163655417383763
0.07432860617835936
0.07696256551375823
0.09433527385454635
0.03383064464970755
0.05511721149798183
0.05680058602868394
0.08748752052245647
0.07837039923698837
0.06789674919684116
0.06826090542091579
0.05759333356418585
0.032732347530924424
0.06607780473780511
0.048569906008292855
0.08049645239265807
0.07701042981750655
0.03337921107891747
0.04384811334867835
0.03621166376488738
0.06012916868678776
0.04907106112106166
0.0587658330866396
0.0677376778933831
0.0624971235612886
0.04986157291401253
0.06341188037879653
0.07631425976803176
0.10523729245658038
0.083862632390821
0.0289431959204834
0.02126293096561487
0.027299435732546378
0.0411918355466156
0.0698407664045427
0.09495362023574373
0.09786936189501202
0.09511696757278389
0.09377313657613819
0.06822655880429432
0.06337135731259937
0.08005405235959649
0.04115633174110366
0.04750369099351211
0.11514177056932186
0.09084627402055255
0.0596031219595028
0.08106149435519656
0.07166797683898343
0.03141124255118337
0.05739754418950423
0.05396950730292294
0.04477578807901059
0.10597376306592797
0.14701733287331623
0.09598235859229459
0.08309922506187158
0.04856461962794502
0.0806749723471427
0.1079607489016339
0.07245670351074111
0.062338261340429406
0.07746309537413466
0.06728677690382166
0.0827510305388253
0.07250380695582354
0.08310303982718464
0.061680261860451675
0.054656216025726
0.07156026293570736
0.06822410385311366
0.02461376997068421
0.04371269721077529
0.06966069619813582
0.06868308833133566
0.0785708725366893
0.06774712895836366
0.07415437997896183
0.04271554364152971
0.014944839863594064
0.012357563781483989
0.08486177327697039
0.09840919622619294
0.0888586242120094
0.08963128139832195
0.08465800775254004
0.09054225493500462
0.03743769010717079
0.09136600686190514
0.10160897439023671
0.13060676620451198
0.104656700154603
0.08216016600465724
0.04597876470219227
0.08472852604051227
0.06394391803140503
0.07987706463544937
0.035206229616828066
0.10264529285472195
0.05446743027874083
0.06631743467251568
0.05625524666869531
0.07493132374702488
0.06830737618096695
0.06542513127895436
0.0412430405667292
0.08872792928281427
0.09041827368615596
0.09948589914073323
0.07464067045513878
0.08672385205307895
0.07250797635306051
0.07897625662421788
0.0978673590793918
0.06887140795111014
0.06391617951585726
0.08279784484988575
0.07541807947647604
0.09401510781292562
0.05809210815982272
0.04836363133803406
0.06724533160036661
0.07527512894926722
0.07639899479519568
0.053134694442906166
0.09737641370876181
0.04773127256745082
0.26716189760786324
0.27032037906727924
0.0546797941434315
0.06780145646543786
0.06608036689409731
0.07424006383136582
0.06584364179711025
0.07942698905100423
0.10341114366010114
0.05191686649875455
0.0523433225659611
0.06525176169257829
0.053983434984358515
0.07554166758826802
0.07091815971749355
0.07973494929891133
0.06325507382809126
0.06992743280528835
0.0600778785724095
0.05540844600430292
0.07679937790862017
0.08079099027438
0.07103513862264947
0.09437060539976717
0.037816303712521926
0.05946768901166387
0.062129032691628665
0.05097004307320248
0.060454782462078555
0.05249357638086543
0.11486490613294319
0.05664804641542464
0.03328736946606614
0.031986375269743836
0.05771879132891406
0.044107207360444246
0.0706044914950229
0.05090765893937833
0.042958110360318574
0.07370810099559441
0.07824629372416624
0.10117714656377798
0.0919286048095447
0.08077944522729204
0.11376435395679481
0.05314555181459451
0.06290140889087989
0.04593064481004249
0.060254338170330914
0.051171139258921805
0.11795904567783379
0.10976867922540845
0.03031014733084656
0.058187418189069376
0.07433503253184667
0.1283210271252652
0.05000943760159976
0.02853292449556076
0.02943289691393038
0.0340400179818617
0.07819679525806579
0.05486554795950125
0.09380876461784678
0.07407378556582195
0.07290131046414394
0.07487555261419654
0.08073828468033402
0.0533330669229434
0.05634780305814634
0.057016609332198376
0.06443791869283896
0.04509668279343588
0.03269270668586226
0.05990399995821392
0.06259706496682557
0.05914675406227648
0.04628750233737971
0.04733391378173091
0.035926186643263996
0.07666732878811036
0.0687363564969324
0.0711152215155733
0.06936268286758968
0.05265255626290791
0.08006034289492425
0.09079134870095544
0.05055966730739283
0.06453695360684261
0.040694671076711084
0.06581502803861229
0.0661028091710151
0.14867491273795422
0.04308817845599765
0.04177795176128672
0.24259853892472216
0.03634569036499275
0.03344194946965362
0.05416498153049144
0.03406003791516698
0.03237539386058861
0.09635322762624732
0.054045160012428366
0.06644050843752203
0.05129748610384025
0.060941602758715935
0.0774483354933488
0.09704490278079296
0.09341924213597115
0.011218370026030565
0.05845800321041367
0.052398006198307596
0.06104933580562854
0.0611772696882257
0.09812125734990616
0.06830638498472608
0.057162640030158904
0.07207842352945579
0.07571074223408077
0.05862522965319186
0.06898182205584066
0.042880697389905395
0.09592841770266759
0.05774754895331672
0.04297386862698341
0.05186437196101604
0.0707965111439414
0.06216608415642092
0.08148134469721564
0.057010378571460525
0.03235027352467893
0.05749680656268719
0.0293165858202585
0.0671249266268153
0.06825934421734091
0.047028734276577416
0.0976258701455814
0.06674672457851989
0.07339714986270789
0.020297788367908534
0.009715459420336688
0.009057898172176726
0.02253711832372396
0.07620367866012907
0.07782534725729282
0.035386699824198335
0.06504984068214284
0.053831780387714585
0.06635902029562772
0.08547376494017203
0.018858892699449493
0.022884558461897728
0.13213086268933275
0.07479974199998633
0.11338483225627945
0.05759441116040137
0.05132129903703509
0.06221617276874355
0.05853982920853097
0.05534582631603887
0.050710972598506786
0.053669580690569936
0.05302939877687206
0.04097375962450312
0.06086395353984917
0.05234538723994491
0.06645084994353045
0.03671431811243827
0.04810491245006891
0.054742100113111
0.040128183120430434
0.06707831353999422
0.05699223527969434
0.053611185828437595
0.060384980498007786
0.06302769134386386
0.07043726921731537
0.06381628057100744
0.05603834991976006
0.043711817712486875
0.08793716265199081
0.06021562896216295
0.0780758262859543
0.08984116257753394
0.03305684274239229
0.13671140549221883
0.1439212920171842
0.03090604912299518
0.0906831647900417
0.19721858559749464
0.050354989218766584
0.051795737721418884
0.09886995946545274
0.09036003154431227
0.11612355482666256
0.11422995899098347
0.11074983552174261
0.06953958329335082
0.04910148192911686
0.09040793028484512
0.046436810297113405
0.12255527940502114
0.07269759358980292
0.0501157015018345
0.05733879892165754
0.03353693621644158
0.12438065127847238
0.08736784667689002
0.07664639718331577
0.1473931355750819
0.09338640241260651
0.06039812514596979
0.06661570584913672
0.07344584223456088
0.22169378831408412
0.19719951999663332
0.11932650731448664
0.08971850798402957
0.07511973760013892
0.09406412446952217
0.037922931248278266
0.049447206232042136
0.062196071197763596
0.08543372917373991
0.08768490265836457
0.05789211354236051
0.06473384286596028
0.06797177878733432
0.08341306140138768
0.09041071297793717
0.08809414522122092
0.09492418773945782
0.0935408506062974
0.024437883655380414
0.029064070596322693
0.06947395207907664
0.09040566914628954
0.08232694057268564
0.041391079762857746
0.0507017021661047
0.10888981750976232
0.046422214337108574
0.13887594106943016
0.07375624127386264
0.07483476459761264
0.05273091459791666
0.018233674494275893
0.01810817618884639
0.054992442234397504
0.051709666181536225
0.036519421483792454
0.07934296817168206
0.09733878501722452
0.08636394769186599
0.10067228180725918
0.0896335596947009
0.05042801320236987
0.04315681985338471
0.04326741506259916
0.05164263199223371
0.04065065011167227
0.05444002705777776
0.05871282139297815
0.030785555210666695
0.041709311830905864
0.15589464966350766
0.13770349669026552
0.07487761072207531
0.037264178169216115
0.06195357042209365
0.05755494472838525
0.062349062383619876
0.07404451515257578
0.0574758261659094
0.07677969386653764
0.054609396425727985
0.043227987144253695
0.08050216156549707
0.018229292357424903
0.07989598753608942
0.08440352211063898
0.10544716546167722
0.06296966061295435
0.11005284141605289
0.09047066598500197
0.0778762592911122
0.09388326641693127
0.04373217378287326
0.0959017996694375
0.061047207240946574
0.09911366774298229
0.041967811739139604
0.01992238278046903
0.07892679428516429
0.06124964790724509
0.04612112918954566
0.08499286075059584
0.05039894441757402
0.039792896742273154
0.06673033111218922
0.07720911816588126
0.06774168433027483
0.05616222729820375
0.07056283529360168
0.17588659362167924
0.05623682571100039
0.0934636134102141
0.08879796495838307
0.0676604943098885
0.07864672762106922
0.031709230852823
0.03581595744881798
0.08777024716234921
0.07374798549319773
0.07695830669460582
0.06574437041744556
0.05020583702875513
0.07217334639362681
0.0739286977109338
0.05524699660302832
0.05266920115293591
0.0855256399405238
0.02687565619757242
0.07434301232965528
0.06922213461203969
0.12600537527383068
0.0717183184671785
0.05768550835439208
0.03133761675676558
0.03785057793244388
0.05942675294873405
0.09451262810159497
0.0662198686787192
0.07071163703917545
0.07072514908620245
0.07643721174573911
0.07740145201859457
0.04245701227243838
0.05605056081897557
0.0702219975221462
0.09573978990393818
0.06678815397064142
0.04587416239806273
0.0899478413199802
0.08333776148200724
0.07079815520890095
0.05124727158593528
0.057867838287571124
0.043872789493975384
0.027493034117639068
0.10594539817990475
0.05814709582336361
0.03996695120087386
0.037595363956967096
0.10238656311915496
0.06934305192568183
0.04011277870842436
0.07048696454954251
0.03442443133923952
0.06375662264021266
0.09419751683050737
0.06610872099016109
0.07407297175775755
0.06776384744500409
0.07362026765753191
0.0615328078496913
0.054413049276623465
0.05062920827048687
0.08120835160648873
0.04299364305294054
0.03533211951867913
0.05256485918745164
0.03494700353692554
0.06325028035148561
0.04187355057291378
0.06163391671321238
0.06242836377231776
0.05932777880296076
0.04142145147237987
0.13084537642580674
0.03697761277082563
0.12806363963308667
0.10047446492495649
0.11163012620155237
0.043454102750620345
0.10329806461831643
0.6280828455446199
0.06820806739845436
0.11265408076763778
0.04157003577691981
0.06588530318685445
0.06914637701455507
0.058811856045543814
0.05938159071840508
0.06051594363410281
0.17585131862743905
0.21509803462385946
0.06566717547929111
0.047321310823876236
0.07726754474040892
0.06163317051247527
0.11588997612338243
0.07289932446008614
0.04734829515248561
0.06826881246815639
0.06244154365013331
0.0874102411181767
0.07115488545128637
0.10793567356545543
0.09142969321399408
0.0582622131205551
0.061209991211832626
0.07054035880951084
0.055221962404136675
0.07359542128581802
0.05296803103978462
0.06195246287011883
0.039993030063965214
0.1087990641920963
0.04957228465999513
0.05809147218789224
0.07960052348265105
0.08086520700873631
0.07468792727668397
0.057378990690124615
0.05264579740316656
0.07728050860289544
0.050207238044550316
0.085573751215707
0.06696817399618084
0.04991257302441995
0.06525863466088905
0.05874850726763408
0.06662701085220088
0.04827043588663103
0.06144393888153952
0.05912798930810817
0.06103992554193445
0.05616269289535003
0.0638194776200847
0.0566921467443194
0.0959812696043845
0.056897912793392055
0.04347793397000671
0.05704178927996548
0.10740376972739744
0.10360629468587457
0.11883556720027061
0.04766072693469675
0.047679138904763364
0.06910082563934773
0.07504741674247838
0.05275097301327544
0.04236659466103423
0.08630404950988083
0.05524389860551079
0.06341154344191127
0.05498549923291636
0.07881277803789734
0.04848583135040956
0.08127948271301243
0.05872526798373585
0.05929803586303354
0.037914686111364164
0.05111308251091458
0.05555936531118406
0.20221764201224035
0.19788562115932834
0.12446326186721089
0.06061664586047143
0.06245448838975553
0.11667620614440392
0.05573659277940636
0.09009048808277463
0.04651440904032447
0.046063199092105094
0.08204298619725073
0.06818701991042042
0.05330921705272681
0.08883290477707996
0.06299900660832752
0.05022532434770231
0.08389689248620744
0.10530952149738204
0.09096325301332756
0.055342176363497544
0.06342105033784452
0.06307585882002523
0.07045915117964442
0.1225353657877834
0.05997051293059225
0.05757516213640094
0.051631729778318446
0.057811296645394965
0.05996762037213425
0.06914241954263184
0.05726952621164195
0.06751811636825249
0.06551433536317736
0.06872238843644436
0.20315184182821416
0.027415105142516834
0.08182119863445855
0.03476809401562899
0.07050843215215472
0.05116322341882307
0.062087746627012316
0.06577725927348217
0.06323458077624043
0.08011276220526899
0.07407688581405551
0.10960764772821656
0.1633293554980006
0.07034610569493155
0.09170480013337352
0.04408341412747849
0.12150630252897801
0.09377890893442
0.07794330678092198
0.10412963979392419
0.027883133874269918
0.04408437592925729
0.0798164351405523
0.04651386708642344
0.06375787647500322
0.13482694818688673
0.09213133311898923
0.04701698701473079
0.01731958145564217
0.0974220711323451
0.027309504579870376
0.060594143014719104
0.048767627044783955
0.04989444071475106
0.114335883132541
0.12062503104199732
0.06509238482024823
0.04373856092069399
0.06260137096496582
0.06838335560807998
0.07559948391950565
0.06598587157450998
0.05409709711570228
0.16697496917638482
0.0607206752073205
0.10932381636598329
0.10671804856255358
0.05217853184412466
0.05322187714542211
0.056372821031474805
0.07546215340820549
0.0770662049044488
0.058863455786438965
0.0818156930478033
0.05400993762493064
0.048015414800172185
0.03894232111576907
0.04648644547809687
0.0486287150979697
0.05887321370538283
0.09859267584525462
0.06363988899752512
0.057682831078047045
0.0680941705113453
0.04191393181494008
0.07228756019862803
0.06714947655400641
0.029142827444408652
0.023969326687579548
0.03125682250714501
0.028775017070954294
0.10085185621743799
0.08046748042691676
0.04158458590117163
0.04162554187233386
0.055283589674432615
0.05682700316495586
0.05729894269105509
0.07624125894083701
0.11999162855419004
0.07611020524068605
0.07706765823169148
0.06661569340586067
0.07302968211096465
0.05683644205071774
0.07097923780449027
0.05501470405493567
0.08513934837570418
0.0650078945288906
0.07410810350783491
0.03873376292612994
0.24225687299570928
0.026981737308339773
0.10683714942011945
0.067512808236022
0.0652485040034213
0.011647202822678187
0.01071169522972046
0.049351576542454756
0.03684025773381393
0.07534118802169033
0.04454430606407826
0.06298624862604292
0.050524691114451854
0.09581769568987755
0.07071867064360761
0.15196668540245506
0.1275712064382989
0.07629000717622884
0.06101644153817294
0.06639334704307492
0.05488572462002879
0.077751721947409
0.08561755651397202
0.05690466513147702
0.06768319084398151
0.06438935797568143
0.008977307876083166
0.05103499556750031
0.06316564063305814
0.10335713159391104
0.03039071134152343
0.11742366288098
0.08170498592061488
0.15167078305312803
0.056920630804898946
0.06298614555206937
0.06641367699998627
0.06368815507842676
0.03875237626505129
0.09265284194034426
0.06749791999387311
0.04217137549069629
0.03525577565416595
0.08652171372825684
0.07019382549309669
0.07155162457107175
0.05818626915039159
0.04000101898910866
0.062289002212702116
0.07828803946545321
0.059314923051957555
0.043193053101221235
0.06294121350692672
0.06546256392375095
0.061911690071764267
0.0587274765621887
0.07555545705826909
0.06934430494697748
0.10342228669546409
0.07475720825354519
0.07484578817137963
0.06808653202308093
0.0763024394989066
0.06200300465943016
0.06342022612957086
0.05070193393096078
0.0787338136744899
0.08306645168374736
0.052155139195529686
0.05522271249293583
0.057208292746399166
0.046048276380272694
0.05893118003102166
0.0907881266079985
0.06623162229686479
0.07984678996841653
0.0676194489156031
0.06006713060964161
0.06849010527280691
0.05819039653587661
0.057159978092067076
0.07356306606068268
0.047761367470994597
0.09783571456993335
0.06821663516384982
0.04437153233755156
0.08290958484858177
0.03894707003934917
0.09796323342055623
0.09119420850195505
0.05215090087507311
0.15579751730447466
0.049628108878544915
0.07270133132916445
0.05177157639328472
0.12497606391250186
0.05749423197744038
0.07100951212993663
0.05945350235427049
0.07680865497714003
0.05533929234982308
0.05156099397700544
0.04336793750135083
0.062010859032974826
0.07980051926576474
0.05000638925471599
0.05513177366641999
0.07930871417443085
0.09130446303357984
0.09754278899132904
0.03466049036195271
0.07061585310653534
0.036863128147377154
0.03627674112325813
0.028865721435021734
0.04653074689034798
0.0431053674234523
0.06554365595194879
0.03862309045883913
0.07206213191252872
0.045474864338125094
0.11791510721984219
0.02227073338228459
0.04876846859396715
0.08268095392339535
0.07370921404780537
0.037330831469707455
0.12156157179759199
0.08395496821854179
0.07674308856034825
0.0644549750772095
0.05955107166807977
0.05962314782834735
0.08154294801495222
0.05642126782523697
0.0762273588892354
0.04957478795369084
0.09991599929590095
0.05158317530498972
0.050989898775004955
0.07086069410852595
0.10590763178296003
0.020784713162357405
0.11574121800214321
0.09392281388591701
0.0497127124382466
0.06266053841135867
0.04736929579583926
0.05910795125137397
0.06407116508241145
0.07451544616260808
0.05213846921195398
0.06079610595313667
0.07713090450385732
0.10324973603433561
0.05738525204438653
0.061236586137925854
0.07124649362355771
0.05831711134571388
0.1080724798299246
0.1283876995009953
0.055696216554256404
0.05613689911893591
0.06445048434164917
0.035839974507590446
0.04220811253502051
0.026944004986793148
0.04358488372110126
0.09510712181153909
0.039633891765755026
0.05225473041838016
0.06751035266802337
0.034816699976810306
0.09325803908931934
0.10491777777173343
0.0408426795888953
0.04622349469009368
0.03388643236906739
0.021257309143624226
0.06833296184308096
0.06973784828136366
0.06561221669276389
0.03269634755457258
0.05487856509691649
0.06543323595766827
0.08536487881953585
0.050064915740580605
0.0670966099632306
0.05899928008190088
0.076817752471864
0.03583141771975778
0.07768232801663091
0.03215453037055179
0.09114519458390784
0.025421936453938972
0.0502577839072175
0.07188290518054527
0.061597772463625626
0.0639577243229809
0.0751893254499107
0.09965052550223139
0.04468244519291603
0.08397042048611131
0.039453346524909456
0.0689584230592209
0.18801743405794388
0.06617435002384478
0.04333215276950045
0.052970622528461166
0.05804342564920347
0.06308374750846323
0.06691645852693039
0.045648960730302494
0.0704716987289598
0.04720440457104228
0.04709916229199112
0.08029955666192429
0.05135372249294321
0.06262061742777308
0.04026242168582297
0.12721995596416982
0.04551023480922756
0.06391529749925126
0.08066171895758438
0.07225211702134006
0.06360137850068462
0.07319609026662162
0.07548262107930129
0.08365430444483646
0.05900551251298918
0.06935692560683174
0.0526738978717148
0.07508813690694181
0.09821057553653485
0.14797260495913608
0.015718465382996823
0.04393921312141943
0.0658649946783221
0.0829113982780194
0.07023043648566614
0.07577409207716707
0.07502963418986458
0.07668334412692597
0.0817285064415837
0.07910444597539398
0.06650879851287386
0.05484886092671982
0.09989851637616184
0.06574772970270305
0.060774728864430125
0.037070404838288135
0.04684490293268124
0.07687689544731004
0.11040043593941139
0.049390509169568164
0.04705647846774152
0.0918393286379264
0.08218292900785285
0.07056142468832986
0.04981518572801823
0.12319881082501119
0.06767696007845192
0.07803478731819798
0.08038131384762451
0.07488749917803374
0.08440996040410462
0.08839856505942104
0.08038534430610672
0.06604220024377722
0.12289176540617112
0.1278200011997946
0.040477885057810095
0.055586353582393666
0.052947314658124335
0.06027300252931902
0.031011308891388818
0.042403370883504
0.10213792141312655
0.043705727799738636
0.0941313214606172
0.05602958421779542
0.06180621971732921
0.03646546616124536
0.14481536232900385
0.044644299700000646
0.2085068473830966
0.05296741319058907
0.041964995675283286
0.05512846498457298
0.052261694103129315
0.08627283101914013
0.07710428180847208
0.057632988229645535
0.08166814484920058
0.03814133124799563
0.36567772026381323
0.19077102606223506
0.04826487136341987
0.09099450433380171
0.09265432964403328
0.06414959208400578
0.06567908228908116
0.09253236548589083
0.055339229775967724
0.06311030546765904
0.03737400276077363
0.048677100763582434
0.0560537622065228
0.05786569820793263
0.06298957520644911
0.065427300339257
0.12820150232888886
0.12368562565524874
0.07819347672264895
0.08427053319351327
0.02722745443696455
0.0689182308944545
0.06098001715574339
0.0639787282997338
0.08764340578054361
0.058685875985597956
0.06730497733342139
0.044718537875396445
0.09271357777410033
0.08863747601044629
0.05353607655526009
0.03356294065805763
0.05081240633623914
0.06990354852181149
0.06666422832494971
0.07974018377846384
0.07266942149965928
0.06407464630830818
0.07167453267670858
0.07109617148457881
0.10518872432901841
0.10111326247428276
0.10814912473349045
0.08675320793628613
0.06112473604291782
0.08523122292250415
0.07472714305130168
0.08199698575638124
0.08788622320100024
0.06192118232011594
0.08948358454646449
0.08545460102245635
0.05761904346673105
0.07470482738730705
0.04778189089158393
0.06834720343388583
0.04576822125486807
0.06133553306412006
0.06560300566400434
0.081772979443873
0.03526807292487296
0.0951036778480725
0.038386198339207735
0.044819362565235485
0.026117434369641822
0.03068060429618754
0.07977502299713107
0.044258815800464424
0.09813907789542015
0.06255047763153249
0.05774678748589046
0.047755753784183196
0.0947136584153082
0.10916455937290837
0.07380479201356607
0.09393154028513619
0.09300424956051653
0.06732423911175678
0.06738188375793995
0.1669511193169298
0.08581135382123406
0.06365932190471331
0.09598039993310807
0.04397153861166182
0.05061183718120438
0.09123859152268117
0.04933335448609125
0.1294656704597272
0.11304611436598862
0.08827307878478971
0.08042327092603713
0.0689138600451603
0.09149814544767004
0.05428848743300522
0.03917151404399307
0.10553250068258103
0.03340086735280073
0.052015037290445536
0.06613051598374624
0.05576613990688392
0.061802522405920796
0.04323047544878754
0.03195679931340064
0.040213900471035784
0.03860644594738419
0.03449976308192527
0.025085900257272992
0.03057881581679337
0.06394471641136869
0.06660058483279424
0.06900909922089582
0.07313824489060881
0.05836845345255148
0.08130535063248623
0.07924301310010566
0.09717663093971907
0.05493056121591487
0.07120248577253979
0.05147378479566885
0.05454437994220289
0.050334635013279894
0.07242164675475299
0.07025253572194835
0.08208225296554182
0.03296099835999806
0.13740000338003186
0.05531670790458855
0.05059636557385276
0.03636721496012411
0.038259023671358784
0.0895980908874416
0.09589244614802933
0.07001931373813086
0.09079121181786831
0.10782880775570874
0.06449369360967323
0.052566767915407334
0.0553085685697495
0.057292475707570345
0.05063565609921608
0.03405804411864959
0.08011049160764935
0.08949206979681254
0.08969818951525423
0.08256553181707513
0.049164625516750375
0.18532020182727252
0.04595087953339486
0.09637624493076913
0.07156407208655187
0.08055442506518423
0.06400150528201441
0.06794291037394619
0.09452419451721839
0.10901735130833008
0.17202423612082612
0.047788348054274864
0.10917467469819667
0.034707712419575064
0.0443872605284995
0.08784163479465634
0.053021032997699884
0.12352669534858399
0.02341228914178236
0.0199407572777268
0.053383789915482
0.04355311861664245
0.0905051051142913
0.08233483816978622
0.045141026922836745
0.05452509642620281
0.08420940229312175
0.06482743230983945
0.07884357890427121
0.048309987045605164
0.02002578759688236
0.07340655931603134
0.06967891745385232
0.026540471549195272
0.058388018806086135
0.042791181936902505
0.04945478824999129
0.0648547488533253
0.06013398143057314
0.07119120927819468
0.0337001483084748
0.04318583493355965
0.04039598594309075
0.0517189513811602
0.06488660751146941
0.026937776502231798
0.025269743543146633
0.012420819521602476
0.034094005284052736
0.021150323982398765
0.08114568115290231
0.09460600366326533
0.10049771582452678
0.05389601170365127
0.070634027952438
0.10836991823768821
0.04813190377470331
0.048885809294242
0.08248408367564491
0.07227872493607426
0.04559789431089943
0.08774701619295776
0.15404936478863765
0.03892935513527711
0.07512898690388166
0.08205259315759299
0.09024503108391833
0.07980204996519326
0.09085515686129975
0.05476036763156208
0.07110050402856415
0.08581024330602484
0.08696487889534484
0.13684216795361553
0.07706669576918082
0.055377481965496946
0.04690664829727796
0.1047124260775435
0.09553008065124136
0.09252666292104551
0.07678523440488298
0.0634315013486344
0.06083063127535483
0.06505213207979035
0.08854845599543555
0.1083781857905747
0.08685732825436578
0.08334394724480541
0.04749478061885766
0.1454696927807738
0.13873911104804737
0.06344319614366219
0.0852374329122673
0.08319546678153472
0.07069757130402027
0.07029636932732453
0.0368184822606975
0.10339778518046826
0.04230884161913382
0.049842764989821806
0.07837040192131099
0.10406235346042501
0.06495569323219529
0.09572180180888416
0.10434684138054443
0.0708134738212145
0.0672998245474169
0.063733352404188
0.06427387063765509
0.09323027635443054
0.091726712479346
0.09210599332904958
0.09011103623716682
0.058256975279096346
0.06546525523751899
0.06589081398322597
0.062288122681289776
0.05075144615044914
0.08173401240349405
0.05710804556411843
0.06463725118452392
0.11579443654359728
0.2813021711723354
0.05395237915985155
0.07109020727496604
0.032900504073492806
0.05054219376948457
0.05387376001705458
0.0405089111789749
0.04130145728378335
0.02721643575281017
0.026988629257074296
0.03981218753207012
0.05801171055176765
0.08355248103905835
0.07655198596832681
0.06491717781300474
0.054345072297721696
0.06836220415381526
0.08408833034804623
0.07286535892203005
0.06115073465579273
0.10932035600845419
0.21805267987446442
0.05178135635994325
0.056786417527902464
0.05446350294993568
0.03668894982661353
0.05392319371218173
0.052842537618691954
0.12758492400235807
0.13136263345922886
0.07637621180905169
0.07266201057956422
0.03149681975258248
0.032939722320633615
0.10707117901062742
0.01503734162817207
0.07091430511213732
0.11128440836305044
0.04660690115789031
0.015436786053945373
0.037355016643826074
0.053224833056364454
0.06917166384823226
0.08775745050440888
0.11654651580886179
0.07527454834413885
0.06466900362096102
0.07309427740224413
0.07309427740224413
0.0769159115267401
0.0769159115267401
0.08755821779384322
0.07365080539354364
0.05896153476500238
0.052666172811034355
0.07470471800656191
0.08520255921516987
0.08562828114541515
0.0707953219462701
0.06456972022172333
0.06359818422904433
0.0622211274510823
0.0685574157278358
0.05906568727548214
0.06176467601644321
0.14950586045740932
0.1214603315005287
0.11645652250239809
0.06782207630179413
0.04694924448412975
0.05364139119083344
0.15248487972054361
0.16142619073376643
0.07098688058038656
0.04641415015148738
0.06301841501483335
0.0696078055427077
0.12162578244540995
0.06866925293005013
0.05397725015102979
0.05765595368510345
0.04087565478950508
0.04284590408259545
0.03800015531258861
0.03854474003101253
0.02038051212476276
0.0609105263549275
0.017917409827047443
0.01853710306609601
0.08321505123428448
0.051265337054304104
0.058232374877310554
0.050519130331425535
0.09582798801519814
0.04479938001463051
0.03243376009843337
0.047938074109241474
0.06572825964218476
0.04239471612729023
0.038167125590991786
0.05880184350498
0.06034211201435709
0.0496235300857985
0.0483863846622078
0.0725585215284749
0.08904159822371642
0.11835156858433042
0.041354169825724235
0.05555714455419524
0.035605381862615915
0.03396355278772572
0.11014846135970717
0.07033154273767223
0.04282484917490336
0.06156335039652578
0.06886523042888013
0.036414727232354484
0.09615800183576897
0.07948524660971898
0.04203186467763085
0.04402333950395945
0.04138937192666157
0.044484847941690456
0.0419309392782194
0.09524426201299735
0.04386660704551637
0.06486583453197038
0.09112934584529288
0.0363267758523422
0.04303323521770328
0.07334708230251483
0.06472301642279196
0.07503630335976803
0.06493954409978982
0.06979935192646033
0.061572894177827076
0.07621879018726427
0.08117154778427346
0.04273255969567937
0.05446596643846562
0.0344208415785119
0.0765580401102771
0.05257683504781274
0.10196154348042535
0.05026067093768255
0.06994553001264402
0.04895589602549356
0.042318242005509134
0.08796295455308788
0.08897407090078316
0.08713084757430546
0.06362125442697102
0.0750364729943083
0.07928226834661706
0.06854436139164764
0.07632292393077575
0.08637093816194333
0.06261316222898583
0.10952999135082728
0.08632812493039947
0.08028767382844741
0.0580373339097031
0.0656995949149013
0.07375496368610691
0.042195326097030576
0.07319136939465232
0.08134186567197356
0.132228112540301
0.05840649705774745
0.05121951843454985
0.07262100627033814
0.09389360158670931
0.048076148661260004
0.0638026876265252
0.09708218404427633
0.024343429587516
0.041061138958169915
0.037584130327994576
0.08878549602494966
0.07840007537260639
0.14391099986439626
0.050369224993736195
0.0483292728313739
0.07329505362183954
0.06006325074094059
0.06659626185274534
0.03848403256728261
0.04319037745847248
0.04119824687805257
0.09407827936189801
0.04649540923036848
0.07070481967306723
0.07576991755737902
0.07347222918673306
0.03281981875914657
0.046121111287450854
0.05602286981679516
0.10101990641705726
0.03735718606336918
0.05535754760262111
0.08604034305632173
0.04540580104901254
0.06558958059489493
0.0644105003076944
0.06204875179157646
0.08756167294982159
0.11680490931122703
0.04753432017173592
0.037679875395633736
0.0485196995571322
0.0525730478562554
0.06259471412719629
0.059352197652306406
0.04153699165178453
0.03874033378222101
0.05426326137924519
0.05094117092310177
0.1156957581730967
0.05023815557415578
0.05913695360998269
0.03793546887021166
0.11053776354776203
0.04634263705819634
0.03678578079347085
0.03508644913698081
0.050180309882846476
0.08086439004703627
0.06217529692437322
0.06527948110135001
0.06728960817277266
0.023196192538231325
0.08754085097832665
0.010356848818340581
0.08389365102331385
0.1348298001015286
0.09520036309955479
0.07657545172650482
0.07023425754855092
0.05453764314062526
0.06360825153950868
0.0699417065884472
0.06702468130321307
0.066332301217065
0.04962192747490991
0.09945493002983204
0.033991952413184374
0.10407340202597062
0.06460037369513272
0.06367781814412855
0.08170173546573742
0.07108202215349278
0.08664040138130177
0.06991150189719395
0.06620383155157374
0.027094566505515408
0.010669622673748533
0.07122613874502588
0.05662395961965156
0.03584883011714934
0.034302712491886905
0.07085747867189585
0.09635431943143713
0.05556420036826907
0.04260381392829818
0.05127690861118183
0.045681202099334225
0.04867333602898642
0.05945243997396984
0.07136618519584356
0.07334449757244367
0.05618483519512934
0.08374202249638772
0.06992561482094724
0.06162112189894621
0.03703143439381869
0.07893857133522182
0.061517774421816704
0.06405428397429148
0.061215692332276014
0.06003544321139547
0.04795073746913499
0.164138522721064
0.13016919940358893
0.09154751322704162
0.05323264155916174
0.0601594037552851
0.08011404094328013
0.0759677697203599
0.10745094643395797
0.06505902971603382
0.03494349725903321
0.03449826684403876
0.07328501728240858
