0
-2.650259782569874
-0.6077271969104519
-3.049549680980732
-2.4342462593407603
-3.281070425697789
-2.829124257545563
-3.0065299306958337
-0.06960228256085085
-0.7448911351758827
-0.19027618502560376
-3.487667422723189
-2.4055546382672808
-1.2248055719211917
-1.7906796138445555
-1.024646643404121
-1.6438906866233307
-2.7783790604501744
-3.0294410838379293
-0.16184867531124525
-2.5575256655039262
-1.9490431808990958
-2.1963472457445614
-2.925559431329943
-1.7798804766077807
-4.086007992426876
-1.3727718169948477
-2.5928071373749124
-2.7477470628685876
-1.803881467181164
-3.0420534929541083
-2.2201976534758785
-2.6774932161644918
-3.2783825924044416
-1.250673876451251
-1.595350997206562
-1.9710197450180609
-0.7532858336083239
-2.9571489230465104
-3.2238501965567767
-1.7165102880666352
-2.307476347123332
-1.9928749734672528
-1.7900204545513116
-2.224499944457769
-2.4990395306718374
-2.0129485887264913
-1.8969176393429488
-2.812962386910758
-1.5083809772939647
-1.291882222284776
-1.776918299184888
-3.6321074547507943
-2.0492748919941692
-3.5752798598124427
-2.6699762302361454
-2.383107858037908
-2.6973330610440613
-2.7076593126262707
-1.612745659570377
-1.994421973740435
-2.916594239694594
-1.0479654670309564
-2.447615105432218
-3.0017437394370763
-1.657178343033268
-1.7379944297152126
-1.7187552787935536
-4.740982063176843
-3.873314483028577
-1.4077424458380163
-1.7149484438753453
-1.5068441563649833
-3.350560127467911
-2.875876344852691
-2.7208495216179953
-0.6381587250714098
-0.32760271539991653
-2.288065186976371
-1.9915965861346983
-2.40894820701351
0.7583116377103146
-0.23590409816043484
-0.8162036291503267
-1.1201183452864993
-1.3431028636997542
-1.8488038848587556
-2.0942909796001827
-1.976549041441258
-2.405229828904899
-2.2876431908366763
-2.280637211975134
-3.2421748196369027
-2.580348108269553
-2.5255068374503735
-1.7112999615703435
-2.647046568699833
-1.140196107608973
-2.8899164711574894
-3.860888602029431
-0.4941740366499501
-2.0420147714731702
-1.8747563139029533
-2.693140391040881
-1.076791949034287
-1.6155149483994962
-1.6115317354745988
-1.6156479973316704
-3.771860062044145
-1.2869407883267274
-1.237794154439385
-2.7934675228702788
-2.557671221390046
-2.4449043181974526
-2.8548957858540494
-2.9466939470798303
-2.120072559403598
-1.9054117243878654
-1.4199339011664291
-2.9238878459491797
-2.1348960760529723
-1.596147442069323
-2.5740842640387247
-2.147073071024198
-3.4906489999464445
-3.2304317694178137
-1.9913478747333766
-2.3270495484615212
-2.086970073441988
-3.1763138434213904
-3.2046142070939547
-2.5874569658607056
-2.478302425106203
-2.4258348338183144
-1.4424353676522563
-3.028760729387743
-2.7948508237538636
-2.176839865889652
-0.5058042124595629
-0.8593246348433926
-0.05471698283666578
-1.1633935400989364
-2.454218209279965
-2.747879222558327
-3.192512349942142
-2.5778388107438808
-2.1313139570246937
-4.129499734804316
-3.7618739051888244
-2.598712256691415
-1.3893825098707546
-1.7407619573449
-3.0246128723197176
-2.141273927551776
-2.112761187888074
-2.2445250640678562
-1.8774545884175857
-2.2596455089108805
-2.478009543311756
-2.9301598892767355
-2.0374312935759304
-1.9523341157931053
-2.2659164841575423
-0.7312417609260151
-0.5535458614461654
-0.41167638567719517
-0.7111786002683722
-2.972224140134856
-3.8215174601582
-2.321785854218682
-2.6005847335820067
-2.771246212970512
-1.068384919880132
-3.1345360282405497
-3.6385412379046853
-3.1090201014064704
-1.5856174463131611
-3.6418145195544747
-1.517589910143319
-3.940383950780481
-2.0381775505078767
-2.2885859637902692
-4.519955832269432
-2.9028468752403076
-1.9561282015192498
-3.913697497694174
-3.8921094915753933
-1.7124079812516142
-3.811651377512674
-2.2704802346446713
-2.111264588224691
-2.3519908548383235
-1.7786102639796497
-1.2634996691922107
-2.9815368128364335
-0.7273036102125365
-2.377970283056363
-2.5427438463737344
-1.1180599935683917
-2.2565644746017637
-2.0326139297861534
-2.6736263134146823
-2.448751272676281
-3.6505666711530833
-2.357963690484638
-3.3478524562379413
-3.1736142210809035
-3.2457146859243604
-3.5718114955625504
-0.8360699289077008
-2.243685748208076
-1.573178035729305
-2.992664572749583
-1.9870804282714467
-2.7450612071006604
-2.215240859665363
-3.119551401685616
-3.754722391753931
-3.2363319001403146
-1.2905030404949733
-2.1657322064895297
-0.8744214857946343
-2.8827192704368922
-2.6265464874824653
-2.417960436412209
-2.6681285142521083
-2.1820770212225855
-1.283912233103202
-0.2541838634707276
-1.3333200906555314
-2.390791742487537
-2.5552039728545033
-2.5246643110572986
-2.02062530012738
-1.94114309050144
-1.5395058800937245
-2.5071113969839276
-2.2062377724976914
-2.1746310054941707
-0.8288793946490276
-2.624706804748436
-2.580792185150716
-1.850901420699907
-1.6698853998659848
-2.1628448370278175
-2.1744233433371303
-2.376363433923396
-2.9890296827675833
-2.7948294494701322
-2.591835925438422
-2.1338293978530003
-2.671221768562971
-2.3506828886869235
-2.9454734168107044
-2.981733355799478
-2.6783728766768715
-3.242513556835054
-1.152373810802712
-1.6673456709542591
-1.757939334383014
-3.4480221488017815
-2.3154221279495437
-2.0376610559832753
-3.3499321223081933
-3.7860479134407106
-2.193480609257813
-2.9401115186557853
-1.3258298007572336
-1.6586976777951752
-1.8155536705889255
-2.993135346685179
-3.429085965757256
-2.917037659842106
-1.8892260253609652
-2.3971222345079353
-1.031582861844426
-2.846538979811611
-1.6480761849948962
-4.40484224517908
-2.508208483649871
-1.416795010060806
-1.40175556905314
-2.832968897593295
-1.593770708466441
-2.630095395608098
-2.7013415012528252
-2.158094679540703
-1.577014682195895
-2.3051363853789946
-3.279016303726619
-3.239755010534486
-2.7490587993506472
-1.2008576290955866
-3.7541394254443143
-3.7207799783555884
-3.33317327904921
-1.929359818839681
-2.572867839102453
-2.074842585440278
-1.5717828980890654
-3.0504572867652286
-2.421906935276528
-3.382052801374688
-2.39757113381724
-1.8799001241004778
-1.4720509307827068
-2.5505616282732335
-2.0321962610047635
-3.378237892420331
-2.959963050806889
-2.6498098534012366
-1.9581083811407818
-2.573142210019741
-2.644292204737321
-2.897053701477974
-2.635835919912009
-2.258084111816031
-2.2891586518012597
-2.542217939342962
-3.477253672013876
-1.7038979671446584
-1.6680605270620692
-3.0871534001517715
-2.0109236623338087
-2.9833833741503843
-3.068615085773696
-2.157619120915906
-2.6480335489888533
-2.293634960503712
-1.9770652088091076
-2.681736501916749
-2.2381544956082635
-2.343857916826165
-2.3172420963169515
-2.1318425915116905
-2.0478795080755186
-2.533776997486865
-2.9269987449814727
-2.553983903792441
-1.665284544393582
-1.7993493674255532
-1.384771246940532
-2.340603107803052
-2.511686636346368
-2.4793224615597103
-3.092825130089964
-0.9617219320880726
-2.9443350788166316
-3.166585232995646
-1.5452179607328853
-0.765068402508685
-0.37383720790314523
-4.536619037590662
-2.2844860575903243
-1.3221281913544125
-1.0929425694938153
-1.661262884224823
-1.970134191754189
-2.788847388367223
-2.8320369918264614
-2.6517667303368433
-1.2652015912135601
-3.4823068832038566
-3.6404598112960915
-1.064237335981242
-2.979664463979849
-1.746696036242388
-1.4668434220075897
-2.612770756581215
-2.725421654355019
-2.775100743651236
-0.7251304880741037
-3.0208425030902366
-1.040205248383355
-2.7509292319888843
-2.274646773493957
-1.400237616032267
-2.30142453655526
-2.410764863645363
-1.4519462320731307
-3.413660577263085
-3.007477919059866
-1.2453473480040875
-3.4242818909033397
-3.284673050095515
-3.319947261044663
-3.143962959042872
-2.206463296467486
-3.576225342307305
-2.9786506566700908
-3.7381038900437336
-0.3237803051933991
-3.078715977461869
-1.482441332971
-2.5361938854964636
-2.491955549395685
-1.9779704194698142
-3.493527513218036
-3.4422128943968033
-3.099733386765144
-2.3161850813791625
-2.4260073650842946
-1.509937798856953
-3.3454300392086154
-2.568227447529434
-1.9841173530781877
-2.998030480064511
-1.3516513537344212
-0.4030732402581146
-2.946582993685126
-2.363819466650259
-3.2328754192114495
-3.9587140126873845
-0.4658841386446151
-2.9615643785344528
-2.433120223080794
-2.973784335861218
-2.80904608161862
-2.6002044157294
-3.8688675442790283
-2.714150881638298
-2.585424427501997
-3.225812836561136
-2.5296700582054346
-2.1861627416767044
-1.891631712506034
-2.492210747537716
-2.928843958117725
-2.726294696506235
-3.104076531237368
-1.6916550857010442
-1.7405048733706194
-2.6072328999609566
-2.0616495643648247
-3.303979920000449
-2.558832217799868
-1.2226271121379577
-2.417083188141273
-1.9172989538565754
-2.425012916061547
-3.162283413066084
-3.164510056231692
-1.1024107835711
-3.8755009606212707
-2.6287886711458963
-2.695300741494195
-1.6886745855233016
-1.8980910186755684
-2.8942927092014985
-2.9283421658211757
-2.38505869084505
-2.37571454734233
-2.4518383665164474
-3.009089584658131
-1.991942998250545
-2.2934500250852343
-1.1791272965482849
-0.9078760929644898
-1.8854493105622414
-2.870276158594385
-1.8843313684069813
-2.716327945538706
-2.6915111292865657
-3.0717450859514956
-2.689988207801787
-2.040900188415795
-2.3672147619949526
-2.3778258085521298
-1.132072176972835
-1.8433269450609582
-2.41713944998231
-2.6528649640200754
-3.8522710821313004
-1.822469940971578
-2.103599469702996
-3.9002434961205763
-0.4525165770647864
-0.646239863508488
-1.949576484893281
-2.1260075404095673
-1.967929220154483
-1.885468119286368
-2.1173265514807675
-0.8419654264060329
-1.789855744805884
-2.023920067440617
-3.3722656605581696
-3.8278024319710178
-2.8038040049022728
-3.2317114173704615
-2.5104898825564796
-2.8674762618362637
-2.9366829727352495
-2.8917249694920235
-3.069961215751466
-2.763564636125286
-2.3989782440123713
-1.846880535848527
-2.80934407479553
-1.8478036750421307
-1.7138101725278196
-1.8533964060287398
-4.203402862284745
-4.266534425902654
0.4433249290509645
-0.007821013241649336
0.045479596047671295
-5.001308328478284
-0.7710189397180183
-1.9177904434621524
-2.0853727533000805
-3.8329468046358106
-1.6921195720851614
-2.2087376404523873
-2.3621508599360053
-2.461109898325718
-2.1384837626046
-1.8786646020337197
-1.5137726537308838
-3.881652276507002
-0.39544433691942216
-1.1002580230470345
-2.1298472377633924
-2.7601266785167677
-2.993568398405058
-1.59788291194797
-2.773574216756608
-1.3163222032494004
-3.0912037558087055
-1.981575320369866
-1.9804123465234003
-2.165121527190375
-2.9949463693127902
-2.7330212803694347
-1.0183754254302777
-2.321331905330473
-1.7044201164848596
-2.61728702752964
-2.0860275686949206
-3.2551741008986856
-3.844437356856889
-4.051804894262096
-3.169236771041286
-0.9654297166335097
-2.918451033737362
-3.1144909475118183
-2.5742673041109696
-1.5944973049005107
-2.2081561081324064
-2.7328687342603772
-2.0344864056152967
-2.8995315621867075
-2.8353611832339585
-2.8584497502826838
-2.599817163087635
-1.1434025783623507
-2.977302810640493
-2.9926010103721983
-1.6749391134080447
-2.7301243817804055
-4.405853323147068
-1.0166916468917988
-4.210242412035475
-3.3356577225298976
-3.0353053598247395
-2.713892196027573
-2.223246943383902
-2.677781986972511
-2.870776575631508
-2.661369817894704
-1.5252718505603622
-1.918106570956545
-2.1011877315743197
-2.7459776119679122
-3.1000955820241933
-2.583849818534193
-3.7285445701074
-0.8578793673464544
-1.2179178895407863
-3.973137970330673
-0.5107784250695288
-1.675116774480372
-0.7534953254037362
-0.6440467239175175
-1.3104896953375056
-2.2222292582027348
-1.6894083069898884
-1.696475507677466
-2.6525294150762004
-2.9662144634633587
-1.7284600394582124
-2.3932087259166956
-2.6778332673031473
-1.30111924161021
-0.2592471696028761
-1.870255061536489
-3.203180449190765
-2.2350015192156034
-2.205470323957621
-2.128022447679016
-2.89016945332698
-1.8480241625838423
-2.2445893332848184
-1.7691202742123844
-1.4161605181961059
-1.5779521196344888
-2.918071655670878
-2.6979533636876964
-2.186764677378811
-2.034437131435449
-2.644218865379785
-3.6951717438616813
-2.2522561276887783
-0.5737022652080811
-0.2971188929231358
-0.8152848741638414
-1.937683171370414
-2.5716666205989434
-2.0383174149975747
-2.713080020016201
-2.5694013663700845
-1.3518787725464243
-1.466273449852494
-2.0889038085046088
-2.776597511828699
-2.283542965631788
-1.926880859815065
-2.6147737626103282
-1.5074566643650218
-2.6442864375004342
-2.084648625395282
-2.2993441607607203
-2.561110048580296
-2.5457323126214026
-3.77740526524891
-1.7539716675789154
-2.5655680137256485
-2.2100352012549993
-2.4032241625525037
-2.0301706472240433
-0.96905363737688
-1.8938171385048161
-1.8410260616283394
-1.8938957701794958
-0.9403583619729662
-3.0353137960229586
-3.0192250410971284
-2.7136480358145927
-3.1119212227745168
-2.2182286659223642
-2.800525257539199
-2.6073269870420854
-3.104531271515256
-1.5383083863272422
-1.8042860547803408
-1.801516418982979
-3.3212221908126556
-2.1180717395723017
-2.3478446431993745
-3.7301244187576588
-2.139765803227749
-2.0288050381326648
-2.9820380721414947
-3.3087726606586005
-1.1166244578842188
-3.7052013605955727
-1.7133092277924482
-2.841462233191429
-2.932902680049922
-1.8563552665551404
-3.141074465182764
-0.19507873835111988
-3.5096165554673844
-1.7303741100009602
-2.743230878738977
-2.3303089475054737
-2.915769481508913
-2.3051149779902116
-2.1560920715591103
-2.566280795920756
-2.468684923216115
-2.448047429991998
-1.9610211136769176
-2.640804228805985
-2.706006500344668
-1.802703759442617
-1.6184767686943808
-2.9681400150277715
0.2046497667864928
-1.6647635791784248
-2.705079216925573
-2.043437018571112
-2.8032764515262416
-0.8818688509471537
-0.45896782953573767
-3.664768319231902
-0.505453298110467
-3.212158660318359
-2.826923066914736
-2.6165186914677894
-1.1596548416667383
-3.8792522922401873
-3.4090255881901013
-2.4713403736072586
-2.3896914153572584
-1.6193915963506187
-1.7809540135566335
-1.284458913200489
-3.0285070219280477
-2.5270950706262023
-1.5218895718520369
-1.3522783519966213
-2.9015222205215174
-1.9392090043607908
-1.973384378357367
-1.7197688621301832
-1.7824848042687857
-1.9116385114590737
-3.2103745084433646
-0.8874368478216663
-2.663789292406356
-2.2170626553992503
-3.011907210574708
-1.7626757129252126
-2.006005675188086
-2.1777746046141453
-2.5656198944230955
-2.549413853148667
-2.7262562852186654
-3.01459778273179
-2.363177847179508
-3.0988595184257623
-3.0598058235013674
-1.7407811343945203
-2.700430398282658
-1.8610682263296687
-2.437297277889171
-3.3837703961347483
-2.4007562103703193
-2.0899628343956054
-2.7694272092460763
-2.5329904458058294
-3.1644140620576016
-0.648171102115029
-0.8903187134025579
-2.5303543901490024
-2.6508647741808704
-2.846835126253694
-2.645488077264236
-2.74834445217657
-2.601286224495313
-2.3140930812205447
-2.6951029882175477
-1.5087054534492619
-2.581580681380393
-2.1623114503098724
-2.361218502386701
-3.508842774586363
-2.7183957753054147
-2.6463679881840805
-2.9239238663315827
-1.5928709229845752
-1.487331951860012
-1.4489389236566146
-2.812165955972406
0.5331124125911405
-2.6570152933596543
-3.4587436367952638
-3.4562687801348813
-1.850364093963108
-2.320836014667768
-2.104467135888377
-3.4721139422813856
-3.176829413268228
-2.6680069359101686
-1.2692687615702876
-2.8459594520559786
-1.5978035890055846
-1.4315646670094107
-2.169325099220646
-2.4797050747141727
-1.9492629824204932
-2.687282190453896
-1.7398153001238186
-1.6212835799170975
-2.9061212345040186
-2.5681672460744407
-1.286731573780416
-2.1241812355754126
-1.6717471698333173
-1.7287037559665703
-1.4067361498514792
-0.828690775214343
-2.3829026309277466
-2.765831343451856
-3.961987408240786
-1.144099680097829
-3.130123460245742
-1.7168141060362199
-2.6852476237568585
-4.0459416383397535
-1.562354450378085
-1.1147102994789981
-1.937525255898616
-1.7476165332837752
-0.6430239578916116
-4.564546943366732
-4.56362335288224
-4.449740492278406
-4.581112645935475
-4.487579726333179
-2.211967429781099
-2.1340201943669053
-2.097681886905154
-1.5064970363151275
-2.5266620558044446
-2.4638664917330932
-2.8386303769994803
-2.25074633913226
-3.3571647284053245
-3.0071581750396392
-2.7874806884106396
-1.2308536990330627
-3.70999043539805
-3.517863377776868
-1.5409426106414468
-2.5398377745990266
-3.147544753076998
-3.6203066700764355
-1.4183187052895623
-3.1452853827551763
-2.240217075406198
-3.2362616633908536
-1.5734559683196037
-3.034052528535157
-2.145941467407197
-2.7052273870481107
-1.6529224868413304
-2.709476138939212
-2.378157392737054
-2.403596111109988
-3.4588787963317826
-2.260611915105564
-2.2216144376829456
-1.8964346723943124
-2.9096162555752394
-2.0992630224473743
-1.7539017239772086
-2.9373781343996432
-2.770847746696698
-0.5327340701983881
-3.301140467110525
-1.385185365827395
-0.8418818765031421
-3.1891477015673932
-1.5319593739186848
-1.7738074502273151
-2.109329920500749
-3.2755479197995654
-2.816719538912644
-1.0543571965696321
-2.026518309858708
-2.5550453655048297
-1.9758524723798543
-4.051429302470414
-2.3913738427592257
-3.532909899034616
-2.1816985157595816
-2.5843877883032853
-1.6950183053283043
-1.8410827201580298
-1.4094251944148286
-2.107377262697565
-1.52687273144947
-2.6202009133601094
-3.19512369134272
-2.546787099048051
-2.9590349558677813
-1.7614395163920717
-3.2352912253726798
-1.9896581008376213
-2.012425216144528
-1.3321113879379518
-2.0404592420571657
-2.7325734863471567
-2.022993739515124
-1.8876252795837698
-0.723499998347256
-3.690778777518598
-2.6520502067560634
-2.8158000473150726
-2.89174190548081
-2.6542473086478346
-1.4818404413344146
-3.6411959160071135
-1.0731135840469723
-3.84658086053951
-2.9822292854196695
-1.0791305459901896
-1.251166087765201
-1.8617194778656416
-2.4769185388551844
-2.739110424454424
-2.009357142021576
-2.0953461508226328
-3.840340449569609
-2.1785754166390388
-2.1671087656941226
-2.0644828681801446
-3.3572762122648125
-2.619918637668429
-0.9253802584864435
-1.5702021008178686
-2.535550384018564
-3.879675484963284
-1.1848447441034085
-0.4647197758513688
-1.3241550148039523
-2.650477198961095
-2.876951663080797
-1.8537878465662603
-1.9825386640496967
-2.121597837568455
-1.837139262510633
-2.3732336634419133
-2.2305584157897314
-1.8368336108140442
-0.5761879683415316
-3.23665942864878
-0.11676168252297354
-3.210200069114761
-2.976060389300649
-2.692313404462523
-3.3338933488398688
-1.9922960667716458
-2.2395505388064256
-1.8667850722534056
-2.9520601798364026
-3.219496153853137
-1.6769122438212207
-3.751423399406738
-2.0412787991742527
-2.6775360571447715
-2.7890887369113946
-2.422235646808107
-2.4948318653105184
-2.405630679027001
-2.660828494059326
-0.6952501412368973
-1.7567270532294241
-3.017674557639422
-2.671616965429078
-2.803393619375696
-2.054578955577577
-2.5960682461838425
-1.2454457086540247
-2.5775976805099625
-2.0809027641318187
-3.2337271255001734
-2.5495495237790755
-2.0842664370804753
-2.171474605307496
-2.5704690862076496
-2.226026750084075
-1.6311289720353392
-2.895809504265317
-2.8409317934395686
-3.884696564500665
-0.4261488508020593
-4.116267201456965
-4.168049029820088
-0.39695652171593665
-0.7304651046781173
-3.003741372885698
-1.3238707583925737
-3.8933692653903584
-1.4900851473051573
-3.1730014327706573
-2.8926882327171315
-2.64547156386893
-3.634998417742452
-2.643077111721605
-2.2941343005632846
-2.0193486720240785
-2.8930207159855037
-1.732007596667977
-1.3688655112310382
-1.6417558239592944
-2.153843865726335
-1.909118413930454
-3.3207200144370406
-3.130364983140146
-2.2881411191059677
-2.7030869969412907
-2.088005843598614
-1.637269282542868
-3.0785287953052514
-1.5510379124778098
-2.266128934959436
-2.4569873258009305
-1.823415433149795
-3.226052705045437
-3.0278496390921785
-2.472871476941533
-2.483996942898131
-3.2614798135321794
-2.5949593290955053
-0.6625383206808249
0.17033367429364857
-3.503767920342776
-3.9497017833966823
-3.215570327209695
-0.1447392047839724
-2.4530862265154316
-1.5030664141453864
-3.061974910378861
-2.346663325711095
-1.6393257570925694
-2.8075862145281465
-2.3563361842936312
-1.8298685895806346
-3.4712131297148296
-3.562826985924934
-2.124564711689487
-2.6536037866457742
-1.7021551788536566
-1.7086223380949053
-2.706421005926761
-2.71710435522793
-2.4897949550501175
-2.583285478127927
-1.9883307974613282
-2.245468839045157
-1.3741387806073104
-3.711018041742762
-2.487016120163656
-2.7473448767476922
0.27289579943538866
-3.3703452405836956
-0.9375106984515889
-2.428368392906792
-2.5357962080561496
-1.6678356424816416
-3.107279030572766
-3.6299448432715087
-2.3688177091763576
-2.4286842047307
-2.330685062321122
-0.43849309041488876
-0.786411771936335
-0.8699551579623549
-3.040046046300394
-2.3449662317764886
-1.743456402409138
-2.3957066793041433
-2.7281672640176864
-0.661902283319794
-0.6539719368337434
-4.002591226775858
-3.1722616835247894
-3.7433928591914554
-1.1402142970618938
-1.9376489315564351
-2.375883258555773
-2.425186659505174
-2.223233922085525
-2.9183738267357944
-2.8236638781453935
-2.053558941336978
-3.6952908186078894
-2.9713686156679793
-1.858940642870043
-2.1317959751721545
-2.585485173571253
-2.99044428344536
-2.8541744380209018
-1.2388688894655076
-2.648122182885098
-2.7812216670845524
-1.916222965976496
-2.246722333748812
-2.57462213820779
-1.9376811060445542
-1.5323762798347165
-3.2981032626549887
-1.7289845693358727
-4.322425573918546
-2.3608151586127906
-3.466846246858967
-2.423236025755743
-2.224247881911791
-2.839213676877749
-1.733838681528373
-1.8757988110769808
-2.4270925486183703
-2.343446704459398
-1.56060004364018
-3.6091142642898033
-2.187613646672999
-2.2971417719359724
-2.285826845208608
-1.0173541284106824
-3.915792669732834
-3.1200224535347716
-2.9468454941378472
-2.8137455829282687
-4.1718950250154485
-3.4369931686234025
-2.3985266270387062
-2.236590146835898
-2.376145024684888
-2.4615641805401567
-2.903830457659592
-3.046547896876976
-2.333882558933394
-2.355446001583479
-2.0969719382795895
-2.1340510224846807
-3.004653599301859
-1.2994725829615255
-2.595457935042032
-2.954274488837354
-0.5434261358104058
-1.9869630622859595
-1.0045731884109135
-2.0316725668452262
-2.326359150407836
-3.18892895649335
-2.2179520180329844
-2.2730076774007038
-3.2405687166142743
-3.1593904369771106
-2.1137500050332014
-3.441800829934632
-2.298521646934227
-3.049433170876104
-3.2693589012986055
-1.086565390459125
-0.8968246485587403
-0.9344124229380947
-2.187132021480461
-2.2972070193812675
-3.7263511808526477
-2.3047869194449984
-2.235726190639107
-0.0885520059165747
-4.03449242802721
0.26879251069336163
-2.171296657489682
-2.253242479617496
-2.315719221481532
-1.7941087206848865
-1.7521163653263447
-1.7338408828411906
-2.9971315884914786
-2.170373124841502
-1.9333599326056592
-1.8238585799740463
-3.512881511827424
-1.176527844977697
-2.2821578989822333
-2.9642138232631527
-2.5505067666971097
-1.3491218187435405
-1.604219758710653
-1.9979309748221454
-3.644297646057544
-2.416002930590887
-1.9717180506390273
-1.818503750419298
-2.0796565122864608
-2.7768811841295884
-2.5069443970119507
-1.9877838230852878
-1.9362293913221322
-2.18782588070412
-1.5087672116919555
-2.568841912561248
-2.3489736761719513
-2.943883057962435
-2.275469086734074
-1.7504709359670094
-1.7229494366779157
-2.72780035094166
-2.6711595617828565
-2.1317958311980645
-3.430365362780759
-0.9478504142424461
-0.020314860033273482
-3.4647004772401866
-3.260650359971605
-2.573332527286202
-2.197875218987167
-1.52883663154203
-3.193391814033524
-2.793908281820893
-2.2593145238070433
-1.9782836897021192
-1.2377343717237232
-2.5808624825796724
-2.1948134152716934
-2.0732748620125117
-2.7384101603686535
-2.036765663854214
-2.865096609208276
-2.7049949580485335
-2.6323640420004115
-0.9409591929418895
-1.6802100464679557
-3.291965520040927
-2.701763651706
-2.3784136314708624
-2.3865629279581544
-2.0201849372648946
-2.814972598389675
-1.852468173848371
-2.417557626930032
-1.351738301185725
-1.5883614182343726
-1.5926578197915424
-1.0203881633594702
-1.6467039073685268
-2.643866798872118
-1.4449127250546114
-3.699724590472297
-0.4005856252370916
-3.367711804719326
-1.7664539203835872
-2.1915903863953523
-2.5723368645239573
-2.92467779894765
-1.2310058516987643
-3.008724954340905
-2.7512032422098267
-2.234098424608531
-1.9830597368566614
-3.3801840584924725
-0.49524142982160324
0.03913361602074299
-4.233035955312748
-1.308492077268269
-0.7540838364170137
-2.4275551181452433
-2.197326047106558
-1.6487896689426595
-1.3833840586346047
-1.5601794444192538
-2.9415782489466187
-2.4277023767208035
-1.1370796337681819
-3.426735998261052
-1.4324732026964082
-2.1918179116277026
-2.7688074725078775
-2.675797803273313
-2.1161306992324924
-1.920916913451895
-2.6857910971703935
-1.9904971823246564
-1.9809508915908804
-1.767701496199884
-1.4188338994871064
-1.402478231342105
-1.2975163856037537
-0.5695110854071502
-0.9779982575215558
-2.2397262121994834
-2.7882929025467575
-1.1105564160280594
0.6736174416467775
-1.228827260606259
-3.2877661905104105
-2.1683291560593276
-1.9304594865303573
-1.8681851151021922
-2.515461982582253
-1.2043350446961438
-2.589873662430526
-2.8068861636939113
-1.3442613849832605
-2.101392575103324
-1.9338932257646229
-3.232300155251616
-2.1111673175220877
-0.8215809455218314
-2.3589141386458348
-3.1439375956439264
-2.4133344080353023
0.019241227263679047
-2.369547703525895
-2.2851628041037864
-1.8022422561994296
-2.7795654848715774
-0.4430108778364452
-1.3502389577490612
-2.030343881010606
-2.0689763472002425
-1.646158554130391
-1.3848869744940604
-2.2330003777452267
-2.6548895292726673
-1.7299972021162018
-3.7063519383693717
-1.623313012890171
-2.8933404557792097
-1.9844223958469986
-2.192252456363875
-2.4862688768889463
-2.7099929768545965
-1.8910043875901166
-2.806751711791085
-3.722809257240885
-1.3019603106983766
-2.9647973099259506
-2.467650105498045
-1.7530725777343523
-2.412402370890441
-2.395847898139511
-1.0127143106908247
-3.2472335025695034
-2.683898297621984
-2.5736272413386883
-2.5842667742314545
-3.191629702685361
-1.703640314162245
-1.8108720411465673
-2.87658995392107
-3.1618646710051177
-1.9946939697148518
-1.8218792831631898
-0.6460719232241507
-1.1386890252398307
-3.401615765671429
-3.835990743577169
-0.42719751100453573
-3.39348732254466
-1.3818896209200398
-2.4270395143170957
-1.2853727853293042
-1.7986579477830658
-0.32354565394221496
-0.8203119265080577
-2.390850789763873
-1.7433522839388298
-3.5182237313538036
-0.5062336334162868
-1.8378684621524497
-1.712547833121603
-3.7788580241203755
-2.306873869262719
-2.679137021850613
-1.2141175893935723
-0.6737511464301765
-3.15876075565187
-0.8043364832683769
-1.6800443450258475
-2.340543550746881
-2.051569766727131
-3.0018755384474947
-2.3756443169003245
-2.4285892678950947
-3.307513451017644
-1.7947025635235518
-2.66357675884001
-1.2772589306390407
-2.1136116776711154
-1.9561208431829946
-3.293709541588369
-3.2770332941258884
-2.5742487190787045
-2.1002975523771084
-2.4923458228046713
-3.042968610459467
-2.7560980331841898
-3.000691400854542
-1.6171287014894
-3.0771357337181007
-0.42832754493393643
-1.1756772993807365
-1.5905698809088888
-2.727000360464077
-2.014657538518528
-0.9694308396934751
-3.1183379823829553
-0.7226236905309393
-1.6824551796754308
-1.8083678110842003
-1.5656345452143492
-1.5148927010964721
-3.5025949048352016
-0.6054660393367842
-0.43310212837799417
-4.6729151146637715
0.4197243447009813
-2.409716911471064
-0.8399414610796568
-2.259921737262835
-3.1106399213897924
-1.9213721494849558
-2.905375532735523
-1.1905425236865728
-1.5344925261011888
-2.0631805863832273
-2.216159325530381
-2.0712884044854936
-1.6939201731464488
-4.142823792854057
-2.1456031918966914
-1.5792422959669676
-2.480220984202419
-2.8484510731260437
-3.0321368692177417
-1.1661181595168222
-1.1609656082599664
-2.211770206608897
-3.1263151335692747
-2.7658476994485683
-2.0311631816929454
0.22150522458547622
0.4441695473467579
-5.022194628925021
-0.37209747700832346
-0.7010529632214587
-2.577258711548091
-1.2677873116533245
-3.0881924927706668
-2.5451608756388318
-1.7051976131805766
-1.9024667302562002
-3.1564733395624134
-0.5126475751814094
-2.243583672315854
-0.8325548707281614
-0.9883241176469971
-2.7584227607813543
-3.2664975883757554
-2.7340028725812395
-2.458039781566912
-2.891963376472967
-2.949497787336279
-1.2306317280405052
-3.808801250469422
-4.201484502159738
-0.8829987776796223
-1.3083930843891856
-1.2400701451617002
-3.441084742404846
-2.4174464546542795
-4.611128875848154
-0.12713900515467247
-2.3975464293660784
-0.4575739800203198
-2.7319977674235236
-1.6360706049947225
-1.9241540098592864
-1.8111865764778192
-2.1869106249372674
-2.6725341161350595
-3.7289886822624108
-2.398620523756277
-1.6676583588521057
-2.71874561378898
-2.4160212799742213
-2.204490741930084
-1.736745949875784
-2.841768999326044
-1.1321675873937642
-2.9400828231092593
-1.9768040861236356
-2.0059933599317983
-1.2118287681865598
-2.9710747138656486
-3.4684475887768333
-0.7572834914125257
-0.6029404931853549
-2.555640030541728
-2.5540970842762665
-1.914637377573522
-3.271686477399214
-2.0705724852699725
-2.230851391600642
-2.0781857131602384
-2.1600024658713615
-2.402132768853445
-2.369717269647404
-1.789266288351948
-2.3266812467343514
-2.676130235492469
-3.2925416179599085
-2.808309447802396
-2.4448694864134604
-2.4717468355468664
-2.290415125978096
-2.030394816424601
-1.6155896062966946
-2.5651423528739383
-2.309924677480329
-1.3427527618989072
-0.16864474975039845
-2.8065861347143253
-2.004173250188095
-1.5549000695747015
-2.7676840207497615
-1.5704242479205428
-2.1040159137623933
-1.0524664216605968
-1.947847892767145
-1.495522170301826
-2.975201687860567
-3.438432263126372
-2.7172803013686315
-2.0844291915366786
-2.947999814060642
-1.4732902984861236
-3.7149204189890064
-1.316026895792696
-1.6731924258131705
-2.0360439111377717
-2.0945139352537288
-0.7438222837095183
-1.6019335459710213
-1.691174472338652
-3.7539651792665536
-3.121603336066931
-2.4401632352506444
-2.462690221884988
-1.260857223198627
-3.1939319209392756
-2.2913210618855944
-2.1671404160077756
-3.365715707203202
-3.779058103659645
-3.342387603524031
-2.0067491466058804
-3.0145620667709485
-3.0364308129237405
-2.350962525464286
-2.667715348025537
-2.047888433348408
-1.2725645731765578
-1.093841674825689
-2.7906381613631908
-2.5250050112702356
-3.072673632050185
-2.754496503398749
-2.6582725446364592
-2.3749094939038913
-1.339904595505075
-2.466555734321253
-3.156208326653695
-1.1585072600932327
-2.6953528898776216
-2.591377361473442
-1.7081796825183824
-3.1236621006950642
-3.300205895698137
-1.6274221775415567
-1.6827786592597498
-2.6511662244539376
-1.6957753383390193
-1.782037262103565
-2.319379724779368
-3.758230205306209
-3.787814279596528
-2.660050996421124
-3.0167731495201413
-2.3469973402853643
-2.5607093041331264
-2.4583708035104834
-3.75539330966889
-3.1630485220302584
-1.5567809337256284
-2.3974361578962426
-3.4054087906929924
-4.347214021941187
-1.2230627399548186
-4.060759714349925
-2.410824485556524
-2.2417990067765143
-2.1927544119461273
-2.4016558399635817
-1.9030733347899391
-3.1559771757184523
-1.9611104037739668
-1.312650458068596
-2.0662149145393984
-2.5314002120657184
-2.293915138701829
-2.5911126729445026
-1.9809721401786033
-2.5688292037498686
-2.9713442022774053
-3.068959570173457
-2.5551376156316445
-2.904548605031056
-1.6999004848498827
-1.779343052834019
-2.440655052463431
-1.5293222104600797
-3.1574386491458917
-2.907518715728874
-2.518940697920359
-2.2188641682608097
-2.549225547498229
-1.932707847905467
-1.1166308091939159
-4.057652390281769
-2.498739733745972
-2.1466079294225255
-2.0533042931454246
-2.5429875634808172
-2.4054764299480103
-2.208317041309189
-2.315648017528855
-2.779285486628092
-2.898545605470157
-1.1971563623887824
-2.917693704098096
-3.002513854048555
-0.4633699730272633
-3.9664821002512483
-3.4573656048497794
-3.583873895902247
-1.015969852708933
-3.030619655204237
-1.9500132732119342
-1.1213665844209844
-1.1200999862763843
-1.6417319813839744
-2.3676164328045175
-1.9930025392985655
-1.170889891173293
-1.1874610837312967
-1.7882609784933203
-0.5602487920597027
-1.892352982245067
-2.4317011591318507
-2.1229084629331676
-2.3229211218329975
-1.7619080805079443
-2.1565304598068047
-3.2928152383883225
-2.867798814717636
-3.0022807448240965
-2.214505532540348
-2.115807413630779
-0.25453185452612914
-1.7017058235816198
0.38162621801743
-1.1030393242229695
-4.553249147573417
-0.6938400541420149
-0.3701296440305575
-0.6352133317045158
-1.432035072236123
-0.3290457886052712
-1.6707350984548424
-1.9780061688366732
-1.7823087885529578
-1.3787074406823312
-2.4634649450801294
-3.040304345946257
-3.128981028994962
-1.473998774819306
-1.3999812735402473
-2.270141806253907
-2.0982632006034527
-2.5150071327886225
-2.465950148199945
-2.9150423088663677
-0.6521592539376075
-1.0091879581620375
-1.5920158601858374
-2.497381860556737
-2.5952470057777823
-2.4244399759393476
-2.6817299430849415
-0.24502091206363388
-2.910865581340668
-3.0212682445362407
-4.291839217261096
-0.34520863572965677
-2.715984179736177
-2.2386017502813647
-2.0196081087825206
-2.0925794674638847
-2.341070419853315
-2.806182198074394
-3.711749889523614
-3.856381492900964
-3.7945962585203388
-4.334986749147644
-0.007977971168956679
-2.0713414366562595
-2.694724379122561
-3.320205903647637
-2.3273077557564026
-2.3204093185272545
-2.312515577617132
-4.107493512960547
-4.202081072902288
-2.997865481502906
-1.0568572405123184
-1.487718580905021
-2.3120042883335077
-2.353509869274735
-2.182421572049008
-2.604972583118775
-0.8830516344251186
-2.7769022376022905
-2.461154265238829
-2.3935052467175963
-1.154471577486722
-0.8423990004933936
-1.6112542712139961
-1.5167325601449784
-2.454488198386666
-2.1025361695258975
-3.15859452825207
-2.289029508004213
-2.264343184949437
-0.6815216684623889
-2.7236005120401723
-2.949303341469427
-2.099652564353722
-2.912510274001041
-2.7205794724960177
-3.2143562749672934
-1.7255566039270847
-1.2649749473755807
-3.836158640363766
-3.764271644846893
-3.129360752862853
-2.651473883236615
-1.969472876798987
-1.8983352664319288
-3.5065607131098337
-2.4573024186011216
-2.2266263962891246
-3.2309558634685613
-1.623103790933496
-2.2990385098557375
-3.1799224950399587
0.07838544806573414
-2.315358852566577
-2.386096979451178
-2.3259701125649372
-1.312892694941996
-1.7475234823139472
-1.9392976544544445
-3.4452495454580276
-2.153375532182031
-2.0600104773583805
-2.3644288508510996
-3.207150503472246
-2.629867779449915
-2.629867779449915
-2.714486154619156
-2.714486154619156
-2.877375037519873
-1.6195567067607972
-1.0344267589246818
-0.8606443018565478
-1.8376876873351504
-0.7434082014801012
-0.7117230597892414
0.4751030697170278
-0.443814072707948
-0.4065768411488902
-0.3837797377175354
-0.27028533807261435
-0.5412179574357533
0.030434000551865008
-4.301506177528949
-2.8481467570557903
-2.9471571883536356
-2.027982739876595
-1.552796022135933
-1.0822067270939841
-3.738940957617599
-2.845146061560377
-2.736419291312932
-3.080202441765331
-2.754422701388126
-2.2380653144819087
-3.889820462001955
-1.900092329402848
-2.9778906937187837
-3.702162857721204
-3.6071890810831
-3.797446760615592
-3.90969860751428
-3.9524064936453387
-2.2483406130910297
-2.5262898074583062
-2.5090249367294852
-2.3392204388097073
-2.44475599598555
-3.0215553675635896
-2.5076239908767337
-2.7757942841883785
-2.219547018763119
-1.7525822882577173
-2.18445215172309
-3.0354569062611647
-2.6274490329921028
-2.60251435838597
-2.0106281763828537
-2.180901542199945
-2.6922826993006024
-2.631085774823782
-2.670021088903259
-3.2477154873722114
-3.0744902311599542
-1.4279462890455155
-2.815744142798001
-2.7478750547614723
-2.8353035147628454
-2.796770528155028
-1.750132834220723
-1.480033550780258
-3.4356900203198073
-1.5218177452231378
-1.8811889146872496
-2.2722472078536073
-1.3064219973661215
-1.8117581730750658
-0.9185098459167501
-1.0389933397309814
-3.907211830620076
-2.3559176770918335
-2.6372131372622154
-2.77880197132474
-1.8636314098319915
-1.9292013240636279
0.02198421867237143
-4.87327175990938
-4.099654886662841
-1.4909494964185135
-0.7375848178879991
-2.9701664840226427
-0.8975449083513196
-3.061153354365159
-3.425479887474247
-0.6776998550630088
-1.9613849576339708
-0.3197652769410671
-3.2223251426303445
-0.9428342061485078
-3.2679584419014334
-2.0591524181798664
-2.130860939093565
-2.2828827882093083
-1.3899639365009433
-1.949353000983341
-2.1006082550567995
-2.1957894727026477
-2.5454817683586053
-2.157809119719773
-3.386547686835987
-3.231414421657456
-3.6800250003015234
-2.9964028091435946
-2.973423416420248
-2.7764544643816
-2.809905914971828
-1.6623388434800581
-0.9255492025783449
-2.7683938881012278
-2.182763238570303
-2.974474496730161
-2.275729167136151
-1.1220813939693064
-3.6635305187887965
-1.3884721030016471
-2.857886438255181
-3.4278887019395037
-3.373177327426711
-2.034305554600199
-2.0682438918249697
-2.92255045168758
-2.1417307462492747
-2.3704559879046805
-1.7117931356983767
-2.7824769843823125
-1.5925228868798966
-2.950772025355222
-2.2916470154527575
-2.265436641644116
-1.4053170479457273
-2.8415128845164523
-2.2613025029117164
-2.828287148030285
-3.7230469134411073
-2.585986696044883
-3.3830449494632
-3.356434800128822
-4.85150766914053
-2.276097111841056
-2.625661316939364
-3.5103635658102905
-1.4106640373234203
-1.9881420641587721
-1.9442897719177392
-3.197535674377586
-2.5022038111297795
-1.339622540103588
-2.4505165784740175
-2.8070164117302734
-1.5578776772064693
-2.781757983861007
-1.571173002353433
-0.38432922289987337
-2.1222149262509205
-2.7329992514376698
-2.8896736655522135
-1.7514380683772008
-1.3867958934531333
-2.117060005100353
-2.33036771936674
-4.280187436255879
-2.5038882659093997
-2.9339547048919226
-3.0877374152728696
-2.2818680756223975
-3.224061769976061
-1.0978064876304638
-2.3334402976994313
-2.1557830503538535
-1.7815930097084551
-2.4977805534019617
-2.442605404858778
-2.4560555688638814
-2.556301511737046
-2.1419580584578997
-2.1006512666287276
-2.1008378477932004
-2.133799490437602
-0.7011154495238536
-2.821793463987928
-1.9749166899220043
-2.317185689467014
-0.9554348708096241
-0.9969709705673073
-3.6144113949926453
-1.4503707720231191
-3.419293788702761
-2.002095967548877
-1.674777797857704
-1.7711940099429375
-2.7944683986654684
-2.6862949506525693
-3.541166412117415
-1.935245006446817
-1.8244305757568693
-1.0005591837274024
-1.2197991675508304
-2.918768422003813
1.0730395497139134
-2.5287715866645497
-2.1569807475103278
-2.0303710203819834
-2.622325980376427
-2.227293290736492
-2.754211520605586
-2.643561860255017
-2.7355737306581487
-1.9859507375642627
-2.2203659785735446
-2.377101663037927
-1.7415446702728743
-3.0406235729846625
-2.464501122740801
-1.7324276612691059
-1.882857046180712
-2.375370385906799
-0.9649265112325704
-1.225298086784309
-0.7794968545994084
-0.8652258023967894
-3.7281503178816044
-3.491294806610463
-3.3324477504102403
-3.1397405572292603
-2.8660357345516996
-2.810189650625892
-2.3259027245431727
-2.4082951203923297
-1.7386519203500859
-2.947823727571256
-2.4105721932731368
-0.9974684797973464
0.47921644185501877
-2.1662094951759654
-2.3728410493139593
-3.0471828278805075
-1.0555810872692617
-0.6980533694641888
-2.242908143924654
-2.1894115843794197
-3.2513375412840126
