0
0.03016765802367477
0.309531717106892
-0.09568531385963623
0.012992641989129418
-0.007616221022402449
-0.00724513339364532
0.09313691582457767
0.13290630385653265
0.18148055506013083
0.061097394465724396
0.24580312998923945
0.3031633994124706
0.036910262979491903
0.14466687546952917
0.1288121844272706
0.2053946708212861
0.2181541981798203
0.14103194292834745
0.2305046457084132
0.0662545483666234
0.21892594008583385
0.19518060535748505
0.22143545799174866
0.08920769211794602
0.1499473025762677
0.19123537425915918
0.12172374889374785
0.15561292481127673
0.25308711853273913
0.10909620154952981
-0.013459055043275344
0.2841110392366634
-0.09734455986221231
-0.043413358629417906
0.22175987300459674
0.08031932238147974
0.19072655288109114
0.15774058737606533
0.17148821308117815
0.0859892400268391
0.13799295232192552
0.19812887391131817
0.1608537126947162
0.20474947741505828
0.07507143663536131
0.07267404997847873
0.2007449799167978
-0.0007631308556195873
0.028333421397261395
0.1822809447280906
0.03335852400655033
-0.08108093087000401
0.3489922755393245
-0.02683380599191584
-0.007626533098097956
0.09366402787979453
0.12411498912478701
0.21820776719376292
0.03249208065007882
0.10734913999299127
0.1155322932264334
0.22376987799101378
0.1434272395585807
0.12825120967411177
0.07516679541140159
0.13359847621597382
0.10573153472293316
0.05346244529300535
0.2441020453648521
0.22078136992373468
0.014783541354492278
0.037215749890076186
0.04289059850840982
0.14713517675040558
0.11182005558062723
0.1662330877041187
0.10114837594895741
0.1075417777242269
0.08989888340725644
-0.01140740168406197
-0.113757470118535
-0.0953356198542005
0.3277081606648587
0.1477139272628433
0.22147250683961098
0.2199661615040238
0.04981925058577839
0.24779496939626666
0.09027808963417609
0.0674901549835943
0.06626214611938545
0.07856721809900531
0.16106980075708824
0.0017260065984314019
0.28683747976161517
0.03735729102196768
-0.0022909693823002556
0.023250020414456826
0.15140401003195936
0.1786816209995209
-0.0045530124641042615
0.025740544494777227
0.16749616412263327
0.1833596655598332
-0.04626541623774872
0.2503210388200979
0.09677421566204449
0.10952022368367893
0.2332988317628283
0.07933798731772568
0.21192663248094254
0.10223741864720928
0.06118857433515764
0.04806683646352793
0.3460740090889332
-0.1149748110344812
0.16272555340534553
0.1726588054304528
0.09117494551675208
0.17748244683354986
0.28745822852115593
-0.15557774775667085
0.19384696159468004
0.09248386331215476
0.11004998882034563
0.03316569176195397
0.0923833405733943
0.08720205862316217
0.17165357238354895
0.12999831848316776
0.1713352947068505
0.1668413588906405
0.27247112206249346
0.06970615425862761
0.07344701316154961
0.11810187826883206
0.04460172900044375
0.16849412028793684
-0.01748753046728821
0.11811808526154188
0.2650165809470689
0.08787253854760031
0.07408166485680505
0.1869998981119637
0.15973395933533685
0.1401609606795076
0.02590718020723343
0.046557390054843543
0.045913018188192406
0.23018224005466448
0.1417302629143887
0.06447771701859788
0.21118664635737053
0.20705128318091423
0.19564787909627657
0.10664037333878162
0.25171741855645396
0.20647310114210687
0.0653146523006768
0.29406017379983934
-0.023802279304441086
0.15580805723302585
0.23374853766422354
0.06488633287876723
0.16853855794927783
0.04936628801788542
-0.0023567202877671873
0.10421530921433947
0.06379890942674549
-0.02156010803961919
0.29141868558674017
0.29141868558674017
0.22574109279033003
0.1301573142689176
0.1214100840286428
0.17756106913695896
0.09507730547545562
0.1447250279850615
0.29906444511468694
0.3410989857959429
-0.06829499169652313
0.11298160339431756
0.10852136085921182
0.16942931538106615
0.05956154625048424
0.1684925742155704
-0.02145792993572012
0.277143559019795
0.11185307290442555
0.11625484261016703
0.15015759604240747
0.13892998935005574
-0.010391996521577039
-0.0990047132766086
-0.11277727419074478
0.09165123978712755
0.13448832906424815
0.12217586759217569
0.19261442489292202
0.20019289610650484
0.10626878815654611
0.21497732176503379
0.14129242287926008
-0.15084420421772102
-0.01990312534251846
0.10008009587353425
0.055012017107478474
0.2077467812150805
0.20211695462421322
0.14457266425556706
0.1855799564877294
0.20277885689297814
0.08896992874842613
0.22944406748435536
0.22261913088043941
0.057624675534007165
0.2127160678146792
0.14801807849109946
0.11610339518530081
0.20638462735279384
0.10142122731588454
0.04999233703573033
0.1367932615314098
0.1770313344159126
0.07819622312752689
0.33229037154579766
0.11425592866962617
0.1565834366337306
0.08987678190400612
0.18015080575321646
0.1284718458158957
0.132924347439779
0.1273861363408323
0.24961025957845379
0.09141575581154275
-0.053761063369017634
-0.08421254594685391
-0.08293401310203033
-0.013280169768732161
0.13857759469558137
0.06643600087688804
0.2303204172297422
-0.05056593677293867
0.07031437950087484
0.12477617267839197
0.2136687527882508
0.1420083945129841
0.18662245624050322
0.1819496664659768
0.24323596924752622
0.12348436188849604
0.2903056812732129
0.04541740342457201
-0.05146413351273517
0.28982975699397756
0.16541524896072052
0.215463791497668
0.1512832236954156
0.1531499085478981
0.02050243981181652
0.03308495330387328
0.171808933765777
0.18902129719921185
0.07365274364079016
0.22378205102029478
0.22192199580078764
0.054080428095750664
0.2211688214086505
0.18089203265496392
0.08677230242824575
0.08125811221283631
0.06680747139279562
0.21164179855324206
-0.016073828183185708
-0.054034434379558925
0.18518153660881834
0.1316282620547869
0.12188789711764828
0.22541996175615284
-0.07990793051003887
0.02690483041984875
0.12237162665292776
0.19356764269279594
0.24886103333953474
-0.09154652050068166
-0.04522971335901828
0.39174138031083633
-0.08584091607536191
0.3278451487163518
0.1850783554153881
0.19380432382921894
0.10758962717812334
0.21482401650170294
0.23428746373771495
0.07644154614472967
0.042630287787179
0.1839559125889493
0.10524368367955331
0.13167953628208137
0.27476887885983686
0.23644802998501785
0.08834111824107746
0.052591820230811104
0.14390997620429224
0.15708169625425436
0.17100890534264848
0.05514688802938512
0.22247252786838612
0.17849806938064275
0.24531232759602675
0.2159410031257239
0.1351347006487942
0.14839812969604002
0.22018262230214933
0.09221968815107562
0.13115253331096402
0.23063921574688176
0.22020910767598448
0.1803124513723443
-0.0777381677725039
0.07015071722743028
0.25532759729480137
0.3080384174095696
-0.00264499086479941
0.24273071894583348
0.020800887871823798
0.09753162023655916
0.24188905531003596
0.13354758021096208
0.3243678567481209
0.016563029415756967
0.23431534456195108
0.1668572306008271
0.11718206396048211
-0.16360135057282058
-0.02740866512389138
0.29295503811583345
0.15317532959927435
0.004484316459859765
0.24131526990886323
0.2487802758479661
-0.008515966529557563
0.300251740106038
-0.05243551889756232
0.3432807160937579
0.20914833386845444
0.13017608199174863
0.19902342241883614
0.014192231106351478
-0.013591426273432981
0.038838750243238296
0.29877558582000857
0.08074503096918467
0.1742307774448184
0.29811614557018956
0.29497735266172875
0.009199637631088747
0.015588870708054087
0.16148432697100104
0.24498827132575932
0.13297159398494965
0.0651413320871292
0.23195321952424253
0.028976638247204426
0.25058553454243016
0.16695939286002817
0.13853543918325184
0.1376680551710968
0.2361744607907582
0.1997587900436909
0.12434666139950262
0.06831101598727317
0.016483027586935588
0.09368203254050134
0.06375366247669988
0.2183398418370578
0.22640538629464768
0.16247359741427195
0.19627675504031364
0.23020176810092016
0.0077016409773048656
0.09439998138795783
-0.00010903746985371882
-0.007186366064825691
0.1935262369262006
0.24682387279271156
0.17373729641272626
0.11494438154178199
0.12282052792798231
0.21211374041317352
0.12597201644628117
0.18377476274148116
0.021481330391125503
0.18068935600263333
-0.0466406561159444
0.28460970974535255
-0.024090688125660824
0.2253792569708856
0.01568730202098542
0.32851834267110674
0.03982237881938137
0.22379519536496004
0.2455714757510601
0.05068018013343353
0.1594476850573928
0.1009863059500185
0.0703968518185654
0.07009765812894575
-0.015047349741177463
0.3140833994084503
-0.044606562373971245
0.24675302948563513
0.05108515440261536
0.053760894971886505
0.21855635828304207
0.07074160912432428
0.09336684074160331
0.18882675659278514
0.10986215198302458
-0.0034233582810532285
0.28672608806100597
0.07919086066962724
0.06747373767948124
0.22893735450235822
0.11092076899540447
0.15706142811459134
0.16993954746119316
0.17644842834905694
0.09323002062430438
0.11177472752970265
0.12918540365225992
0.11102248015965761
0.05861238055524916
0.21646318145772542
-0.07230679069946043
0.12860792761795017
0.2436794857044215
-0.004500561671612062
-0.025170647098501153
0.17338190766652917
0.18531280601383368
0.19071686480862127
0.09568603066258924
0.13688116430382094
0.13361164601660636
0.03785361723465061
0.004367475264556656
0.1191765223009892
0.23598293639718756
0.0628085266365602
0.12131729298121036
0.20591715576734843
0.1132220541990427
0.11326057216168581
0.18471580549584285
0.13788704061683993
0.1750654248392951
0.13458271139875072
0.24517875721295854
0.058944663903434356
0.09197594971977029
0.21392949592683402
0.13099369677943262
0.25102052364399846
-0.060067528193275425
-0.03146584750876444
0.24023829102232372
0.1178018625349379
0.1677321914110237
0.22316638089578053
0.19692108755961266
0.11792217873780515
0.2813268192110093
0.05498684840529058
0.02461505071800411
0.061668723623168005
0.1590629601822349
0.1392587370125124
0.17291637056725515
0.06969908156448865
0.2589993899812345
0.08374011042431653
0.1286178938127445
0.12199393856089845
0.08807962697074656
0.25867604221651985
0.12555188096934686
0.12129239938075456
0.17469442066323226
0.13467309252940307
0.20016355688002999
0.09618528037720858
0.1610774999363974
0.08375697228006079
0.07109910406272249
0.32045429897255445
0.05278759823831034
0.0891140810494817
0.05530833619704682
0.16131751223009905
0.24830279035788413
0.16964578418542825
0.13224685533310637
0.13676313520606162
0.2600084459843938
0.22862700405389744
0.2647539688469869
0.06528187236748982
0.22226566267073083
0.023168102032323636
0.1811873476184226
0.21841017369912605
0.04902748455544334
-0.04176529461410717
0.12838668410325477
0.14446669891179986
0.13736962573025085
0.18609639853090304
0.2042994953231157
0.1755006904152356
0.16154329188150648
0.0077907304646261605
0.010856045314694102
0.06614403910281959
0.25626690823199066
0.2513612044456675
-0.0005962969706595181
0.3164948394653827
0.1482543469286337
-0.0823557992079306
0.3031933220075594
0.19621880747498827
0.13387478978692538
0.09841571808816152
0.23846847405091767
0.21472068193899224
0.01421373051931756
-0.028960114259482788
0.2851846387276771
0.12816685967512084
0.2010046073972678
0.07910163621847742
0.0314453253766243
0.15987696157803194
0.1805288766448021
0.06387914684950571
0.16519441943137303
0.1258953235743759
0.2367954622770364
0.20643854326399827
0.1743933351974228
0.042215642396929105
0.30323410818629126
0.017189979814293616
0.22059495428001466
0.07117922463804303
0.23087631102622835
0.06422001457895203
0.33127651277147113
0.19005130097073433
0.07953215970710788
0.13464121865366477
0.23404160897398504
0.09199210538850812
0.14968152299588633
0.12344151174232051
0.22323494088536283
0.09135583461750353
0.16253412107309403
0.1605893530213379
0.17382814220759746
0.12338537395175105
0.18281721185566163
0.1481777040973529
0.1538806948699686
0.14701993379363248
0.11001048020642167
0.16368054815267502
0.034344994456621446
0.10748794852079428
0.11406026013750009
0.17611782239360638
0.09404113458551831
0.06123382953073029
0.0544189265241212
0.21514436685471966
0.13719900288871184
0.14945334723559633
0.13681579637199032
0.20262478311787524
0.2694053904566442
0.1299397993808514
0.15651199379645564
0.20458788734946237
0.12256537573639897
0.1915088113822206
0.1104579194108687
0.06520162176383597
0.1811908951217864
-0.13715395721304954
0.009150983836095253
0.22663461674583338
0.08439389581735435
0.23874882173363543
0.0442341717854506
0.035653298123244505
0.2572331374569948
0.16154262840584044
0.22999196815575568
0.23865631527730208
0.07263604765724754
0.18652730125975572
0.12244439032441698
0.05187277706112172
0.22326008403521924
0.23776007992126358
0.010897644763901492
0.1801726437681215
0.16967309113275705
0.1555776296637018
0.1871050431410006
0.14430210699624801
0.16156971133209905
0.0735247783243106
0.1528759762887578
0.16925336870534446
-0.03955490423423693
0.17139059731043227
0.1813989314728052
0.15987693473522874
0.11213362670124875
0.1695693932546814
0.026595259831805957
0.3388718440003972
0.2870579291582728
0.07014967890561917
0.17151067324835836
0.12684444442178028
0.14490650734319332
0.12269319753293842
0.001063328639652745
0.14158155407370712
0.22090898354699806
0.08235699258457828
0.11668514761673775
0.2915971925089283
0.02556350667986025
0.30822400922380605
0.07004005759286831
0.021811489555672536
0.06638592551157067
0.09912501778879189
0.04189035371529884
0.18849750232366982
0.15602867380016675
-0.03873341979576722
0.34395750340221126
0.042341342299201834
0.26379852636181855
0.2500224079979936
0.18468986725328512
0.2085799456236698
0.23365434970663837
0.09260112005777212
0.15265631330465848
0.16466683238218768
0.18161688861309544
0.27613752014065585
0.0267653845164973
0.04613963005556678
0.08741430764158024
0.2379267062121169
0.21925519059565557
0.19709663906493405
-0.0912853606820187
0.37350219492579234
0.3363563610032998
0.1120075845610657
0.024752462334196736
0.017640639573574184
0.2297254426035054
0.052350631770936455
0.29751640511119337
-0.0485206139518695
0.2808506796187348
0.20544885262357654
0.019782549515380096
0.21889200370455678
0.1359791023937509
0.11683138297161737
0.2561338342779312
0.23135323241069003
0.09110770471648015
0.06174544815243692
0.2537572496849221
0.16579131182997267
0.11737229340033166
0.19017370756256205
0.03367826849116113
0.21946558352713585
0.3097601524058565
0.12843226033524577
0.20677111444807317
0.11371461599803563
0.12518628126314818
0.0315900318916847
0.209333362433767
-0.049975002515649035
0.30967027583677986
0.09681677278853801
0.1821906437697935
0.12139532210038198
0.14611672227725703
0.08206171577484772
0.21018824242772643
0.1392700698436672
0.2806150352433683
0.123286669687205
0.12256491089406363
0.024830236269286453
0.05624211135019001
0.18832444462871992
0.10323740641866484
0.1643856231549376
0.12127740562351667
0.13933707884338178
0.2419374095102873
0.006188483211147427
-0.13972135544239003
0.44923128837727494
0.3530988238292257
0.35153342036346397
0.32562021554234466
-0.01937076903199385
0.31661916273170354
0.25867049035719514
0.12807311912738478
0.024074423999682924
0.027357191744242386
-0.0518138848302228
0.2884557153426336
0.17080444471588418
0.1466127606674381
0.18384175838392625
0.012933357505952783
0.20453221216621792
0.10667688010096688
0.20860923679831372
0.1628422237944077
0.1623918826820808
0.2566260196137287
0.039843188562749224
0.044460114130921914
0.12503931689995426
0.16874244899858828
0.12837369341047167
0.2383930971302148
0.13597977563477923
0.3245982377579607
-0.006073644583971751
0.37769136684170596
-0.05818368146326566
0.2193195248421488
0.18602281634171045
0.3450802015116635
-0.03133427708171518
0.4187104503778259
0.088885436690322
0.21003414700699194
0.08841973599585203
0.14838433989914096
0.07614710661644405
0.11129689654983291
0.20022639748721302
0.20641607820091668
0.19803393249150425
0.07384154644016505
0.3269806572318016
0.22331478536787155
0.09875734163893526
0.14603655355143508
0.08974629049236398
0.2883015671839144
0.016802366284323446
0.08162474601254632
0.28619714374903316
-0.022564974443013707
0.15031515768048473
0.1879312903311846
0.1506089595521378
0.09829144396550382
0.1368911724309265
0.1367404005596717
0.011517428938422938
0.347324762080069
0.25333382654395514
0.15359827874689597
0.0015690975797612045
0.312481366197089
0.34201211973748286
-0.02884061009119317
0.10998773393363336
0.13021594672141745
0.11162858943901499
0.05632919112564103
0.24225324882735633
0.24552376189206646
0.06625286298134991
0.20127313044512848
0.09597276127888306
0.1556764889161422
0.13068638051071294
0.188238509757083
0.29362347611022427
0.13925414299446837
0.16279123568211779
0.17705127869116138
0.24234238049686804
0.19482798632471895
0.17887483071290528
0.1958143056863293
0.14888794695949836
0.15641382885757013
0.13956752928333674
0.16012670740571588
0.18453270679553518
-0.058014214719041536
0.2553784793533222
0.06847266834336217
0.16573512616921865
0.1243306343692501
0.1578169041169639
0.11759582688562902
0.22670850979353094
0.17283900760199322
0.09861938911457953
0.07377765632865872
0.15728142271154147
0.11498386979034762
0.10813877984675183
0.11691075420106532
0.22847321064285953
-0.06522275154590992
0.16010576387080533
0.11583432783125641
0.1532184048438874
0.1287321579443257
0.14070888511099583
0.2673667174210227
0.044426719774592595
0.26322357355657766
0.257196561310722
0.11329914402232531
0.15050323000057653
0.1666833282094283
0.12254294459734155
0.08012566582149507
0.23136746257257373
0.05092625781182625
0.22316358143016016
0.05036166904868597
0.18277826960779625
0.17588206030590153
0.18859358071626817
0.1813120407450247
0.3474690456691789
-0.07544679041388398
0.3401869170876094
0.31884042133531537
0.06438415227844288
0.22732781829008647
0.1735732705850855
-0.01795519319370912
0.28354424187616595
0.18862564553047306
0.0871520415984216
0.25446014237727843
0.06587847612046596
0.2707959456508868
0.188967853408556
0.19150550233305638
0.17190455721422207
0.18440458276108307
0.07113680735768509
0.07166643084491241
0.02196335488466087
0.3364998751645492
0.02142899201720722
0.23052342916673638
0.16983695823988246
0.2829594817031393
0.39051292783717345
0.34822632928265707
-0.0042013497520264845
0.25252614874484985
0.2441556505735693
0.06031119190009825
0.10638689368153449
0.23021513497111326
0.21771166470112158
0.03971464894866687
0.1657214867411512
0.19017932925966377
0.05340445094523674
0.08209512361458048
0.10017539089464386
0.23910684479334102
0.160162101034027
0.2310525952547283
0.12372099739635507
-0.04936266456676503
-0.0378927871851139
-0.05089893200269561
0.03805165781707484
0.29474369982419735
0.08517869811834915
0.06114984201360142
0.23678483942317302
0.33215370778948555
0.041720639327069695
0.3239746166338736
-0.05610602828608422
0.03684422921961237
0.0470676807503612
0.24357340599777172
0.2644683585862583
0.04448623968620462
0.26181833604952254
0.07473884630585458
0.25837915877459006
0.08107222469576522
0.14453455890360603
0.02233421391233546
0.23336930907511735
0.021558044852451986
0.29820638685201034
0.04261265889584512
0.1423148133415189
0.12233388496309197
0.07283393330051625
0.22566676767895294
0.0008524946579577147
0.1590475015460224
0.10465856940237889
0.14150677461795358
0.018101659341724276
0.250728893554315
0.3353262057593441
-0.0422676151420303
0.30196484416802927
0.2718146968795171
-0.011460622172816714
0.1917520538627436
0.15943484534804064
0.19155632912798276
0.014761406739002982
0.2320642918879125
0.19606057834254154
0.07851068456933734
0.07831349960788876
0.14070327460244175
0.13102703670713112
0.16758305544655097
0.0813618912900205
0.06893740715468792
0.27566632424164217
0.06220670251300039
0.18227822341210256
0.33761939681724523
-0.06724060266553264
0.2604955417645432
-0.012822654267231445
0.2185203446756313
0.2853385126749505
0.08368737940682128
0.2815952199888045
0.3577686685407824
0.031198161846917205
0.2393405439381167
0.07083291855593779
0.28760595897614655
0.08224277976882426
0.20350791328894485
0.1919480900773105
0.09359014140450651
0.20861472593581304
0.23289341086764007
0.1265824129487493
0.1417317384059297
0.22399059318851927
0.21283152867307573
0.10798038010378924
0.3356460058356945
-0.049373335195006335
0.13932210905946807
0.04270944539681862
0.11296517984158845
0.19192940354264676
0.21767177334151855
0.08826345240851398
0.21787566147379436
0.18260329232301378
0.004751192728593083
0.3487796614469527
0.15314245272741756
0.159053702417045
0.143528480839009
0.16371604432496184
0.08831550210310754
0.1384172043653901
0.13809331332198235
0.25400280170296624
0.20423101087922874
0.21696394338728744
0.1330463456968807
0.10037652409694153
0.04505196094096758
0.30474162659404536
0.012606606296430298
0.04545416584258981
0.2497932846625189
0.17174821117203376
0.10357302476457153
0.14417725361650546
0.146641532945086
0.08455398842659112
0.1533816099051993
0.19001089735701734
0.06230546527605039
0.2653656883485732
0.346996672908331
0.010033083383711902
0.11829058116878786
0.1264456556455062
0.11457242391004428
0.10298211911231693
0.18228037104260722
0.12816762839079582
0.13075744970108033
0.17693446362915552
0.13593703606089416
-0.13169376670453298
0.13066260237236196
0.1890715019888359
0.0746183588764531
0.031727415302793945
0.08320831274629203
0.12399308369223724
0.04193560797713209
0.3111809765181865
-0.07932141264946065
0.21661426533606246
0.33074912451733446
-0.020090609015434795
0.2718297690570684
0.14729832447819288
0.19718086891800027
0.09128231023668902
0.08659394833598628
0.1805732630799394
0.15026376007146378
0.10530334169981143
0.3654942347596934
-0.12563923995232387
0.10196741123445711
0.20769055177728635
0.1388239748855262
0.23064731621601273
0.1765949170024979
0.15163901186348752
0.09945971052707182
0.15573321028769146
0.10180596172925267
0.10705131624497831
0.0749029052782824
0.24918580002518925
0.12122181870225371
0.21763393637436412
0.28113208866867173
0.27452579359104
0.028204838370115035
-0.004350092020030509
0.019476145216234413
0.09965068637277068
0.18102259288128164
0.04431472421332808
0.025930111779635712
0.2220884432746477
0.09653259622256673
0.13129737755112228
0.11625402279042087
0.15277097657787436
0.07379381118397937
0.08428693274170865
0.02241857901888504
0.24093390697008765
0.10610328423768854
0.123946532589623
0.19857607466139163
0.06966110865259907
0.14007009452735256
0.18863407520850844
0.18017380539553077
0.16200467431575097
0.1216420202897304
0.19859006207156318
0.1696565342658214
0.14930704417501772
0.17439969144015222
0.09055854223403548
0.12938785453615892
0.047672491038856096
0.08017743169230744
0.06914463204252107
0.16140611557776263
0.10672648028445893
0.07042651282334526
0.20746161690920328
0.23134988021018688
0.14612707566939925
0.13787646644682314
0.1596481460042087
0.20071248448662155
0.09852143259919612
0.08066535828569944
0.0684208831415187
0.04533585785678347
0.203404399779059
0.16179631693053126
0.1164468449583188
0.12573184907695367
0.03342764868836022
0.11070629632149387
0.18119432950114459
0.14698488272748822
0.11359964236810141
0.09820539168580275
0.13517602369152082
0.11630953166557904
0.11374123344783682
0.15315235180598002
0.2311674263234593
-0.0338558143470779
0.28782842649332485
0.06428738645391643
4.9812965903678835e-05
0.029313249783933373
0.10494985601531436
0.22248166794637378
0.21062419663657128
0.3030350313614315
0.0591106237640441
0.04278670276345286
0.2625935317860041
0.05373634023212129
-0.01526150957687417
0.11449002666623839
0.10622772175519224
0.20004083875006595
0.07436423835781136
0.15136171142236837
0.13232787419835998
0.30920429913579245
-0.034147563935992185
0.11092397028318068
0.1266979572972795
0.13463424276039004
0.1858987673670995
0.22706477396297509
0.35059537724614204
-0.014509164786541615
0.2110152675666193
0.18355764543929354
0.15541521806124312
0.15509990306040825
0.16057338202894908
0.1796685104051488
0.21126280014238866
0.3579543375545602
0.31994646774846136
0.1011006899695753
-0.039190934833959
0.32400327544288465
0.12974835327053827
0.2568553998721676
0.2743326565030245
0.02273886297332013
0.1236886053208436
0.11531508784774754
0.1005568012240941
0.23558463223279347
0.05542944054731044
0.05828171520158369
0.2672277853044399
0.14139606626208098
0.10145159746030011
0.07698710163649239
0.2313299728906756
0.04058247233932363
0.2357464839785786
0.40379808831897934
0.2962945767068692
0.34230873131371314
0.28030926519242744
0.38888889116052305
0.30032597354159213
0.17493006325029165
0.25980828818031304
0.2353316598227486
0.14874404146125664
0.11909928142697979
0.1421674293622953
0.19958301619810195
0.18776743233439325
0.21189655068015278
0.18504767947025755
0.03291779189798919
0.35602200354237407
0.33651416659261957
0.28140805737491065
0.12050089752684823
0.17061900080078343
0.16705348897782876
0.1536513232908154
0.21733683905553944
0.21573452153335657
0.1103193167684727
0.11413716554781246
0.16788239742805725
0.11496701704106198
0.017570916359765525
0.17554391802089953
0.06778818850288237
0.1721529594515561
0.20222408863836544
0.13037839244738456
0.0031647897513502896
0.10845797493138343
0.12636498677475494
0.028116618930066322
-0.02136454360237588
0.22226492283390062
0.21040119293727474
-0.021603014306281216
-0.07305165851844317
0.07314144766080286
0.12889418908448885
0.08050654179792228
0.19855264743189202
0.0970751179525227
0.050560591743259366
0.3320247947407123
0.11745888761992077
0.15103067744403845
0.17630296000543613
0.14479014671353002
0.21228496626112942
0.21935374980422453
0.19203152972564014
0.08053393180006298
0.3233816712029737
0.26583914686313637
0.27070933133558994
-0.028248523713951118
0.263272448067548
0.1336591838043982
0.13044098187070777
-0.020638515305010433
0.29441224190455184
-0.002809319840671066
0.2802147256678882
-0.08483256064560368
0.16869869791757883
0.05504985304775994
0.07536647631741886
0.02615926927172168
0.12963181438154506
0.19600386889844149
0.2750660449286562
0.038454644357532146
0.13068468557261412
-0.11143504727954556
0.409406287556666
0.09981531817932064
0.18323578623664538
0.0007051051596280941
0.15165287732658708
0.03829157171146596
0.12354747770683774
0.09989269152654986
0.06707297834186958
0.0658252482012564
0.12805591228590638
0.022035449311103166
0.25589283296732984
0.12772097094940565
0.3076918910820073
-0.06937498105815217
0.3015501194423133
-0.03381261406299583
-0.08612769281573143
0.3272780966676373
0.03212835372873294
0.06665626796618747
0.1492671485947902
0.07995946348710255
0.24691598854415364
0.01952198894121674
0.22536239229261337
0.1482321026934624
0.126358497857126
0.1809015112119152
0.0936850294536716
0.07377685310663461
0.11748948539582828
0.060455962930427626
0.27990342966036874
0.05872790404094089
0.07895914382361174
0.07624810729220285
0.20003033234094272
0.1743037984670112
-0.06999750489436388
0.09496408773458695
0.2698923840389544
0.2680776150438817
0.016457776763740464
0.20027439540263123
0.21324621741146638
0.33333721183172643
0.25803856666851543
0.23895346255067257
-0.033972463299582055
0.2470149175219573
0.12003849184390708
0.19874548375315484
0.06842146992968363
0.030731896900643586
-0.06933904371306572
0.20867442403747075
0.057365350594993744
0.2444385411113426
0.3149472193093978
-0.004384286655116635
0.07595921361575539
0.2465469112880343
0.13772002439858122
0.15042539673823854
0.13666186514885054
0.2214851542065911
0.056705924062200264
-0.07462334440601068
0.2556891916174024
0.04146347497165864
-0.2087162003432828
0.21648911346548977
0.1893478995483807
0.16117915031795166
0.17018920831466183
0.18814569324598443
0.3313559058924209
0.3410552331126937
-0.0877522467083155
-0.04659323084688999
0.40096811804519933
0.1344704975368894
0.1657070651604148
0.27707328995670555
0.08025553006875015
0.13011226189645422
0.16045092549333448
0.02878039180556914
0.1508833483481562
0.11473701205735425
0.05773433864337811
0.18660492928243633
0.02955820179453754
0.17462065305265712
0.26552967417829154
0.053670252882536906
0.16929779954271215
0.03448953393555902
0.02191251298819419
0.24060394393125148
0.08741269737731518
0.20666859697948062
0.13224508958884348
0.14319311826304884
0.15820636738166077
0.12392862709586258
0.12057136435191157
0.18403201496998756
0.18233148096574905
0.21545853268163564
0.09584543865204855
0.1818560250507652
0.061880276835300806
0.12756445472926475
0.19035144263579987
0.18773516481011912
0.0328419451236464
0.33484546415982425
0.1741741853531659
0.09899514361313576
0.15299027650863284
0.24056883592667697
0.087386509571475
0.3508124781445405
0.16865924788528824
-0.06386633669675122
0.2377076685009349
0.031175190417194135
0.2805598625534027
-0.025481417623337527
0.19487840443093163
0.08568577859332266
0.15896811941571606
0.18937802767080986
0.092668613345459
0.1933893945055656
0.06484939555486902
0.1821043947918407
0.22036882240279643
0.2336796378754317
0.27352383879601316
0.006627870023976609
0.26954564579969886
0.2970730151601033
0.22786067479089345
0.20572805192095037
-0.0017771705119801
0.03646984929736809
-0.02691202897160602
0.08281775632990687
0.25513835168133225
0.27499445430024777
0.14322553892812473
0.13684758924066992
0.06558354006762857
0.15213722517656947
0.19541308703471208
0.19089927017031733
0.1669083610817347
0.18299944915648653
0.1363603314004401
0.3113933943876118
-0.08695954169559832
-0.009384825953417627
0.08821989184640423
0.11750200348990104
0.1373227279723557
-0.05120908137495173
0.043881819064447845
0.03641194867159431
0.28245147613524496
0.00976383828220907
0.21421762264516692
0.10992818705813506
0.10689182237375618
-0.027626115790983955
0.2722421273828725
-0.014547003349233246
0.12817233386124527
-0.03584924637938968
0.03967093894237738
0.23505390998497586
0.12621501439588376
0.2127961158398411
0.0519993805693715
0.05451227440566032
0.0555170543675226
0.3198493656957341
0.10897991960642346
0.11759497234603133
0.04874182938409543
0.20043086283420897
0.1818529652224622
0.08159739380149783
0.13047273182286978
0.14978705377036103
0.17028286864969627
0.054130046779193766
0.08758115799583543
0.1145449096050103
0.21600838035085945
0.20445494473052342
0.14783141863905475
0.029733852454624798
0.09049276009412889
0.13848125707071926
0.06612823797006362
0.0635236299647903
-0.1018624742037808
0.2715571169953913
0.2424165255319806
0.06075598513113377
0.1742603247556658
0.0922589999751018
0.19130272266614431
0.12462925393647058
0.19338746835202228
0.27400312116777686
0.2625603996231057
0.21335429294783323
0.1882721937944369
0.26638600592491185
0.21630348134059085
-0.0012418306892547652
-0.006916719761453276
0.2462767890435786
0.3081160292868636
0.3243412822955134
0.02087964952604554
0.24068312460546568
0.016426875519323706
-0.05130346049885194
0.0798085841900635
0.10174255714217283
0.3029116021904089
0.3460522953454492
0.23334481895314851
0.12725047763669198
0.15539507597600907
0.0806006281178809
0.2541553592316176
0.11500044310279912
0.10964740740075234
0.17628907128967647
0.18076958639140359
0.08019417980759047
0.09822850152669073
0.20289828371979735
-0.006667389479297425
0.017086546997332884
0.15519428631504043
-0.1442606586341513
0.26958477735349284
0.2556904329902482
0.22812119572854966
-0.034979476617923354
-0.052671904494922386
0.2034845982725372
0.04077415935376711
0.021861392860028122
0.054957551902454924
0.015892525247452004
0.13219163191448974
0.027565138754100514
0.18765832666420953
0.2827447860636978
0.10477663410403847
0.0033850295943926452
0.2548244041448788
0.07597807922087527
-0.011385542736108848
0.07755783093290278
0.18986001655928308
0.207496803949669
0.25233689165630024
0.11986689866582322
0.17283721084919046
0.02879276133207535
0.1399851360904127
0.14821799664426355
0.14638896590208667
0.1743993153121294
0.0718711129810361
0.14265531836297698
0.12250556008754748
0.12030687906549303
0.17033512418608057
0.138539720814709
0.1941286555631099
0.23779454001125497
0.3637644630361114
0.10564603505300742
0.08847117896242158
0.21967380721239022
-0.023047587997158663
0.30595934099594224
0.09064579736771712
0.10588665502123558
0.1993821616352516
0.040591931393085395
0.19971691191988902
0.14442502643723615
0.2516182880803514
0.22427446349694302
0.22281415354914297
0.22499068903027256
0.11490190592454952
0.17989410759333654
0.05019893713810148
0.16105614189636888
0.19700402875078957
0.049397068508128875
-0.04808761572168288
-0.06288589413025919
0.09603408957931846
0.1586084606432717
0.20666438215694286
0.09546512017279084
0.07261965691717212
0.14129104751157204
0.22511050428117527
0.26647422909168733
0.2553542000370687
0.05117823785169466
0.057055490210559466
0.23242898210390217
0.2071572916127269
0.13047659107337276
0.16404692078264374
0.27011617615999317
0.2847931117478511
-0.019451867745245256
0.09656860582649446
0.09845390108189842
0.2058908437460427
-0.0235991306358944
0.05964303792283666
0.22120377105882563
0.09545732750055996
0.10439576365727331
0.09571607764142474
0.2102046557936648
0.1530024229832864
0.0870164596257841
0.2127407156699545
0.24329746307192496
0.11495158437432329
0.18356631383223107
-0.13685063504460998
-0.03337962730301166
0.11923065039128308
0.24191193824912757
0.2312930364159269
0.04146665711449354
0.14430319140188697
0.345890611938457
0.27710112853602276
-0.003558199259099848
0.03114260599265105
0.06419183602089806
0.07169357593350142
-0.12487052080299019
0.2434490217137244
0.03461519913361379
0.025653422050660256
0.020374151320714202
0.042987850322978444
0.0865063043726844
0.26426137609982786
0.1935012937268048
0.07914809410326878
0.15077840254120584
0.07665449230528358
0.07888032841254712
0.026773888333186245
0.08399097207135005
0.2212805151935439
0.1735443047815213
-0.013424777559083027
0.22572658692058156
0.06819705172048808
0.22366351206311125
0.18228787123568596
0.13213931313523825
0.0008659712596519318
0.2548396039462571
0.14658812332123053
0.1477531590101731
0.05683269398236302
0.23701812139319206
0.12753196112521414
0.29141770600023964
0.15581453996989372
0.10080818788446816
0.044533575662249546
-0.0007277589174853906
0.13083915515798375
0.09708319831179765
0.013205063796616259
-0.020799773451570608
-0.0034559625228447973
0.14430690147984918
0.05109261955253379
0.20821089805247772
0.20342655520679684
0.2277970081838218
-0.00565667679351016
0.01458682812608866
0.11479848731434819
0.1839510372669005
0.21838705839676212
0.27111077806985
0.12199620116693766
0.15031076048039202
0.2204291957305077
0.14596355307479558
0.1869918427685667
0.1525144927231076
0.1426929597240608
0.13311552559527273
0.199576236860055
0.23470462942233478
0.24113575666758866
0.04516120536983094
-0.02374268769460059
0.1874786411014607
0.0757540835685936
0.17192410760820429
0.08391902537494066
0.11315338965665504
0.15583392905182505
-0.020484808819824295
-0.055840196237467145
0.11546181309037859
0.15284275158164687
0.11770851225670383
0.14926474140773585
0.08697020353059463
0.2722686734094301
0.1867563547790699
0.19206769648834773
0.09250638900560679
0.08840926682533111
0.18605549520067738
0.09924320206424271
0.23728018397560136
0.19127931010417704
0.2557787709983421
-0.030360606464624042
0.2599256972467829
0.19582134518657043
0.08331641918032345
0.22555387904672194
0.1497231952947773
0.17332909634096777
0.025286066738194477
0.12781884827155796
-0.05101549210990002
0.023513571825736032
0.04552508010633819
0.10800187769975401
0.09512786790464131
0.021020944882921264
0.21933922570135267
0.1842673441787429
0.11284680947810952
0.11174950546290875
0.16249002070371338
0.06880174629299098
0.3180764231042705
0.23199126329336778
0.2455157720461135
0.2411617899255606
0.026726233184879822
0.20594606361092344
0.2600188559841864
0.271856140543146
0.004680336716521335
0.14725352433113156
0.1533047937526025
0.11429254929834298
0.027093328501600806
0.04615160373792658
0.3198504983332026
0.3701654733490536
0.3920893774960222
0.2673323173790845
0.11480025177592833
0.14062773905052936
0.27319314034147923
0.23842972934921638
0.1381525329791489
0.23776334501517377
0.016358980556343914
0.12837862441311473
0.16516153191277771
0.1738128970180351
0.1568262826032633
0.1944302860249333
0.17679822389623423
0.27687519333999905
0.12449551791630405
0.11408790752461194
0.15299305134976496
0.18648767117572373
0.1409424939618033
0.20212025055758018
0.06750161001230487
-0.08145442051676051
0.12171311508990547
0.1932763249242962
0.18171075130547262
0.16976761133614204
0.03932366861500864
0.2618881113605849
0.23165760350252054
0.16721951145569036
0.1764631787523128
0.014369100183892366
0.2552057003404232
-0.01050501603612429
0.15548081543769132
0.2364212431962763
0.12034170780060978
0.12198965864588254
0.12847074186023055
0.13251276529521555
0.10819880365954711
0.19716592939433278
0.01562360656289294
-0.04809013388091005
0.40201596192513117
0.22053333937324998
0.11831753820330189
0.03509266144858413
0.14260230059001994
0.1921388024418847
0.07018476423275123
0.09250529620717093
0.13509898661923458
0.242881526887436
0.31239609343857894
0.1811352825702218
0.004723060896407661
0.1165720897669913
0.13369782703003025
0.14546782543487854
0.15343246161865776
0.21663309200839817
0.40397849283575155
0.27088608306100925
0.052543243324967175
0.34835269852062395
0.26199577462337875
0.014281089743040492
0.1814903722146352
0.16223249328392195
0.10046644377615398
0.09508115092574047
0.27417620828666006
0.13373496203163757
0.34241004443534045
-0.06060267310393171
0.15330321455560114
0.24536741356154795
0.19669420067123647
-0.02504635246313833
-0.061114868906700585
0.21215021141548274
0.05323221030985645
0.07712185808398576
0.060543623062013434
0.12087096751573491
0.06598474199806938
0.230570186907585
0.14589695813362077
0.1708351036160793
0.14396946873827565
0.15563027271613372
0.12347608601635757
0.2045910875503689
0.06885993403824955
0.10317577037182013
0.28591120360542305
0.10762447152343721
0.2984306373684152
0.06316021554567106
0.0883497059263651
0.15525836558993542
0.09937477218561751
0.0367757158147735
0.1716365652243429
0.19195483623064896
0.10192252084728011
0.17271001185655904
0.017172085378330107
0.1434227025245072
0.04988544148283375
0.1832658772603414
0.0969281696700474
0.13152067085891736
0.27206650163081464
0.3277420198521891
0.10203783900385421
0.09331447861592874
-0.04323594542630988
-0.01666731332781724
0.2214512313314133
0.10319030052786976
0.08378813353591198
0.08327299605482866
0.19954842572150047
0.15365533263679768
0.1767927763982578
0.28084616499088655
-0.009971746339093566
0.31234662243843236
-0.0004574302564235673
0.3394332053766905
0.22668559899146626
0.11098739073495441
0.23550202013133606
0.11219151058587262
0.17118277763450138
0.2647614713201587
0.120774675085154
0.10702251854734822
0.1406202727211834
0.20902959867591042
0.2027232426859807
0.08246415827340384
0.2182489870452328
0.1193991898132734
0.11971244593430182
0.2873681140095315
-0.015149046634181557
0.19534216891493317
0.3000305667937635
0.40473707515470253
0.13417173751278455
0.1373772981568814
0.13711485436709556
0.14718572025437449
0.25276339385017016
-0.018833877876697724
0.0690130879029153
0.1202867725099127
0.02648937338291456
0.2809418350073081
-0.015834619764789788
0.08447480225669839
0.1945550940110106
0.15810547320046658
0.18207856532482908
0.1650470973377466
0.11828004096594812
0.1443841330824538
0.04031190496551238
0.002643092520747557
0.14641439508778967
0.15534351449788503
0.03048019676403148
0.1664864319173591
0.17271564043332488
-0.029576171461736397
-0.08813473251676941
0.10556547731742098
0.09275621538010775
0.09600851151056923
0.09532390252450657
0.09619115335470188
0.0840268280747532
0.0840268280747532
0.0847365608017535
0.08501258762432568
0.09324137585973001
0.14677538831380593
0.14589202391504663
0.1623554202226707
0.16803251658933294
0.08855083734249651
0.19129992212265853
0.12934490044112604
0.05731896283077885
0.011638403833731187
0.06752864207905848
-0.0064580047957229865
0.274049885526947
0.0864775527315081
0.12335391452844659
-0.00511960098572522
0.11662081800685711
0.14261141622005188
0.13538265379170838
0.2578480755083195
0.12788377117907773
0.08543370373507106
0.09801248329119171
0.2367401640487018
-0.036378129095618515
0.2757055642584017
-0.033345579192899835
0.3937881121588873
0.3135611328262521
0.3030615335790751
0.3070719288392939
0.17571152342223345
0.0743987425676138
0.09404026826086677
0.10585947514052431
0.14125085926780406
0.1587734282135174
0.200845103054267
0.18716918876071034
0.26334867107635324
0.15371518978644166
