0
5.542822958439369
4.371266957962878
6.002360243939776
5.232700199171857
4.504082213188726
4.909017467064205
4.420453464724797
5.3019487766396685
5.2915214256616006
5.7350702916965774
4.182175418808159
4.27448472275492
4.849814574773289
4.187521797908792
5.362048774403997
5.870820805393084
5.988531554921543
5.9422269291255105
6.103724962061447
4.734475492080268
4.232969751750169
5.515039652494821
5.557242287194316
4.943465824182776
5.372974015058142
5.721128401652864
4.580679479243032
5.331174109469562
5.379936192023509
4.451332873480593
5.026850288322731
4.6751710751771185
5.344261645114355
4.472774725002296
5.506561098948902
5.789216508334693
5.548012914382259
4.600227976349647
4.873316944217367
5.301967055835209
5.1198206548626946
5.269958478293112
5.459243672513164
4.513722297615147
5.256274394893167
4.990367395075928
5.84721755518174
4.5922254659779975
5.0333166402844665
6.379480011036135
6.51992037948302
3.627676113999317
6.4345783181596286
5.724215179479396
5.828722070737322
5.164605473415073
4.681369167460549
4.630068703082559
5.642266637503709
4.769115119183673
5.216436542964309
4.8747761475501745
5.2019690498919635
5.346736801422551
5.45829323798043
4.451073086199728
4.810598077615724
5.398658980241097
5.449737205039371
4.5013200689535235
4.339593525011571
4.822450471116114
5.005735096993371
5.822287962134296
4.1625294934507435
5.777278658174074
4.7001157045083675
5.65291998189912
5.593170103912299
5.481559790384085
4.102118710172825
5.8706122670785525
5.050025752861027
6.7771640475955115
6.3924957340315665
6.33155997821157
5.099771127342726
5.63598916931873
4.846715239692016
5.235949582158475
7.123264923949853
6.703863174220178
5.543862093646652
5.126627670814942
4.904661374472934
5.591562555564773
4.797739212271784
5.569599927954475
4.542357125398888
5.131169547381355
4.799460680196708
4.419861128346973
7.2121478012677365
4.202296110939783
5.482375850245914
5.516442111556347
4.940243977963888
6.156647575067682
6.073766805605574
6.036256359505882
5.7680867577312895
6.239797185061254
6.799830100652662
4.253468580993248
6.2462858105218295
5.419107080853979
4.29414116013437
4.898168631295459
4.983966092415058
5.558721294079128
4.3562094536981615
4.243197279654864
5.885997868926312
4.467659465195552
4.702622076298843
4.223172673514529
3.840423050183836
3.9816037874712764
4.935782599231146
4.88240712130475
5.431250780674833
5.2043322183307765
4.842428313404275
5.389060926446131
5.355524688261557
5.2224172276467336
5.48133178069575
4.078641522723113
4.3763925260553975
4.267508649251202
4.416588029924921
6.168481848911058
5.288272238401964
5.3687768269537015
5.724915376999984
4.604388544109457
5.084708114688454
5.894298560988027
4.863811977139488
4.9982405708575035
4.812120043822647
5.711608652120196
5.235176446303857
5.373979651190478
5.653019356422568
5.084694080254292
5.58948396589842
4.806934454591603
4.58429743729662
4.753252713602332
4.3518400846959056
6.432269921967918
4.167268452707483
3.9571392072029488
3.8907266132845217
4.109538949875168
4.943137830696807
6.630101013082629
4.345406272220213
3.4461035262875184
4.797421683898339
5.43397189354243
5.35111347347651
5.336322809656342
5.0888759501211895
5.40853645624599
5.497331495900508
5.630287722976695
5.471840276721665
4.005913587777719
6.441357768680474
4.280030538567131
7.376257579348487
4.389457283804759
3.718062999006727
3.678283894400648
7.454511047405319
5.875679255032373
4.252189122317353
4.572349799022089
4.7393986318989185
5.936718060879319
6.22760099484888
5.6608628092386555
4.316389823089031
5.369679356192187
5.727223242876839
5.977562573222403
5.426362064203693
5.672592976388258
5.13236445619071
5.697997509086869
3.9325054692152324
5.630455856511757
4.51686088538313
4.565405912092198
4.558668330032464
4.8817476554138155
5.700630071351511
4.838341268301808
5.711721637184659
4.5197239211897156
5.3813243217122535
4.678094190896618
4.544973481620958
5.100766000577908
4.28772402670397
5.106997551051448
4.350307683087622
4.136729053868527
4.2158035922585455
4.901607407907965
4.595247843682306
4.554269107272103
4.151808780183612
6.091673929716764
4.09908615204502
4.609818320553898
5.606692042549996
5.715397255593329
5.662218175355587
5.622864023925467
4.830610129701022
4.678522291344293
6.124452371812984
5.1619906247733045
5.035992800884698
5.22441505362135
4.950903982122473
5.762814898631727
5.485054193533018
4.8019587058535045
4.991622664437071
4.551537461199506
4.494870942426607
6.057634619303278
6.390386925535861
4.910317326102533
7.041040212080413
4.745201661681427
4.04765460907025
3.7499931417613412
6.0276892248198
5.490849983426432
3.6730152681105985
6.239051561508551
4.165501514343303
3.878735289635256
3.8403308633033837
4.92800713965555
6.903019492008823
4.717108482727561
6.696760595373362
6.545289961245992
4.053924119963677
6.275338205994063
5.944480310247241
7.261755356803277
5.833813017896795
5.044000085558709
5.161592399444159
4.966935180445653
4.888102251296877
5.255970656531772
5.088502729820122
5.075487530504116
5.541273325646725
4.684404535736138
4.59397411936011
4.540859777078162
5.714856256544095
4.534592238213478
6.02430888562776
4.929310172407985
4.895795601957554
5.173827778026951
4.907960104521649
5.325299428031274
5.811871794489869
5.724303887101488
4.441862322555911
5.811176504217403
6.5129541704253056
6.813391139766721
5.782670296751539
4.422404264635043
5.9673351960408345
6.832602431239092
6.125030978201761
4.487443832954146
4.15522553768074
4.92760979132531
4.673610224834546
4.581174906208689
4.607293152334614
5.277325422853359
4.762431605416476
3.903188253399743
4.199401685304923
5.969616724509607
5.961473975012428
5.833367850175373
3.9736232725871514
4.939328883353989
5.785616386834245
5.231629735542819
6.220615506983743
5.781046637471549
5.40019163459897
4.6806297818244795
4.701241262772102
4.896683384739295
5.843151512345488
4.4053726613298805
4.654946082336792
5.274492828825251
6.281281275045336
6.697844065664606
6.890370420561016
7.125503388065548
5.732309294853482
4.66441753611875
4.267904464689522
5.743113487276959
5.301886071388806
5.17257046280452
5.997756886309022
5.305389745661835
5.424357430624489
4.979738845321847
5.329388082694744
4.350667269187329
5.639764833268035
4.944562910041993
5.124327188474761
5.640965205966746
5.635567441766464
5.518068488213919
4.814998946243067
4.630751962624815
4.810380550997133
5.0234827878961905
4.3873242228468845
5.417141337211165
5.262006864692135
4.6814286817456825
5.395185331497489
5.108293352126326
4.969000720855812
5.264816521243421
5.7990742675567
5.645231841087965
5.233008930097149
4.906023177624044
5.5934606319693385
6.261042298720432
6.697501110447109
5.070312685736205
4.986125072557873
4.325980586858092
4.5170595664309605
5.647892714788086
4.89399532400653
5.0369313530430055
4.9052205435284355
4.738779353687504
5.490368931078919
5.736014883107024
4.867933639239589
4.158090573554316
5.9989981315581655
4.117807429358809
4.764976369965464
4.730827703050417
4.876149362957629
4.958507340244488
5.353062967674994
4.574637218900282
4.598290236012142
5.180800396629041
5.899295524853294
4.786595722753561
5.01020120935002
4.248756938368885
4.9407699816285735
4.985568278699476
5.969060503895032
5.994926143265084
6.125827549204474
5.850818058641708
5.752969531214761
5.79590216120222
4.1803231467848025
3.8776257330381663
4.50302353435359
5.276250021464091
6.242198286590334
5.60432784939975
5.103425223647588
3.578625733034135
7.634667953226368
5.38246452611971
6.101155928262378
4.3623010625873055
5.159786002398303
5.967721956686129
5.0974376936544985
4.417045657936009
6.2880042596136105
4.596363312368587
5.998108220899692
4.7280491124170085
5.368234539403863
4.775129722137253
4.7083600836304464
4.759658706808494
4.7522586087590035
4.466454569846956
4.74763673872862
5.590733875071568
5.541629925746817
6.039933909497497
4.6465558433083745
4.713427473436494
5.231605414098202
4.4108459273842255
5.094317994111032
4.758065029987936
4.888724951349366
4.330438382422024
6.30686064008269
4.456503437796485
5.181464076400871
4.019673591565954
6.255865444921014
5.1788512152322905
4.835001265782382
5.472107176833236
4.748297716993919
5.389364213067422
5.042481417928205
5.021196909178389
5.049784545475394
5.130283640355873
5.256687915786509
5.337030326832419
4.888990192990532
4.931139118189374
5.307227925957098
5.068325604460708
7.080173416386414
6.935246054038888
4.8454038026836646
4.6638796902813215
4.5403924989481625
6.201285484037434
5.904989415362948
4.713215640509207
4.937675822315028
5.893153232893347
4.179424126774538
4.2422831322484535
5.967360321841511
6.464843665676436
5.422716810333383
5.171805282977753
5.260168851729531
4.877542752816222
5.48664699222526
5.263335564571267
4.400936064000616
4.896385938259224
4.625820454766179
5.169683480266257
5.3590787207153685
5.409860152078157
5.477813541849748
5.746595086407258
5.291573957798675
6.215441198403737
5.1772163759666645
4.5994847663881
4.752794186748407
5.263259164261363
5.501093461901581
6.125672713003009
5.792947423517787
4.535776806630412
5.964606790947257
4.754172734803218
6.720438659303097
4.022821121022019
4.017578109008404
6.110882444132922
5.783142887223665
4.194938130019349
5.764240001982079
4.763942999766005
5.599855852640218
4.608470301320834
4.787785930655366
4.935892666735141
4.607618451799722
5.5303875162625395
5.377659926328722
4.499035391504728
5.979079290401644
4.012956529216407
5.5934667991262215
4.129269386467058
5.58783925911598
4.0154268049828055
6.127929901154715
4.208756702826987
6.256688102343912
3.9715019558978244
5.9412485500085666
4.529636510213139
5.5890384188398015
4.915648224469956
4.188141780918061
6.661189276108824
5.496945983911547
6.322772074225064
3.886370669009007
4.277686051203355
4.502430563662367
5.467648634058972
5.746588639524258
4.917637340726317
4.060634276882761
4.745530875669824
5.289972937392745
4.93771696380153
5.398021898159268
3.5023016196189336
6.049844046836771
3.8688444095164685
5.598594446267206
5.35650760554614
4.6352671649157555
4.881573357722859
4.5381367682617535
5.146057052908109
4.761398139202502
4.943026884372078
4.836889449962478
5.2490932030409425
5.288255452649768
6.107932749064376
4.421711944773128
6.004009334182842
6.390140043506219
5.1926139605512756
4.388638792671103
4.995124238844032
6.0671626518679185
6.192444398177747
6.001514072498413
4.592569255646952
4.768224287502793
5.364279639093326
5.814460590905769
4.941701918112339
5.218579322097512
4.4125826079749855
5.005669090326071
4.8120098452986175
5.03586416728131
4.336957947898057
5.035545651601036
4.43307025203394
5.1486069601795705
4.716467945376298
5.432252438225893
5.070610869398365
5.2804038822068975
4.773647761498754
4.618995420400618
4.6824988439478386
5.965611886405481
4.745735818436127
6.276543491420659
5.050393704598872
4.291319481952441
5.833044466018374
3.964623203117278
3.8566880410439066
3.765635405885724
5.819584002704508
5.550478955957638
6.379933609740369
4.815963502449178
6.962835855883362
6.475416970928888
3.8848057365442905
4.337059690703176
6.485400296235302
5.774708175070432
4.290834962323536
5.305626817689242
6.492638368749898
4.770913646087535
4.963402784743802
5.270704278811885
4.7270051234107795
4.280584860117176
5.113974973739749
5.442133572695216
5.09776747046055
4.627685411805707
4.7900714107597855
4.872562661167734
4.660591159273241
4.736019811375844
4.76206507997653
4.692850103597524
4.515064007439423
3.90095567859107
4.889112675654014
4.585727651937486
5.4436702779696695
5.482026353122107
5.2855046011549165
5.605471259699352
5.791424805322179
4.286615593407068
5.227822333545086
4.967188010623096
5.0407555757154325
5.0039051030733095
5.547305308565324
4.436998213252398
5.432176250780917
4.905135779043117
5.478790328244026
5.456718732642538
4.58712644867776
4.712271738446794
5.225304612901847
5.441312865094991
6.18457644280879
4.83839730642647
6.440926468527373
6.275006146582337
4.131382245838563
4.923138328582949
5.423453785265908
5.919176928183572
6.322276943132484
6.251436169445829
4.473081131802119
5.013008123533027
5.299785376348096
5.43008075064823
6.868667133465865
4.363796532789492
4.380973250777491
6.421361828755782
4.926020768095114
5.29479374018337
5.269212804313433
5.823223211271227
5.659943056999345
4.46029829186725
5.9640801636679734
4.645235866386567
5.213116242042271
4.644186896528372
5.154495704672202
6.292919530138072
3.820041129995871
6.345460244720373
4.267140501292351
5.6671187456330285
4.32813416922536
5.846092976929168
4.887669544864894
5.622459738453755
4.313211870528063
5.919322529168769
4.908003212731127
4.472866834002386
5.259716747480423
6.162289779398095
5.581749253105843
5.26749978198892
5.890511390386694
6.426588022008612
5.66686082387909
4.781455805105867
5.026832340506978
5.41151510640039
5.178656217878916
5.163258754073933
4.775045303980315
5.715877349115048
4.646771632563683
5.193291655428888
5.897498275489909
6.489092323946164
4.814612227013703
4.882993684529799
4.878795129253122
5.415516830427401
5.488676762335928
5.331743834305565
5.70547985330633
4.1710640580422815
5.355590464815225
5.8163330598643155
4.443416152687828
4.150059785977291
4.023986664751682
6.883025311588854
5.680703906787044
4.491950168343903
4.087651877181728
4.125539082340576
4.759129086131013
4.403253527133041
4.130099833834164
5.799496801328439
5.994642037633156
4.703845434198484
5.374403259858072
6.035201251587842
3.7537772983136857
6.822427631556971
3.5301708746883866
3.5036910077464962
7.009347811693905
4.622831775974528
4.4955137604495645
5.200828563026007
5.68753731760618
4.283118612482262
4.247124825872163
7.232064070719877
7.333105164152123
7.45994701963117
5.672228542040976
4.388662771820354
6.141688135260774
4.4240551287410215
5.57675887102213
5.466380914768314
5.540341895986637
5.346690453111891
5.870936392884242
5.640561606647011
4.516228979988072
5.574295763091964
4.385405495279211
4.909457984634549
5.3131820193978765
4.617397818124373
5.434968130068474
5.254530824922564
5.5596875076873555
6.170440503250541
4.494444205381946
4.382454246032781
4.9521351910124185
4.650739064877888
4.910192338727032
5.236947639947395
4.917850448462088
4.2810538070006725
6.842827105376161
5.387659545292735
4.563481631197286
5.275698818804032
5.480307388329625
5.709364619905302
4.820823494286467
6.421191223986276
4.210291699317019
4.213703345006836
6.518615526537867
5.765088173226455
6.369684305508727
4.174229545451656
4.948776504213074
5.340021202257243
5.168791245324793
4.895084587233769
5.874835011779423
6.388552543806549
6.291182129212881
4.6465254037003705
5.1639919317437295
5.9768064906698815
5.994932831341694
6.225058283429152
3.7567092905370276
4.052768075203489
4.087509271587364
4.423544011354322
4.165896505442129
5.387223680313546
5.191429655382226
5.0710537157087785
4.227850135433515
6.279151835186517
4.456878714582703
4.419131153447113
5.935954256677135
5.358596427886326
4.8926740997585165
5.149525280103766
5.228968129077865
5.3578112153704325
6.308063979520683
4.341418596617475
5.92888246705154
4.082644285384056
5.659129526018964
5.659188358665109
5.481036479227631
5.158180015320066
4.805872795168144
5.6488824684102195
4.429211180078967
4.583749231287295
4.162506443002742
4.696845558516641
4.989258822390493
5.78239721664732
5.137627412522209
5.589661429234471
4.669204512579101
5.655209620571391
4.8703220774167875
4.4373293854351985
5.327366000853839
4.491474187980489
5.524100547914636
5.386902770013851
4.653843236045852
5.842848692577257
4.612354604182386
4.812951110371801
5.6277677097471335
4.402720995416593
5.2932773852083015
4.123664823420184
6.271720449675278
5.192336400400096
5.301973533590939
4.832307949964242
6.115421935374822
4.438890079388657
4.592812399092891
5.141606284950919
5.792136257274926
4.251141715400275
4.077371374076424
4.426288554972663
5.048197119097733
5.725149040140029
4.58607326758254
4.323981910025206
5.255907804727428
4.572026573253472
6.466761456770807
4.3017118559804866
5.510036499637418
5.265687500647914
4.357236308577257
6.9976889105072635
4.196162861431789
8.15611182875048
4.364536076187538
5.368083311602457
4.754069209877102
4.363376666359087
4.886833159117518
4.6997569774335055
4.824462981451669
4.837678048548325
4.277484357356073
4.750485929107435
4.381241337633177
5.614317697874683
3.8709810068279715
4.1487271680793025
4.783059372124902
4.9145823278908685
4.732415647483186
5.378987191393155
5.575828234788199
4.989642620582252
4.985038661442287
4.921628552504542
4.469432791872487
6.3355446832437625
4.358924868441388
6.611886749301739
5.077015805055058
4.57632367404062
5.511855555329085
4.87790666567205
4.19126353634617
5.156180417367291
4.9622492809995356
4.847854572370827
6.55111070614389
6.733651693968117
4.530596381787537
5.762368474276368
5.4630289884251875
6.565716243503463
4.4751734361722395
4.004469467388756
5.518125804392683
4.425319199287103
5.324779286078079
4.722816420488887
5.124894750153345
5.126442111380107
4.3018271280264955
4.6970996142478745
5.429877432616995
4.718039656805736
5.263983256562435
4.231726318312065
4.318962509354097
5.345429688790393
5.2091627978816035
4.841969461183881
5.731857310496797
4.93578729807539
5.5804071441567755
4.5243320094054695
4.991346453133569
3.9226461811601876
3.8753733560749604
4.0508524028645825
5.517373932002901
4.767188897845678
4.968100056285096
6.808060707507531
4.166934712359475
6.058764547550845
4.718461058799586
5.708773444365839
5.8730660551707965
5.4980675555503895
5.17669151733811
4.922307347875711
4.494667257786675
5.192664460517597
5.22786961639852
4.958558759345494
3.9027003713654014
4.932404759824714
4.758465886646039
4.968191427558417
5.222405238163885
5.314638903996121
6.416662712691206
5.746073151486123
5.197331574721158
5.579469177787852
5.035873307250506
4.861241590828731
5.560834311722748
4.669884564458026
4.436212154326109
4.795962635452671
5.493491058286195
4.851299754651852
5.8436383207543585
4.407052108853144
4.879196477672338
4.786852670151102
6.198387574520429
4.691651561804201
4.56450537724429
5.032908571022716
4.3122172426445795
4.800099266571367
4.965942140434327
4.725538527434174
5.954604451210713
4.643399415694324
3.996942909304633
4.958272749966177
4.9077810864165174
6.4151043765658695
5.568107454661488
4.56083643688948
4.776309969148009
4.686838146733442
4.96105516151512
4.898901739386054
4.262105849461004
5.999367116507389
6.430033030375756
6.071642195459475
4.354484385885233
6.307782584900219
5.23947647815044
7.742517686626953
4.174842554296487
5.643248391368744
4.175720010646517
5.172129636290661
4.927426744973551
4.937766870450731
5.110280576647347
5.68713984836187
5.981261460415575
4.324733630923502
4.402167935829808
4.631982705708833
4.792856059028173
4.1802709562935565
4.521568725290607
5.005393026163811
3.9985505235076975
4.847190628055986
4.819693072326175
5.287534747390674
5.200848711280378
4.411439824255317
5.572369461185767
4.293752662120174
5.1072432917396355
4.1711953287722485
4.914329901988345
5.372283908854202
6.6189563710085855
5.715162930020195
4.522360902459793
5.934235088657166
6.387686338434631
6.428437435087714
5.945456860223446
8.02956967757865
3.695970660142757
4.692463798618684
5.507729810599718
4.924564271102494
5.161033516399577
5.6369902563001935
5.102207735168587
5.12550037766996
5.035613731219178
5.1993294855422905
5.163551158889722
4.400332904329808
6.18845519717629
3.9171522603736313
4.624247676528528
4.158336216797756
4.376720461895001
4.983224629091049
5.5689688018579995
4.838751393520794
5.085509684217053
4.869802636608943
5.109313247914326
4.181079523976834
5.150195003340507
4.435658390850527
5.53443819436859
4.585988217941784
4.882621117955479
5.969150824711823
4.084171705099472
4.4374294317790355
4.642569246893962
5.4871093453818665
5.357812325210594
4.809865065599002
4.678184869115419
4.60101875524808
4.451247871095935
5.536568689691894
5.874664691706504
5.334880201037141
5.4694031704580555
4.665951013034032
5.5839282821324
4.5299026342707664
6.080401004597503
5.198252409387559
5.8613731302615335
5.846608976870773
3.9677099538910094
4.626343552211636
5.463508344971564
5.208905952956802
5.115383723774644
5.598197716443422
5.132987710707047
4.851836625186244
4.556203306129902
4.902807303168868
4.549363270973041
4.696143446620367
5.195248611057162
3.6460279457253475
5.230088894534401
4.585395923377639
4.780166866606545
4.329756299182539
5.630667831784403
4.15886059127702
6.627495164745972
7.733588247899685
8.222334562732886
6.137518047948663
4.121274783536401
7.416518234704636
5.293002888297315
5.539387587870694
5.485006230470116
5.478506794859061
5.738172949137195
4.548099544399796
5.299356077952931
5.321962378634917
4.798731183422176
5.051044043102665
5.017497474589701
5.141033913697129
4.541541918784774
5.573104261615182
4.92194810796832
4.804286543466758
5.0501923021837225
5.323063812190579
5.830618537415129
4.7494072152405655
4.621584473264712
6.2579257327675935
4.59223838913279
5.958066549933943
5.8356567594031015
5.194138879894806
6.362633530924499
4.383525908799158
4.944089445078398
4.327939873102069
4.594988015966331
5.873300601778843
4.514517240102179
3.9516568278322506
4.1542843601354695
4.14940719027512
7.327907435275121
5.092539045910479
5.270463838857532
4.227665810977389
5.92697788710542
4.974149660010243
4.904648065050318
4.9017187891298235
5.419380978389433
6.8668872673563515
7.845969113196126
5.756383820663519
4.48892331484202
4.712070306801298
5.1921175276894465
4.349504405243484
7.3296899233779556
4.879577802150966
5.035005647299029
6.17193556170384
5.5927790663304116
4.753218411640599
4.963736738764923
7.446394868817231
5.121256567148305
5.4461189924694136
5.305943461708783
4.648270002070517
4.529023357668836
4.504547989083109
5.152345882100459
5.188501714207129
4.8417472757570446
6.7449380266128935
5.500486244550296
5.30110986324802
4.20259212382574
4.176936568358312
4.359537463280831
5.599018093635591
4.18304820700357
5.673617180373663
5.559952889368853
4.2105695945814885
5.295759948345314
5.424967079625724
5.797217229842662
6.600158729897714
3.9866484105571676
4.105406818141379
5.826086195442527
4.355989200241547
6.732681313072054
4.940337700878561
5.547755132688233
5.668620744089063
4.962344243758182
5.220405872419052
4.0685051342088485
6.466062461110564
4.519537380535213
5.166561706197468
5.312889728273704
4.500826211343354
4.636546257930373
4.5207589709189895
4.7796333433891744
4.600999590752736
4.825796670037313
4.80017958994402
4.983282312063459
5.160764484322549
4.906632749206983
4.788790411839981
4.95887652875737
5.797884512583398
4.662354248115142
5.446001078721239
4.864670525531114
5.746472021331434
3.8650501423916106
5.438354978598639
5.863937351448369
4.2543389342208195
4.723309394683844
4.416325697892949
5.538787073585251
5.08022019726007
5.525116165365432
4.205723282049181
4.1601642604094335
3.7189158373336295
6.3120930189039415
5.3867203495005045
5.753246949143412
6.03866314597437
5.863234078104372
5.291618827541508
4.785948693864698
5.277246284425123
5.1749063379336135
5.481084026347694
5.40371175294184
5.216499844599904
5.062938699617574
4.133955298289627
4.270241619945075
6.841778681032531
4.560681049122096
5.016105985876613
4.649778847262561
4.316283539553627
6.316529883103034
3.868630536158868
4.7340862136440345
4.941552033960518
6.387081714416121
6.009991817508876
5.147804813819378
4.71724096999008
4.825782447755154
5.016080556280549
4.380111045518621
5.660077016620981
4.798352108068278
5.967876497772336
5.410874971360728
4.528325833160204
5.988374568265297
5.643328461238683
5.243874312893141
5.491163580996965
5.709658516554694
5.9134500433847865
6.342740315272875
4.656747009715409
5.059757306504857
5.235349079512773
5.350077674871757
6.23241242060872
5.335306200775112
4.618789508716774
4.805208243673687
5.631754156340111
5.209321235733721
5.26442573555838
4.613611366333777
5.3763287909739494
4.9840817937110105
5.655743187620271
5.190980332829088
4.751135943492136
4.999491790942715
5.218721214122248
4.659280922924929
5.4211616286499815
3.8940743387571164
5.28592529068839
4.763172934941933
4.1507289883428475
6.26952954299584
4.18134970580642
6.771014469011081
5.58609461129386
4.495893573005331
4.222461675823084
6.983987408688562
5.920225491324015
5.182009000813986
5.530352227758732
4.252545072062864
6.153963107010458
4.678480064132214
6.115910097289694
5.686072927557018
5.3091550761914705
5.078218474624829
5.938194205428582
4.494308221012784
5.883291669227016
4.449018181918332
5.307602809349217
6.312578046162692
5.4793926970011695
5.229094839550829
4.449885047427491
5.5336725248988055
4.7014791069531086
3.87885081354001
6.234609327153702
4.517825606831742
5.351295892498568
5.940458727125456
6.48396582429463
4.487278838242798
7.0843608343133475
5.660816182596665
5.871593461153633
4.775247622743386
6.220507764486665
4.681647893974043
4.973226874682926
5.7235479732772045
4.4409604012621235
4.821959452324651
5.185692526821337
5.496371391921729
5.169488276425137
4.505715464344269
3.9837721369126
5.9706213902150385
4.153497141337834
5.506171545944746
5.157819293076193
4.573478024454128
4.799512939259052
4.885074173092164
6.186682006261707
4.813326253671902
5.457044378289748
4.527404044016168
4.817530127822954
4.731984776360297
4.777108075580621
4.70058284466917
4.141180836277461
6.7214115494342
6.503729535715767
4.124584571169862
6.26707548713713
5.8923208917932755
4.814786976533264
4.681056689773354
5.372913717835557
4.139999253702313
5.616170639704324
4.8468720636027385
4.788493799592028
5.474508138890147
5.147848716667654
4.664594720499504
4.9281731682760315
5.4590572307128875
4.452654635790066
5.490696360021185
5.029217290985231
4.637946896833032
4.544625401619305
4.231070267087018
5.666428570622964
4.37280250472511
5.475273410423827
5.249665297766194
5.449485693756505
5.404135869058189
6.549563156307084
4.069748991396126
5.950478520658976
6.453412410836965
4.232456419135998
5.784344171205539
4.17975048874406
4.745077304673045
5.396150602445394
5.550487993655919
5.32812666757027
4.869425197618081
5.315325068842412
5.899614487835174
6.507251749408589
3.925027116340558
4.356658099573311
4.217788628456881
4.136178668600016
5.213258968452178
5.780381992543712
5.050361368545485
4.911369844498173
6.96150474483005
4.577514307657427
4.266990854308575
4.268857596933488
4.900846086601686
4.873741623754191
4.540857414455517
5.770272394619104
3.8238149265215595
6.322812225233578
5.412487450666716
6.447463419006677
3.7557298097747305
4.274105527232362
4.944800070351529
5.771644431158425
5.252475581147199
5.674241165328373
5.7029522077683055
5.264929285874045
5.619273400028669
4.47440894345767
5.180700293292315
4.7273462858566715
6.046673224420081
4.053331536268204
5.743966699195631
4.119179532652305
4.108577290234441
7.153131242353652
4.241861690622665
7.102879347480351
6.696968704273883
6.257228704195989
4.319646761542187
4.444686376786199
5.418363676822969
4.588912122923498
5.486614625047054
3.921365866970463
3.9462541217174163
4.060617345808109
4.242138203354482
6.269996409678577
6.393481753290517
3.7507742294090543
4.623513072064127
5.931679811888651
6.112371549597539
5.28475469717008
5.055234728247679
5.4670919672579394
5.958347837510532
4.933159261677993
5.459112429711905
5.59272958935708
4.918033259808535
5.301892841312724
5.080949478961447
5.762451510264662
4.957593352248177
5.558186465948573
5.635086266551423
4.995261023820064
6.189433418512842
4.686437244458725
5.381956802600207
4.499700181855964
5.264530398551041
4.950949442168548
4.703245724648028
5.395945655475359
4.397183706863703
5.505902123439742
4.086346750665408
3.72152972434112
4.6754628202906225
4.2332186070799365
5.741005304740586
5.215545173203178
4.939854848002043
5.4036874986438885
4.903241656359581
5.439762545899121
5.427519666561796
4.786906992009904
5.002406055656965
5.025262399011738
4.935452000472231
5.08091571750536
4.958112023362511
5.162518916899857
5.718958254998945
6.4318872611967866
3.8184163159100453
5.940157291078819
5.301818919424253
5.00478260585608
3.9012478850396093
5.479754935645226
5.085015119712923
3.8734176718338302
3.9916300319757863
4.269586714095472
4.709813770198617
5.2176348505544965
5.6074499902027135
5.626098382051813
4.95441029910437
4.552082101854449
4.653961861126097
4.331858046443489
4.377563129186411
4.6144093553673855
5.278950424729849
5.726672147728701
5.506376941974807
5.141439461314902
6.31277263606958
6.2102790089166495
4.3769523026927635
4.6234046471261525
6.024526914369144
4.611922151617547
4.807375105303103
5.04683458558121
4.526918310491251
5.138038117395881
4.695180859468007
5.798033130600964
6.748178142349642
5.532680273204304
4.2382001092378765
6.015188832959247
4.550016879118357
4.30519947385739
3.987069647549869
3.946932136281597
4.469737979397961
5.0992813501284235
5.0335677777613945
4.623396890449047
4.265575192527874
4.341747585728413
5.378654926848168
4.788161403089833
5.368081030208045
4.474469092200092
6.295209318730161
5.544486155829023
6.1812191648689785
5.988954205649112
4.598099218413066
5.74130499145654
5.869141649478312
4.730796590254633
4.51894668669828
6.535792804165647
6.1765948324594575
4.011186164968051
4.897492297888457
6.2357873480373796
4.245659069155713
4.233022574039323
7.019341358205319
5.269526916234449
4.696703018507872
4.6688781385867495
5.652566220604784
3.955993542344839
5.627137196893295
4.401420319138213
5.228975893772817
5.072199335878382
5.371756283628649
5.276282174007063
5.210502767481643
5.877663787690752
6.274033154133476
5.940504131318614
6.219915664378841
4.178300763716135
6.21390054150478
4.218396120643438
4.729477426463512
4.930191421634695
5.48824076664844
5.110993049608608
4.627560285670692
5.308086997432094
5.07892365102817
5.062936559625919
5.336727396757167
5.474853043739736
5.7253461481282315
5.386352701955248
5.322156960632674
5.699455718580656
6.24953800847055
5.4343085643154385
5.699295653837558
6.04612779728311
5.900359427991756
5.160245271029997
5.111551410194008
4.9808173702489205
5.065123761156463
7.252913672621482
3.5264510626955197
6.06260067318578
4.092711028687468
4.772400518966684
5.192689465616708
5.096443877468691
5.1573458484273775
4.242111906326602
4.439079221486463
4.621070649300588
4.914744657609231
5.72026345338725
5.48786261402578
4.849692318272593
4.6158039736219685
5.102614949720396
5.656760339472845
4.358256038731492
4.3507044377302835
4.791906681166561
5.741735429443044
4.809797569621541
4.3231952907461615
5.787776779911925
4.41734655498754
5.6208403537156455
6.366285165047607
4.247944747376434
4.573105900301568
4.26222732038707
6.506814860858613
4.068829264204293
6.197414223308017
5.310606957099163
5.482977190531083
5.334701015911512
4.325569532533203
5.9774273523461865
5.306919732678778
4.942786956177389
5.274216335097173
4.649979397651165
5.14267168636527
5.381192622014577
4.321245089565987
5.7853255529866825
3.7015697714405302
3.7010758042950296
3.707011069295868
4.344315838602362
4.420256304247798
4.299703725812166
5.47428737424607
5.349149072518516
4.888349376502714
5.6620461416898245
5.29491746654602
5.64868737529708
5.601764792121029
4.572373276971917
4.895654667334277
5.654862243289355
4.326858761448417
4.315117961875065
5.315835098226632
4.850220930136268
5.190200712233587
4.973642307154196
4.856879017391627
4.70701745155518
5.080889171605816
4.5565104437122175
4.272128286651433
4.054603600018342
5.743268795675564
5.474635460399235
3.8417113517907016
4.302943137721774
5.215568624265878
5.6104512357431
4.329137614136324
4.596398974174785
5.73996365867141
4.371724743031446
6.359108999099756
6.317261265817764
4.436428530978445
4.5704498804195435
4.713297899420309
5.648709508670654
6.004730880787049
6.1805872464407186
3.9841694389932605
6.010418895069273
4.343700651587916
5.5473732688930975
4.574543599070166
5.315297139327447
5.629088297112878
5.081238343950852
5.15176646438894
5.638717122382983
5.246133413283535
4.521864832268337
5.161284623408128
5.168657024667663
5.168657024667663
5.2371762458519475
5.2371762458519475
5.370739268557553
4.960341752023749
5.0396820188135925
5.051187028136528
5.556619074289759
4.955293213363386
5.108161999741191
3.766607691853855
3.861848639584898
3.862742200666213
4.355096694355605
4.513754331309524
5.104882109814204
4.445425455017746
5.806869300656516
4.749553766012956
4.870028187655335
5.147077478906102
5.343393433033642
5.866527806037496
4.69684204651879
4.3932325137938415
5.495942367530755
6.236608367886463
4.912097955671378
5.253801713922595
4.883924158889665
5.28944355794667
4.439051336015981
5.754329562315853
4.186400330359035
4.230462556581931
4.077722134542661
4.357160091876096
6.499589725775014
6.354366748409917
5.263998411002933
5.53523708761801
5.252802119349924
5.0540110297706695
5.013708338466659
5.18964871907567
4.9405587619059
5.0234508806471085
5.040178605456711
6.893785735797548
4.449969051186227
5.9618817510100195
7.078227941722419
5.357047377815981
5.56583006632854
4.836386288099918
5.19217238834977
4.640927378173986
4.701578710504573
6.363812622985358
5.849243372468874
5.120940741720744
4.799290835786061
6.112798307530338
5.199554190046031
5.498236810975233
5.212655144038834
4.996141638851389
6.190561941580926
4.417355673709426
5.8400008907428935
5.964418465375638
4.8777967911667615
4.791114707088959
4.680395128907621
6.133499068243218
6.105324105366016
4.4578474433585065
5.3419394982266315
5.784839051893091
4.928773554969074
5.087125705510754
5.438795553168122
5.828287008030238
4.8474710014534645
5.443666012156735
5.4932879867901
5.252331085777317
5.090338168693036
7.487008788859963
5.156882830530885
4.777322632864884
5.547878167668146
4.697283299305369
5.771590250085112
4.727475488724017
5.563068774064107
3.922753529604094
6.433315391837233
4.900355636454846
5.085277557280945
4.775084390383634
4.4011527387078875
4.6809232372804965
4.924887098791927
4.3555274172278144
4.449173883171999
4.273874314271814
4.23564752706123
4.198426898428663
3.812858686501442
6.196763321981889
5.610058568445671
6.769948496487635
4.874344196768213
4.4756136071893575
5.372157203528486
4.124398705766672
4.949793899860266
5.087459434901522
4.159593915168999
5.867626607847857
5.590701965121168
5.6919813982256935
7.370483147024682
5.812496085669093
5.663120456708968
4.622992129087407
5.457144854824619
5.168207187323986
5.584670524671784
4.874352754070968
5.7496124053571664
5.972702774674802
4.071320974002179
5.870021268979936
5.048369892576036
6.1396531139976736
4.4264817353708805
4.264270630328278
4.045988603249188
4.00245682033671
5.392975301592847
5.185793800638466
4.7319891145943895
4.435954733917111
5.227541699728074
4.1621783941518675
4.931430618403023
4.994176310385044
5.607603658501426
5.055022954187881
5.542275426363558
4.976027977115478
4.813780891639959
5.6827546662133255
6.322989611424367
5.260349185313225
5.498629097568317
4.3469118458276155
6.319879284783399
5.6361499993877
5.260978396147731
5.277603444349992
4.725658114160584
5.257046268074693
4.852757187025362
4.573156418799885
4.765049588325377
5.691031976070323
4.693339309606111
4.646611243134424
4.958031951322669
5.304053377182271
5.068918527712505
4.038454943853818
4.1971367686133325
4.248289451450905
4.501716689516591
6.74669669797294
5.156378127199233
5.8975120720748375
6.061906056495036
3.999798942614163
6.3031495271025975
3.786741046253185
7.506173658895015
5.6383391751768075
5.915651001717991
5.0856942043768205
4.948800473429504
5.543410303825762
4.979988628186989
4.549309593298943
4.6544685259989835
5.4869937035459655
4.378285713210758
5.9425065731221345
4.39177169890302
5.593587761947465
4.747473881809689
5.73087710533158
4.163481554240517
5.732809855926844
4.791305973884022
5.805853953131346
4.332905705212515
5.791116863905833
5.601296949172774
4.721665041221942
4.700328698252181
7.427173449958317
5.261751801728648
5.0553457291525765
5.204385814543989
6.578548483009602
4.425247241941502
5.6502923236140195
6.575835756598282
4.3993365948496175
4.970279345168427
5.861557758741359
5.087170617200256
5.056796521928254
5.054459767544926
4.924105777960906
5.1781691869627675
4.519487992403176
4.600024360313439
5.632544661072803
4.139500725207691
4.580786339893278
4.546703203365985
5.8022970692185085
4.652728235047593
4.944463796309187
4.522545929011917
4.47249296342038
3.977958169650234
6.118623372704106
4.339401576722439
5.76437084295189
5.201245357236132
4.490300751260736
4.34251072075566
5.524404531261512
