0
8.748676029595394
1.889937199177177
3.336524115568082
4.422390072724742
3.11153021068242
2.4194320165845973
9.709384189289047
1.42247194913901
6.26362263146973
5.592155295389731
3.393337188223623
4.027989960558778
3.5175716995706345
4.376741908745825
3.6595256556375033
2.6967010515143452
6.324261086457638
5.492431700297889
4.840051051474831
4.934640067454526
3.826963579172856
3.7106115243325934
3.004793547152339
6.285965372952911
7.492366334022554
2.2358629906357113
5.378255985112154
4.316936103167146
4.054891241930417
5.301409492245662
2.688849285995836
5.810206763138787
2.652055031105893
4.383071271479621
3.4945804731440346
3.787879111715386
4.419174152036143
4.05263215133378
8.425721653820766
2.653634263115544
2.1582480913403685
2.9139334946727735
4.936604235969051
1.964582363108819
5.365138028383971
3.8280523086458866
3.2848100470406165
4.3349632500032
1.2294621879989034
4.1175522521494115
11.468956930951459
2.7192050426267995
6.335926721408325
2.2977481688283663
7.425103279091053
2.0525357739672154
12.219750200160705
2.469129830582397
4.187076987643881
3.877273201003729
4.18450796309246
3.069779359441152
4.323476549843383
3.4346265428277536
6.36323641034677
2.6808602391378327
1.538740203226594
7.327401630219131
2.216719428027591
13.560955477117588
8.538597042587417
9.213579955613842
1.8544389703645865
2.3111075129861725
2.1880016844226837
6.107108946636133
2.37944214240987
5.569152487654393
3.3789124284264673
4.352945017870504
3.8296940178694405
2.723284382867143
5.157961474621227
2.910879329108232
3.2532955989878145
1.6771844202196065
3.9602752316366563
2.089469483583735
5.216646312264973
2.8425414379397256
1.8009424739830189
2.9391490335099975
4.961294407233088
5.18141346104187
3.6093654720573176
2.4529268829626845
2.8492508796738907
5.433668505578633
2.682038430503693
5.231353722392089
2.4097151819221154
2.8111820139764205
3.287037720619905
4.710550125338991
3.624537027900791
5.232162842706647
2.1258261619306564
6.521502225482048
12.466373186925692
2.2580577477510055
7.667691157988355
3.3188572662521145
5.691843812395898
3.0012846567506712
2.7169739035633045
5.079422172645647
4.613639707392396
6.534259896095183
2.9238627057722244
1.8672411985357629
6.283110892486059
3.8773930114045263
3.681423920586838
5.161708841480524
6.421928835890046
9.58027801099132
9.878931281229999
10.028856534818631
2.8422592327623644
3.003700362426079
5.220701307967329
3.0235604056571814
3.4824667247583747
5.011279679891011
5.911124984590852
2.722414551093698
3.374333790201037
3.1031399565631905
6.080560897873125
2.1465082701491607
2.941283485121116
7.191354562738858
3.089738644412683
4.039532507478749
2.5694067997093972
10.810348096285075
2.24220871850767
2.7511210803978434
3.0407814781992015
6.36686615426411
2.6769293403007572
3.857874147024572
2.4480137713797907
2.154867960391318
0.765646748509549
23.528309183249956
16.970493077138368
2.70393585101579
2.8616460468840605
2.636959240253068
5.058172145947833
3.465578997375233
6.738006137011441
3.6057230100706876
4.0505459745253125
4.897207200692403
3.0319905727626786
2.2630449569417657
5.548313536774548
1.6608154694712995
8.646634108760347
3.3943446969194526
3.2727833729871234
6.972297087455208
4.721388169673138
3.8386016640736327
5.062711913719257
3.719672117835636
6.5588496867219925
4.383983225462592
2.596797912035612
5.517124867227774
3.677811572581713
4.389294687711744
2.429328465136393
2.153596100291296
9.778454239900466
2.5190042484824136
6.217160866386104
2.7124809018164333
4.458246076832267
3.0118144705649716
6.681589683875817
1.3605459942169684
6.549155483060306
3.6057545569687712
3.59604308514468
5.395068993672309
3.148840546005179
2.2785858035189888
4.829186673181553
7.901439593525429
3.775232382585211
4.558327185032023
4.147975563392593
4.551020738367581
4.599943407204642
3.932633095207991
8.791337083889566
3.735264153862207
3.399086418347643
5.713180569527379
4.07386026318927
3.6439756152426925
5.058742370085466
3.4313457071374653
2.9416075750570134
5.207859662066292
5.070899096190191
1.4869765803075372
1.5790774139681116
2.0276645305875536
7.409656425641758
2.0615435322970876
2.148011016521936
7.131178196321192
2.2190135106667754
2.444329850707455
3.1976891163383447
5.556613279938538
6.484023377340944
9.173080359842794
4.237117997727059
3.4556210400275646
5.975449376000071
3.6626383392699884
4.510090219823399
5.242431207974322
4.591218632863524
6.213123131900993
6.047318495369676
2.8592921955600605
5.26716208870144
1.0431960048596156
0.8751548696707497
10.506272490960905
7.308931360822076
4.870101242421248
2.771086532221954
5.670691629117744
1.3822757021190515
1.2593207877637302
15.85749120918185
8.631994782818639
2.7974845459786426
5.98025372265374
2.2716422680227057
2.650282863335554
2.037141563363908
10.296036862433104
1.6251910149263689
3.4570131792913
7.869976136595407
3.272581876130044
8.609660426353486
2.0506590112866125
4.2270712247725335
4.784109896166187
4.000029711358401
4.764529156997491
5.371020308516702
11.371812425957266
4.053222341657889
9.278759280486227
3.3600501297328678
5.346055750205089
6.101564347234495
2.451793449426454
5.850949584955726
5.683269515343915
2.702587184963194
3.473853390061474
5.438905140943988
3.0852613171775696
1.4759649276651863
9.677762444788042
7.345322542442455
2.0148476958442934
9.81599286668932
10.93995412340856
2.0118518149708304
6.660353852788613
1.3675368104955057
2.6396086414931865
4.337710362532324
3.7658565119585057
6.820795858145633
4.071159596104725
6.6257316889858915
2.8762881676981586
5.832599802885922
4.521364959465934
2.9615908964140703
5.808418646663315
6.662911768271136
2.03229384080945
4.1468046828685114
2.1087773849520746
2.008213592429236
1.0646993159623326
8.597967085799711
3.101069946196514
9.782369685831524
2.4003545019776853
13.626363465935935
1.6070917871667736
9.0772242354819
4.083579277153155
4.482406737954706
3.293661055653869
3.2243456997358284
5.282775457911738
5.259600794804364
5.538547117519717
4.0190519890553515
3.6851222497432086
4.130788130478561
4.330932080470892
4.544180385843212
2.3283144526986117
2.1339471062445674
1.106525004834552
5.5448097433565575
2.982174602117629
5.43458337327175
2.909726850120623
9.20318848651103
10.253353928590428
3.2559272131353336
3.12096988943247
4.427062374687651
3.6288956133763723
3.5646932387643293
3.8812347924802197
4.68457968803529
5.699126211337401
5.103342958280954
5.153219231674343
2.6075927890753614
5.366764604893741
4.374309630078586
5.140934731627171
4.828514815852044
4.750089951701611
5.964523612803428
2.9204055535451263
6.816313875520691
4.99117416014762
7.597434002775559
2.95415686149608
3.6926622794897486
3.4645047186540725
4.097087090610415
3.9957324674933683
3.8087108225800694
4.63145021058607
5.957141163463692
3.7642073684221766
3.879384024309483
4.817923629069761
2.3316828907516114
7.661670689624067
2.596768139394863
13.562381495303544
1.290740821249403
3.2269499478956782
4.128490213101927
0.9598513145279065
19.518054522800693
2.950466130362898
3.7683629712537474
2.746374704056763
3.1717326238854016
2.9433784043501388
2.312141431702031
2.874509337346734
7.205948887991702
1.8878302340496544
0.9153793350331201
3.9855567934957783
3.033333772023155
3.8738870870050883
4.014640378913705
5.188791364303829
3.9486252861079403
2.7458216146355805
2.4367693943100055
2.6038374198474625
3.5825356835944064
8.445928604379617
7.8936510192760965
5.774289256567598
1.7301636987790494
4.123359390701862
2.2833984107505882
3.546714560803795
2.922624529333455
4.235798578440523
4.757469680083807
2.354456283790448
6.946468353995907
1.4504700908344361
7.909240809869316
1.3332477189309353
8.995586651664228
1.4482494284279945
11.456256962227615
5.649875412650986
5.594928564502555
5.0767986161172205
3.509058879450886
3.4692797529552486
6.111134024664103
2.846725307380344
3.1677286651046126
4.367643950172397
4.186724158977136
3.1071180603252664
4.372104235129474
4.675190675879361
4.159157769342538
5.229103931703596
2.7353897383484966
7.0668751957554345
7.631866165224288
2.3189637582916225
5.215872291486791
3.7141790855667374
3.743909369990908
3.4389357244384904
2.8368187457720317
4.870918280875176
3.081165480430512
4.906737153880209
5.780191644776378
4.785542483305562
14.380776017605136
2.683105624600414
2.801158603313511
7.991843965600773
1.2320615760761409
12.717458531380844
1.574083891214581
5.119452627046424
4.341908271136861
3.9912690727986444
2.3027524584482553
6.3891646190796
2.9737120396686763
2.7682898448090203
9.753171964711457
8.767245716061057
3.7817103386251376
5.0404021713437785
2.2032335991224543
7.956369221776104
8.530351148403582
1.8288516702002096
3.6390321324403216
4.921444616576587
3.2074929830676524
2.4063532970500434
8.954470941519936
8.806620767344945
2.4186033489019776
5.450843907259846
2.511240631754022
11.681274017992168
2.393121652561406
2.7059883039181196
8.097384643017365
6.135782973856937
3.849894024204071
4.773642118712939
6.560203076052092
2.007643204460101
2.8222956627024867
2.4591220711139767
4.369358990166898
2.230858915122141
2.8145341713609433
3.255701132622405
19.914465853193004
2.038890920096665
2.841648287420556
3.621805548875282
3.6582944425263775
3.895428587005163
7.939541245492753
4.277468400007052
4.236039014787803
4.690180249470433
4.749945411525864
3.585692138592621
4.81153611223567
4.510265726538947
3.9009060258255417
7.113028945639519
5.855211723772421
3.2985453999863097
3.4128289636322724
4.37982757585491
3.2154171568406698
4.110294530430951
4.416578663910947
3.3566912247798197
9.590493158539159
4.616291922506946
2.0867461717265243
5.528530652564205
3.349576342540433
8.73595510172248
1.5267594960437012
5.222912063145056
2.2467657983392684
9.502790033246663
2.962500161445144
6.1289287265416466
3.0070608058356667
1.3590924011614014
3.839320224206761
4.663940007387356
5.673774972910222
5.796916404495892
5.0457022451014035
3.5980565004335388
3.394256329420656
4.908712503584368
5.850770955917816
2.7565273037652305
4.36499410514416
3.270943083589274
3.751336765995148
5.4639446412066714
4.3836103360985765
4.365183962211596
2.3367411591024676
5.302023691007684
4.613242722278128
2.3284398818551586
2.963790342434739
4.368849280993204
3.968579002635725
4.040430531594724
2.9604138649114793
4.62012069857427
4.908593526551782
3.6765127216862097
4.915295359604697
2.5294472667395738
8.147525621182478
1.9157436256904457
2.2700713099953034
6.344731781368599
3.651282640156396
3.4908799316757277
4.297522355051141
4.075073639822813
3.014085343101973
4.3447095506022615
5.0617717555702875
3.4214424312585203
3.3565316243032943
13.564501924714069
5.32704254639571
7.569039506514659
2.19637982246337
2.7708315308201006
6.862686884592827
7.3455039880989235
5.539135373439095
3.9153944576920745
8.102071566959218
4.824795983445129
2.1264828294545848
7.542531646630756
2.3929332204507716
6.671779131203065
5.116989196388402
5.214687971108708
3.6218552129073247
7.886200047189794
3.2773117203569484
9.393097647444764
3.9060789637413285
1.571113436662332
5.879194371370103
6.058382978804373
1.6720770620367051
4.0497746123844784
4.4097402327799164
5.15460137012775
3.242021629592109
4.453393714463099
5.311924254813137
2.497146962626696
2.928470588138655
6.270612969847076
6.518865661226216
2.351035326483994
5.564541009991068
3.85550339056468
2.7918066023713193
4.796002657855084
4.16841703834721
6.391269943500058
2.939299862675182
4.933691546279677
3.3049919110512533
2.8169504561789256
4.622592185596728
5.547578844281666
3.452870428575774
4.903200556501299
6.656040546865571
6.846427406854552
4.87864314672279
2.9273236124905795
3.3975147829179226
6.9193157906266185
6.811705485224681
2.506290476169853
2.3657525534306365
2.9389190561033782
5.394596049207795
4.253553158851684
5.05800913341593
2.490178808347913
5.945878186634307
2.8086959029955496
5.996856990964763
6.802104623164837
2.507043775588636
1.7031656901330605
7.129147767503719
9.018691799830306
1.2844270046651576
7.535847007005673
5.496069000923115
2.895783527085494
5.861141447814405
8.246610892384977
1.7906469358776553
5.293105197677323
5.239559369601446
3.5769904247330264
2.6779130390388874
5.123586436817943
7.414500528008694
4.287849147285112
2.9785279652830297
4.943811820744615
6.673074365937168
1.890869144630948
9.254807965442774
6.632725684381778
5.573962169080448
5.79806336693936
3.3340842492874883
4.363463250162179
4.7436947717573785
3.119292993395187
3.274440413840292
4.225346528259544
3.270360996314137
2.84621224174263
4.806321158539118
3.168251515848278
3.6829323958753903
5.089381717902683
5.959711089053408
2.2471428442895363
7.128384756295889
2.5691167093530995
7.239270686076179
6.613568124301056
2.570414658145183
6.510067856904863
4.639415758867229
5.579365788442014
2.123890579943746
2.5956418195865196
5.0289327184502275
3.21595766846207
3.522460008678091
5.310027934659298
3.678069227879619
3.238093402357846
3.878457229541687
6.223754210284512
2.0686657474618673
1.8292262444221148
5.0401969498854085
3.3901203491090057
4.515166819047184
6.300959100216145
4.182292334779583
4.091519676812177
3.7329609242175965
3.800634641687742
2.6739219939431473
2.9878238367425736
3.2596469675871904
3.0741093713663283
4.81674265793791
4.7654812832850375
6.357407096268798
7.266495166778882
2.21584881753441
7.1340329793076505
5.601224666572297
2.771909590388737
3.699046883845577
4.830097556610467
4.689872658933384
5.410985581221429
2.2955752309525717
2.5056545512865953
2.7655452728434775
2.207509176599262
2.846477346139321
1.8498073554473309
8.205627348024821
3.210015603911335
4.605880957566318
3.7444015014176744
4.50902425794515
1.8136695886347933
9.08352696277378
2.172789315780205
2.334352865369119
5.733958500271909
2.601333448580108
2.402588034514217
1.9203510028464688
1.9816476550449775
6.566517189326601
7.1284084892752455
1.9546160834678652
2.112990607560927
4.3295112661738475
5.2941082143612626
2.883547377583387
4.302006251425962
10.670837433254489
2.258533641137857
8.342881984495714
4.087595818401816
3.453922237876784
10.828261380616846
3.0620732180913013
4.264631827466347
3.5819476225291393
4.740549166382095
6.373190940049097
9.22664505336336
5.371970773751794
4.381093688462275
5.463117556034849
4.938063477346153
1.3817506325154285
8.64467799049446
10.573152058579025
7.432155360843892
5.496642124170407
3.903902842549832
4.112028512135495
7.404369381309358
2.4185279446478964
6.761151228446596
3.4456245545168835
6.252474990099813
2.842473203980075
2.6540857514283216
5.675229214787057
3.6974606106106194
4.585447804699387
3.9688281918397745
3.3132227401175274
5.585111249196725
6.68218239876698
5.48671830210428
4.09553356581523
2.504075209782013
1.1211125426402457
6.61594368097703
2.044932425430184
3.910134049351202
6.116645948548924
1.1517684842694995
14.00784096962575
8.994651159365645
2.7697932343306517
2.895176131551244
2.147321504984109
6.372544611582063
8.485583203530819
7.986152738803692
4.863415317455438
4.507630507277565
3.333167867446973
6.134345370298901
5.793568486214663
5.686761190864497
3.5789254212633215
1.7990730913102144
1.4817868397269796
13.103402926751984
4.591145833231948
4.42742820448016
4.549356731468183
3.626954976186638
3.437919895741957
2.9609989956836364
4.552042864535235
4.080074579465937
6.195213393431813
2.906928074849472
7.825093109005353
3.526876964316785
3.929313997507926
4.547132233146642
5.5697624640892265
2.4484331785457285
2.439332068211016
9.698382390320322
10.995260467739794
3.57874676676415
8.580227376880746
6.695653711585577
2.771843233877123
5.973475365990408
2.6051336813740535
3.3709791953305017
4.863532264597323
2.9584867696775796
2.2507390796384676
7.655450069433278
6.841161252186307
3.3327395121240793
4.748907539356102
2.9714202580146574
3.1249582896944403
6.126118098009329
4.533876527109332
4.265731997454109
2.357257257788309
9.952280509036635
9.304407549879123
2.1690785947665634
10.60584760109374
1.2615374558917025
17.79982402558413
3.721211684081096
3.619374757964691
4.534144020256429
3.21956557524785
5.12024441561477
6.948418099861935
6.2423417774634045
6.063597315974308
3.2476831498533594
4.134308508774609
4.544604620250411
6.375513897732586
2.0543423382633295
6.443821262766005
2.444905114586005
7.191185997324846
2.700852648546912
9.930838042925377
2.4412112567338125
21.165083028358016
0.723659636867755
12.220042592247392
1.1432891012906061
11.660590486352785
4.491018737475791
4.646153832086815
5.251198685877146
5.194553591755929
2.015632403583598
6.899660873529041
7.450913945116828
4.3750283417732705
3.67020595089658
6.306115384427094
5.275086149097944
6.208586305983533
7.2144463170298545
2.287574248925318
2.129326266303412
7.774156104540244
6.026215067697174
2.5416210489215985
6.759661791619462
5.080851532333588
1.6775009193482335
4.229885625709698
5.9225103717577285
4.304886954138552
4.147800201403184
9.243861978524606
7.274422468953383
1.9490199935526544
2.9260183774638295
5.929068835716022
1.239766645380817
1.2310889137803755
6.9975177712446195
5.198885421220817
1.538336970020641
6.033282942325276
4.801294816185483
4.713379279445934
4.770192270113284
4.458619059271949
4.967396734010457
3.70378066263638
6.722010230691154
3.438127755840645
4.242648211517497
5.2601065665322775
3.6079116008607186
3.063443514565204
4.3065878785908955
4.5693517610629275
4.551444631062824
3.5320553778208863
4.802973031427869
5.167062300321414
3.358810716464965
3.779644654394798
6.786721154123511
3.723237072830056
3.1537650903055168
4.076550549718394
7.194599053996091
9.175586407905001
2.593419345504344
1.9691530227327378
7.808837907594316
4.869900366033366
4.148923865639294
3.276762495357789
5.38234666863929
1.9491628519999342
5.429719535961196
5.67770577742998
8.136629070544931
2.2999460653936312
6.051633081401754
3.33385941829823
2.4037286266437383
5.154773275910124
6.638143669158206
1.8303051159503902
10.73443597153644
1.8457102150265652
1.5767879252266377
2.1812680766484456
3.91222119144759
5.526475425756604
2.776969640986106
2.8814834275798025
4.7236315787549135
5.576298533984374
1.9448299472544561
6.341995118494493
3.3786037767390504
3.095695663790519
5.286813335168534
2.7740241554157326
5.578423324731915
2.7461759294024044
8.634272092170246
6.907222315292406
4.461923145512494
4.253991073746857
2.7697677242177234
2.8079929559514865
3.7353268085583067
5.176580621384527
3.686298145142666
5.215811590784267
5.349484220601637
3.588920757201938
3.1327914187497314
3.3536152733319025
5.332245994079193
3.9003992150222344
6.586411278943084
2.791663677648391
2.926724614297398
8.795132391171824
3.281470859093841
6.7953233010423615
2.3685209456000083
5.406566997566464
2.9919267115386203
1.972501247650707
11.47955673528732
0.9963905685668252
3.006761904410645
3.6823411445868834
8.51031188426112
2.009992415306907
4.2039781081000775
2.1950225353459314
2.2123180475165882
7.094338393777126
7.313753377187623
2.2135388927472612
4.910493246982325
4.322714702972593
5.935107073499735
3.65346401424697
3.612662284803248
5.488306276233389
4.839698266353492
3.545224850483388
3.5646888039077878
4.086014885079827
5.433567547379975
3.090710561112088
2.7132135442262
5.137956835464364
2.779008775251608
5.354010200622364
3.1173815407853085
5.69540717271157
3.015524814775927
5.444976254743996
9.027038664441859
3.664834500816817
2.4611565134505833
8.080979551306164
1.3040889774161433
2.3032455726515972
2.599791742086553
4.5016803497788445
3.6641446962827593
4.98421920153975
2.3517916931806773
6.501919189218864
2.6867162497620245
2.9002722119749964
4.529453634657891
4.6930921714633635
5.690575795829411
3.1541290192642286
3.770385789555052
4.570684251824752
3.9515757097889233
4.802303489862644
5.581727606660731
3.1117299223620636
6.155244768218648
2.221131364220563
7.002003751853297
2.6532395826511803
1.483724692465749
1.5772011328761886
1.8496477546875847
3.6016043155298414
4.975931425095731
8.88826659439745
1.5748663760211388
10.97771218261657
4.511768501907664
5.9302766166886505
2.910235765917769
7.615491791214609
4.892722064833727
3.447259977458426
4.338813163236077
6.165176051258711
3.1807298397369075
5.002508236266133
4.497480994787131
4.6150835602635265
5.86362282571917
6.232834174871995
2.3657587127225628
4.4770296790336115
4.460865398914166
4.397449313931783
3.1765645340497293
4.212451849590002
5.677822369529603
4.689930904808783
3.3087124847094205
7.422892667260886
2.796653107603615
1.924831402875492
1.9039875384388314
2.5829138256553255
1.36896514529434
12.12446233635046
11.182070529457507
9.7189626874705
2.9759536294474844
3.2951885779504884
3.1169271248694495
3.9051163617611517
2.9604651034946836
3.0585236549299566
4.634981684871733
2.8089117304810047
7.401184105652669
2.653127788690326
4.778209155350199
2.531944053421134
3.1606579268355097
3.2802452579884056
3.5837981354348987
5.018828333671535
3.8480072473421387
3.4496718085481874
4.934671991291051
4.8284765383882124
2.341253692337487
6.461339571642581
2.150036408495921
5.309729774129649
2.535441465662449
8.992461057173168
7.598428699328844
9.138873047839635
8.539199887869225
6.783433370864014
3.1044796525292804
4.276179843138591
4.05543938296346
3.8757012155799906
4.335615403236838
2.631843741573265
5.989723672256682
3.539221660955618
5.361526435619088
3.1808433766223585
3.045079528002965
1.9423226473620834
6.981090827632983
2.372683403079874
7.895442047261905
6.16216314209578
3.6115110999487867
4.752049723849532
3.7145316061343987
4.697072910642971
3.262448337573494
2.8447791670970877
2.9263977086683117
8.860165472229296
1.6036487870495824
6.353074913799804
1.9792713674705427
1.746133610467905
4.0605029360683496
3.3969041902418264
2.9116652602856354
4.191048064175817
3.241482224860424
2.81188038639953
3.4712066627846667
1.8337982435127869
5.990661399744283
4.898749121799659
3.504123811598969
4.55068170029246
5.115239409859024
5.489695013580033
3.5354863491589112
5.15977193423252
4.17417462488376
4.904358815790573
4.927158036640394
11.400348718491918
11.738466611990512
1.4323692358486992
7.213704631534635
1.6353117409072855
10.907765092992758
3.2589513560651238
3.3568269779332565
2.8424349888679696
4.801937840336752
4.653936073106687
4.58705223685836
5.276162578201137
4.710076656963597
3.7112322810688974
3.6551798841260505
4.117917297533362
4.230826739792644
4.860101416411135
4.123775498486146
5.131087590047038
4.526315637413146
5.000865986876266
3.066419050106547
5.273173783158048
3.301270726673126
2.2477491643435346
3.9233229495779494
4.83568551888356
9.582713555381362
6.705189633804526
7.5307802858981425
3.8850562320302413
3.6827164419811784
2.8854617741214965
9.461319120803664
1.9739018077715351
4.716569386497819
3.2858898081119383
3.337063854900982
3.6913652403249584
4.173514100882723
3.8483015084412147
2.773452353047709
6.247624914281716
2.434365799079754
2.43201044275467
4.506876107500495
6.454973969429226
7.987588504139414
1.5734243983812968
9.806488761900889
3.6071144557659003
4.714764738205225
2.9726596357780557
3.8234641465356467
9.493960936431362
1.6289440071193622
3.7995093773884236
1.5789850329244723
2.607264945281069
6.256822794193422
4.220102402357804
5.776524276761973
3.0256083748539564
2.3604220656681685
3.00927047640733
6.15492242590746
2.5600989287196105
4.532120405448828
4.336032469861887
2.9828311443435878
2.266801243176533
2.622053975806596
3.7038562645723028
2.943131110633948
2.047414938740971
5.835985414222237
1.794093260044555
15.890444468486143
3.821574027745314
5.061197389158788
5.303358676802606
3.2495307827621627
3.756215089555993
3.041252946518606
3.471543884927798
5.225691714521103
3.358021123082807
4.357255163111694
2.805463079756183
2.5963528883127025
2.1661271407029403
11.688162752235192
1.2243389780282958
10.604226664053462
1.4970036242752673
2.6944830195497977
1.5959527152627822
3.914048535853813
3.784501216191568
4.361035822664813
5.511379335216643
4.402985889927751
6.053981641151532
4.499749189825068
1.780361475345125
8.877127271063094
4.058935671110016
7.0820405550640615
1.4592884618577968
9.152359268629658
1.6632527239616324
11.366192276800648
6.107785282717622
5.045510000922815
3.917740614206492
4.107291975334186
2.626419794048122
3.310969052345023
4.759290677834562
5.337067590552012
2.525745332245979
7.64331444306274
2.4290755687245333
5.186714568075852
1.8827680743621724
6.61968678742256
4.817958541666571
3.7387314596367185
4.866877242178467
5.6824240060774605
1.1116538235494313
1.263540736040407
1.6031590873578643
2.567579177487031
8.174266939274558
3.08265557018366
7.305490083805919
1.9536160201973045
3.3385727080262835
4.755226707844451
6.235263005622782
2.6717944284352013
2.451173513170975
6.6294585546993625
2.893249638881645
5.704313026671025
2.5336348839109664
2.033761612328666
2.6393215076349654
1.5450818498256353
1.7572082002156633
7.9158768173868745
1.5442993842541348
9.471733664166184
2.05064575301277
2.8644357144000803
3.772711256819803
3.3647607570200915
6.751640984732018
2.9736305642256684
3.6019314325406797
1.8139464853480431
8.118348942958441
2.919382613192996
3.276969978146996
4.933864305762068
4.009752100431023
4.356781027713603
2.93429684556545
4.994892038342413
5.110520581617134
2.3788364672622873
4.983710781560156
3.102583427281135
3.852351919840145
5.683013671428803
2.437280545026609
2.5637301469949527
7.2119923771013905
5.361423548807842
3.190882361351362
5.0901088875380704
6.6801256498270245
4.809778992570193
2.223268157337777
7.28798024334942
2.137088620471442
3.572231123521898
2.5579624183831835
3.9323971496313628
3.0659552618979777
6.278610367074426
3.2206985007144944
4.853496449936131
3.42566952487162
3.36025863368611
3.631881049619837
4.231015353430365
6.578368195256079
4.512680482102494
6.305498834222579
3.071377409960447
5.024199040997183
8.786686705091062
1.7949726645918278
2.0859453216700152
3.217796301365555
6.011050183075696
4.435782042982278
3.9767360096005184
3.7136804989633387
3.973227552680424
6.415094181089751
2.53152888233529
7.400098506906228
3.4984497490833864
5.019967938729752
2.1618414000313657
3.104809812819667
3.7966298456431917
6.428135447470255
7.031420114464661
5.862789941873051
4.506047197374276
2.106237571589577
6.1657472590030915
3.6963944623353804
2.813444869957407
2.650727985692677
5.6236417195531
2.272172665574801
2.6131067339426264
6.469638552704711
2.0831890454087265
8.425212116752144
9.235916858515369
4.422664424901433
5.844428400069772
1.7713809729793162
8.153631714947588
1.8547607369457693
6.249528109907651
7.237935214720292
4.393793705819342
8.246754202472811
5.15840991153685
4.221516118269416
4.982869040738172
4.671561756338075
4.34023639433547
6.472666700776084
3.6456262642042843
4.658816947612399
12.82352348209785
13.472583559699624
1.0437243006097503
8.98788781083016
7.108084543958166
1.6548018726896243
4.390386670736564
4.705973962565091
5.057723174718844
4.937312803300681
3.500236152346902
5.332098979090235
2.918830446523969
5.030167413788937
2.900480387080386
1.402656451389154
4.876805757711508
3.328625075815749
5.358442985620649
4.283216480928853
4.749861464099479
2.7812037019131886
7.737065347350568
2.3020623386759507
3.182481585111413
6.226898534526836
5.037357879320223
2.7756835214229643
7.557985122634902
3.940592441423512
4.358154951322896
1.3923482237666833
12.014659165251768
4.2983882867614005
3.7156608742828507
4.327723731716374
2.677728962190844
3.48245341963085
3.4203526438639393
3.577730298666317
3.1702067599705033
9.839374398889586
8.595485446708805
2.0746586867674193
3.3707344123425926
4.389845810142201
2.5456643202951335
4.48418849226651
3.3025594166012957
5.739436127553016
4.4142946915120165
5.375372321433194
2.541258660904891
5.269673550055506
3.8427671064140805
5.4886745412914255
3.062332478171612
6.500620269907624
3.0289443230674165
5.816111743658173
6.064743266089085
2.8129470622347656
5.103389930783951
2.2378665921032765
6.029895155407207
2.3937808158031197
2.110933175425065
1.6251723777150662
2.764498867718441
4.102806517876715
3.9842834019530686
4.439501999923263
4.358103430898626
7.044526940073664
1.7470284344364533
2.0974014046825906
3.38135684650022
2.5414423039632785
3.1129178006793428
1.7558255702952805
8.249963551592604
5.194509509078752
4.314437768434227
3.78492070647339
2.9325002398061097
3.141427760802638
4.223833645755381
2.7128380108087375
2.3849250508771362
6.225945154542663
2.6680803492556953
1.561193995212229
3.425628492646881
3.227243303522966
2.0635222486048113
6.892400807105347
7.675918986206764
2.4486712275160563
3.0316101124404353
10.390238429718622
10.297163931748985
14.048632768075535
3.169955584485445
3.997342563094865
9.473815079088897
4.041160462337701
6.128397331053729
2.615052925697577
3.0216202131483842
7.526149280350697
2.8975787574328353
2.886379469643202
4.117087714533044
1.9142060107752574
8.820713493900815
2.299289591303375
4.172696614129507
6.411378119216782
8.324134734652745
11.75652685365107
2.516752340063288
2.6142018580988076
6.0076772053966705
4.478517375860017
3.2365232884907913
5.473099669369061
1.2891383215717898
11.64052352761435
5.172153438246046
3.3930094895924636
4.8681815204348196
2.8867494154952746
3.8148384621345577
4.221211116667721
1.412284249835174
1.6175595459138388
1.4172141695513727
7.315535936527542
3.679982623424804
3.0501112253210247
3.350628441018769
2.621760859601212
5.357915751305904
3.4729503602700693
4.619933086679236
4.088157735046824
5.172292755368147
3.579416129087769
3.2238651049218876
4.741381637287154
2.5293122593876607
6.269991305522859
6.399803186254505
2.489369874107848
6.34186508508376
2.8905277272514516
3.6274147557740424
5.981765203879559
5.529845600687402
2.758972732764901
5.597297422020941
8.969427960207488
3.8885486507075133
3.4886044594261914
4.802139390497198
4.3762127491477205
3.9175149252738377
2.297117273133325
4.665560886464033
6.989319438172078
4.699880910470306
3.6599129233124197
3.7179054176030992
4.076451731557746
3.6743422835080133
4.260805771596828
4.044759994782747
5.145177891735991
4.742251511790644
3.135982499533124
5.651699706117092
7.628101866345175
10.555304800544349
10.539320372314497
3.1809882537339385
1.5813071428802403
4.781279615285923
4.701809601138473
4.296479476153897
4.322907432403025
4.016851313449466
6.946531087627803
12.027507357463236
15.874568089635636
2.221729071509543
1.7974335028942208
1.3191968320651513
2.9403595468091357
3.033365301303981
2.507431983398711
4.789999692975105
5.677514788932475
4.005018768603121
2.292124646359351
1.7605329975513497
6.088373533071807
7.732730062555727
2.539690116634684
3.685027476555943
5.234001743317439
4.605869189509035
3.5088689487687432
1.8467325427965113
3.2040951959382884
2.86312648030502
4.31358545369794
2.7598081017309415
6.216691827300021
7.1872132363026875
6.238236311496564
7.0736042494351645
2.688682191655038
2.197801611548797
6.920103350076072
7.659571126597213
7.12043720190926
2.204885655612193
2.5294020829289363
4.047888854350287
3.7451037298949275
4.680610843802717
3.094193549695497
4.115035506473609
3.215878290304278
4.0873671814166395
5.587906181917447
4.512522461420598
3.416857719975652
3.9971836049041656
4.959056967850604
4.9557214594674655
5.307371224540393
1.8805163373441636
8.292255325690082
3.41816816355766
2.539527859118975
2.4011269976599845
3.8177516003366727
5.733458784232656
5.168033617398017
3.5544835725822637
2.6473464030902134
2.9044305899695564
2.9234529799771716
2.9295038606778583
2.2458173011591773
2.890895423586467
3.0846616283703123
6.344269570275863
4.277581301307052
4.646160618665575
3.729017268950578
5.231494957110964
3.9610286845143254
3.4843753456388677
3.9873984392460873
7.104320724707219
12.670173708620533
9.799734281394855
7.531260841108395
3.784689103637619
2.438729375357246
3.1469076299599723
3.699450147214476
3.353775581423303
4.607420445723606
4.002842930548162
5.558617000432777
6.623275311207109
5.134389161702231
3.0249584500167073
3.403417949476193
3.2778987021335655
3.9719914097720306
12.931299748341326
9.139325817962659
2.6753907438170534
3.180791102841982
5.823386551790569
2.7550132451943794
2.5774671646802263
2.917028595635164
6.425042230689529
6.240484656230492
6.136384217689959
2.7951287208941844
4.918298166499475
1.9729415047125392
7.030825989021275
2.6164533254613724
9.243269018468048
1.8166425863237248
5.759383399978994
4.467384147309995
4.066212019164728
4.072918117681993
1.407186739105832
4.9287492030494375
7.216014203825948
8.505383934325643
2.474255235937664
1.9725950376301893
1.9725950376301893
2.104745536848797
2.104745536848797
2.2014826265639544
2.338829817233289
3.168417779027403
2.9016878116118057
6.183740175572337
3.0893471304134636
3.258811829436626
5.601025525363618
7.146525689969141
7.002849592525848
12.384370019778176
7.957668159194783
4.754879210415415
1.9862144811744178
7.684283600099209
6.696103220185816
6.3779044430252565
3.1542219572075574
5.815327750424647
4.805072680740399
3.5675538084019602
5.017841145093032
5.2829861670767455
7.283436691305385
5.380629394269197
6.978050661731873
3.011985918562231
9.625527807673928
1.6257139170063588
0.7736220522377533
10.355663011460846
9.613440600796494
8.061815834811373
7.8406950826007105
3.7214214508878003
4.656380853497945
4.799697670113644
3.04001617487158
4.569349386318031
3.9206656490159317
4.897619227277536
2.318786464158786
7.720481142864136
2.4150886326345047
5.29642694765205
6.242769929779055
2.115411686335171
9.406259154029744
4.9042332124852415
8.9388923879229
2.42159774713602
6.785716310088858
3.361864320231916
2.8377952144209435
3.339348361073333
4.7436174059270915
6.158601475601447
5.355822438366318
3.806748715303247
2.391619429565206
4.358279214859128
5.191362781843653
4.560920366338452
3.5905842030110433
1.8542926162261124
2.8492849070006914
5.711065882292718
4.38501646097904
13.0076916278002
13.133147484302793
3.1169871314777557
2.7265899077754097
4.078404517181432
3.080622702844801
5.030250317877079
2.937357775315972
1.6492773470266087
6.751911951143979
5.168017385939587
4.817124403080837
6.176840132015314
3.96340640182997
4.528613485505692
2.842398540169226
2.3336680933044907
1.993069942213467
2.800342770362512
6.77191501874593
2.8982154772489066
4.320324553820024
3.6344321350210915
4.50555174664952
3.6768372795209974
2.4781096009287906
5.069277147424916
5.305093142172475
6.419846366715669
3.593266000754478
2.5319352074090955
12.005761361367568
1.3957608237718848
1.0673633588796352
3.3866257333499106
3.6435241103706506
3.5003716669256177
4.019650400579523
3.6227921906379126
5.067793464600829
2.598142547295377
1.7558663272414843
5.358737774235224
1.9127666780291632
3.6421476321045745
7.9521989243852955
7.902193172926607
2.460692070625912
7.813887960150559
2.6567466627138083
3.0539614266917487
3.6259671219450387
9.256502970317941
2.31224476366591
3.7836031270664416
7.453924497244304
2.4536607600967537
3.8555370175011205
4.048233831169463
6.715517809334423
3.06076336054552
4.363739203433432
4.0458056670946885
6.865295406123065
4.677031650636554
2.856915704709442
5.145786523310296
7.025295358800431
7.008667011479595
6.801078981171417
2.9673473989317585
2.1972919562546305
3.4295466338791005
4.516052774874093
2.8095182764070765
7.766558170834087
4.281396998539625
3.3750283387273985
3.0733567945118434
4.82423002269796
3.6239090361446213
3.3196338131492342
3.8971387152336696
4.071740403887767
4.21613035367048
3.4785664897542734
2.3351026699943973
3.6240143929874313
8.275762213069653
7.365006368419766
5.908898103199277
2.5789909920079235
3.8348668890146262
6.0180406933634405
2.5002180042974196
3.0907170651308187
3.1949288861287917
2.5544180331702555
7.8053693087043285
2.6659685876290355
4.650738761699968
9.112388310807978
2.0415582446773213
7.545580533390858
6.400496252119609
3.9766562762913438
3.3497087465548807
3.413250245889516
2.2191350886412047
1.8219880605275114
2.6035828022349508
2.1797710574734785
7.426996574884004
1.9052224961112019
6.037886368391508
6.357260244101025
6.769885253335347
1.3444471328824326
9.853163904106886
2.2321325266360135
5.400194090161418
7.782481129740615
7.638458610237712
5.038851867224353
4.485954424329878
2.3214823870303736
5.730301668876123
2.918125892791263
6.229947022103732
2.8034121638643557
3.506970172340873
5.650967202505129
4.7908176833678295
4.215017235483415
5.307527080908744
2.5740039491232705
2.4345088928264427
3.784242262213195
4.575044312353316
4.006657605758817
5.071242844224218
2.6479559054466684
6.542172716372535
8.474002400789644
2.064301117936985
10.913604174567102
12.680616896362057
4.752698739345876
1.1588209076129137
10.136817997765586
5.472079252245085
6.269076086772597
2.6661974463068634
11.874602090497687
5.71551881180747
5.252634131497022
4.395938364126982
3.2680608470577406
4.358000090177651
3.271401233426456
3.463173842463055
4.743781434174998
3.740191222425512
5.558776490504044
2.02011970191567
2.4274331156878586
4.359809818997642
2.6324520234375317
4.988978677997046
2.843180738010787
1.0700640252607734
17.14898897097235
16.591233229130157
2.316118406824795
