0
45.63499831146096
53.357203692194496
50.493630366705304
50.34052742167476
51.5104902665137
49.30156619155871
55.247648748630326
53.51103540193365
53.30710090930395
52.45219663673772
52.83747509758139
51.447458976888115
52.207174260409325
55.52689442581425
49.035234439445766
51.68783786460253
51.132383274486855
50.928930792760745
54.7123146278408
52.94463731761724
54.84877000919887
51.901323618557136
51.51800148338589
52.46407419041853
53.56985190894391
50.05083030396043
50.580753063383845
47.94759350246796
55.27703863832953
50.195240324341924
48.52806947255792
50.839951430769325
56.134789550229144
50.66928875579839
54.88104301788938
54.76468386442485
55.24830069303345
44.58428152474045
53.40056853230237
53.10939015949672
51.924481720295
45.65925652645083
57.31964955008911
43.073895769002746
49.36310211853703
53.957812100658465
54.77117354250813
46.63824467599415
56.965471418757396
56.93820350237625
54.21408634665435
50.43236104247497
52.12342944357197
53.09571197356324
51.51494894808886
51.27213109627433
56.57738564833881
44.763504707643314
58.85275406580882
52.674462751279535
54.73445400095341
52.27228122512547
55.45380535519149
50.83411450962225
51.38998712611149
53.255170215653465
54.6304356524115
53.09024945148915
48.3780315441015
52.56154244734211
53.157070087992075
53.79613939380554
50.187143232538304
46.18110305748188
51.81205652768918
58.316713958121575
49.943273388489274
52.96646834123211
52.06586211409778
51.65288125254006
55.180727829330124
54.63343019494459
52.684363090796026
50.1464944564524
51.49894723438599
53.225961439409105
53.932908396430065
53.27796224786718
47.12280361434998
57.152156799695895
55.352580339213084
53.05913927629574
51.936563399778095
50.71312769198267
50.885868026176595
49.40060314535034
58.53914908129697
45.35759784900272
56.11632774868746
52.6054071377674
56.05366502211234
52.29252991133004
51.25509130658663
51.6935607140635
48.61636394182231
50.971429732010456
55.428269442751855
52.19160304504018
57.98792449207337
53.62308049483096
53.01267902598895
52.88960725527994
51.41804700712096
52.095911688832906
54.48001559463348
48.109407775647576
52.42683212944645
54.7037167893725
51.37349695542726
53.493498227771234
49.71907502366207
52.724233108899455
47.607886264492656
55.736523017877616
52.798479457276514
50.76328555566882
50.00163893967869
49.19467653502608
50.354859707395505
50.84159912404705
51.80989540188803
52.922312202931344
52.271718473396106
51.10009527645778
52.98030049128463
52.95749903446649
53.40902540308686
55.081577386602056
54.94205176976283
58.085843211845834
55.5042450064265
49.59972760174316
48.76203968331351
48.015875461732755
42.09131616877126
50.53461119845107
54.5415759977323
54.565301243187164
51.559279890134995
52.85073278539242
51.890515139553074
53.28131634878147
45.71931243002627
46.07229327479376
48.8249515677426
54.350492712084
53.76252194779996
55.965282962312585
52.30672734188042
59.5053158871428
58.06201576487541
45.884308639462006
54.04824512160263
49.02647934814893
49.11468535454112
49.54542250941262
55.626433054517356
56.81488828856672
48.962420555584146
49.432519802703865
53.7103929058842
51.089794412281385
51.31050874494707
50.42846710959383
55.96249735515441
50.50733182573973
54.40888415671384
52.04385762675948
50.85357690222747
48.7926254587547
56.16229570085024
49.45128467909409
57.45146015124377
46.7817953249099
54.20628863016784
54.17749120891385
47.13722829227326
57.40481468985126
46.494588842145745
49.83907776644048
55.14951256822901
43.75216109066985
44.03259205731477
48.97238533122181
52.77373299271407
50.89076535951463
55.189494051861324
45.52891036750298
50.330983271601916
56.839412226205425
51.9405437094177
48.95079086743547
54.16688884388855
50.23599384339001
52.01160501160965
53.40643714039186
53.29541438865251
52.431853648618755
51.47547804410845
52.815693575571686
51.82345438001877
48.57834110040532
51.09225692131262
50.588148208387125
54.67091870779921
49.00926605264798
52.7590710978361
51.348986300795374
51.440299089019504
57.24827105218907
53.073438831476516
50.99205596957449
53.37273875547804
53.11448441818426
55.37487919282891
48.5667448118936
54.34582012642828
55.713895049047444
54.81434337104431
53.27934010770763
53.95724328352287
45.27021997987692
53.7767866120601
54.988129202514514
47.3371288394945
51.21656491130221
54.496888262983404
54.48529419773298
55.65392277074333
47.31404757860004
51.444057147766486
54.19879277535606
52.20518901075648
47.52385776922476
48.28554823796549
53.11456740828661
51.03908553847086
52.28141451635336
52.35198882931203
48.138076275604256
49.74465247966148
50.181332197835694
52.70048738504131
51.756480633968266
52.742356091282076
54.057454454578554
53.2265120202266
52.313128168046966
51.97915736150392
52.36857961282965
52.26796134338618
49.957913806777356
54.12572012192626
52.24097540615061
54.73126531133484
51.36478398939103
51.503681362137364
51.46250426344138
51.94409664488834
55.835263268564375
55.23523579383801
51.53991675455227
51.76138781144828
52.84973074411484
52.444998340992065
52.74239070488592
52.59331266487847
47.482239309339164
47.876239681674896
59.67252066833792
48.8746021596012
54.47317489449049
47.595060736128545
54.59261506221079
48.30717986953537
56.758475913328844
56.62978926084591
49.641702334653644
56.2663963386767
55.98628165005105
48.51288999048176
55.948669022670614
54.211217752671494
53.857385534633636
50.369529415754414
48.04020119236223
50.16882430729689
50.0338858598993
49.3110382269413
54.58093316190133
44.07417830423599
51.40841372727158
51.86962337375242
55.328762708901344
55.51466802109166
47.92493233315206
56.332122927074174
55.41770860146869
56.54319880892819
50.86348367829544
50.68708509062706
52.1718432850394
50.60467228305649
51.39700450146304
52.194936243239894
52.17732592939094
56.69670640113187
53.343700603577055
54.0697327235524
51.780771020047204
52.081615647927606
49.972025593152914
48.657558726951365
56.671428697197385
56.10311679576162
48.81537242663643
53.133230996983215
53.737272816900635
53.38821235841118
55.07046491850071
52.73805779096378
49.17028935294871
47.06025373870819
54.50178681750897
50.239261306121065
52.17746850048093
52.798492193997106
52.029830224873315
51.66543879738742
48.24215683483219
52.30573441839267
53.22606102384079
49.91435116324416
50.703837606813686
48.333623615692346
53.70075207531379
52.21386030490725
51.44058510092555
50.48122116968276
49.53555912903397
51.527653536261234
52.55369859905023
49.91279684342688
50.91644236020378
54.5184396796913
51.79548083493875
54.40455680337053
54.69806227330819
56.18316690118895
52.98183428004476
51.26279194757663
52.99859593578165
50.12456246936387
54.522757533245674
53.44125693286272
53.05429560763369
58.49420119069983
50.361366809656786
49.00845514922762
53.841686438243286
55.12536285478869
44.64058733045193
52.20558356401145
54.64597805480095
47.34008136565902
57.422282858051325
50.79235386751652
51.09857582443587
54.456504916817124
53.62714986812803
50.362869618948
51.154092404990266
54.20774800204762
53.907183352015686
57.67508356289377
57.418669821934216
47.225344262985224
51.27991430182536
50.13870287339813
50.60362321545406
54.9257599391958
51.902240576628564
51.677157322931265
52.75610202980583
54.45453009900663
51.53571646123474
54.0396469326013
54.027219036210276
53.09320747415832
54.28239409489143
52.868019869492656
52.41505426343304
53.37589901665385
53.83238744948474
51.99118099332911
53.56959685965374
56.388550360795534
54.85421280807736
47.74871721436325
52.352086350593545
51.73727067508727
53.03006120675444
52.3666977142562
49.68674397087681
53.32728387999256
58.0941892717249
54.469165816382365
53.944368305263794
51.666151092369674
50.51648904908017
47.89415254265709
52.860672792511565
49.61390561093993
55.48612610692708
54.82011964067514
50.479306819394026
48.4499141755675
48.93311931850256
51.997888651161794
54.59757995130812
54.73325132825987
54.981030846074724
47.27199051696175
56.659040639374844
52.06981588170334
54.587476591276996
49.60933783465749
51.93337999480131
55.86262523789258
47.361618261484026
50.83066928640412
57.97461900151203
47.22295392492717
56.99320852776818
45.04323984110094
58.79745955184876
61.19326688238376
49.18596093248033
53.393084248774315
51.36439333330714
55.137396212127854
50.02328841659047
54.72751668095936
49.93566239170967
45.93573960047754
60.054831289705234
60.627910968433156
44.10314944983851
59.17144017443186
51.81013984620541
55.62225887882731
54.74486289376303
50.01424783903198
48.71355718899817
48.56352207798204
52.46216380069304
51.481802896488546
54.40467469226452
52.99895984630459
51.33698964139356
53.543326274523324
54.93942591484048
48.30134051634765
52.51656970681998
54.3897572914624
54.46244603888441
54.13182598447588
53.86101832764895
44.746706854399676
47.35696896154309
56.40093132000423
51.32703950466983
56.92240360132048
54.77285419229244
52.80424230436187
50.603193139755916
51.41039064537722
48.40342211300156
50.908252765173465
51.305049787170134
50.388816890709194
51.25101309986232
54.196607093346685
52.32859322399989
52.49745644616414
51.05203630103485
48.510601758692985
55.727412124667545
50.65791691370682
51.63611926144125
54.02364534682796
54.584051019306415
54.61858263381499
53.5339371902636
53.33354601068895
56.629238544757634
53.4884534966687
53.898424194237165
48.59915320738231
55.314988388911296
48.7599232299853
50.50101172736761
50.37425518023897
48.376222101841556
48.81383619736163
51.35967157284352
55.39056092879982
48.30227644728771
52.39410164808
55.03189417441063
54.0095758309902
53.90014712808535
52.07068890529157
51.94869277773466
54.927801492462365
51.463559677161705
53.10814780643125
51.14852887982436
55.514370003158625
53.54388489242419
56.10105365280967
49.788264624559076
52.87816743692391
50.350591745391284
54.952659774915176
54.88324889434529
56.90019517940475
48.21598440898035
53.82899947398953
47.17358834279627
49.35716010109043
49.19130845650843
56.24075576313851
49.01732334217864
53.051626117539016
49.94012549530138
58.96917370208151
50.96137290040875
50.47071692641539
51.68228810365085
48.46748089574206
52.327704682113584
52.62591995781018
50.488604379415555
55.56458500675449
51.866560817980435
51.97807868703217
48.87733020952207
56.25183823141817
52.1904371683863
51.727149357167185
54.01451297228146
53.79676394272875
51.240617176457505
52.33324190814797
58.48908859788136
47.314280893351494
50.64774953409313
54.85891768317374
50.4129923977853
52.91913568759273
54.62206846667193
55.35801358924867
48.136213088001675
51.5003552763332
54.26635222616745
49.97094557283564
49.02771661553799
56.47591213272265
53.02023127925572
54.973560298926905
52.21949823089931
51.14383261379705
51.16125450649197
55.01643017813671
49.758843755298955
57.69929545422918
49.665413061659166
53.27084340772189
52.36338954969234
48.73709098373088
55.096601374014156
52.02103429307387
52.63948574984019
53.81268504284037
54.68149110710345
49.93429346329305
48.762800481017926
51.88711818618471
52.69736980348555
49.21354251576058
51.80833606196265
55.08763910137112
55.65389897426937
54.4021450639903
49.76378345754538
48.321007219962745
51.81175722086615
52.249925929381284
53.645046588545064
48.222167189127134
57.3036826606952
51.71831947799182
51.93594586408109
57.70692420435868
54.39616755323227
55.562748608820236
49.68820165343551
47.797194010506296
51.07977747841724
53.38503142001601
49.94979953184027
52.7332653932765
50.2632855258195
49.184657993968194
48.8833316073074
50.2969887219587
44.04366284076247
44.678134669183045
54.04543272625957
52.25819343481533
50.47329496673383
49.722114894809266
56.28263250462412
49.46462439123919
53.19860371734107
55.12399239395373
48.720285971422754
54.93915213390553
57.37340870126593
48.17559629028207
54.070707209516264
49.32692673890845
49.69381312273599
51.24724208746117
56.37037948108831
45.24299123803274
56.15167923870429
54.93457910960117
51.50666816349294
51.03495220650229
52.10649105636144
51.48654283384958
50.66943733768233
49.210805897371486
55.17910552949955
50.53479569093484
55.77750187152207
53.76181353137667
51.39343792717621
49.92915792660306
52.44616846440795
52.7928313136678
49.98837198592541
54.69079488770577
53.74125345407355
54.292286055485526
56.0198425417049
47.38127213041856
57.025140513527596
52.58112355525798
50.30763303291936
57.455584692055524
49.032326197162035
58.57680363398273
49.279129099668324
55.307928692956054
48.998778491840525
56.3488826948791
48.45222075245428
47.15631767465708
53.5247193800963
53.47696855535991
52.38844518257283
48.38367016991039
56.31173804568257
46.23432139701642
56.06154236985029
57.164077838829684
51.03498786418774
51.812908609180504
52.575930892792115
57.23222343297704
53.86457515998439
53.10265821454197
49.397081687160636
51.24773210421152
57.88659312090854
57.66205143841717
51.0657690614777
52.24746710217603
51.54838740768399
55.37898210505645
56.42180004034336
46.81341890339025
51.661109799072115
54.220893125941444
48.082505082383804
55.684178233846616
50.92834533565601
51.21728943111802
52.960914173382115
53.60804733160181
54.976101474512355
52.028360372971974
53.45522367177176
49.77584847762345
47.71077237894632
54.8921569195602
49.31954817261503
56.33907173272036
51.22612251480108
52.62203596412795
52.00415657998387
52.07076898739747
48.87135581652046
53.938169027775935
48.721707651057066
47.550969408851245
50.92905180553196
51.473903815897856
53.959309969569844
51.02576881108009
53.901833978792375
49.4354077406498
54.56611242504849
57.160115819708565
52.12779981617057
52.05958730645883
55.06498460982366
54.112723904173386
50.55134598598463
52.76754840718797
52.55635476504746
51.27984266607884
52.42331927456755
52.965661424576865
50.02571525648449
49.4118641619101
49.45487401127274
53.25188517588964
48.61377400201667
54.64146532956726
53.00304799255915
54.76091514650313
49.19200500809712
50.88856805034951
54.644190133592545
57.96089901283164
50.39240003024284
53.47435148814599
55.03924861458829
54.16180788129451
57.55020758705051
56.27994844656258
47.60346714859833
52.08398778057324
54.25311085132284
49.9482929530864
49.4511132330725
48.62726130843167
53.60256668040346
54.08333608384027
54.95233857499438
51.11545583684698
51.10580632977101
52.628281609429806
50.906067072197175
50.02832984548871
56.7436843489473
59.332415762146134
45.255005327058925
57.581835159080164
57.76162346980364
52.430111244151426
48.123043288818955
57.60192614276877
49.57812581044404
49.064410794922765
55.72864524303517
53.80384254769379
53.326131104712125
48.305671070978086
55.62802100456508
52.87022633912806
53.56567281162992
50.19037910905801
52.596879552260084
52.228462293003076
54.49279257998325
49.16214242084431
48.534009300227595
49.789167162027766
50.53279605771353
48.70696941918431
60.4268265363104
59.20145214679728
58.676383926332036
54.509016015444196
54.016796664995134
49.73874220617562
57.15539401815406
57.26390963044597
50.325824247771685
57.094218646587265
49.71086203843247
52.08491076298694
54.17464009867545
53.07729970141696
50.60605442126857
47.14619526784904
48.86375711187591
55.823866763282886
50.48986857215826
54.61002847624398
49.21602664023887
54.303064024247355
47.249996752775935
53.79068575788466
50.92748180587735
51.2520938212751
53.57290573269456
51.52027329638315
50.00480381174784
52.438149140307225
48.0584780379671
50.348074546406444
54.17981066526327
54.685524075330676
52.23503188120676
55.083016834764095
47.3344322200195
57.43426024155582
47.33574851326291
49.01991266389229
49.67251704837403
49.207161636197974
55.026636314503705
53.98924149431703
55.456853560573464
50.968165566669235
56.61888996214942
56.137874523720896
48.77450523168043
53.09562068317726
56.07082190255354
55.51172574149766
49.8508634697923
50.758498011381235
57.171943364554494
56.27405070451132
56.67723914179483
48.757669881523825
54.24129482811673
52.45064454554902
50.40803435385744
57.138403675275065
58.36166104237639
54.31181725982327
52.3230705842841
52.17961435008984
56.30719081695064
54.00647869981252
46.24977549030745
55.03456784701776
47.115602614646996
56.01176113996926
50.44282096895735
52.99689817851514
51.82658633543739
54.82195253973808
46.95287947365439
49.237209813341615
58.29662748757312
45.25762031787759
58.997326429584845
52.85657591426518
53.72449105848468
55.42190057327575
55.71839853149259
55.353980599218005
54.45160347928341
55.92372969097864
52.38622468305021
51.781060216979
53.2814231761992
48.580744624964105
52.58910640032877
53.850300791935
51.4083721142049
52.923798605532575
51.90830209207785
45.353286558015014
45.38100961407055
55.1552117106632
46.483913183187504
46.10113414674499
53.01831838796589
49.66984680415951
48.17254974224922
56.07560100224698
55.02780125653773
47.13186371416468
52.20401438841032
51.674118020084165
56.03062980093756
54.13553400258869
52.40770854877608
52.88285808055209
54.887401059425535
51.57427263211929
56.13078387014812
49.117694841330746
54.20248297188969
56.95504447773774
53.63351987109795
48.687780762772476
55.61386240863636
49.5643796543339
57.91542911361849
58.13731839195569
46.931664715369216
51.489120493672665
52.89166551888346
52.27799531564741
53.0973506796424
52.87815711051094
52.85177166263883
53.35690818796639
49.36517576102314
47.01468691234368
51.43135638841561
54.07907100388615
50.418739701739874
55.23326282079575
55.1908335393109
50.748164068669155
56.03855986063818
55.64323636526007
44.4317994964657
46.647455757918465
56.296785189925544
52.37907193305838
52.10192868775766
53.13309941520675
52.34038933069255
49.273327396159
53.61854331262681
53.65461764347106
51.743829938071165
51.76185848801022
51.71530595756436
50.43175514272651
56.088118096399946
49.75477254485265
50.46027901557379
47.46754516805581
57.99127160681838
51.28070405095774
54.30348171575987
52.48266185422225
49.95294875144593
55.783320931526866
50.379562058598886
49.90587433721748
54.611624656094726
49.974619550222286
54.322021876451274
52.889879008200715
53.02916109638471
50.16122300143398
54.39422946925576
50.21108705884285
55.18520378539458
48.06463087802519
50.716102171473146
46.98769738887353
50.80581907850153
51.91412096356248
49.19501189708787
55.004813682829756
57.92740659272888
51.03265224755433
53.74715170076361
56.348712395771656
48.98050827136584
57.765070562086926
51.80714900753797
54.59981801974269
50.67260802832703
52.55523219487017
53.69514576270867
52.54110582043355
55.32465593741288
50.77195836544837
51.49149979794479
54.761611733722695
50.51577102365426
55.61821548509607
58.22524050326846
51.32065063997365
53.85890327547426
52.3231133594878
52.82803115107457
54.52387031231039
47.14026300049736
56.39790707882188
53.378592941093686
52.166411973179805
49.974682771810144
55.866809015780795
55.65923806538981
45.08967337366108
50.521490766723566
52.490915459420435
55.76690828203766
51.40527031459009
52.57521082310786
56.933583560653744
52.99146452575055
52.2356751005319
55.70830497601514
52.424823398469584
54.140054701152394
51.718084119693195
53.86575394113254
54.71848956144636
47.750570804566834
54.94371847232722
52.37753917281405
53.20932809860873
52.588035820081565
53.920469441340266
52.46462984082435
49.489733788887925
56.15960689904159
51.15241367788235
57.68896315538248
53.50851590537495
56.80136086852549
51.74221700313351
54.616572112646594
53.42844902436377
49.5503705344217
53.385141904093686
49.13076137933631
53.772022604677595
52.18438317285481
52.73606458609433
50.00579137401924
56.40051744705822
46.773783920600884
56.695898463919356
52.97944436950665
51.01059904510456
46.80856459938156
48.88420720169834
48.15960292235195
55.25177218049077
49.074460852002936
55.55171470750572
54.55223095534019
54.95802667342147
52.33951402620306
49.7048233338896
54.18466756838117
52.080778580229456
53.04280174728095
53.84374504969847
48.85769836811266
53.036950201282124
50.08869389761143
51.22052781985649
54.20285839436444
51.603038144071576
52.36819434431966
52.417907047259575
51.469575569643375
51.30157039755044
51.94919757792797
52.021932221913545
48.259679388970135
50.02510770310924
55.01809192383252
50.04769593903417
46.15138689780411
56.947736600542285
46.78176031820379
52.36030744687349
53.405543188934395
51.860968048294204
52.51209630459431
53.315848109637294
51.56277136061159
52.483516903537065
52.992224603264965
53.21475501471133
51.12890871932788
52.93243292795807
54.391794036326615
50.240596393736446
53.858736831205896
53.82185381130192
50.648601080457105
53.615246823509736
57.74440824171327
49.16877372777484
54.082161715193365
54.79957760158298
46.18170991277389
58.322357525856646
51.02095368083071
55.237335694599295
52.235565778305144
53.206947498606304
51.30739915591662
52.374233827354466
51.502335756411654
52.60101065246514
52.77871830632787
52.704919936334115
48.746851936554954
56.35855610023988
45.67211663873452
56.861767261763035
53.02090483073045
54.552049687272536
54.29196392163019
50.00773866689307
52.429684009189586
46.131930828461
56.151696305410695
47.29031555345376
57.396983093140776
51.07079687577428
52.93053366675547
51.65534500440231
55.11822012989931
54.640419583524235
49.60112585812579
51.93267004329588
53.280841847457644
48.063588047350606
55.220559485568494
48.85214943093402
51.281590456151875
54.767764325668
51.65892238657121
60.77545144187923
45.471556528892954
50.8404402232213
50.39025675329278
52.49183175522163
46.9432454990953
52.82626326611003
54.97191200809772
48.653503575322155
58.788569094706084
53.51869598006152
54.34870027701445
53.73555334769754
49.56736014148369
53.90845345538208
50.97364531669597
48.28404483790572
54.65934815583876
53.214496154837676
54.82627103066798
55.42112811511532
49.73268408768553
52.026240539400135
51.695677946198956
55.30119589174493
53.895280859412146
52.196348162145064
53.07150446212229
53.43076679004337
52.35909402072259
57.417319825167205
56.18145750834028
49.087425572456624
54.810590519848915
54.17124038088619
48.937950013349045
51.342624183191084
49.835881138655175
51.50909567620745
46.05899640249
55.09521586878007
49.41169624510864
49.25926333944087
51.80237988371307
49.06231099286551
54.299234447467384
49.85560417707577
58.199950710298474
50.16727255936293
49.240436755879685
55.490523840028764
51.767346845092014
53.9015186811805
51.20810969442135
52.29813356950807
50.1557221434195
52.93079652579903
52.50416148590673
56.39641559042847
54.804884389096536
53.24735252918895
55.21187008361102
56.145053665493016
51.93506880752746
51.42520046522597
51.151181607308835
54.02155576949123
51.430809357159596
52.05218445361916
56.736502419998665
47.933166940468304
56.78241006275504
53.29183719576857
54.844240667797706
48.001990185256375
54.854352856248624
57.73136324328154
48.28881022488113
54.07262286894522
52.520426269545915
49.99161842107622
52.247465190589395
57.514195799452935
51.27408722564678
56.53175717243011
54.33319883883601
45.477736936147274
58.86948280053408
47.931514709695755
50.53403964373409
53.7016882670944
52.802890330800764
49.831651659167136
52.48882010130075
51.857832557153046
51.22913909412858
52.66655373815446
51.53033221060406
48.75025945795414
52.33948128414651
52.262033567157324
51.202544293838066
53.7507268461128
52.03399126659899
52.255759719973724
52.23500875622239
52.94619666337244
54.70568773514975
45.57985372897614
54.800652952978425
59.05463030280359
58.104824373426716
44.33977464303389
52.4943878026963
52.63774270822014
54.6171055006026
54.342017101489
51.97387497681998
56.21328046332811
53.34459911865298
50.93867163028621
52.67658222229028
50.230841797230156
53.1711904280226
50.29002477300203
53.35496995902013
54.919865780035934
49.71417132811427
55.11326624633122
51.02514940059284
54.383159825664876
52.289644019497096
50.693611831124876
55.99574837359448
54.102485605878584
52.162512960757866
54.87579069025239
55.44510378809604
50.309077686626395
51.45401595606491
55.25303787537478
48.64258269451961
53.41139564784609
49.71803454494782
52.654886759202896
51.2549759434602
54.14434739770026
54.631653885291655
54.525861419485445
55.6910105618099
49.18663670604626
53.48488948723391
49.138825926131354
54.12751536289935
48.309128386752995
52.65547661786798
50.350255938249276
52.38730569851106
51.70434518416041
54.13281215346858
52.29585384054446
51.10483909711336
51.124945835050724
49.878834397517814
50.35755928957087
48.99142993422057
56.34818575748681
49.19377291571482
57.91253767294573
47.40689848564998
43.951491783313834
59.7522190220698
59.09206934040658
49.42635884001568
54.632140259151484
55.80498008575931
50.0724330290063
54.61790523834325
50.03787261128805
51.281496980572136
53.06000048706744
52.503311767007524
53.776557278142626
48.676462892645304
56.97165371787758
50.752026806566676
57.00832762037815
56.561047993652416
52.45856355019861
53.58057622590365
48.65669687595323
49.349467034837495
55.59146558576602
51.04434152984931
54.451773838559916
46.0766184189583
50.236294655581254
56.01707975045099
50.78660669942431
52.09132687889514
51.40863962894813
48.45365371675311
48.71929599273789
52.590797092568735
54.332724703357464
52.356822790742704
51.81452962834875
51.76134206221039
51.85337534506742
50.919776953624066
52.60187182181614
51.561168154314615
54.3245303199539
50.74441829010706
53.68413904993673
50.998331471352756
54.656998354176096
46.674535956304915
56.886644360194
54.020236333119065
56.87083796800401
52.160446304718725
51.03397368289956
56.78289728522387
49.969700094247436
53.582734283984756
51.39627607763105
53.084391874598325
53.612466437774934
54.231811880475114
51.096259601887326
54.39164697732604
53.39317790512187
50.48705361297971
53.55788169027152
53.74744758038343
53.85878579988782
53.825429857857
54.499592057348906
51.248291148191434
55.82509156951553
49.76815140735699
52.959528350979625
53.88148509674124
53.33439335890833
52.06111831677146
55.991705053927326
45.87729493765838
54.44629647733446
55.3407015345091
49.54484820311692
49.89799496764821
54.34642673133249
56.345751200728905
54.71341150813164
54.45602107166257
48.54119955736554
50.576646300626685
54.2341868407134
56.48717573863298
57.58364255202073
51.9841759348576
53.95402830774015
56.00934952451655
53.59877258065542
53.13053456944756
52.775376671203745
49.393751707348216
54.47839867579577
55.97066745032565
52.466423304070325
52.77761640706203
54.54195912669364
50.17143086124385
51.50099627285685
48.55439711589428
50.61981504647473
53.1645148328805
53.081091759818385
49.730191028118895
54.16986150066855
52.959845254658724
49.259451409599414
52.866611868602504
52.10970081366377
54.37929456105648
54.84840372910136
50.22322763970487
53.06056950654383
50.736867153133296
55.68006163067528
47.63653371047888
51.03973504647771
47.69035738268129
49.71475614116532
55.87375766285086
51.952391857356744
55.26738173970702
44.4053317155533
54.69955933437636
49.431189036275626
54.048558296679566
50.72375014753206
49.072446118181404
55.2344356849141
52.688054138976845
51.167815287069104
53.092687301708175
50.69111030283564
52.68777084730408
51.2322550471374
50.62182934705431
52.20867528236032
51.876335425055316
57.164712911592616
55.79025143715273
52.86563731613528
49.36988162048629
56.0241261550479
52.96477073555041
53.610105065476986
53.61116458655587
49.403361829151784
49.714755408774536
51.72442906560879
53.29126132838114
50.54649233900439
53.83693279705451
52.5773639749309
50.33275314361472
55.52949068737062
48.40523483347714
51.079628809766504
54.50478767674938
48.766169942146576
48.55201825562001
54.44392540153511
49.62979284504969
56.99791487255098
55.91983829382577
52.056325067334306
54.0536073354575
51.490331866467386
50.410983968225715
53.792365663468374
52.57572254290009
50.64378783422428
49.42439832955057
52.34218699766582
50.69915463961253
53.12594617990111
50.13502121602268
49.574687387150554
51.20786845282403
54.9780053896868
49.84727395712514
54.947684941184185
55.538109151161414
55.17910422709786
53.607821160417316
58.42223636573891
50.2918566266485
51.23710363765883
54.273458814088286
55.263882325843895
52.725547281624564
53.0754533236008
49.04490072712641
56.026630755572036
45.13075959923344
44.940112699932605
54.36810004986853
52.74676724974249
49.23138636647661
54.432747930580554
50.202760127229375
50.102733941308664
53.797191650432616
46.12927397224728
47.8671262338134
50.38986418527766
50.603687948877806
55.62382760517405
51.112904827195706
54.28120522553296
56.23512125660099
54.75655806682868
52.60084297864402
54.56618437797392
56.9459341524898
51.76452150341451
53.227612075164
50.41822018249102
50.10741840904254
53.997764105378714
52.27665861504803
51.995024675168246
51.030538051642004
55.49422807014612
48.730483339208924
54.18984233208181
56.57592054990849
50.080092864630615
46.03646049836805
45.591477363264254
52.003911054750155
48.100670498071146
51.906824737825744
50.73736204257214
54.77773396777835
52.250942470356456
53.08599613151016
51.971248254887634
49.440803852915515
56.153515463301446
48.55031443230412
55.58988945166548
52.0560021608899
54.15046836755831
55.048106996181986
55.221750921326915
54.54621342215756
47.25295368249183
53.328230266263944
50.51641560609321
49.61898953272342
46.446571653283215
59.047429714589335
45.161220117372686
56.422900378253445
49.20571516270557
52.098586363463305
54.417776501981024
53.11441436852692
53.411713798051245
51.24055983656612
53.494787714670856
53.32067303558858
51.610515921229315
55.20887229588476
48.14817285205299
49.788314908344404
54.63270951969846
47.438988677251
52.163035896369834
51.04762450911528
49.71964750968339
53.444673051292774
52.311459385613645
52.249934602903885
53.37486438285803
53.92016916528303
52.50745028305327
52.87898372827547
45.63215278725435
50.253780150823836
53.809844245826255
49.41015945768114
56.092100769916165
56.182766081749904
52.925938917571216
54.42699731436543
51.84355586734549
55.45194176053072
49.499221237135245
56.030832569016646
47.362630131803236
45.31847399441545
46.42216445038382
47.125843508830194
50.26722576179735
53.03652193759455
49.76882689226154
49.51388334095321
51.025578195838925
51.296091906042136
48.28051392550443
51.94232946942429
50.579202793955055
54.48250220074136
50.4441008329058
55.054215497831095
50.82645500615033
50.260798333864905
50.078696468123
54.69599792909908
59.14332745759379
49.980385638608084
53.64179745950277
55.812553635676664
51.65882707931026
53.89236802163105
49.58802588539489
49.17842196924108
53.44728097043033
55.573678587365045
53.91602105796767
52.490754623626984
51.27448383480177
50.5672165995705
51.3695365262134
52.71583154138323
50.21847767727377
47.26934431754512
52.11114692232137
53.78170406280645
50.261399909273145
51.88627427316829
54.48760120625319
54.591043755822284
57.865553499385136
48.685237216043
48.47397917392856
46.84322509882582
58.461144721972644
50.31314678598834
52.929940333891686
50.984257359842
55.95666502652451
50.51107192921615
52.70980847879637
51.972994304929024
51.49706941197351
57.79674564203168
45.0535974680082
52.42095916706938
49.655598733886826
53.30562163754951
48.806978281296615
48.621220971689525
46.89268833980997
47.8660436033687
49.294816314402055
55.7646000741581
52.75453148750535
50.99689519286076
52.0080078211556
53.27227575279184
53.30335301481323
53.36200075208162
52.22750583654028
52.20562840328395
50.87599592599012
53.025916231924825
52.912434318349995
51.46316350701131
52.206593870267405
52.094967012574244
56.64298141523745
53.381705070226744
51.16269742645266
51.97050087398512
53.861753803937084
54.013791777056866
54.81697957424102
50.36015966700287
49.39994444128075
50.54481910173767
53.87049704595595
51.72783453615751
49.57213272494618
50.71088552714223
52.65711300818827
54.8442894224174
53.623081798195706
52.768077144767425
49.81126822556763
50.43545324445119
53.165703290391704
53.44877065804904
49.6328903277224
53.30992972845014
52.26952034261044
51.88045306296113
51.91557478146462
53.91243709436433
53.43833507998417
51.340288278801374
51.009473873410826
50.538554169866
54.13049282573977
52.849874058054255
51.08922212174167
51.96588181967253
49.58792490273538
56.83490256836661
46.16474308538033
58.55596780874286
52.11741897516702
49.609332299371886
55.05838830841198
49.26033226747606
57.59239761886785
56.517008888950215
50.832715567524225
52.117069815910476
48.01912687016275
48.01912687016275
47.69083085047452
47.69083085047452
48.50061574280853
50.66901275056441
49.894846486279164
50.244458636518964
51.443619716700255
52.01541245855124
51.535434493519084
58.250367252030635
59.338266532741976
59.397546229434234
60.82952921584787
57.83252315565698
57.51625034892031
58.7354256104863
49.465291770788234
52.467371365939044
52.02624328178374
49.28920482397332
55.01327165633205
51.672033439317154
51.233884424973226
48.097448419978136
47.607510139506154
54.70624615172747
55.492422194887595
50.172389974503474
52.88121117764007
49.002742516059264
53.18607066658703
52.224808728603314
57.092781908505955
56.34016835239749
55.838601357358975
55.85274250410173
50.01748906327994
48.31702613774345
56.11112695519468
48.47969044617019
54.86058615365691
54.25646689234898
54.70705864287922
47.78648792845779
56.36900152057347
56.9240506200836
51.48261826625104
50.511181742591525
53.46075695493338
48.50290113298972
44.064782286911694
54.73262064959248
51.79150360801276
52.77325579163697
51.67480900968633
50.36188531529534
49.203011348538496
55.718687558082465
55.8875811465873
49.445950963090944
54.766134833680084
52.59126994520445
51.1089350046034
55.950160690434124
49.99074652283759
54.67565225506729
54.73947606724772
44.636581738985726
59.702346642115224
55.54200664584258
54.45226425828964
54.068251544325584
49.081539448136546
58.73467065900048
53.127314624197254
51.46823168291176
54.12076394900819
53.241227522938196
53.63866537322614
52.67659347713228
54.373209754072555
50.250289211076186
50.714362180252564
47.302550571801845
57.666244052014896
46.373468224149896
47.97523549364723
51.19958668235291
56.85535644008878
51.98492418418456
54.492893640900924
54.76013269468057
49.65586189166572
54.11678453538443
49.62877568599141
56.44470717484472
51.35100778203163
49.757941108721255
48.889764395508145
51.95784321101779
52.01560111854408
54.199509615318945
50.57856076218598
52.08086304319359
54.19093681373821
54.1084666816855
54.35543532684352
51.69197968912795
51.69821849890397
50.991144760549545
55.453516032339095
53.24617317025318
54.3240891243628
53.51935860503677
50.55773407149837
47.58486285243927
48.700789159157914
55.309303105043064
47.994806226650454
54.40711703882728
54.54287132744562
50.8910269217529
55.06358120951635
49.461006869595465
50.59418939313797
55.7204512140578
53.33702514305125
50.20027872155875
53.4495960164073
52.208926624944716
50.951824922604025
49.46966777932658
54.01941724039948
53.26028555297981
52.23720309550177
52.24134615423508
52.92879334180162
49.89897295926466
51.08134779320524
51.03949115476625
53.27545732253564
48.58258848011848
48.841247736449134
52.543077745919796
50.63680510820834
54.604588156360094
51.44519589918177
52.74343393368734
48.03919917648241
54.2716142268054
51.311064317839474
52.11009512943048
54.789678615087944
49.21686710370161
51.622615913797304
53.71759078615767
50.577121417976656
48.66219916457997
57.41047386162022
55.82949000666841
55.632133948488125
50.86512210876896
50.12784842811789
51.69860164859825
51.50595623255257
49.72824241739113
50.90437954984131
48.19202958647996
55.77537760134378
50.98664964019371
53.60480542439747
55.01412178011942
49.140387311221325
52.906555326066496
52.534364431551964
52.93626230342023
55.512014095257015
48.59221033348956
49.8763038946569
53.57710522564603
53.23022028496528
49.4015269614941
54.32202390696749
50.14039691476917
57.8464045502391
45.04934698815019
53.05708542198098
49.77918821761352
55.05243421954508
48.851059888338604
55.30462196103145
55.812898149287214
55.4805927958831
51.45115361720773
52.19040729941629
55.55766585305023
49.207667899267705
55.908353518147656
52.11267908769776
53.92730109973127
58.072991632876814
51.683237631487955
50.68423184257249
50.60779868226004
56.50790078869088
50.9927430978777
47.80865327007143
52.57149223389721
52.48663724968144
48.63221345293646
50.78611057876549
51.48539298945655
53.29167096806318
51.39160640977643
52.80304140326807
52.383677164562066
57.47470559834763
52.45822679495972
56.57515321915017
58.2678134099702
55.072401214734576
56.083278433471946
54.23108680877146
51.53003115180974
54.69725626931349
55.285725014971575
50.79704751389726
53.63572039814171
52.40004532371441
51.733299842352935
51.96924976273658
52.490628696273866
54.23483478537975
52.265258375379155
50.61589670692307
53.54303487917891
52.970554392771724
56.57658700021318
48.88098925634861
57.48036991294851
50.85297386925237
58.24549729023546
58.358003297226375
56.83191639098674
