0
3.7368801248959644
2.300239001779437
6.958943172537744
3.390314096313732
2.1482936287420973
4.773176232467971
4.451851235261528
3.6417493880014913
1.7480609821564805
9.973699435687521
1.6509278464876687
2.340406437739802
7.1888731329328746
6.304967585247085
2.846382190024677
1.1313786762654334
4.1733154373198635
3.376205089112742
4.265413468209203
3.568530062908209
3.548211994704704
8.329583822223123
2.246469181611451
2.0642678150583684
7.3185922712821565
1.7293010119481844
9.018020706705503
3.1253310545327
6.841014983017117
7.39022560669096
2.751898485407218
5.228311242143108
2.7795298264303265
6.695178541552328
3.166945537112747
5.591881562413983
5.021085464939936
3.513612047108358
3.1706013437742104
2.7706676696076205
3.6345024717972882
1.9488706367678985
3.4365057071679597
3.3396499081764888
4.502737021164322
5.01369551684393
3.2020194882857154
5.252762763641058
3.459744937303421
4.822635215759229
3.2755118097821128
3.3076409171997456
3.635054274006167
0.9743867989983012
3.758817378718841
2.739720173495152
5.79230745940672
3.502665570676159
4.0105957939471475
6.161362345790129
4.015066699368405
4.371967257032986
3.9616964441109483
5.215988881893373
8.305647560031046
5.690349432962745
3.695277988697274
3.1457323830817883
5.668864352753246
2.568971705867664
6.972296246133149
4.655078798634184
4.500466465528816
2.5669633313419213
6.42871299777504
2.555697113968978
1.6404149511652766
1.6601798437562894
8.132205141583064
5.833877594940969
3.88323551062122
3.73683581866482
3.983822534166732
2.0238383641148068
6.010524326266772
7.275576567469258
3.1419935830703603
7.850697468546122
8.615486088956219
4.9829619000871155
4.8098925097637375
5.482304148278993
3.880661489366358
2.568052792360008
10.435941929530985
3.679363004361513
3.8315100052789735
5.459614949941378
3.4450826532339147
4.568025362598227
4.770440229429369
5.704391542871008
2.9063903715371127
6.787205512217866
4.322608954541012
4.063912892150295
5.26362478365336
7.8308534415891495
1.906480187256298
8.710904357687122
1.8306836837573937
7.436766872388028
2.8656836627685403
3.7137305030622008
4.389829585886713
3.675914428474082
4.271549355219606
4.491618152471457
5.423566560773855
1.9552419846632167
3.63020804145171
3.410238340767564
4.528533189464936
5.460416073583635
5.592463853031199
8.655762038273776
1.9484061146527127
5.745132229532209
3.842299025491564
2.062483762900348
3.137490028200764
3.358221490424798
4.873429402829455
3.4379720887991545
4.149324806504364
5.955947332124844
16.767369936205533
1.5080974200776243
7.154040665434313
3.09206832814508
7.216566347550582
1.2139236715297004
3.113616267989059
3.6016091111923183
6.022506171623334
6.002818338646533
3.8793986711760775
15.605591586834356
9.970880133967569
8.872486997214528
5.055815362279756
7.003427486822568
2.49622502493828
2.494258732292112
2.455992137489825
6.421933144444281
4.501422548321962
5.190794768659024
3.032327629256999
4.537121300690785
3.9652897282358497
3.3526807529226343
2.0270900758537094
7.900457883964968
2.6015790913415993
3.737316585086566
5.621156808064169
2.135070099945857
9.946820786696756
9.100499723023846
1.8307980671644788
1.8307980671644788
2.746263910667225
8.465293417082222
6.324795124285981
2.4877747008711153
5.030719425664827
4.482407079639064
6.455357724734762
8.194970564072257
2.239826609978908
4.134483502957734
7.917584075971216
3.006234458965446
6.684397503223134
2.8537857834239286
2.6687823057831697
4.108707334269722
6.875303121393205
3.5216564029727584
5.91030630329075
1.2871357689851202
13.347687752901328
6.80414198708934
5.93410908511843
6.760733422090675
7.271734940164061
11.613760694181243
2.1637382071248377
2.676781944575551
1.6342336652843854
4.713814824702126
3.0026888468202273
4.792081436303166
5.332637665995367
2.7517739303116375
2.9384885621846033
5.827275550849628
4.707049695550133
4.426166045372696
3.7017506445912653
5.661842084236075
6.892506691851518
2.2885095476545607
4.3630007003714475
3.9048524432626732
5.149233873797179
5.558811444527306
17.020360006220034
2.954965716461572
3.857581716717788
2.2818381557608753
5.054863056763657
5.232319707383794
2.462100016806584
2.25202642325004
7.416845324800939
7.7007743916001825
2.558810665103078
4.94456251662319
3.3905867728590993
1.9244983692969597
1.4822286131754214
5.604027925907786
2.9955398792788
1.7772480281125649
2.036128570529393
1.8561348748939952
1.1476972452965268
5.306377333769704
3.1050280974674798
4.434942535789828
3.7029471451418288
6.207397283080961
3.227729948519859
3.619950032739851
1.445222306132249
6.039155068757415
6.489739359975178
0.8742534637671029
8.888040354352855
2.334028043642138
8.017296148041675
7.926840178395374
1.9613415291105207
2.3736890049036985
9.394030724666939
7.255432931450488
3.0000353437773857
9.853399385691297
2.378555919476472
7.484117718780374
4.855436493344162
1.9314533836249577
7.473263267791895
7.1071892832937404
2.610718496915404
4.698469744782905
1.9356199503218678
9.092342513521137
3.0900770860396687
3.464405638211272
19.71815275930049
3.6361132375604353
3.8202923583474355
5.037142802242195
4.71029474530113
6.16236520053877
7.704456410846171
2.560515507692801
3.0180016956746
4.594235858386342
3.393344494841045
7.114560843102473
1.9724014227456084
3.6906532748020333
4.065158045683614
4.529547505179618
4.15985000925944
7.246500360089576
4.889020406825359
4.108886652882391
5.468244219643256
2.1343110489480868
15.37147083045799
3.995269769867199
3.7545514555631283
4.301288785327425
4.730329376791486
2.4566566370479155
3.991886066883787
5.1764441995365145
6.648832480901105
3.001295448742233
5.770726320482142
2.9028446762329905
2.5609339579444064
4.088604094340778
2.5807567224673544
6.051284750452699
8.84077217079224
5.318248631853515
5.526211698713549
3.757936299458528
3.0933761912775943
3.7667508964892913
2.3441786795472996
2.7164834900843533
3.42822403644363
1.567487542742819
4.275414944231045
3.990286775474497
9.541440617581326
2.4025442177224865
8.939532997168508
2.552263370921144
3.9863093944392687
3.1071989446093764
2.648766777232976
11.742021769464758
8.710965327081322
1.5901548201178728
2.350364972283671
4.03797544603241
4.926526677600479
3.2709851770715606
2.8715686889114593
2.6331014347357256
2.61220424324831
13.023520593385506
2.583166552465644
7.82832218280511
3.8689276033690407
4.891088186183002
3.965676949211138
3.7321262549123864
5.430649809880337
3.7522939958569075
5.74557740954363
6.573044872660884
6.218438869730055
3.356594657498725
4.642414716833097
3.9811473458831115
2.7817087137193632
2.6471977080637363
8.604163397941713
3.0772152524437746
8.053749769360211
2.1650111299478083
9.389263468612256
3.2682917977777963
4.169320025024977
6.111572575697006
8.212263383785785
2.890452282332928
4.659529401914144
4.634197936050782
4.478982536755858
4.819165257343438
2.143793852433377
3.855737016310905
4.5709315907406385
1.8462500282761274
2.407513344727924
5.24363707401703
2.710321945402331
1.5766756699102558
4.920745372302842
11.47393796766223
4.155823752614892
14.771525891488535
8.503229665124044
7.47699766565682
1.775694803465162
1.5351705120734838
1.9681537004040612
1.895845430937758
6.333408352573261
2.2771358674051076
7.682745097563587
2.3952736844346383
6.32207560504605
4.418454977412976
3.2078718836361326
2.834766268455603
1.8658516656886885
8.456186168820256
1.9685777760366892
10.911896647026955
1.4401723855835618
10.392819490234526
3.307331358392497
5.157290940959883
3.872053151027272
2.66323239058566
2.800407689997786
3.0335345279482864
3.758376474416411
4.5502545113006665
3.3242070018349907
4.358754369271686
1.8781821848917175
3.7731167667477132
3.7030028737008354
2.7426154955574638
3.5418929621339714
4.976315055351895
3.1621960355880923
2.5702661386820065
6.599933433814697
4.57502651866327
4.630201817399118
4.285531610938697
3.4508035966164856
4.888451511754972
6.642147005825412
7.565168922434254
2.30524601596158
4.489623773076973
2.1399406690106457
1.8225645680813194
1.4723949438746848
11.275311228649404
3.7252226327905746
3.290978387236494
5.547552157156839
5.014076698119823
5.396730954138649
2.778007207785666
1.9048846305778258
3.949816687520528
4.339057411766556
3.7125502307179743
4.925344224690938
3.940232657654166
2.9058359362368864
6.161371979628524
2.4592369013552133
6.840357816822131
5.406147284493133
4.393004610750536
2.5978598337144803
9.888955136203771
1.5377985821673992
6.966884714661551
2.5325836519858136
3.7617816532372164
4.577183787570192
5.622425304419031
5.555421259256079
3.413884003513548
3.177663412409668
9.930986847095005
2.4147092731101107
2.281109642353902
7.451957487792452
1.4061079000675616
2.5199591537028088
5.982281886199023
4.309250187420049
3.2995920101157097
4.255136877029317
5.265852781700779
5.300222829034611
4.211328736272851
6.319554039493085
1.8773773234078432
6.594123720682091
4.932124817773175
2.0839230447383223
6.315484510975184
3.184543800036031
3.7974801836763907
4.196787940274667
6.873796913291648
4.061734735606908
4.430084609708251
4.133481212423772
3.1118955264500086
9.027414979596546
2.273278806145506
7.113774282605368
4.9763518505944155
3.9203988978579574
7.07610108044916
4.294757904401717
4.312664060309791
7.02088999323621
7.200284577345861
8.035634371444575
2.297893850951862
12.171385072785746
8.381465225815498
4.940533929972748
1.7695594522705955
2.5962069908362535
4.63917589521659
5.847875191109991
4.709048840284206
3.3799489552799544
8.486878877121038
4.26668888901055
3.8426297859550913
6.401622848017658
7.463770923875162
7.539936706442689
2.2520210081495113
2.3910053775505515
3.9522932662824966
4.222448261957707
5.8076077600874685
6.969499263023152
7.181529076672838
2.5576502677710415
2.634708929381272
7.439275327660215
4.582392488839522
3.0319041307762395
5.332282679924411
3.17267776671048
3.5768219002726247
4.697372858923594
3.7212365087945543
4.293246703127865
4.938960085372464
3.395770864585803
2.713794345647654
4.899433172888506
2.560868315031137
8.564074224438356
1.7838274228478974
2.5776111437385096
2.077277530083324
2.385540697023422
5.575274389204259
2.6738677867978637
4.514310604267538
11.836588856993881
3.4256681960480564
2.6706826862349935
1.7098769144687191
11.575892456744329
1.8965780146183167
5.802915167010752
4.239069789693874
4.922401832722107
6.675056536159536
3.856161496787632
3.0965124713757044
3.1376187965428963
4.903374997231462
6.7385241265503035
2.963509325866356
4.7879316649394035
3.3444193795174684
3.595495300100565
3.9407684186572247
4.239699837885341
4.839229619972882
1.9688903169567609
9.490091068446716
2.8913402578525877
4.247311787556268
2.325183212969154
9.179598663560638
5.499000906268628
2.4609413054596554
3.3717605444088896
4.76542250255221
5.078875861979578
3.975019829698148
4.509693828626978
4.94604948247038
3.6523889608574858
5.14469598547471
3.7726449965387654
2.996097695618737
7.522795561946349
4.744588121563858
2.043803788555417
1.0062347516447527
0.944066560597211
0.5543546986645919
17.545947161774976
2.2284186239880874
3.058612450165394
2.091064506473893
8.077422470751257
2.0648124930719396
2.3629490026811073
3.00542500810437
6.4117105980864935
3.284980230964122
4.763080859615126
6.560321601527505
3.118218143543162
16.405070578829577
14.113636216689214
7.836156382112421
3.2307565171925323
3.169424904609137
4.431647152068753
3.9588646713060553
8.463619893664893
4.9773992988056515
3.5899919103894775
4.29962852492306
4.832314861273171
4.585249546097729
3.4474163673625067
6.39922336943607
6.528263399403483
1.3936535839732676
12.915646440927487
6.267279942503917
2.918466801826649
5.101117571707639
3.7285844472262872
3.8114744244362497
6.7376077777077406
2.08660093834834
4.743925426071263
4.17533087146985
5.254600801709264
5.385912284981024
6.671676104344264
4.393280138048388
6.900547228964788
3.442172341626665
3.195679569490276
2.829314210806694
5.019423889000877
4.518386223796024
3.3266962242513785
2.8404280285054213
10.706987042943018
1.491395769186772
10.141310045797757
2.6920449638490753
12.948314432393145
6.215955133571918
2.9917018868296226
6.68658121867558
8.445826660954179
2.9396533638935707
5.6474846814029185
5.018170005264567
2.7351302689738564
2.4429488055510236
11.287637925431603
1.7367000973901003
3.880449324206882
3.7714824520977874
4.474706822892016
7.755274421920973
5.702868478434666
4.0795225311864725
5.328056242587993
4.297921272127175
4.736189090351972
4.121497054395046
4.803659430056176
2.1446165795770384
7.169630437979441
3.0975511139184206
3.0818809997240706
1.5897378553758608
5.267579314254164
10.77717548355583
2.833871952115832
5.228888741492668
6.75306148167058
2.5330192568671643
4.915067315211886
5.737073352318873
6.921808671067812
2.4406647169040134
6.937484358210684
4.574034294038002
1.4525419797519095
1.2355193652487537
1.239841631047708
3.7648514103086557
6.358783347542057
2.734971471587332
5.694278723956276
6.516934110619379
2.3088383358535154
6.591762687922928
7.600929933769695
5.100095556877173
7.441021466744662
1.698713678201036
6.578031162015374
2.3271079097090728
7.329842512745642
2.718462847379392
6.414149613624788
3.8013497803578646
3.8752281812970137
3.106470095138669
3.6132634116472837
2.8099707942512366
6.5149710104464695
2.859118764330987
2.25296138646107
2.8166842060829826
1.7204245970584688
1.9198000846275969
2.121604561199937
2.091106133843083
5.077037956231892
3.993063461245463
2.6125715541579586
6.953249538600035
6.940769985986268
3.225816273538563
2.594582113884273
10.808843109874129
10.008572772327348
10.683678673932423
11.198294974600135
1.3255497371661111
8.747921715426981
11.953706276237751
3.469463555554238
3.512821065522839
5.872278048263717
2.590651501078936
6.519809025929829
3.0752597941912874
5.0014121532078555
3.5353650897086566
5.6957632240241765
2.2094648694038286
4.979118538142408
5.971294626449485
4.098921291624341
10.784437988514613
5.254712075354297
3.8115040657234194
2.022020581669129
12.208679761419788
1.4366976358294792
6.681282093946724
2.0672881127035487
7.204228384923971
2.3711563926402444
12.321124955366814
8.286614949339699
13.407902946877632
4.7602730811990215
8.82502339754134
5.004463718410187
4.144051912913738
3.3062804408644317
2.7985232575261776
7.40026389517157
1.9456011102516824
1.9424117829624068
2.3316972162218184
2.936912732776498
5.285270922600347
4.991667452187815
5.226545458447302
3.135318156271696
3.888843682469107
7.400443694655956
1.580028990723335
11.81536575888668
1.869152221405702
8.754751565163998
1.9694439761856621
2.2682515754379784
2.1349477694251884
7.374398669197566
2.0010229445436343
4.001179388361791
8.031224131549953
2.8952777450719056
4.298023996544848
1.3353692396258514
3.7222654639915507
4.648910407354958
3.205154205537405
2.7917998629659033
3.3270263801026907
5.45299229842843
6.272915363768932
4.594024108745484
2.6618196494942428
6.333125894825596
2.647557838979908
3.165634190002063
1.9450539537210185
1.7937481555242816
6.598262035411527
2.3545057239331064
6.80012410447608
2.5804103590583334
2.951580030942268
4.5926390466283245
12.020961730428404
4.24771706012809
4.767993681653523
3.474678421887428
3.517332287622723
6.0620250504510516
1.804562726236852
1.8252490990315458
11.03994912316971
1.705945591280104
4.468720725383055
3.0279054108766377
4.948643231453928
3.2235738684382005
5.412645466851089
5.845296125965898
7.2251967517061395
2.3722911831076834
3.0467138837975316
4.660913638266729
4.124911317487512
5.5783967373263295
4.824407201746698
3.4026342860874492
5.536264026712699
1.365797093756586
6.094295475183272
5.794254172688219
2.4168910398614702
7.135951237110342
1.8713948018610167
8.85714525540582
3.3759874858178516
5.349503245730128
2.7886549509255465
2.7618069995301973
4.995433464475684
3.9719034862364824
4.6160335633753
3.5839175900478297
5.716536963375903
5.376723891239648
2.9235363931462155
5.3722363329521
3.344411490839444
4.570697345940249
6.374070645996567
2.4346385952675247
7.559747021894963
3.754912057514701
2.816573182343876
2.6010399897058125
2.319361380377481
6.9026650368353355
3.335929075937048
3.929321196789424
4.506116112590516
3.806299242346575
2.6854865910939587
2.24226773646709
6.200490174076092
8.99803572004491
2.223366788334833
4.882749477331229
4.627360402458371
3.197695011139596
3.6538708931400308
3.818490596134474
4.555458924243559
2.751865172769714
4.2738169791646925
1.7873496957269255
6.355983306068356
6.36913196763099
5.916402285043506
3.17767236176689
3.6721191745203883
5.740526011585795
4.917741201445038
4.398319726692975
3.6154308093456717
4.880503579936062
4.977471870348504
3.6172628192722214
3.567371313405049
7.692574540539259
7.901039428291983
7.0933650606811
6.87270573925637
2.839468134137402
3.811356207742831
3.1168618922083895
5.874936637680971
5.1520149051073165
5.761721882434174
4.784656691801344
8.75712355133038
10.812944676903989
6.477592667551086
3.9972196031692744
5.457829855053521
4.7289569973576855
2.5711141725156503
2.228017031984843
2.103339501413412
2.23866689697089
5.539708356927173
6.019468755580979
2.0624230674414115
2.0185990369197153
2.4758067965479498
3.5927590810343935
1.9905799068965697
7.804667959086187
4.277167805248769
3.8600932754518333
4.886989289497585
2.472636839886833
8.797479132103684
9.68341736343861
1.6926487659224356
13.276843887061057
2.735507625260634
2.9833841104610395
5.627789983896071
3.4534343547055273
4.776899838666494
4.345254750939816
6.039634938911555
2.8554395022792143
2.050580551142294
7.559235543650216
1.7859764453562734
10.02936278444826
4.31658869680183
14.345712331289503
0.7805964127726521
0.7824379278206818
15.51777514798305
3.312020671953495
4.768767075922554
2.7534178007549004
7.110161245551418
3.182495605240466
4.879744143710653
3.7396540949333636
3.2709407682049862
4.7293068106546015
3.1178259639629036
2.6872833497700737
7.026864659417674
5.350526687902164
4.8804660254525265
3.410561560738521
4.88747566204145
2.0611618409102666
6.9255365288230335
2.48510349411576
6.21176710283982
2.523375943758411
3.2603430401768603
5.508916013727382
2.4899282847032516
2.7708446803467877
3.5421095380351884
4.75574850678936
2.505997815892656
2.5644324953290014
7.4942992642698805
5.3726714584528334
5.658947521042606
3.9370835800179558
4.221893392408184
4.102340871003938
1.5331352422384132
1.7160867437212013
7.837403831977359
3.4780372688652603
5.004884399548916
1.5098934049641972
9.851088634399964
5.894188725394487
6.813517202936239
2.0601049723649396
8.36216584435848
3.169004564350214
5.313475394520268
4.380016919610603
3.706456285761326
2.6241220025917893
6.551376390181372
2.737358840224119
5.397711180117989
4.054983132980474
6.205238745555277
3.1488918280639173
1.8871581846786472
7.1225877306638665
6.327296855786361
6.020882063633546
2.132366532995082
8.032824895281538
2.851148160882093
4.350769594160549
3.0048400660314383
6.353357191108059
7.736209219164572
5.488133468150912
6.651938991750074
1.8017325563250775
9.812519249984618
6.019944822454862
4.448255176773833
3.3983985294058736
2.641248948334816
4.044743915362222
3.0935282229167087
1.3678093106433564
8.985709426450583
3.0467294046880067
4.472550921114431
2.6396722543854136
8.025519221583872
1.7776545615717922
13.876851994366758
12.63661975685887
2.191279605739502
2.771067243942378
7.063539196708382
3.8844187397784364
2.6782989957312995
7.082993524685507
3.7900174900813575
2.6573423423283398
2.1417495951369183
3.9713874980545683
7.225306889559138
2.4189579496323192
7.1221152329606285
2.7188699997715378
7.58920607069499
2.5257057129288825
2.5269861927674895
5.319031022730304
4.275538259958183
4.575666271195482
3.5252835215562537
2.3684719292275314
5.3504981955553905
5.534627470402225
2.9473932663907223
5.949120436752923
5.3179050689945715
5.494129606726936
2.9195565663167593
2.8349183649033374
3.7676113720427424
5.287828713392305
4.353947576650888
3.169439732375051
5.117764448197598
4.016822875509337
10.07158111154861
4.706170683662188
7.3887840294510925
4.709407975459859
2.1263139037803613
0.9995243759077647
1.3048532985609727
1.0079155224888356
1.6977681361770112
3.6232787353168114
4.338509788825244
3.5334640131561166
6.094613599268205
2.480985183317268
2.5944431717260783
3.613362369154945
2.899448163903814
2.5989549945308554
7.035909972584801
2.071940609890596
7.596136780670663
2.205762092205112
5.925594968060539
2.3813757962433666
2.6255011609605883
3.2130183134547408
2.6694622655065956
3.073468505572885
2.881216217981489
5.131845082773243
4.131988077202394
4.3293114056477435
4.605110648232931
5.080513993262304
3.3306628210670364
2.2549735128660644
3.4367814940598636
3.696063986614861
3.2152262318817626
3.217773604433326
4.706432647707727
3.2314249902784904
4.701211825752432
6.001317934440966
3.674297372786301
2.9242502901805207
4.861521908755992
2.8094607361300428
7.5571850437002395
9.555177018660725
1.7943854068433367
2.473698145373619
9.180942937985591
3.3130673347694826
5.076251657239161
2.305644780485193
5.828821693255681
2.65513340670627
6.5498502806728665
3.0835899033747642
5.169762241962809
4.7243093568173515
3.570961354755386
2.84452950470856
2.215595167350139
5.580778842472045
2.7757745440008605
6.375002726898926
4.280626141626325
4.668296707323868
3.072819628707156
6.541630124067367
2.5660274164774033
6.3872373424149265
4.2083907067156545
5.168103189126011
3.2985181003398063
1.850596536785787
5.362017462013407
4.453696559261973
10.456550802051188
4.573125156413653
3.777746017139185
2.854638371516228
5.061964876612636
6.5927095820020005
2.585655413975854
9.189604733666162
5.784080489348025
6.569788379618052
6.927562031581126
7.22706239680917
2.259920586020038
6.626678868262028
3.914032907942751
4.34765100912377
4.138161071431117
8.962021777786832
9.778812130453673
3.1718871835151803
5.3261439231946754
4.106624480469187
4.324673851808919
7.613594363177827
10.614103498329214
1.8347406013460956
6.149136649191105
2.264551483032651
3.2399695548557133
6.670569677651709
7.088636123105379
1.8692844783058753
3.7716649286616835
2.200672443207324
2.133984527492746
6.747934066770468
3.11915868556319
1.2280720164555443
16.9455521065515
7.431211314225368
1.8185288722388735
4.983043762572772
2.866589757379638
5.350411008306574
2.871104280804869
5.84998616315429
3.636543279160297
4.182854351627157
5.580012974050301
5.810858334250892
2.7917660651619682
2.3418172119479332
3.7362596747252472
3.632904711977471
3.2044204321549477
3.08553478253873
4.652180425505584
7.08140435987506
5.295335664511677
2.056297315040981
2.693598013986155
3.8049269491800737
3.415283210306545
4.13037196481904
3.3189056346636603
3.84695083265202
15.320731503130563
9.012186939173443
9.103309746776173
3.1945207028975684
2.6582382437476477
6.674472963468726
4.22955393371049
8.247513476544643
2.9211769493309196
8.176550258164774
2.9894243469945923
2.9760363490931505
5.4668307943302485
5.08149179125453
2.112105872426799
3.9993836922244697
5.6396087219712605
5.369782913081204
5.596455286244345
3.097281791128535
5.444433007539842
4.847299783515777
1.8919592775696945
1.8605993865121289
7.139265728580077
13.648564098813592
3.3820586584249024
4.96078466545532
3.228657403151806
6.923933040778438
2.5497983366149484
8.230913066426492
1.8948177523576137
1.737075847344154
2.2793788702309143
3.2063521529857213
2.93116679033313
1.5118776163411605
5.818977154390678
4.133920841184074
0.8948680096000977
1.3827150201652236
12.324484239047896
6.876009150332076
3.8626189820791534
8.52395548989073
8.368522681707194
2.4299107491710212
5.154741318767201
3.6272888421453886
3.5725162690029406
5.335111213446809
5.9775849765515545
2.505071240704534
5.316743816837795
3.592794056380767
1.924830063217277
2.046929075403867
8.863799332656562
3.1781867924177414
3.232713972040399
7.923843547122129
7.627152655931934
4.857184513969094
3.2472460489333574
8.009271520444436
13.27098273483259
5.84643641759217
8.900735065667781
5.142653309600283
4.461308715022721
3.8294950866778152
4.967218181317383
8.531300077660088
5.363154833241607
5.028152405871224
5.2186659051137605
5.330364391533129
1.5693823378425626
1.8171336614188702
9.041477722734781
1.6638728217490333
2.6370225667628473
7.225307142511425
5.157650566547368
3.126806295738397
4.018211545607032
1.7297096766662472
6.678916238269051
4.946605164012512
4.04736448371602
3.4392890444724977
3.298049941439952
5.3364824514877665
6.41189053341817
3.7688788674100833
7.555113688529539
3.0348328376498768
4.7418797344220565
8.920344922201018
6.744825558470342
3.777415963366948
4.429582380576825
8.762750144548196
8.647439799579345
5.518282521674185
2.6546878405245664
10.913447945705357
2.0322726114994185
4.1938785367688265
2.7125642442324787
4.353543323386475
3.678858457375493
2.0080427812375583
8.257265646916132
2.0084298034546646
4.0846058760398805
2.8691369595769687
5.725280037210917
1.643412642925466
10.985356097063384
9.744347577937774
2.2793655324385385
6.541695219259362
2.664803233236137
2.6839842708161554
7.18770236995294
1.809037038696261
7.071817248848375
7.498518798260412
8.093169071123842
10.10386821869239
5.557011232226686
2.3348741053203885
5.744693245095207
7.519144414863965
7.684253637087876
1.7233164855597702
2.5190655700559748
1.8619958641719623
2.518584613563776
4.029861912238701
5.098864629727117
3.6988850124501838
4.845299828194506
3.1631647137517676
3.2458361849838266
5.341026553505572
5.686420992110528
11.020265857208068
1.6814880608985419
7.003221796470679
3.464856455122586
4.3342008647600965
3.9249935571735017
5.3628043858586105
6.413297117380746
2.1287967643009647
3.0095485514741633
14.280847407273642
13.941421070442873
1.5676074104535043
13.475079722698915
1.31453070353396
4.634991366161894
5.036061909615732
3.2686219429137706
5.0325687826808085
4.419547968468001
4.538549359113529
4.4228164793178
4.767840881132537
3.5393827070624937
4.683106766573058
6.453362148557351
1.256167793186048
3.522343642317573
4.0454630349703065
5.240244099237066
2.0935258429310943
7.817866286138595
8.123472715334806
1.9531105038285617
4.273501079943847
2.473138229296196
2.663517137257734
9.858765316365604
7.209911815561895
3.0214811114225166
3.085311670649635
2.9771658557022698
3.375343596841248
3.187007974025212
4.4811887060611415
8.958584447343519
3.8130041797816023
3.2534183987017706
5.3642942165336205
3.7763673576947565
8.654004507615154
6.398818718235145
4.795285900095057
3.790513971024672
4.322136207118978
2.8036137733888045
5.1787433420752444
2.4455037270055553
4.877588531113791
2.679920780118619
6.2393843029664104
11.655053521368059
6.622532700161556
4.931958539920391
4.134863573096555
4.099300440845353
4.152188454520513
3.6079508037613905
4.266653660648882
3.9322955629517335
2.7712912828607754
4.3356650375350725
3.925628118057546
2.405717659869336
6.0549317918286985
9.589576677894412
2.738774779558936
4.523196033664249
9.668780696999827
7.39781759091382
2.78614295320134
7.593429509422456
3.188307529978052
3.072671838466981
4.060087210347354
5.430186824470282
3.0602162336660337
4.287696251171593
1.8376312493944604
3.9550443260327772
3.807378766443798
5.480291296499564
10.23924770638314
2.072474598135111
2.8720587676006897
4.834091151986263
2.9605360085998376
8.688042065989814
2.4630647933539445
4.782311840773929
7.605719495787336
1.4671103648878965
7.339752605360289
3.648817469965815
3.128689854235071
5.360859707768016
10.23759997973741
10.534080379204614
3.022260574505035
3.0127690907420006
5.740225966009659
5.572343223810222
2.8586730046100994
3.359508450931051
4.346028911568952
7.350961893816978
5.293897572758183
5.588571513697516
5.363289517333149
8.51419407120072
6.371459573783452
2.486107664377589
3.5223870535878476
3.238239913972756
6.255815921324273
4.405529565806819
4.171894201274565
2.094638939693854
18.845901777876723
2.8891560056066194
6.988732672560437
3.554742460737814
3.8207300793604984
3.9759084638663795
6.861336922726341
2.7495307199891412
5.449433232092526
5.196758953057214
6.934113006087839
2.2758486307890706
1.0417973170393067
12.446926279460145
1.7092926325871611
3.6511267042248807
6.195991747038869
3.838708309881096
1.9124114729018717
2.255752179952969
7.001437976879338
4.994838341392935
3.977634273376644
4.33055736475676
3.235113502242589
5.425547780435249
4.379746224882136
4.1490568433079575
2.9279872696404823
4.5226560832182985
4.022099238981179
6.396030715009131
8.858293615168664
1.6048955393589601
5.499835312853734
5.540042141175297
4.147096517227615
5.390433603588141
2.2406375332471384
2.5171799991397235
11.11242959908682
2.7364864710421166
2.3728727337639737
6.046598416258277
2.7069553774924526
4.615597141130899
4.731100679093973
6.1780324108346525
3.063236417467188
4.679184733417669
3.8589031652721335
2.7779491806296597
5.481093080223791
6.719188905292277
2.9527314516301644
4.172888099348659
2.9616794239278486
3.1382854285632
4.034702238227674
4.833121951827711
3.7056559974501586
3.12348112350369
4.586294748042283
5.635907485687893
2.7037649943734006
3.4951365974023862
2.2359725879045427
2.7291210305960534
5.2014982991334575
7.855135682726809
6.850469084247606
4.116807608362075
3.4199601910007624
3.479156293419793
7.9397505553816785
5.820710462967731
2.1519786274589014
7.946978765510439
4.026064758846207
2.6017850691965445
3.6061327653169326
5.655770853873665
2.7579875755004504
3.304233525380041
4.261895794496319
2.3459268895949834
7.359087862868532
1.8214572918691436
9.586753740708776
10.490483765571268
8.319395362027905
7.712911936386113
2.5068138903450765
6.814984845771632
5.507286113113906
2.7850096191355678
5.535839128908292
1.778937700907211
3.5600731119194613
3.451772646886167
2.4860789914230863
1.866345490906674
1.6588569476183854
2.5481216845758823
4.872715250436034
3.9202611835998606
4.8658346638263845
5.508798012532833
4.774942956677704
6.961769376813361
8.787294338274812
3.55834229563489
5.810118603070879
2.7918619822527235
3.464063095356993
3.679853496677189
6.993248216957527
2.5423923542159574
6.925830510301648
4.109050731851846
3.26876073330083
5.251766544177709
3.4310638907538795
5.890448841160694
6.7115737901355415
4.675862849969944
8.093787880572487
1.3571411822267134
1.1769205469989377
6.2630550430596665
3.156917558521468
3.626460139727869
5.128880013757285
4.415403541751894
3.1572376509775864
5.59384074730644
5.813452140035072
0.7384713313638714
0.9261475484684404
17.71746982162685
2.0273292229079165
8.536798257821262
4.7374022534482965
3.576488849272087
2.236826381228919
8.757465048356941
4.480331025503387
8.116218213845833
2.533367950695595
9.219592041161205
12.40025566785698
14.414360678642748
10.390866307541472
9.3219854844925
4.240406116445594
7.1749474525270855
2.483946052203161
3.288223304945792
4.277810523359807
4.242245639145974
2.7635297033064488
4.112062712479712
3.7996410950702013
5.332964456772899
4.199001087077275
1.7274186019955247
3.1914384713954753
4.4956035582841
4.44263616713815
5.116071628244815
3.2833919912084304
11.89030395618254
3.98848951176127
4.267273159319803
3.9424250761124826
5.380736900929244
5.570576193779845
6.627755723321622
3.54433460350737
4.626478127140671
5.252016249345133
3.414854158612569
3.4692167535002234
3.6132907275647077
3.5584496124625034
1.6541706617601346
1.631751753558782
9.71770700615119
2.8143996629312475
7.45436142716415
14.350372541852376
1.662417859877363
5.355322418747855
6.667980342206124
2.9025388313043856
3.8908139655944147
3.8442956597735356
5.351753797453454
4.023670379884846
2.5155185280218237
4.893968384190375
3.5617519928159753
2.512416565083168
2.788364751050628
5.0999234230850075
5.990169347237064
3.1389011812251715
12.410560780242436
5.140503769797039
5.504813801365319
2.698481690800496
3.4792964806006754
4.434828550461759
3.706684228610956
3.8398757349378028
5.261378296131139
2.3136778300775487
7.6014257286671185
10.678668467283456
2.968130844471155
4.971307278904731
6.916486197761891
1.580919136769316
1.3223942025457327
7.014729822444949
5.58982480726532
1.5239228559373634
9.477783267948764
8.734830040624574
4.086622205803888
5.0241132481786615
3.737230098919281
6.707868859466437
2.3541905583358362
6.378870538523627
4.164798477673945
3.375202516305497
3.8942443646172484
3.7571352748831788
5.054183847640186
3.1354987680916735
4.786877971896741
2.468491735877411
6.737309761336514
11.49585412096472
11.982889309755354
1.9102998158315347
6.403628832366004
2.9783563274567557
6.585142022253025
5.572923631563229
7.375190182787153
3.460645034265501
8.051761908000117
8.154490635284489
4.438939653054281
6.075593863459946
3.929385466209845
2.936887352642039
2.5774883733008007
5.991832693993267
10.487576175031208
10.686436714169071
3.3206865596628945
5.01315517117444
4.178572712100771
4.032332857672807
3.823163146704063
5.237773549076826
4.015944128306487
5.065828926817552
7.989763834380268
4.709598220885513
2.844944640141885
4.219391523542227
2.2929556252891157
3.717510367221243
4.759924086094923
4.157753910212666
3.7664690993890058
3.6702569676678602
4.1120925526151435
6.2002461518668515
8.084364707261102
11.00375518920556
6.317711380188044
2.973876128785459
2.861018726905429
2.8554168649638405
3.437059895487457
4.399620380482079
3.939606780076356
3.9674993778017806
5.687169367476214
4.387680077261431
3.729532442541509
4.342981287918497
3.355275881846343
3.469316105431088
7.9614443284517735
2.1035516169510777
2.4205448648241124
3.415843168125252
4.466902920785149
3.1846438779816304
6.321664398866767
4.169521854008658
5.102886061315532
3.418055108645994
5.66980513648862
6.038198118997707
5.49080531443302
5.618238224333883
6.229872047957257
4.62719489720681
2.4959685928839597
5.357541337356805
2.390194614575464
4.098543613007142
3.116344206056041
5.270253036409184
2.938098484897693
1.6484102527716185
6.480974839159437
4.491661571938222
3.7170746039680522
5.601772316848971
5.079801837520728
3.1463432336908568
2.061407718601222
2.85876302883596
9.011683386582577
1.6984120415493968
1.787249980797441
8.201616669850273
6.534179950488898
3.9011806384159238
4.1181434464406985
4.037694616611049
1.9569282232605687
6.8190319224962765
1.0972588535393555
1.1767274283017746
13.487675645065028
10.552545869819856
10.691439617939904
4.030721023352254
5.538617394970692
3.3873739657802595
7.771851116294518
9.715705095731437
7.353554153973525
5.118716002941462
5.2049350356651045
5.545606403010068
5.264367244678377
7.375757741169409
3.719673517382239
1.9410129966083711
7.73073476066626
2.5604391341362267
2.5505072930086774
5.412513075869147
3.707822355341472
4.758287996576819
5.038627334216246
3.5808696461407874
4.710621439304736
4.506109415309605
5.17269198650848
2.7500369788348666
5.035493782501248
3.5918362811527884
4.5705391081056534
7.601346747934093
2.5833505103471004
3.5608391744384096
2.8627945928193905
6.254707382059427
3.985529805672526
4.322174441177462
3.30398643248579
4.208623199906126
5.272480814479188
2.325929430735163
7.208424524965419
5.8658343425646615
1.6506746659129472
1.9384828592657604
1.8790742705162835
8.980894204494284
3.7577102272589626
5.625051066276443
3.403978357802651
3.4891960354628693
5.697223846555604
4.641093595084051
3.797952679884944
4.5725285164092355
17.409132364005604
3.3006014604980427
4.687291803134815
8.452742462729491
2.0755687638587266
11.710640215760774
2.121976458896468
3.3080838754968944
4.2047179265237045
4.468032104763819
3.6399895009352057
3.217320340161253
4.968257270040602
4.480485479250985
1.4437292380076803
5.625268984472201
5.204453792665497
2.4167735991780477
5.090071343696988
4.238112508330185
4.826876352570084
4.709143907639228
7.15530649318677
2.033280721100482
2.7504854699841843
2.0582838642264534
1.3405036228143477
1.3951664457042912
3.798083765582087
1.783421212236983
5.151893629188784
3.2617148655547954
3.775843857779003
6.130009832540108
2.5466118171838725
2.8195290164372193
5.234817987784469
9.897788290200326
6.665887437203823
3.7852991838047165
4.871487660325157
2.3430556579301935
7.300136336594759
2.367259208916375
13.151845876032565
13.295593611214157
4.3980949492457135
3.7912625716302784
2.9467006859429077
3.6196007789260536
7.870060788920331
2.470753003566468
5.1533483088920855
1.940538231527096
2.251498135753275
2.1861907353725005
2.210622522103185
2.315370248668884
2.4207486293877394
2.4207486293877394
2.3810619511114837
2.403588385609821
2.1921728046382416
3.152712192607872
3.250101378793574
2.5902712633568585
2.5599987253648355
5.570809514762238
6.1796610910848795
5.876417929846221
5.840275093682782
6.594469969953124
8.250479444898119
6.15805341751452
3.3227272901216764
5.878002333794929
4.373680596167309
3.219325307149886
1.7783798168197007
4.551276036221736
4.440295989934217
3.4079419659850196
7.732698263840935
6.82153040270737
3.2656567060742385
4.047199410676881
3.6816203584916374
6.189255270436134
2.5144185815668
3.146323669435551
6.667856783270191
7.589572288975893
5.218852687357766
3.4765882379330106
4.7338827569959685
5.949693382230873
5.789131818706881
7.362157792040569
6.141989980468957
2.3825698246337925
2.7794003451622173
4.059198606436839
4.285185789225407
