0
2.5068328717310537
0.9590966671045559
1.7074219328376334
2.116932910806177
0.23645352569963424
1.435297537901473
1.5485684426019246
1.7178678421575913
1.6650660427421264
1.6101448627153174
0.5984487638152683
1.2368629207934652
1.4703173562352974
1.6773555214576576
1.489478825842868
1.8280081087290985
1.5638370190476205
1.1773461020362253
1.8366279478475955
1.6697704655612275
0.4863307238243374
2.205738300881069
2.108675110681188
0.6574565315760744
2.1515927041697918
0.7274046672614081
0.9089948877512694
1.7265965942981572
0.20810019360884652
1.4921114170878838
1.4690524189609535
0.922443165497475
0.9968912954531152
1.7334911506212425
0.8215026492976009
0.9512500660808559
1.2631571786310538
1.4315798726536797
1.556179382098684
0.9839196779861252
1.0024184510569503
1.494865394815236
1.2642088752712854
1.0455225685207103
1.6492761567942174
1.2282084938284805
1.3014194506184618
1.4712675459882036
1.8750856941998024
2.3497904619930066
1.3022400580016662
1.4661032774991953
1.6791571016070654
1.3595308641179245
1.450778118050525
1.7155372446132446
2.08339312579016
0.7506262141754413
1.9733794801849074
1.5871224835679647
1.332621326249257
2.1404764682216686
1.1734521031478675
1.480622439480636
1.2072378913001212
1.8663546876469033
1.0745444070356183
1.6544022210278413
2.143746371920717
1.7952326038069444
2.162105042965965
2.111151959091215
0.5231657425043907
0.7711534698225181
1.5352594062861857
1.3020979286437036
2.383855307017274
0.6341405637933129
2.3788372720552178
1.9333711877648765
0.6475029416464153
1.5928300539804894
1.0300674566229928
1.8667731148170195
1.8607063116536533
1.3780171938563188
1.0845801686340042
1.3168179820789347
1.8823388243545929
0.7314507436750797
0.9869220736378013
1.687187548339436
1.0958437152095954
1.420887264312859
1.361850488356698
1.2699212183453923
0.8149131916907083
2.0219041595003837
1.3385071439974305
1.5492335866809095
1.4819007557122723
1.1755469164979697
1.9077326428731596
0.7590250042760455
0.7860163454322141
0.30733099187659696
0.23113366257522322
2.1580449675913336
2.2985349567408164
2.2164592655509803
0.4556133571137458
0.6583201515700837
0.4689588897814374
2.3978158433027907
1.7397912544366079
1.3663431852793677
2.0575381129781944
1.106935837053914
1.8984509174270345
1.9110904616417541
1.0809111170066843
1.174960212878703
1.4928256600503742
1.691029151434058
1.2995386065453118
1.7237969137408542
2.0651349182977943
2.0198626974550007
1.2759898300854065
1.178864769635294
1.2159008389046655
1.5595350448088623
2.547828367953525
0.3050528319210818
2.636965840902498
0.8414616957878526
0.5872178149547832
2.1219363744961974
1.3102004613068372
1.8999724627558403
2.3484218259534284
0.3563490013293002
1.9163651748977142
1.6552231240010016
1.2415648780392963
1.3734373446122667
1.5588584504234653
1.6261601873305254
1.6692757622513201
0.9784267918854052
1.5699381848315654
1.2099246980786007
2.3249839112779225
2.7060250909337067
2.1120507568374265
1.0985889731563268
0.8898069254349896
2.3705510239124314
1.1057860482151596
1.922759871007028
1.652073800990828
1.690862365615348
0.985610705851717
0.916546247893137
0.8788912018051964
1.299591269284507
1.3410710772025436
1.8317386967773237
1.3112584799950797
1.2450253819246353
1.7159455315466683
1.1020951073272232
1.9944365621397904
1.1927681956335339
1.001521047159203
1.8944768229427589
0.7514286579798775
1.7224566663315222
1.688064044462255
1.3686964906010979
0.9471793319038612
1.6666873497549188
2.321732278535997
0.964099550372936
1.4372968009455842
1.4530867941510732
1.2609117761973496
1.6701809702338235
1.1795266919870508
1.9359383884535715
1.4867235626806476
1.3668798557333237
1.2453929296164905
2.2746668950085964
0.8099027698139604
1.2793130335461436
1.5942267334089761
1.2011559966581875
1.4278046476247892
1.4484495453117257
1.37254797646425
1.631131086304855
1.3750037470029275
1.4864572951435602
1.9407900958740214
1.843654502246416
1.839948949733272
1.7537180515950743
0.9220935124142441
1.555706798149562
1.0941594416795144
0.9929939445119225
1.4142667233781059
1.5739779630594102
1.0471812491889076
1.6845617337118401
2.7480649771952654
1.77344707517449
1.0920988471728947
1.1913756521728727
0.9906117148176982
1.4349550619512583
1.381918705883996
1.471474143646439
1.2483415538466809
1.27918019830479
1.3957906494876626
1.8129806785474267
1.1816372641071473
0.9960007574909483
0.9381403186416976
0.7388329596350103
0.7438099388473167
0.86441829707318
1.19462114268372
1.4568568759753835
1.1109321204207994
1.0227202035486864
1.6415370600524264
1.6486794630659698
1.6492089226876139
1.098023693034298
1.5240195078592786
1.8769953569992546
1.9008002259066958
0.8216361234358602
1.7342237758740002
1.133053407589216
1.3287481075854854
1.0459173330380547
1.1892144027203755
1.2393484085319904
2.007389682594371
1.6938591039392843
1.4684393380284793
1.3169787910891002
1.493618810799627
1.459346966345047
1.6780002304463442
1.4372137886005496
1.477861533319623
1.4337926737866002
1.4687246132037661
1.1400598191941056
1.4911073691972823
1.151332620244203
2.0114138612746753
2.0407045352179978
1.7453339966329875
0.9539052217098161
1.5885924627008658
1.5287785946036592
1.3142876238387806
1.927485964074398
1.3462975103783508
1.3599285662951206
1.5408084877410688
1.3404161454952805
1.410697550713052
0.7573531776931631
1.7460066894030792
0.9523742687200558
1.8808886607038597
1.7054697421147684
0.5546213207126665
2.310801352340856
2.741886805665959
-0.06169158247267791
2.3489374370059983
2.456631566662169
0.3952543348496583
2.3909454271284645
1.4190434759016408
1.9139810422416976
1.3766160389468374
1.3358828527720803
1.6492797732179374
1.3845642685481832
1.7590007119694502
2.091497406416802
1.8750226936044532
1.4059841819803216
1.459447725528608
1.4088545335139677
1.264584512331317
1.458314056167139
1.5069966260248149
0.7289026988174714
1.533585811891131
1.3175034582446448
1.2577757426221141
1.3189555330763643
1.4807249423060116
1.2818862454252937
0.8185217904558498
1.9576036084534179
1.0682398874229162
1.523170961212905
1.250876648957999
1.8593771568686452
1.8940920998542363
1.987009288829891
1.2560931993040614
1.4639858990903876
1.203448734319253
1.6544729059110577
0.8656462399462077
0.8904700805544176
0.7928035809942899
0.5801774818928113
1.0109880248521648
1.7177433712695458
1.9533524707551444
0.8681777182148932
1.8594314794404665
1.0118567146531006
1.68341027023248
1.1551551195498686
1.5170333673941279
1.720830636422137
1.5913610036768415
1.2119832859882345
1.568871612981779
2.2875843797745055
2.10987496818066
0.4260234032103767
2.243339744372908
1.722750616973937
1.0764082069107517
1.4809848728901869
1.2336012830411915
1.227730462123007
0.891315734702842
1.986883371951159
1.8020720929606404
1.5719830871792089
1.202520654920523
0.7696889709813722
0.9060303960541317
1.3548523725299149
0.5149514690226223
0.3111942361770425
1.748222490733432
1.248039854435601
1.9376764908037898
1.657264815565658
1.9278137576903245
0.5448165303012688
0.45784389044438245
2.1467174155247166
0.7710039194607851
2.1845032202094448
0.5371955210803492
1.2884607025143453
1.7607241768352895
1.3540946316027687
1.0706161330257338
0.8076391777807206
2.010107312955834
1.5051734067836193
1.1774313663094793
1.7479871875629016
1.4339542400232501
1.1133600763236615
1.5274831439857117
1.7346803326171158
0.9566344095034622
1.3540630973746985
1.4597384223903687
0.4039997676605332
0.9475844908852509
1.2216947955775392
1.5393156105270671
0.16540856121605893
0.874987837692994
0.36531390789588225
0.8417065762385083
0.9534693131166988
1.9369642976124855
0.6857497848567481
0.7805925844400384
1.7846792815366264
1.0774867957925292
0.49719113986387475
0.3850694321004673
1.0371237583551678
1.4276483261152497
1.396508133650963
1.812767940625546
1.7170878157576446
1.09126917125121
0.4325921119497954
2.296858658093699
0.44685745590488907
1.9909546868669388
1.672530640135528
1.573046920758949
1.0681178154484758
1.7542022810842928
1.4095759304298132
0.4389650752955491
1.253424532764256
1.2765381708812595
1.6076619297080297
1.3833360644912422
1.4881640564205179
1.8992257202642706
1.708103753103607
1.7142997095781323
0.2662798500020602
0.34540602823263533
1.3235580577017483
1.5896359634932848
1.4581390267665393
1.1640909813882963
1.8687523437304325
1.0270975652996324
1.6808915611784905
0.6928524076639367
1.4912449756861585
1.4194289141735237
1.414121663729614
1.3941384597555886
1.794228114225061
0.9826536309226666
1.3065865788099016
1.40694303864387
1.1003616235789633
2.3195215547013084
0.553463077352402
2.2885391154067625
0.3887305072392695
2.3323649529354573
2.0604667256787046
2.1001238675825653
1.040181612263434
1.0662179278313884
2.3511063379218022
0.45635292414175
0.6541511054570829
1.4616863868796566
1.021998789907752
1.7119460190149063
1.9576491694021216
1.3786071402837214
1.3409144522992082
1.3893784338015716
1.3440508701089584
0.4936420254370106
2.345370055522271
0.8085380564596789
0.3943831165602952
2.3080340365747563
1.7336338840014325
1.0680493456699125
2.5954064870486313
1.7251453446781555
2.373073413640662
0.9816133508846316
0.8801662903634786
1.550323904676837
1.2521942411575397
2.057233951877877
0.7222648432966706
0.02924635295009094
2.4447371187159312
2.5271352286376674
2.0712269676294963
0.8674188513420026
1.3712793446269385
0.8578198607396483
0.7795463021486332
2.0631879712843135
2.3230249086655124
2.2935258201999047
2.4833136783460423
1.6827591715069814
1.041172517170654
1.7534599981103838
2.604838232225461
0.4112776217755091
2.5036791827823133
2.5128486293836327
0.4651555260823784
0.5750045318375631
2.35347032191495
0.3503715011922971
1.7354015485857774
1.1124637397217445
1.7382021995063832
0.8641408746473435
1.2948571217064955
1.102087304604733
0.7023386021390451
0.7829974529598502
1.7556152167402927
1.2171351298598327
1.2368951140403661
1.5935931791608726
0.7907313532878595
0.9988125762637737
1.8025168696938898
1.2552088899562426
1.8516332748638875
1.298581668333623
1.3782812332296486
1.0557609684566422
1.6091870190510478
2.1432238736333122
1.4901009348349927
1.605685325680935
1.4425284900633588
1.765395872215091
1.2805981633092316
1.0631271136272658
1.1719691022774126
0.5203576382210012
2.2537112719760453
2.2351659289712096
0.44533676921913223
0.47497223496154717
0.954070243973238
1.8927865415486325
0.6312065315360154
1.0257013790511287
2.404899211578151
0.6189011836633437
1.930627071611464
1.0787169779970227
1.3022860777132275
1.3590676257041134
1.6170792817189052
1.2257699843497665
1.4626988195248838
1.5487378419680702
1.0434855346453775
1.020478983064086
1.6753126342613962
1.529654167536972
1.8005853803796965
0.9818713938744368
2.4916822309358775
2.0312139389903425
0.9606536857491818
1.6724649435897956
0.9613896661557236
2.212368642061473
2.5262942764244163
0.6374588525016435
2.2858155574824495
2.00394565617568
0.7838442926199932
0.7844118530478809
1.7081161088272008
1.846469362942312
0.7451795740430446
2.0501382992034505
2.2818914623237196
0.5455502941202461
1.9064655769271988
1.9057872076187896
1.5462113878479262
0.7216581896570705
0.14984099557835404
0.283583395367426
2.6203598079022776
-0.011073825324134106
3.242432314458848
3.1103059911860704
2.5018814072462057
0.7242448226006631
1.3640404181573185
1.3514985874890058
1.7967786061389694
1.1313985100635346
2.170002020817716
-0.15801410660925957
-0.2519436087237482
0.6275656515550047
0.8375997055444975
1.6870254511524845
1.6617109696785517
0.8883817302069745
1.1413067772678602
1.1513412775646394
1.640244977509503
1.3915623695014414
1.591464029128194
2.167970444789635
0.7564257090745129
2.3193785594000578
1.5500035680974398
1.4689088529697985
1.8167496066886553
1.0207022628295446
1.3294562865898047
0.10054019642195144
2.7214320116348465
0.7836043783227229
1.6833355704458917
1.1065798568696816
0.30250891922487694
1.2849134890203133
1.6313975511926235
1.6779985814703695
1.6646822184312127
0.57222934700064
0.17250603779194196
0.9635200428068212
0.9166545127038932
1.0547782904281815
1.769102366509905
1.7801228388385217
1.0754940415332552
1.2083963970633365
0.3364048989139191
2.2418938081820188
2.0908264329635555
0.6792047049205592
1.4929782404458396
1.7351124451563984
1.6337921337438737
1.11065518385261
1.8815400341026067
1.3587581839297578
1.1281219757717396
1.677407532241111
1.2651910211718649
1.0854650559665937
1.581339985514081
1.490624554841357
1.687695297540741
1.0807129124235304
1.424690329823967
1.44415727851218
1.304909859743102
1.782795848593277
1.3597597983815373
1.9905146213220135
1.7270671216086528
2.314950813973093
1.368915563807184
1.502972453640705
1.4229174492529808
1.5563397463598478
1.3458889393861875
0.6754368022571742
0.4571484665068524
1.859902004561521
0.5516810069391076
1.8155701958083628
0.5320036175346942
1.861370802128158
0.9706268135395949
2.4812834127128043
0.4446656484375036
1.1620297486546591
1.801642284768599
1.2829192463481407
1.866729384857034
1.3390297235690005
0.4814589370519836
1.6621429280367122
1.4995426956704219
1.1997730362532573
1.5188085892578977
1.3250145283507508
1.344008179430192
1.6143048593661442
1.1785126394034762
1.3683693509164456
1.1335612830599686
1.2777715427238985
1.491674613656278
1.5864123734062272
1.1576672557220984
1.7513238463955607
0.3911834278182064
0.49597400983321926
1.0514520926935953
1.8857768734777596
1.487368251195594
1.5597775386706518
1.9776559400055282
0.6996612058347119
0.6996113245409025
1.8238726764019064
0.9922549665854181
1.7208197593560124
1.2814741026234489
1.479631089681633
1.597204495481338
1.805424245470708
1.6857295243046122
1.6762702866997994
1.8918880042873976
2.1970493925109498
1.1497057291573414
2.022349681301664
0.9409046073071394
1.6891542119755911
1.2049496689344519
1.1753426113977774
1.3958708241048359
1.6354763692500232
1.882862000746878
1.2168957829924136
0.9360132574455742
1.2068927023015859
0.4278935592458931
1.5053497645193858
1.629268187634616
1.1448968787832945
1.530393780516905
1.1267420065489908
1.6428128647606461
1.6570880879818517
1.4095947111398164
1.5383848136869231
1.377455260803011
1.3180127738313927
1.656319274515619
1.126303176816988
1.8601186818100497
1.236405669403962
1.049608964066121
1.7365676844026547
1.4056853972923762
1.1089897232854886
1.0954427227851762
1.7354386626298632
1.6349835776422885
0.7341495825705298
1.7040198546754066
0.9290168474074955
1.759942054905693
0.6844910297023041
2.0544677717503466
1.2499215039788616
1.645722713818957
1.0908240685665183
1.6693879700494765
1.8423247707571677
1.3102780584037328
1.5920659724433783
1.3508842494355786
1.3881650643972647
1.9268329421372354
0.7981284194534397
0.8595236966510669
0.9868941840031841
1.6856465951751551
1.8592931658444356
1.905189430564856
0.6540342807989006
2.2577116443381144
0.47713260517584666
1.3099191199696192
1.2400912670290047
1.5191986031138867
0.6278966363025973
1.9346109618310068
0.8030366816790905
0.9711879591205472
1.519638057826755
1.3434123513796474
1.3637499220739473
1.458410099976102
1.4949784305632048
1.3280697940354782
0.9251731570079729
1.5264460424316595
2.0581655797929974
1.3347663586506076
1.742832981387789
1.2457565658435346
1.3627837497643884
1.0137158856597184
0.9913862880158435
1.9410354903863354
0.8436655100412407
1.2228433608548697
1.3482409773880042
1.214388002649537
1.2764364827963204
1.4320833219196922
1.5267150124676878
1.4361248661466208
1.6671007522741934
2.3960438215751316
0.5239988507858204
1.7063582130170638
1.7917788723722652
1.0527311328912874
1.3614836093017726
1.4033462817725908
1.3667529960529445
1.2114094618545321
0.593469419848614
2.127804079822522
1.3044062113342991
1.1131139499768479
1.3681445980485458
0.7295881876628587
1.7345448084494883
1.069975719951664
0.9172738922291261
1.8678905124424974
0.9841416243977312
1.7229723729489281
0.7546692705637431
2.0497027962896293
1.249217222394018
1.5277320221464878
0.39709194774300177
1.815675994899826
1.761583350803983
1.2674341978593238
1.8830404762049464
1.6796171027111475
1.2986762691062834
1.3475236201538636
1.27152445946638
1.880816517351599
1.901730272435583
1.2816134846932326
2.265686281924996
0.6462443642514268
1.0914538752584677
1.6415586981640204
1.2342305541592984
1.5587622727602897
1.8330852632853079
1.0209909908044654
1.187081007609764
1.1560048965198146
1.3610124441843081
1.7055594399056013
1.9178501059809263
0.8046357084130797
1.874094950939204
1.2352976731147798
1.4235565296715205
1.0881255769161462
1.4081216563815928
0.9724918159213923
1.8331960600942465
1.70855204516932
1.3426762638252412
2.5722420936509844
1.4787976169177663
1.0529114120879994
1.306060901906376
1.1634413765024958
1.6656754049036522
1.3372472572150447
1.223492176704738
1.4229971572064797
1.74855067864692
0.8622999739128595
2.0472553858594096
0.4833360113472877
1.8232465706906174
0.9586965433994
2.1004680076421653
0.6239594507565899
2.064051113400906
0.7941839442633551
1.3652009919854837
1.364186453439432
1.3872133928998591
0.8304537606495545
1.4475183776367888
1.0430095323395594
1.781916315648298
1.1177688348237151
0.6811196186544
2.5011538647539617
2.450962856033762
2.6332501710010354
0.09877157815786845
0.031205167920430384
1.921331384183732
2.272486680432
1.0202608730177332
1.5180073112395824
1.0089758562187678
1.913170877056689
2.07973447173764
2.0723418486335525
0.9018716866699047
1.9529399654319624
0.995901198287649
0.21607617368761906
2.4179377685720387
2.5308274305337632
1.7014066050204624
1.4086251737568962
1.496896488524908
0.8734099921662645
1.6659156701668267
1.8465324780628027
1.2298551990930195
1.3206679580858531
1.504262632875146
0.9572467521140607
1.8455205854281242
0.9831848901175179
1.9760655532733082
0.6416477620805168
0.9039509171322331
1.817396206659449
1.0127779628411828
1.8836639234869388
0.9259641229963668
1.9115954218221896
1.833910280680622
1.808231498081257
1.1606359193882212
2.003163094887785
1.5335531108573988
1.7559413094813927
1.0354596948538977
1.8453606755565486
1.0508362826701791
1.502023672708681
1.8952312633672077
1.0488373489674545
1.0715975214168176
1.1477551312320904
1.6309849494744544
0.574367918076069
1.594940132822253
1.0945206043391331
1.4424337265637812
1.274247456560763
1.85974223942025
1.6267943171330266
1.694046013009126
1.342181824602651
1.6119519213962674
1.1432445554555493
1.5636973079442293
1.5071167241138717
1.3777579397228326
1.0569870507165364
0.812755739243552
1.9854873082532907
0.839341804936928
1.338678871917737
1.3214213475970868
1.1211523612172924
1.299541503230994
1.766455500641973
1.1648275000826687
1.7603569355637656
2.166890942993333
0.949709775794777
1.904510817570285
1.7153810787061985
1.8500179741826694
0.8884619212980194
1.9897624793323447
1.327773274247307
1.3638191448602202
2.0410522457372893
2.0299001313000558
1.2907998530754008
1.5223989944129923
0.803934601311281
1.1961841980862877
1.7539224656293977
1.0609727762760215
1.7144772375657014
0.9818578341267881
1.8777945959788482
1.0925046388654698
0.655123570891417
0.9802939214629169
1.8361765689870657
1.9509808691557924
2.0820003980104698
1.0048456929133431
1.268705652299013
1.4048494805071634
1.1676859833563362
1.7407738913604358
2.159870640822402
1.2849491915324365
0.48163441654916783
0.7620260388010279
2.1040734236221215
0.5497024192287052
1.5192407749200618
1.384492193275939
0.7865316753917568
2.0259477323025625
1.9562711816964138
1.4858765136167225
1.507257222281622
1.0170213786522133
1.023068743259506
1.6387867197199615
1.3191589280676237
1.479268023338019
1.7364946735828977
0.9121451602215762
1.3833546787715532
1.5863646411701984
1.440331669566839
1.4952534319947404
1.5019720915353927
1.3159348961227872
1.8038409275553577
1.0093760065695392
0.8676650746523225
2.247711991221853
0.4715847829082982
2.0090512306884047
0.8292233247686499
1.4337527283165632
0.725380949437519
1.9468252870051586
1.9168529538117411
1.8019813192364962
1.5924320141614376
1.1282785128616755
1.7775972649253446
1.8367273810271916
2.0202655540412735
1.917439788133566
0.8934111671507111
1.1539405850507707
1.623537040039162
1.1801583572225411
1.9124213075006478
1.5328702639419127
1.236742305511462
1.2262459620714536
1.090485902707244
1.6334906061748267
1.3000566436556713
1.2157746857366352
1.8241755892248182
0.9653427882654195
1.5384963032280834
1.4305250602958999
1.8579245828000464
1.3910960328676554
1.3866190468230943
2.069107693206174
1.6345770164352345
1.7814792253608651
1.6221684779628147
1.1065851577461105
1.6532030046930541
1.315273545522567
1.8789125019228876
0.8445888331178654
1.6569668151151464
1.5424612812792218
1.6887371737616161
1.6423243071594695
2.0032765543544073
0.8379311595293119
1.2769448730530402
-0.08730708679558549
2.4586695233989673
0.5119822860772123
0.6384006540900249
1.8342515370150487
0.9941888745378296
1.3577150688316661
1.9582996111756867
1.3309530873174042
1.5257774413220087
1.4723637744458253
1.2444940400916797
1.0677241226654888
1.7414666908099243
2.5972869231643614
0.7587903328895028
1.1428186334253696
0.6191938627540379
1.3631641696874446
1.5797385600152107
1.4860810934970412
1.066283239049912
1.571146329538462
1.634341391409111
2.279994615412063
1.6246663829670052
1.350996750234255
1.3770038346349935
1.9767576000709768
1.6333138864828232
0.9033758635885183
1.158437216466763
2.0245050602296946
1.0016012394009597
2.1678104084184286
0.8957635503243889
0.48048796760359214
0.8295473806550763
1.2104668964796956
1.354498111901161
1.7740409977085139
1.1958540111659401
1.137636224100304
1.3266246125703427
1.3090996929280136
0.7092333121200831
1.6762296046174023
1.145263580930206
2.147315235726507
2.2752550523318784
0.4683114560540538
0.7674634572023687
0.8783222446630348
1.0052746529080072
1.4065687141176468
1.911462984890347
0.273777737904975
1.9017962945161488
2.1045284462598173
0.7751260356243376
1.9149102323647973
0.825290117407198
1.4928034948595923
1.5614265475534352
1.6027094011465577
1.581640150423811
0.9534773184374268
1.853969261374711
0.4551324625518169
1.4854065799950695
1.618570288403871
0.35584591139593474
2.1886619556005664
0.6767311021016478
1.4233557393557574
1.2689370666419924
1.2938678488110342
1.5472454619983234
0.7923474167211282
0.8412309867342932
0.7059422464847105
1.645223954984838
1.3190504499645634
1.3730757087301153
0.7912356433590219
1.6673094911088855
0.7958965414062765
0.9049785433867243
1.7160989887890212
0.9422918634666752
1.9846023016710603
1.6945402727971515
1.741370024137369
1.0675055665803883
1.2951458768119457
1.1037846390101718
1.452281249157597
1.1507836635708117
1.8093133195388988
0.9823429715919654
1.6452653548921936
1.1790893781874996
0.6321700021019825
0.620730908862234
1.7714363930896266
1.6364078407765974
1.4123542744767728
1.4362188167382939
1.346853949645442
2.218859524450901
1.656310784988921
1.5712086096886932
1.1027599971506266
1.400668623055181
1.461853540149762
1.4587425792914621
1.2205704242647668
1.7871859307189455
1.449695594619522
1.3347324537491077
1.6291844631720822
1.798348695084962
1.5748560840657868
2.228903364323724
1.2459069787000288
1.7399251842023047
1.4981031348205776
1.3184919349136859
0.6710097594639242
1.9860516373961261
2.436937082136012
1.5856649263613283
2.0148893195575543
1.8542450156985948
1.535038758289871
1.3294010286761386
1.6135991167130714
0.9627334533501625
1.9857872146074271
0.9578876285820547
1.8692613221964265
0.973298167940371
1.4267068838221724
1.2843140035883014
1.953996420862193
0.8818386081189208
1.5005435648647818
1.6531022870349417
1.8433900710996065
1.424538570774351
1.3856249991498781
1.842988371367807
1.2063452054493065
1.569002968722292
1.1259222842771195
1.3842622733925087
1.2580919405912134
1.388264019381675
2.072022247063823
1.0265673169704248
1.6800217333441188
1.232148316807862
1.5548762688907518
1.2056131694006877
1.2065827684458537
1.2542732196342066
1.6637748925279878
1.6270206659193438
1.5478140105657563
0.9190221325447043
1.0314718671679652
1.5220256897215434
1.5483859890534715
2.0471491173447105
1.7690403901269398
1.8215593061446473
1.7945235908823671
1.8646565121845
2.716695757625918
-0.07872925076411517
2.215677446409929
0.4475277790811242
0.885993405212146
2.048099102802411
1.4958142130181948
1.4155502249099563
1.275462865825567
1.317270924290694
1.6639481415407833
1.2095502244184448
1.667280717597216
1.2923025883178114
1.4891283889243774
2.268095298240389
1.4427527922919718
0.8477737320616466
1.476971162385277
1.557410813068872
1.835414678764048
2.561487922032434
1.503767727919427
2.1068740324036974
0.573273139043984
1.0119065871953836
1.9590689939764268
0.7366968454574498
1.025652860527892
1.0701500180265826
1.6808751111801103
0.8962182430541507
1.6789057221129804
1.7431390146512338
1.7722693015514328
0.900888699586087
1.7643002030315282
1.888473597488411
2.0387127601143566
1.7455859885563665
0.7553410106658415
0.7935934344565548
1.0775227902625453
2.0603626510653985
0.2369427898233085
1.7267109146741266
1.1339886418825789
1.5610978251319654
1.2426161322046128
1.5544028561228453
1.2857023585438603
1.0931729757570412
0.8948648809676645
1.2515987926277474
1.5302319560313529
1.9019712780894495
1.06773197166634
1.7248310528619795
1.4199272694805407
2.1335340003591483
0.8483495316407413
2.117186295292978
0.5313800117422122
2.273733538118652
1.700542038854075
1.6011992656515615
1.3520504621465395
1.5941901142310935
1.0376525211027092
1.3023678858274246
1.4984144744138237
1.1457451937077372
1.7449423936390345
2.237591615777641
2.193658432593055
2.0393639260060055
1.5165398862394017
0.37398046147905006
2.3804022532661904
0.383927723122873
2.4921674194654306
1.1785931418060411
1.3778828653995254
1.4689225797425463
1.7819995560515187
1.9505587885742097
0.8986366405571033
1.513099839552424
1.1778958891422393
1.4173438695852911
1.8155191151786048
1.023010112414843
1.3711781362219804
1.3753772556389718
1.4035798104504693
1.2868340707524908
1.6493815275395662
1.5115366680925593
2.4247361287717797
0.49577269311531325
1.4478638795215841
0.9398631028683382
1.7676608691164621
2.1070318622680304
1.2808320277752334
1.659862417405016
1.0853307141302473
1.520039661555694
1.5816583853013424
2.214123650986807
0.8632782439908574
2.2750625032614
0.6178446001226183
1.556554557593649
1.9416080296387417
2.1429803084393813
1.2509997005461326
1.8676892770754043
2.1009835807426986
0.716592808522212
0.9878615238759044
0.6384229188127746
0.6135403001790655
0.7892681554901335
1.0167948223998724
1.0310832624866397
0.8387184663216983
1.916660331956279
0.9004617492909053
0.831743756696526
1.3189106962410153
0.9808857654854217
0.9425854772644799
1.444680897240652
1.7675171951737678
0.998560716761834
1.5305171998142677
1.2542740241373456
2.3798582597662215
0.47471687641968113
2.2800902612442497
1.2093310240505972
0.9607957104968498
1.902277773405215
1.6277056490750623
1.8121413236711477
1.7414172455739874
1.236329634103302
1.9413433665668556
1.0673616353525108
2.542284916560211
1.6430569215255844
1.266796159649445
2.10241015783526
2.21003363523069
0.4996971859914005
1.9884188973968593
1.8057036948415452
1.241062805713341
1.4603111320881157
1.1682871505351378
2.6065017655623923
0.5319187331674083
0.48966605408671643
2.484824764758314
0.7661630781452359
1.9059035616790023
1.344153035925844
0.9759645589905827
1.5288011505165258
1.702367783539585
2.0928800336983615
2.188738224168416
0.767056715532318
1.0569448230772907
0.6868901799083782
2.4213161201629725
1.744414450381211
1.0664153692212452
1.6715881733477846
1.6959578946446283
1.117279912136816
1.7466790155170666
0.8615006655349406
1.5353157692771542
1.9128981235740892
1.319348888312754
1.1235883178265766
1.9299355873755009
0.5858363381833775
0.8818393349490736
2.4085640824766545
0.48939026161396426
1.8238465851375623
1.468610049476373
1.1620954704652884
1.505155802551908
1.096219581327985
1.878364385644068
1.466509840828506
1.3428462064615678
1.6565084359257487
1.0676487182905117
1.1584107377728812
1.6483178382356491
1.441018522760139
1.3168889190083979
1.7463857663229017
1.0298302498623406
0.7610293490073068
1.9216317015725537
0.8667664051126173
0.9099783344768642
1.83496671157767
0.9951140687839333
0.7887878541461804
1.0816832899780464
1.0454169807275515
1.1124548647741197
1.1125590730685306
1.8355973276766433
1.4998198316894298
1.2662291055830022
1.3749455958457095
1.4862865551447257
0.969204238368297
1.4725025702482215
1.5884167706739616
0.8630903066762629
1.0255803347766606
1.6320021382029313
0.8827558083947307
1.2685461274817567
0.8266978634309612
1.2924164939246148
1.394129781897128
0.9858287241710398
1.545125974764668
1.259923357369163
1.1175225378899127
1.053026948371829
2.294107187022931
0.40364832785953997
1.7596098276361802
1.6171445829967834
1.2261684792871475
1.3355872026105275
1.617108221654702
1.4328212350577705
0.882932968513243
1.9084883325970183
1.6397428034712984
1.996460431722727
1.5065555172900353
1.9196650217133797
1.8901725283704465
1.891600673666907
1.7560958203690606
0.6377218343777254
1.8225616918855854
1.7677559751671028
2.246244440886689
0.5840618574622929
2.047854833743805
2.2605189977540725
0.37748476529372027
0.5544649252933126
1.6881891296476996
1.023348955333015
2.0894333405581675
1.5355147504969269
0.6849084562675998
1.7043264236269018
2.494463178513835
0.6593373116148142
0.6806934950975219
1.6332263083689855
0.5205346763109716
1.5074406325808611
1.5700438489711408
1.7011766623169624
1.2079326876452634
1.8051957108754741
1.3194709382286485
1.9307782043497266
0.7970372551110175
1.9636040446199312
1.9589567183320111
1.2407666118721843
1.185182089647176
1.058990502801228
1.4007798797801245
0.7152558944059435
1.8455042194769664
0.8222188084828381
0.8526493472234091
1.24139644266115
2.1297479635929366
2.2585649264928964
1.335250142376897
1.675964354893173
1.268581295781242
1.239403911293848
1.3273943397756691
0.7448767615819034
1.527670462043302
1.4063314223062389
1.1475160466803647
1.522497987420938
0.8559539704866655
2.1317192064035284
1.076637856292427
1.8719677643597583
2.092914645985244
2.1048953085907574
1.7938522471839422
1.591423583849998
0.7383339534547634
1.4376297034006613
1.510386146969448
1.2919543305205257
1.4893907754627351
1.1585878903569495
1.5125623846246787
0.8826684710237382
1.7616267021684695
1.9539014525351635
1.8511552723097568
1.5616531131695939
1.614693288025941
1.253004485810036
1.2461459425108503
1.6559703029627513
0.9466918023610534
1.722889908058217
1.3881763454781597
1.3878165758939667
1.6537811110278016
1.8347245926359232
1.055169748412762
0.6580832284960695
2.031919006149791
1.405001623791222
2.0625083721483257
1.9254268422820557
1.505626739367172
2.1950703901820745
1.0672415364427557
1.571966374265408
1.9047198994207033
0.6906690584711639
1.7269669914109922
1.02987974943578
0.9183204759039033
1.8430360216473831
2.240277511031553
2.161058636051024
2.1515530036699144
0.8438030315687107
1.9445954723031265
2.3541219697400098
2.253100348766006
2.1648328451126053
0.619623980655002
0.5898341850239497
2.655551447900622
2.903919253515247
2.829667984359424
3.15709910287813
0.94430051866198
0.6866742190377992
2.8108233462304195
2.051652811008598
0.15520329384988793
0.9395533896170695
1.4516132607969598
1.3568912423292807
1.0140975094635922
0.8877722532286828
1.6613959661448878
1.5773732961021953
1.5194985470604732
1.6590703848972603
1.4743163973218052
1.8104650447233412
0.5917998298345618
1.7491905523564466
2.0945254711161034
2.341778658127316
1.7524661918465916
1.4624450857103806
1.4188864523180207
1.6266265449729373
1.8948029905957513
1.184033421244589
1.392508460815683
1.4925131161312262
1.6274712343865783
1.1254970818674206
1.8896941911792975
1.2654257108388214
1.0215468322164594
1.8340937210305621
1.7319086680044662
1.635514060008852
0.8315726898213487
0.9976032241441696
0.6734163415084029
2.0787601484442155
0.36026500661261374
2.4930174503126703
2.41264530648425
1.190223592950472
1.5677542930743218
1.534157769194128
0.4630379920463042
2.2851619681662303
0.5518427108324766
2.2066098979593227
1.5809111518888712
2.09240068486921
0.7296467136552796
1.5305870650440876
1.282623375556551
1.2993632950868406
1.3516162255050324
1.5481146969300008
0.9292161332870775
1.3808132009501821
1.443232226003687
1.9100219232816193
1.2103474239391225
1.2142892044546787
1.215073849799854
1.2453266981254343
1.2681134521147595
2.0150149063923286
0.7107788213967364
1.0545651943360599
1.3650646007568523
1.5631914921446761
1.2860216561763145
1.6868295318450721
0.7212639146628432
1.9356418586139483
1.376312000134757
1.4956688774754254
1.794408675340536
1.8356621812787837
0.7363990322891523
0.7645861095134636
1.166602148610103
1.1548705211576449
1.1648453892300483
0.7839584932090239
2.0078633672341035
1.4716345846436103
0.8465761041586084
1.1577666211186457
2.013400161607317
1.0925008324735694
0.7621142905023597
0.7411366660692967
0.898921473345467
0.9307271809734605
1.8838035556765993
1.614103109280499
1.5975854639008027
0.6421366693141616
1.7011596566264247
1.6577328000354359
1.0950045436279343
1.9603576977166945
2.1474063581874163
0.7723376442652494
2.0188331348968918
1.2583509521468663
1.4346166839820274
1.3527326594876696
1.4702106602232106
1.3505656128170223
1.280784558673533
1.1477897767682108
1.5582414495854326
1.399174283700603
2.052968725420149
1.3179499407215038
1.060707436154896
1.3144488701783705
0.8472165357948084
1.1502950337468494
1.1502950337468494
1.1632606453100518
1.1632606453100518
1.230956214135638
1.4274601416573756
1.3008876735269914
1.1760320719979622
1.274467809855777
1.2111333091872418
1.3987509932485105
1.6128958557984157
1.5192651425822539
1.5108753911169879
1.4696840947054028
1.77662239490165
1.8482156260967044
0.8411225641624244
1.8171994150030844
1.6149284310233156
1.5178351513998787
0.9553467091414866
1.8061259468931872
1.847009767778893
0.5441628887613137
1.1005615319607933
1.2930187891007017
1.4544525379149968
1.2883359637182483
1.5022153006662151
1.6957887573431445
1.0180675257649587
1.6146461636650045
1.4275659861400474
1.9585709457619949
1.8220513105147849
1.6072612865354732
1.331607741371933
0.9186553698804283
0.4866993746116407
2.568914293756484
1.2501582360243852
1.7751580294969924
2.5649297952771772
2.6450752230230803
2.2858188356858213
0.20478541837882325
2.253142004713765
0.9466648615103048
0.7705955167413203
1.9872528652547035
0.8514106046751352
1.3511527029328723
1.4496966240436646
1.3959415076156552
1.4185691176523467
1.7053065799992309
1.8861521578309663
1.7284994339356337
1.7214809583030932
0.4850085025251239
1.170183530928398
1.51720053598487
1.6404945389269558
1.200159264895064
1.9671046527985656
1.292158575620571
1.590974005641537
0.7840836021344495
1.7908945369439442
0.8958770251751376
1.1477520419117853
0.7063573659786251
0.8294919103862438
1.1072195902414241
1.782101437223111
1.9902509685796888
1.2716943552307598
1.5867537327585146
1.1448670862588228
1.7467018921302302
0.9991888667166046
0.5307806399503018
1.6409023725769374
1.0920847728699024
1.574499981349459
1.6821011200832334
1.1297443083955083
1.0160202051238119
1.5848372134941662
1.5912740769876885
0.8656472005833425
1.8723288339802202
1.5909259524046413
1.2947471347844353
1.6012457922293541
1.127808370660544
1.0349744824285463
1.8031027043842112
1.604015103188122
1.7946371151480303
1.1271765067680843
0.708960813666962
1.127908401208808
1.696061079762794
1.2091687472077253
1.376309660920545
0.9422998029560371
1.0035052742940502
1.1551069288450144
1.3758471694700263
1.3197000156486147
1.9475339995313592
1.2032473197656126
1.8078862222033665
1.389582551501224
0.9414086683590717
1.4309502607566016
1.175107558979413
1.485922062190588
1.5024171699849675
1.668997337170521
1.5748651555230215
1.7660597191752723
0.9592780006682462
0.6178804867613484
0.09473496779953705
2.2104781335762196
1.0582940934578073
0.9372143554186478
1.856156305235276
1.1240300061074804
1.6097446435094975
0.5164935959985955
2.392194467868944
0.8647879539881004
1.8149280472348586
1.1064268878971306
1.7237838234716554
1.5676411789722522
1.2322220669221078
1.2327978687145698
0.9196014884483246
1.3895967371984912
1.634272981471612
1.600257679569408
1.5608412449342266
0.6927178318515098
1.0330238100112956
1.680593817660198
1.3651051055794763
1.3988554136246083
1.5194602278779956
0.9566276036800672
1.5769598495104336
1.158811571933696
0.8802059319637598
0.9300412874362931
2.101072145708431
1.4371938449839534
1.59414940361462
1.0601754410528688
1.2556794410470085
1.3352378453720632
2.2288833505696073
1.6802691338327547
1.4336709677297532
0.6272918750561962
1.064852226692424
1.0880358472268008
1.6271023426546989
0.696949243647075
1.3653519825418852
1.6772719688612183
1.1357582660212084
1.6050900300472835
1.7265293126277736
1.7433666429108328
1.2369625972764342
1.9806100388648238
1.293483033208027
1.7414174087848404
1.5784406434126066
1.6392317122885018
1.108158019805681
1.1635341101203096
1.7821572700605817
1.3638930696331257
1.472841620524805
1.138661203797953
1.4003273088344823
1.954262713561039
0.9173257766917092
1.1557650611355486
1.187425172036656
1.0141860348306773
1.571468119747217
1.6983542440467376
1.581065707774454
1.4222430817012564
1.4009079158944044
1.3273338097151153
1.3544585609162139
1.404167977036446
1.4439798992902935
1.7382111819146477
0.8236756971530096
2.0513838378421525
1.9936087070799893
0.803783068164478
0.8909864310280536
1.5728334276968157
1.2333818241369905
1.4090663487242796
1.6319220626896513
1.3506883085771362
1.4291558638244006
1.65717698936942
1.984935398209287
1.6335472889020473
1.9442140739856963
0.8615199340704055
1.504647507403361
1.5074627097515318
1.4590510663932539
1.3553082333070596
1.3014515268487439
1.1968555595207273
1.7424231563207457
1.6904873177386706
1.6232470753887274
1.3897049263253358
1.4220612227235718
1.3819218307758887
1.8541035470144975
1.7656972245343898
0.7093051804426299
1.2957131035338603
1.0252021614330158
1.8341635307592676
0.9733848208813618
2.014965622325236
1.110876814922901
1.547479525254704
1.6054025083952956
1.6484631496890478
