0
5.646092899381266
3.016534278399454
6.614334138012229
6.254491786195532
7.031944150617396
5.926042225070988
8.223494720789065
6.318347117214067
4.757861194965003
3.6229430037696186
5.14214574042256
3.586458775955266
8.951966897243606
10.492754040944165
3.8778210077531794
3.5639398250145855
2.442096947451054
15.321551429348872
7.0950525101335105
2.5142686594222403
2.1956043022393206
5.18136212744265
2.629769259853418
3.467570456403279
5.1018235410953565
3.182575369511874
5.326783036159287
5.733366396890673
6.067935787694828
2.66864413071082
9.50098548779313
1.803777565849918
8.486653291803474
8.159351535359844
3.6656932766630748
5.845958215127006
3.2480544509241627
1.852876683315765
1.5172190731960846
2.2067546243946317
1.9206560895342255
2.4912469396506554
3.9626107780733606
4.363013633696954
3.4705582526781558
4.649855886111377
4.533933419514155
4.801553684367069
6.006434744195829
2.2325913347778727
5.488948277346273
4.181675252069056
3.440388107492014
4.279286577811125
3.773073215007967
5.926424010054068
4.3900722824436
5.85481728069143
5.594571565037668
6.0676584579948045
2.754088997365603
5.591726376712716
2.10291380151329
2.3769936223474306
3.3589054341415117
7.385809333951903
6.0593328200343874
5.471501348637216
5.73465413289933
3.9144604292675704
3.182523736915434
3.3772919732626647
3.329785649526208
0.8399148895913623
3.3727126750712455
2.0399588678471754
2.0350164114982423
2.1333075225722813
4.165684713399171
4.805097360371805
4.982485985077423
3.172744287224342
5.699058647864639
5.649427822402364
3.843522123521535
9.36033159422661
1.8089293691848374
3.261074145848875
2.6390918843956213
4.3231917143309175
4.295079289130872
4.210726652083705
3.6493219139962116
5.335613116862577
7.154015520553562
2.8254781845314727
2.141783465606546
6.867379729753275
3.4194732382023316
6.0109086114732655
4.885140474431569
4.181435199087702
5.166098632043316
8.435471441763369
3.5201590241944487
4.6467400447789515
4.669922887802267
3.5979873483487417
4.240863155273997
2.35795395985912
7.585455922515325
3.8546422836934005
4.340173482813891
4.715633248840351
6.5757748764724555
3.301363889820554
6.1589717191469635
5.947789625284217
10.684143232658434
1.5653325557534599
3.404503149469508
5.540389154282726
3.934622358435972
4.917479318672817
4.977176012771501
2.9400668448097096
6.437952379247704
2.428225039449524
5.397698145973254
4.917224570948943
2.3969736290392345
3.689655411776667
6.747733835850112
1.5717540934938754
3.802796252567618
5.057801992520507
6.322539864414885
2.708375465075956
5.835022371229141
3.859705431135415
5.505729689224452
6.4630293329679525
6.000216787397648
3.9410326988194266
2.525151281491022
2.528407226881421
4.949208056322859
4.5869983816401625
8.85926193309354
3.339443923137422
8.323688860358155
4.534552708678686
3.7693055923281706
3.7900543587765694
3.7885310290181797
2.614404804344128
7.649749269320791
6.94995788331885
1.7400145209833358
8.331249994064228
3.598092821561551
5.900534067500213
7.748147213448364
3.379797257714272
4.997250261334145
4.744282851486871
4.1348063816523695
4.936202160331796
3.1605959286511567
4.3974475580121615
2.453576504673384
2.453576504673384
1.1621144656736828
16.536968701241594
16.92561998866923
0.9352893594704923
0.9641154579582606
5.66135504355665
4.57410229704756
6.829155072086672
2.8668405909095034
3.068068619823277
2.3449491906334905
9.118356214375693
3.4368985170477586
2.6460425539403962
1.4341317959419666
15.407744052638247
6.587781903154498
2.589021898412186
5.576960064164753
7.237504341021473
3.097229531100444
11.391196449763184
6.676016671839674
4.0103570911105075
5.6268154312726395
3.2909915808698615
4.796076908545064
5.442401553665967
7.302178747104058
5.526382981623313
5.4484441692449135
7.783276183219238
5.899163150835038
5.879350137565392
6.431340117415297
2.6065020779595245
2.2136046079052485
7.360313049327409
1.6337734047210863
1.3080560394964316
1.6317307878837417
12.112688314896783
10.116791967550146
2.0843680029372402
7.837476973025715
3.247770449798517
4.743608300011814
3.116401171100258
1.717998685945871
2.844609901743917
3.3685205164895566
2.379653606760497
4.7296760557784685
1.684345115785771
2.683129473821596
3.490289219437741
3.079534720461831
10.176266921851278
2.68465274464085
2.2713723576971288
2.1714949497711817
2.1868942263365767
4.500850148245585
4.75901754923062
4.0737615313426385
2.875574743947544
2.7680740402199713
3.807118930532916
2.7506685680954153
4.894766237806721
3.059251497689396
2.246913733286105
2.210018403873981
3.1080755977135803
5.765951915444494
6.0036622134692035
5.882789452223284
11.132428569589866
7.41972825289237
2.378396396700326
8.932908631066546
7.801658909911109
2.4609333778758886
3.2176201014230084
5.1974739658671165
6.218774388876304
3.4256978997950536
5.177802865310331
3.7162018491518567
3.940431854183858
4.915882284177579
3.2438932902790905
8.106609254091211
7.365838124571551
2.717580260379938
5.670170589910754
4.382004362265647
6.171232095727611
4.5870881848995175
4.201817521951617
2.9349563536138423
3.4977158072797034
3.351396771748695
5.446831116459919
1.913548131510378
1.8183625773410566
10.882966738331541
2.3444252096901055
3.761615410631606
2.9183025337949084
4.148192899216369
1.9634360623583302
4.851587040162234
6.6891651913445145
2.947917219524763
3.3268080632313346
4.247247248931055
3.8604772217941736
2.1690538484958655
5.7794251042665445
3.6735074097861524
4.864829996676694
5.411581683317885
2.1768867822267324
7.809325655719214
9.001792259621881
2.306537322802592
2.2331271285648784
2.972410340931252
3.157062188136591
6.043884437698884
2.060308354715246
9.856152739438821
3.2177835784769466
3.9683590067459034
6.307210074886
8.427296037159783
1.7802840806399205
5.907893946890305
4.175944737764906
3.9758678166063857
4.2385731165824865
4.302955459751249
4.017421991262771
8.825249831473247
8.89841074112945
8.71727567936253
5.460006184168452
2.0230743956717263
5.371758337164115
2.376710976991599
7.956713052247109
2.1687212398062554
8.61757535925949
4.203162758525003
3.980057550402245
5.254611873818691
3.9440382149143796
3.2650082253569033
3.505700080178633
4.566863627596683
9.881365127333886
28.19917449260075
13.778880513259676
18.34610625563393
15.410791653561134
12.49339645662652
4.980607336158462
4.603012831419884
4.089274677988082
2.4957138928669442
15.766935525309075
2.55782403655126
3.4572022554833977
2.363750134487662
5.681184162482287
3.268809978218383
2.6953427232651466
2.435447004313317
6.603769839954616
2.1088922240645833
6.152291944944215
4.236914265368257
5.620862895105587
4.355592218584197
6.461959035225556
1.6492490997261726
10.789656707718867
1.3241935108039207
2.6011056923023355
5.026939360021303
5.4755129119048505
12.176243939991283
13.091393849391928
6.3057025747512325
6.3427011371092465
7.318511665774215
7.557027028631478
4.669572814529773
3.8265640974463193
6.6394370638964455
3.881986186050826
3.623856340617303
3.621824883493916
6.074092321643667
7.020391299482854
3.8450810726529
9.297793922457796
1.7631859252855182
6.405051650873121
5.65867028747331
7.069477249458153
3.6536052120208864
1.9659760909843698
3.3801578806482397
2.8572090895830042
5.7529108525705865
2.2629378500430897
5.881254136867431
2.813341755678968
2.089252208829337
7.747246826068028
8.993470005240983
5.558162214169287
3.1039707461935104
5.023565970960626
3.173374764841312
7.7862256198374356
2.1280540074607868
11.43214425683853
10.814421970754763
2.6216125226853957
7.1432736751906
6.498027311294005
3.7097574891764227
3.1694469951153246
5.644777954805458
4.147570017843757
3.618742908898779
4.617176600167199
1.765558257341497
8.288090968954057
8.900871564089465
2.582725552975819
8.255270055539661
1.768644623886794
3.393099028730365
4.580149854806628
3.6311115901305406
4.828646670797441
5.0597028617480095
4.365131552287243
4.299923522448227
4.094769700639328
2.7615429939095426
2.6574598157293496
4.430176359988702
4.418417675019921
3.4665379857436482
4.888863838846749
3.8260323730456722
4.7698842980329905
2.7436714974818717
8.118429353627269
1.947509707603051
2.7159175601975165
2.4710296368263314
14.759933575626995
5.596673154897275
8.732652248462006
1.9154625614665957
12.73588378691505
1.091327801619954
9.938015306848069
5.705695832064422
6.249403891307328
2.015898414283996
6.858744821806505
3.1117741801682572
5.248035932258688
3.9843331808976274
7.727081253621972
2.678815459114299
5.232658700275561
4.839040453284253
4.365719345582439
3.1324477733812865
13.123337844024531
13.846614585174557
1.231082806772044
2.07391982207511
3.8295724760779737
4.522812958347123
4.789871493435278
3.3459911695149334
4.414338580560167
4.848140830257882
2.4692311622504755
10.868117637583858
1.4804822793829426
9.066397184855076
3.2049434663768213
3.315562456378131
4.45733751161163
7.9639706508000785
2.2406461291709454
4.9609724351234155
9.714202889962523
2.1826305737649054
4.23980533142777
3.636043737670049
4.066010729167434
6.136165326649828
1.9291333021936832
3.3017374663534933
3.5756430173244302
5.6414546541503725
4.54101022232807
5.123687753105224
2.9422462847732778
8.504426385128038
12.032839673010928
3.556624140168991
2.947680129016885
5.749243988126688
5.062404107848394
7.506910491597765
3.455197382598724
6.436909936310447
2.536348055821837
3.9047783327556687
3.152752675463624
4.073055573030079
11.84450121867885
3.300125434593362
3.174606366272058
5.139450365449399
8.076091553276788
4.201913964708041
4.337537140356582
6.425622163136308
8.155239576712122
3.4987028243558447
5.749566049754651
5.977765441116768
2.3026735834099106
2.0925114133547105
6.19253191308594
2.6620881426804055
7.373128391634157
7.549212503650322
6.635680441429816
3.650686774904613
4.069628634908129
3.0231749781101573
8.36443576290241
5.123893030161906
8.69517423150439
12.705049238705735
2.724895060337297
7.50806406228736
8.598468275223446
2.9678348445665437
3.1574578341723254
7.644282062108523
4.194618196942221
3.1604371861717984
2.0239955867564614
3.3965097502405404
7.968584081037823
5.008025849457291
3.6806859630647724
2.699373365611254
4.516377448728009
4.903091522473024
5.301582382890663
8.816877472480673
5.637765568813543
4.476936999110667
4.965492890802549
3.457725899231354
4.561907659865435
1.9465745394163196
8.497973443712194
1.6463910998575202
3.320697856586582
5.387902658064609
4.687875411514394
5.761567735175139
3.2057331164836156
10.94516046534001
2.063918965191505
10.374746352436482
2.04233176725044
2.446140081107447
3.0106210833866744
6.372373379816694
2.4230018024471627
10.603491499103404
2.1043939498939888
4.665535323200724
2.770880833851551
4.463377696730044
3.0440302592175517
4.063986109839355
5.135038709177551
4.205014303012249
5.7644295596346655
4.734494567166559
2.6690499592411623
5.528175376315151
6.954333020472583
9.337202677807417
2.4309350316661864
9.125001190733405
1.7284327381260292
6.7499516277200176
4.319705355114327
5.103532550009548
4.5718282414841065
5.58711127374839
4.140754531794327
4.936413727083102
4.503040496875579
2.2340899076638947
3.8301500776793183
5.194430776868749
3.199339447530981
1.640047129824464
6.383627903623335
5.0110865931704245
8.058744417469395
7.880534353713369
5.289536293039512
4.796291211339688
2.5271117417675626
2.152710575577779
1.9819978206628732
2.527092317754655
4.436561242963863
3.9526354571290443
4.666366607857107
6.371249531923841
2.2397504289422003
9.244077253409044
5.791986023411892
12.578758358286496
11.300608337880558
3.714688066765554
14.641247380380896
5.606196679952963
2.136510044139713
11.652968111782094
5.494778047805337
4.558983555956464
7.1362244264307355
6.618579549445652
8.931729525050745
2.66894804253296
6.1296912237311565
4.677893716777793
2.3338338363779765
1.7016880416376743
6.531245907529321
4.151068581340413
5.289659873275091
2.9859877556521024
4.235432423215724
3.0696822680950193
5.006157081888337
2.884416295199983
6.701795934652523
1.5882534945330717
2.703873864488157
13.886258175681274
8.075976434869334
1.0602971617640753
8.480629592861959
3.4171329518589673
7.42316181783822
5.058296131030567
3.0356560187005157
5.451122157556842
5.074426807876572
3.4783734856161534
4.8057934864603835
4.494241805568917
8.278968315883336
2.7790242946744703
4.343592211088832
5.180979590154736
3.6654366207062887
4.301468465173785
2.0539425292141136
2.959019869831757
7.5428228242421955
3.458044465979113
4.575813306162446
4.210681261068848
3.1920789256172593
3.345789930304323
4.599361693840129
11.438740509956624
1.7054740254912075
1.858487588910957
2.1783961331799113
4.171175819646143
6.957012569344038
17.705751885424952
6.742085555845183
3.4530296425747995
5.714041198360182
3.673104190222266
2.421381618814955
3.61482985199284
5.207097966648049
3.361627823198722
3.8441622980446786
6.247643255251828
6.7435031342005205
4.191433266019475
4.628975011379345
5.44083618902279
3.011687138307642
5.208911991564042
1.9398302256490898
1.7815037645057956
7.7452879942926804
5.75789343524615
4.4880108726249395
6.660096119483877
2.68514746694268
13.140344566460708
1.7814072689236335
9.575968907358194
4.248223010934428
3.565333011665192
3.716439906504752
4.288759824578181
6.911671809230145
1.4298741427438906
14.871813023624764
1.476149933968558
10.976188770835092
10.706604873282942
6.793184460477528
4.495841809246745
4.188193770338345
3.7891964447031716
5.462679963045123
4.065982631598527
1.8389531865399191
4.1284689939635815
6.051665849587963
5.677208898927066
5.000689208365034
6.1289475568463345
1.8662601264328784
2.0265433438838203
4.292992379441555
4.491727098009685
3.5380133335322634
5.322362827666367
4.123470086004571
2.734919774949543
6.625082717274388
3.3055834538264484
2.6702749557044374
6.166793913777884
5.226820770263569
3.1467411394772498
3.296056184223487
3.4274531711870453
3.3749011306161427
7.809444893643221
5.341639277699849
3.2055500770410026
4.3726773209691085
1.6379306336656003
7.039424036246201
10.70558926822963
4.416046291738288
3.7612651106173733
9.59434289800787
5.674025266697327
3.3133826330841414
5.5922397090726905
4.64121588565119
6.852508208753297
3.01258375345861
2.8962595316354003
4.397070714286763
1.219253915562218
12.165053591717518
2.949313538924078
4.483362243578173
4.52330193386269
3.020524276740061
3.2817229303394226
3.271617596615651
2.3241963601524724
2.8468319815018943
3.497471677342339
5.314147445799994
3.4282918596578407
3.9431390268871622
3.639424818599747
3.4233428966147836
5.703106225352174
3.670384902918799
5.236998330822813
3.0986937514403228
3.8606198633561544
6.043070440060764
2.7922731373263385
6.283661315505509
2.115461361233366
3.694159294418253
5.319443794473877
7.50744475955686
1.387205157880115
1.7878228737822939
9.696924700134748
4.547428007550005
3.4954104627093576
5.4366518947901055
3.713370520680358
3.563500460914298
2.677756805704454
2.094570970910463
3.334655407440887
5.049628203890025
4.362757680472338
7.148520151625327
5.735866164115956
5.384330566555748
4.831531014197979
4.114070629631642
1.343000886031594
2.2980908068012917
5.1771360224852225
1.47048665106408
3.5224434484548475
2.553634052689354
2.967554031259494
2.217882865196118
3.4410732688193217
4.424477698906706
4.456645444581238
2.7495349091082106
6.037992998719626
5.631488501659216
2.6132355403602388
6.508847953249613
3.4728473152883543
4.829009044915411
2.8408432303804494
8.124680670992703
2.2463946434786957
10.765041548797827
1.544574442057014
8.798669942400938
3.984787867370404
3.5179896301788403
4.1016084733722655
2.5805215624551874
4.486731533438467
6.544617787826724
8.14595123369432
5.862980375891209
3.0998614546427734
9.026492191521585
3.62349003321334
2.6217356518720125
7.734001787072433
2.0813718874032476
2.7927351940746354
5.189580183111366
5.373710227480779
5.935967675254795
3.113727327056773
4.9390179624555595
5.7342196326751145
3.3369100254691237
3.2567207404871024
4.882206569284885
4.18377597664942
5.471140317643004
9.91018462289251
1.8919979799328464
1.9515100445136262
3.7257652305942486
3.5083354744746282
2.462888551029811
8.223987065721202
7.197764417638253
6.46306272955852
2.7001196633064506
4.335021374616944
5.029400756959812
1.9910721300898444
7.405077038740435
4.315641650799651
11.028674081439654
3.5078377903205276
3.736532211709906
5.7183962950451
1.5019605905940752
15.919341420973105
2.262002766793645
1.2121869611703735
12.205544800506352
5.530999776464854
1.577303305145275
4.484567187363701
5.777737996277176
3.3147429267019826
2.828033457460382
6.351553985997695
3.597076684540831
3.785744984836341
3.842438614404172
4.326042251108504
4.102779657166209
5.25918189730504
5.339272728236589
3.687389247841194
3.6783106138408255
3.594094824511763
6.805970709920238
2.3464078890111497
3.5606722632816936
3.618690689706521
2.7771659212852153
3.731202595012173
3.52117728566808
6.165166849113754
6.392417488424169
1.4259431328763865
1.6574445035583518
3.2704175538915057
3.2414613394325187
10.97893960297603
8.955977697797637
6.551227445280988
7.549396727829079
6.9530054809230775
2.3032742079036574
7.453644243271931
4.069852053379816
3.804780355590043
3.919212742866912
2.2873342391090006
6.071133357414178
5.426882910425855
2.2414010460974967
7.867256941502702
2.7832212995780856
7.151588187569826
2.0588151031305113
2.71919146367297
6.15526938982547
2.88831538110286
8.389644217543697
2.3713572202185746
6.292037532283413
3.0516291980355934
5.5883584199469585
3.297644641240516
5.824648333079394
2.9360421954715092
12.168826135495937
1.973586573364575
6.078014231143332
2.8132677613736767
3.498947432515933
3.898383257942386
2.5948649461944315
2.168514786112751
4.217170555673837
5.163741624472119
6.268928305181915
5.816459544692255
2.4008673275027776
3.022634671744911
6.467624074690467
2.465119066214702
2.698262865543394
5.8007148638969355
2.4488952363861918
6.559605761866388
5.557267287519827
2.0431146809629013
4.1019784029361475
3.883846039169457
1.4606778056059044
3.52220498715187
4.2888363727895795
3.757090940686747
4.117107561970062
5.2326087417190505
4.298883046440184
3.1481534436723857
2.729321634799632
3.571503386567361
15.304528142422996
3.714898821954198
3.282139427063544
5.202837382219899
3.0075307211734823
3.2549691540640366
6.658835638037037
1.9801803309735917
7.716545968923094
7.389979686260978
6.903720725641324
4.819382267687298
5.461026802367117
5.157043465517065
1.79493051464603
3.064448094918224
4.515383652448815
2.8581419747952297
2.609541459874465
3.6664803965990567
3.128355222820415
7.762646510466119
2.201414703681012
2.999094235898375
4.733742236208201
8.010093605465933
2.7782611244025985
5.595688044623919
2.9950092034349476
3.826556636312305
8.903857556669216
2.624151427480038
5.322233271263096
2.8909187501725175
4.895014455303816
2.1763296568415424
5.961642381988172
2.7292513634153086
6.059401395624999
4.353525566242976
3.6676820023497743
6.77364840352602
7.070607208343122
1.5679968161482707
6.906006306851944
5.709432293982338
4.6566129291086975
7.681377308031628
3.4141670146851886
3.950522815496971
6.443053293247463
7.686293637595448
7.367708966190998
1.6088328750198861
8.13797273235475
5.283766557929138
3.152525830716001
4.384893149834223
4.090453384765019
5.6326334450919
2.9095900802561463
2.447906943814718
2.9094825216180005
2.22545424858445
4.9345697990012205
2.1764318304116426
2.721170398163455
4.2308858265773015
4.007385628979412
3.62097826795248
1.6575815274710028
7.177660980385332
4.13781078112198
4.203655364368337
4.161372233124001
4.333221242829535
2.972458097165995
7.400692230745218
6.095307576424147
5.683769205968021
4.123397704812317
3.9536709733300177
4.581038969641943
2.1887762645874953
10.640852806710429
2.4813162493974343
7.211751800891674
1.0804647760800496
10.78982415992368
2.722949830493447
6.320804999863809
5.824217144478915
5.4802725519075635
3.7350147551265875
7.679330342137983
5.824736800638673
1.8183317138853743
1.6213005303195869
8.386796662157252
1.6738783025104642
5.595995877137985
5.127474378524238
6.514191434061436
3.12776996437722
4.58195350042047
3.135209860868739
2.666925979626454
2.625958692854933
3.6511838561883567
5.375986522783928
4.9194798448366415
3.4755182433580143
6.448660025538188
5.5376754220055915
4.512036030750735
6.707746764156588
7.9268079805653615
1.799275221729744
9.168639178132452
2.7492541207461945
5.800346738156677
1.805886929998186
4.785731002588952
3.5835375135521654
3.7422784159096003
4.206551570733325
3.84522260204129
4.826265582732617
2.1962277882967878
2.271300968350819
6.011612130837419
3.225223579112401
1.8568406914699933
4.717721915558281
3.412104791096188
8.159958379910737
1.8193471569138366
1.5503831762272389
9.83603852741711
1.6413640171564012
7.010549202497513
8.69935111665341
9.995085239290695
3.8417574379997013
2.7813867419092038
6.090665496804324
2.672149618266692
1.8634508552687614
13.54824517642862
13.589464229656793
1.247396072383564
9.078468034006406
3.3423431707147806
3.7284101446094886
6.45729299461666
4.739406142673813
2.9056129501665358
12.83175680286945
1.6876672316733508
4.416711843085244
3.280063069163248
1.2682450308742492
2.4151443722583936
6.053611156148519
2.0231410928558837
3.915844808719419
10.389968633874505
4.936608465674359
3.239073345564897
5.537278376541688
3.4518203323225416
4.125865894728125
4.2151701401805495
2.640473966005071
4.709515877239869
5.399922564953119
5.766566010845106
5.62643980047715
6.509209458618089
3.2808866317298846
2.7656497434231273
3.949936214122286
3.862815382080238
2.2339097189335635
7.210301498991523
1.5703128533856747
2.9495166876275953
7.675954214576431
5.270898145665392
5.849614946973473
2.631596826665845
4.907762973216243
2.8817734597067584
5.148035273364906
6.038440840900423
2.122349004127566
1.2515582722286371
11.676549073530044
1.3068077741336026
2.8691066620844805
2.9151987571682803
5.4961961374612365
7.90659783819776
2.068235028400226
3.957030170742162
4.41459237104781
6.528901568044833
3.8456015713815397
3.7125408246733693
4.805349074757963
4.997206011486162
2.312235834248136
2.3779922129402196
12.427245810780896
0.9648671537882814
5.062857154208162
4.272164264843004
4.362465896745602
2.1724311044884326
6.715971135671864
2.289977410673259
5.971004544410804
3.4709140118003345
4.243725105265574
2.88385082767806
3.0145327960578685
2.8306222729119384
3.1978316418199766
3.4781660146084032
4.975172834097673
3.3637617814892473
3.987015883579086
5.573267264942532
6.607225227381706
1.7476699523163364
1.940579079328386
7.402124123229285
6.668453914648843
2.415481858405649
10.737076273041987
1.592748056371442
6.9814731153884875
7.80831911484388
2.8268684087719724
3.5993270004093163
5.638969903094081
5.815785903215843
3.193083022235977
5.164334476107815
5.021599372804529
10.179530271663346
5.174384096725932
1.9408125322500307
8.066772950992734
1.5447277644888977
1.4920031262878353
4.4498158967664585
3.2934825052761245
4.041463410350733
4.9206422433261645
2.365755756685138
2.689936576065174
3.6980981409718354
2.605504798363301
8.21557793150504
9.183509039073433
2.017684390346083
2.8184167809593874
6.722682688310229
7.202360173780772
1.4073836077155992
12.397372597979125
2.5222895513636354
4.280118396193776
3.3575068629441325
3.866734558927935
6.937013129643261
8.22291685327099
5.302806776517907
4.613819687302035
5.260675957904679
5.829121837939914
2.0997128731074968
5.190389392152653
7.219838474286713
2.7317096999448136
4.625418849549371
17.008498965972045
1.1147080999780872
11.031788852167022
5.623196645076417
2.6153219059809283
6.451871868005897
7.788420038106433
2.53980541834953
9.702724427284966
7.714450209496234
8.238136201418445
6.635352266477859
3.0676349323063
2.9899413539903006
3.7239365336375516
4.956580465259902
4.719266727903756
2.760880487193053
6.3744039109281925
0.9249420644534943
10.131174832868687
1.6138200891851873
17.734709011258047
5.202989725310937
2.706725256114629
3.5481065830208087
4.550120005138701
3.40833744858096
4.300241244959117
3.261086481226074
15.566909723548106
4.863182893155557
9.446143489237047
1.8322453742676854
6.091070800425506
7.312371617982011
3.974440427096832
4.455078608163874
3.4402814294799557
6.496729778329007
3.6923069256876295
5.008138200752113
2.311690166007264
14.419786632155597
9.078207966918441
3.7666491919096488
5.505815117095995
2.9265879707642584
7.264655716996625
6.240632738511464
1.6943139314618212
4.311913525173645
3.8598321205943873
3.232430059354527
3.0982618144251273
4.384349536195326
2.90861456340084
3.2766169101378564
5.29575752770044
2.964087903353698
5.3512915926294395
3.736472439222902
5.117979304192643
3.846213753092331
3.8247849385559807
4.304450295823792
2.517739658414142
4.715442347805408
3.476754126190698
3.85814639713764
3.2127079092750357
4.205609274697397
5.340608543166492
5.519792724606395
3.7584488089752703
4.435980256318287
3.487690345750153
4.3310148273938385
5.537290770690357
2.8361169948855394
7.909182271611163
2.895316956615293
1.3123129588086955
9.85569863140638
7.973583239480745
3.634963615818476
3.276640379792944
4.97036875817195
4.676587293372583
3.472256867992687
3.880654766097385
3.9144584212049254
3.8548167055200606
2.0213581537028933
6.013612949859824
6.7898800833287964
3.5159900848249275
2.8933727848603623
2.544595185984806
9.208223798678102
1.7840716238565333
10.763369287584215
8.694562894244903
2.3611597673275915
6.842947257148194
4.412304225803905
4.353307326051299
4.368654068212188
8.761500054271892
11.456000601472955
3.8426965717272186
4.479143187087979
9.921473661825587
2.8910546031800832
2.8714069736460837
2.5901661887171943
4.112763844610657
4.667770221178917
4.592446231981129
6.746830147241678
2.5279682805326558
5.292935774906704
3.316543196981224
4.189700235111702
3.3174934420757047
3.872114642879153
3.876889156448102
2.6060420497222085
2.0236504482184743
9.201765960932654
2.2848220366653638
4.577563294307375
3.7786148376520248
2.449869996476161
2.360699713020993
2.270366281522735
3.520719336452392
6.172149256356956
6.275936639303485
2.468400240845226
3.608321213480405
4.331835860823598
6.65385408135232
2.819619771008901
7.664103322392572
2.5607075485328634
2.7821571309084203
5.6381260373869635
3.8550267855902636
7.868261037177415
2.1045499720902385
2.2210462498329018
4.0946545300053225
4.709319521725906
3.851653806713155
4.484806632962476
2.747040779020595
2.171255689448187
2.2949414329901696
2.538438647856494
1.6829845637000904
11.988976831842791
1.9986418503135228
1.2150793413241001
1.5806122767071353
3.418024370533138
7.033442477591535
12.454532176831437
11.879260032190636
3.184186412424309
6.179318123623773
2.5988012008072063
5.597730042870039
2.494224169956116
8.101269088083063
2.2558328562688845
2.536284481225024
0.9663035744588169
5.4530542592331885
6.496635625830664
3.6825274358970947
2.5831258858944226
2.397379869012033
2.4520776491548864
9.221211405001297
7.974772800866769
4.174364273693209
3.5634195841332477
5.074514594562966
4.505162003911828
4.657609539284221
3.287761632270557
6.076988139201329
5.870624976433927
10.295609706467241
8.50356635369219
1.1766802158673766
10.845738616384642
2.5018232005005285
6.906982744371035
6.217756437762144
2.9196097331543336
6.280382881654663
9.471861214320253
3.5022870595358113
3.3612981622915847
6.5849072975489165
6.51691580023374
5.670886875220792
2.1269135374045036
2.8865373755534462
6.110992848299342
6.030289783119212
2.9521363932018048
7.1646795974887985
4.043766907603448
3.495717573372626
5.085538474422765
2.9298084575780146
4.293345228654201
3.8692788813455485
2.8295347539141065
3.0949611075483303
5.175555697342129
10.932991845913289
3.90448730101138
2.7817595241566
5.586607908979137
2.9165353279499904
3.9737455381834903
4.667778214460224
5.577998166758008
3.401238301134927
6.49372758893447
3.3514458037669104
1.4042762728898055
9.333938651926548
3.6404777953659435
3.557085588581745
3.6093188853411657
3.2369530153475643
4.991801152368584
9.26646088471086
2.1286351990028067
3.0390048863076324
4.650631682324683
4.5825119091891775
3.2930552666929107
3.9998021589004646
3.4244238032618104
2.79091948047942
3.1175269119466233
4.110269421473894
4.4070256820903975
3.6862535855848653
5.0802110359328845
3.486859960355579
3.169562117626756
4.383072278972695
4.503528987155791
2.5019730406374525
2.3895768438109455
4.990946594547004
3.032860674430623
3.5219598099820892
6.63426961769476
3.6323451743183623
4.207690873563465
8.36507652617936
8.862809624421281
6.265160149900677
2.476927881925529
9.80551780773546
3.8172582518806295
8.65899940364615
1.5317389718181234
1.688451179268435
4.385559035485477
3.3560378248902194
2.8733767366931096
1.2617338776208544
1.0266370831586449
13.922778903508588
1.2585286185265927
3.797269094896537
1.9685365702658746
7.330885988858114
1.9353272767230425
7.88650832671987
2.309105686728404
4.171423595880977
2.6000467194337644
19.754067568093074
16.5586849973138
20.92519644633337
14.884151891010093
1.350165012953946
3.129900674528611
4.8316754704711915
2.8218740003414937
3.219592475471388
3.1855203605830957
6.129984768988192
1.926826448238003
1.833197219376616
8.678481982801102
2.8344758503363274
2.601113912377265
3.4621041171388587
2.8916298098582
2.585251776794206
3.3562678222825566
8.466063089223653
1.729687863877023
6.77114336261133
6.115391445565485
4.470093558458574
4.402628792144998
3.9057638351963857
3.5278500058181725
7.483355388600504
2.983960867992465
10.25655089747021
7.941916511851928
7.003550580149599
6.586935822251427
3.5058215346113384
2.8773007558362145
4.097381774087524
4.204072397655112
3.82889057463107
5.199145956899648
8.390542255387022
3.83831472817357
4.774015859904441
13.548457691571874
15.422722072429593
6.473393974875909
8.999167229337468
15.09970368571593
15.630494525250434
10.693423478318454
10.590494981477672
2.8474390095533844
4.440781908389541
3.7186954594539317
1.7356101846546037
9.75954298393798
2.3281335390887308
2.711402697791302
3.400248969179818
5.716907794245248
2.1304209798285223
6.967913788618295
5.259413515667663
3.0910405809391324
3.9671946357650634
4.37900075449497
5.013787064107058
4.968193837123702
5.658102949659232
2.710938240369131
4.433315600849882
3.395651220256651
4.936470373909903
3.9849513139475854
4.716610463553377
2.8548005518568456
4.691363068576222
1.866931322081066
7.546383032769862
4.915150780572413
8.747098307547839
2.142794216386634
9.077408996481475
2.492364836645242
5.726128205687291
8.534265061496134
7.09518548752842
2.4087838633880807
3.4115601923436576
1.4733066806621038
8.379283919103582
2.418003035860947
4.5591093245332805
4.521388358125253
9.965198738166087
9.352271769875259
2.5116040699348168
5.130703259320578
3.096407227116179
3.905343151063821
3.632952209336542
4.758003859001535
3.1895652791930265
2.477383812743854
2.529813746880484
6.649053944629457
4.82228970762624
5.706303354405864
3.5613462038692387
4.920471722585006
5.046466759370434
4.392018376398527
3.1133641863299797
5.448572780043141
5.938279965727656
2.6467013201406315
5.763720623840467
3.3805311571422347
2.564342031037906
3.9481438098616475
4.988938398286693
3.4494570096954713
7.177326426139696
3.0319037376284013
6.403440838760634
6.633550721902339
5.862709755462817
2.4817343617769425
2.4109916177530715
4.70201788983246
2.799618042024633
3.201018478337996
1.7992754672887243
2.2952992380670785
3.1637583439918244
2.3992060511109705
3.021594401462423
4.093569311387033
3.0871737160914527
5.506090004220229
7.160818158811313
9.497626651580374
1.899115223464378
8.715126734274028
12.522395561441737
5.162856267039088
3.998445399309862
2.8704615630674906
5.766408561201667
5.483320587188421
3.662651989187822
4.41378556492206
3.196880463381647
12.283701306036068
1.0669448854178358
13.758355210315383
2.693219569048857
3.361618602592995
3.683619064598445
3.455418622253121
3.5725347990278373
3.9346736661180426
4.332699906554069
6.924893786420687
6.968158063422932
1.3935856855695044
10.906982258491599
2.2635018590608675
5.892648155867725
2.4556808066070044
2.4859532410593284
6.52478390993331
2.3140712530348995
7.6247300670688825
7.018425313734684
4.171418554521119
7.6960123418815165
0.9523926423211
1.653421115585433
6.638780443532569
3.4979350246838345
1.498090665066631
11.208218487564777
4.488916742222855
5.231410851388875
9.406387827401492
7.473033102678084
6.455925155118999
3.443350729384042
7.399410153647671
2.918262273996569
8.12247224959379
6.6034933770236295
3.6094209506408528
2.81063411928015
5.479566332834363
4.171976519991929
2.225253284180087
2.1664289849598646
3.9135317701573977
4.593450055111098
5.377089053062458
4.387233233183202
4.342791439616489
4.7728391229516545
2.682149937522537
6.622124118920145
3.7059401808198205
3.205848455043092
5.18222936762521
9.397455781136964
1.8346217599518835
2.890966581612246
3.4174803400808007
5.213183092935167
4.23578558692845
1.6383100607278185
2.1516886468386036
7.130393202977796
4.759365466416819
3.384951025500528
5.339645274570051
3.8966424243160405
5.192010222648389
7.079369737417319
4.403428457552409
1.4590749937985077
2.657634951201219
3.71068514080839
2.567191979198416
2.312631693758464
3.63885500874163
2.6613840328434812
5.943668059233358
3.3151281286185634
5.406887012677044
2.056045783204513
10.209419452473984
1.6788864327943964
9.025527392548495
6.7779178408960385
5.42896420048509
2.516072213031142
2.6367344643786894
2.7769026146926596
6.73951660144285
2.357987240266188
11.133710169817725
1.3482461415552005
2.7488960737691848
7.911030051670681
2.1293327987009616
2.2228488411795952
2.4317364023470627
2.679561429974404
2.9150373204785067
1.9690794658078667
12.67397952434139
7.613037851337392
2.1404489897595353
1.856671552301807
2.761867924727948
5.670885042788122
8.112489410764143
4.479520457157157
5.012250172193501
2.6073229289779873
4.540875913738797
3.4583565053147707
4.561073643503325
8.361203295718074
9.714959729489147
5.523678273548821
4.128050358466515
3.2801548110538716
2.3350057599940475
3.463521225072291
4.238548971926237
4.597494109899273
3.451222835794355
5.716882289589881
5.037728666613155
5.569630904396754
2.4009532676188354
3.1168426620055234
5.811702713154818
7.942393091244312
1.3507494615548477
12.094743043828
9.601086500742356
2.571168277398595
3.8995408308227404
2.1355346635719856
5.9274692495117245
2.9658276814875797
1.3574766233791502
2.02859824119198
7.2961177520108125
7.960264149857287
4.288979417979574
7.786693076360368
2.935572324502154
8.344724394319739
7.219436117571571
3.1625003982163835
3.8021777335461215
4.629502707811868
5.790294357665271
2.865555771321126
4.369640372961476
4.220457084625907
2.6447258946289898
6.323440920744657
2.5793282587739372
6.1836598399903435
2.4561513889601168
5.318948040740122
4.189644052735971
4.246150342985116
7.150953815807377
2.54000116455698
4.72289405554393
3.1749086970805926
4.498186322961512
1.6621046850399208
3.796743649680598
1.056169173951478
12.376208904275943
6.696563477379951
2.275081269988149
2.0080952071077345
4.781953376987112
3.3027815505958733
6.938521726133387
13.882147996059869
2.4740161805617036
3.759045266009333
4.125903321852308
3.9108396680314494
4.307516700272033
5.881938568331408
4.0703256474034175
2.408902338325372
8.717133902554565
2.3481825980008812
6.201446544286013
2.718797769804822
7.831656228364822
2.4317265243011827
7.500044962049289
3.3265113226906147
5.3843377009685405
4.24567061765343
6.041203977229469
6.248047955052991
4.845665255904206
6.141759023413102
6.22680980289049
4.896977730134896
3.608609534585175
5.046070685583563
2.3849730006170673
1.6555149894551326
10.686840156744632
1.7851917683322782
2.7272576216564763
1.873592771420998
1.9424980248214636
1.9585181850188784
4.198372075950148
5.027485130931636
6.672643668538628
3.1469175780423333
4.316242048685713
4.680697704676786
3.8926805320427955
3.9211356848026626
5.122247236361541
6.478571516962861
2.1116814311688303
7.6982198375359
2.083583257287212
2.5449525190979676
9.371418811876456
2.7987718873365606
5.941941356076661
4.42546636035051
3.6017606262904844
3.3502107099880685
4.736031703399987
3.285164920900738
3.7190526969208566
2.4050707948766124
6.045859722737945
2.182870438737496
3.0280603327737303
3.0495227839768053
3.0312234786992356
3.0879496694334643
2.578897062657809
2.578897062657809
2.5524868284559887
2.5203845599660837
2.7038362319106493
3.213175739990215
3.3147357867925704
2.7766811074248308
2.791763748520527
5.845371658829095
6.452012269135109
2.1384626833944576
3.004968303516987
3.0502145759443358
1.9636967082791383
3.5058460057332885
1.3377925930283872
3.6127256916759696
3.7888529270223423
3.5320864301513035
5.172552452657452
8.068707827766783
7.712617935321271
4.970120568161714
2.684454247013654
2.794024925562387
5.355504786265399
3.3855558201986544
4.141908022093338
5.843162159920427
2.7404203842969412
5.040461916212855
3.9004095403884547
4.021486574173648
4.670466365467467
4.2997901812102794
2.750831919022341
2.1733833695600047
1.6212326077918273
11.327442466774306
8.997613654615908
2.0087008421293113
5.826748301326532
5.519857890807054
4.55791363209774
