0
-0.7516516530158501
-0.868530104443233
-0.8234593610992244
-0.8716993020750073
-0.6213771868076252
-0.8857244584878543
-0.9292801003018
-0.9943506326749243
-0.9170118753037912
-0.6728508406361562
-0.55837118384241
-0.8185647535626159
-0.6561576174869066
-0.7860805342367745
-0.8718738107250931
-0.8655987096956981
-0.7319060995404904
-0.6923629468772161
-0.7915061614982435
-0.6942911400151953
-0.6623941421711582
-0.6985626878349345
-0.6984232123327478
-0.8600371769019957
-0.7109832231336399
-0.7761813772053395
-0.8498315238607916
-0.7426675477917144
-0.7691156414584114
-0.7539285874402207
-0.7221988787387982
-0.7884298159996299
-0.6495247688390501
-0.6001553216284526
-0.6493748303133355
-0.8679532007102135
-0.8430422747559089
-0.689102623973875
-0.8397798271495738
-0.7896095412501644
-0.784491866314336
-0.8572431023941268
-0.7084792341025095
-0.7840089859841333
-0.8207736284752716
-0.7512933657799657
-0.7756758388027702
-0.8099697016393117
-0.7544781550576296
-0.9149805143850106
-0.7774179463684325
-0.6826422572718128
-0.7392152377548163
-0.7021723300932531
-0.7716532679546189
-0.7510410841603761
-0.7485998991563311
-0.6416383484973964
-0.7473129266141608
-0.7609625794445692
-0.7390667244806793
-0.6575769380009083
-0.7563786525739735
-0.7010884756509814
-0.6999540171973091
-0.813818212046401
-0.6729111981253051
-0.7780259008082452
-0.710283352781763
-0.741756509939034
-0.6925184555298909
-0.9002114911557187
-0.7433769335270503
-0.9161579861755086
-0.8772068494410328
-0.7793311212789138
-0.7933585208115571
-0.791418975788044
-0.8022711658935546
-0.768659714500584
-0.7168994826952618
-0.6435697352411943
-0.7115742311175329
-0.6598218750893087
-0.6206581681902624
-0.70853240287947
-0.7748056246183677
-0.7068362184941359
-0.7105015689211976
-0.7161326158518857
-0.7684228161143717
-0.7862131584798852
-0.6409914830147432
-0.5741486168222779
-0.9316201862181462
-0.7228718993054184
-0.7993572932195822
-0.8229842431179122
-0.8985666701801566
-0.7802559334750525
-0.8088228713423804
-0.7278830702613674
-0.9784271871272983
-0.9783792713992812
-0.9579213103264203
-0.6743493519178956
-0.8323309997031739
-0.7105889007519648
-0.6519236682092022
-0.6687549299230586
-0.9243926168940783
-0.6951767011127081
-0.7479587243081102
-0.7821638061232612
-0.7769549456221899
-0.7716592581063915
-0.7482316010934554
-0.7423240174858483
-0.7070895732427864
-0.8301181616121092
-0.7746650019287803
-0.7650084674378004
-0.8112453557374669
-0.6257785498640785
-0.9865912583290832
-0.9270431166523257
-0.8196405836031386
-0.9671931596754749
-0.9776808867345168
-0.7393574131384616
-0.7375308745078923
-0.8329108766025924
-0.6694241687103102
-0.7995707494956463
-0.7314847864928123
-0.7799104527125315
-0.7842454625809739
-0.7841240634812794
-0.7914229723010436
-0.7615520339718755
-0.782774978560954
-0.6826613671908157
-0.9406616204255833
-0.9729844072559238
-0.9707088008450839
-0.9152732923831611
-0.9730005206043939
-0.8944365054540512
-1.0847986369991485
-0.9188233453470399
-0.8799904199589504
-0.7795590691656435
-0.6189486100730633
-0.8272222233894985
-0.7376365477311807
-0.7174284688115163
-0.7793023666896387
-0.6656573810310014
-0.8605641873891983
-0.7727559397709444
-0.823472427648868
-0.6785377142699477
-0.702640144911749
-0.7643976333306411
-0.7380826314089171
-0.6578520723625382
-0.9457688807885218
-0.7807309163138373
-0.7209164626625956
-0.728324686647214
-0.7321966547451785
-0.6832999655832355
-0.6682979591529358
-0.7687500434056973
-0.7612721717980103
-0.760579097439752
-0.7305503808215483
-0.7688471634691719
-0.702506704544021
-0.8013755005168272
-0.7315547697161415
-0.7404739916512459
-0.7876618001786071
-0.7876618001786071
-0.7847870577098327
-0.7798160804781067
-0.767991912011145
-0.7606951567383962
-0.7934993527229321
-0.7449670044683044
-0.8412350869447355
-0.7408165090508367
-0.7038314864580932
-0.821149722754113
-0.6485706672428748
-0.8368196436767901
-0.8602079967737283
-0.5603825810836028
-0.9766037473595535
-0.9794897500389715
-0.6122139130866104
-0.7375807486921034
-0.8074141292364873
-0.8436040813954135
-0.8591081193160838
-0.8347350042601498
-0.829768481075436
-0.7512211825552295
-0.825887598608621
-0.842921837684299
-0.8668921200746755
-0.7188121465067829
-0.6530941869292297
-0.6456479721961987
-0.687711577256718
-0.7177813358324456
-0.6833784711450822
-0.681361631761806
-0.9298798641623448
-0.9134036762498005
-0.9065008454538179
-0.9111538233705853
-0.9082431189544526
-0.9292825732571294
-0.9952029772663424
-0.6937909148413676
-0.6606275389775867
-0.8199798667727508
-0.8563158758107735
-0.7875433522594981
-0.8187472918220239
-0.7951422930218393
-0.8848894754560981
-0.712519128391541
-0.7632840704479493
-0.7069915772065746
-0.7757994465935735
-0.7280556906109595
-0.6846388670364307
-0.6965198511545739
-0.7055781401780569
-0.648321339245031
-0.6865709078225393
-0.8815287382020831
-0.8906483439350927
-0.786675451543325
-0.7753227225957163
-0.7973611050015118
-0.7561996915388428
-0.7684119136015217
-0.7324522057131192
-0.8363481781569152
-0.8077373469867495
-0.8870232724888701
-0.8823725281779251
-0.739348412834524
-0.8478087748540584
-0.7377895089620117
-0.7940678514416957
-0.6957108704644688
-0.6176898309738154
-0.72344646952215
-0.7260465646338167
-0.7178011961417451
-0.9341201444679214
-0.9032442611146098
-0.8913882082145476
-0.788455195678897
-0.6425432032149612
-0.7706945616414502
-0.80434597697653
-0.867734121194466
-0.8468510613256232
-0.7809200301716066
-0.7357313478557992
-0.7422233808639499
-0.6885575838014363
-0.6144271012693755
-0.6131247996442437
-0.6131247996442437
-0.6131247996442437
-0.6124338360463335
-0.6703441013205387
-0.7710750973537183
-0.8167410868957196
-0.8163016185805788
-0.8163016185805788
-0.8151217507665515
-0.8134778799887351
-0.8108419200869044
-0.8108419200869044
-0.8124473464302601
-0.8116956759580537
-0.8112194064993561
-0.8125780643991857
-0.8163681405845676
-0.8158697807409667
-0.8158697807409667
-0.8153364485041017
-0.8150299536328801
-0.8140626202345075
-0.8140626202345075
-0.814411944727158
-0.814411944727158
-0.814411944727158
-0.8171741913161253
-0.8175969196589973
-0.8175969196589973
-0.8175969196589973
-0.8159287810010784
-0.8149826956799421
-0.8149826956799421
-0.8149826956799421
-0.8149826956799421
-0.8170711466538192
-0.8170711466538192
-0.8177861436277535
-0.8177861436277535
-0.8177861436277535
-0.816777932668751
-0.816777932668751
-0.816777932668751
-0.8161666821685577
-0.8173576035067911
-0.8173576035067911
-0.8147273428230788
-0.8147273428230788
-0.8171507168684892
-0.8171507168684892
-0.8166354971380602
-0.817375965483782
-0.8160434784970888
-0.8160434784970888
-0.8155008964707895
-0.8155008964707895
-0.8155008964707895
-0.8163747105444464
-0.8175269543004449
-0.8172652818399128
-0.8177205238187022
-0.8153699569770161
-0.8169836075573733
-0.8169836075573733
-0.8160830687798533
-0.8151237649626853
-0.811757460711421
-0.8129726439707577
-0.8123337219059208
-0.813331460368994
-0.813331460368994
-0.8143274648897407
-0.8143274648897407
-0.8143018493938473
-0.8137806870877968
-0.8136457367718185
-0.8136457367718185
-0.8154902692270667
-0.8187319551810476
-0.8187319551810476
-0.8187319551810476
-0.8185174973846548
-0.8192225930759691
-0.8187611816321162
-0.8187611816321162
-0.8187611816321162
-0.8184761619954798
-0.8200597138504762
-0.8200597138504762
-0.8200597138504762
-0.8190551417361045
-0.8177080509134443
-0.8177080509134443
-0.8155227077537279
-0.8160006359649098
-0.8220927436093827
-0.8234970433929572
-0.8224183850274777
-0.8220839908905517
-0.8220839908905517
-0.8221223089931948
-0.8245461645403581
-0.8245461645403581
-0.8245461645403581
-0.8248693510289978
-0.8266346102292814
-0.8266346102292814
-0.8277760814452086
-0.8271328999212048
-0.8264969758054752
-0.8289303706204594
-0.8289303706204594
-0.8285726370898474
-0.8308771317736383
-0.8298265866519228
-0.8280801226921857
-0.8299561145438106
-0.8311066831680018
-0.8308631746743743
-0.8307620477219588
-0.8291065851807611
-0.8291065851807611
-0.8291065851807611
-0.8291602272899256
-0.8291602272899256
-0.8295424673019599
-0.8295424673019599
-0.8212601656901519
-0.8078773728894844
-0.8071068435568879
-0.8069022813539982
-0.8085496039864185
-0.8085496039864185
-0.8091277565511542
-0.8093029325564564
-0.8093029325564564
-0.8092302455404364
-0.8100911214771689
-0.8095852205489166
-0.8095679803820598
-0.8095679803820598
-0.8095679803820598
-0.8096348109219277
-0.8853350921649452
-0.7113264368520481
-0.6898530372001251
-0.692842853158034
-0.5509539139649213
-0.5836816103419733
-0.899533452576798
-0.9199924555548481
-0.7931652645406577
-0.7225292131048446
-0.7477358227622147
-0.7536040122079978
-0.7860483898296496
-0.8283621716305188
-0.782749008367643
-0.8205671324805379
-0.853890821812998
-0.6439579192330467
-0.7063593884910142
-0.791551607447516
-0.7637199514480955
-0.7974388100616152
-0.8216664257057319
-0.6418497254520207
-0.8630700890187052
-0.7078876028045549
-0.9553997075474023
-0.9194835527404179
-0.8253550225699346
-0.8500366641194752
-0.8500366641194752
-0.8500366641194752
-0.8484571564880229
-0.8484571564880229
-0.8544948320906096
-0.8544948320906096
-0.8525536170436118
-0.8525536170436118
-0.8748339077353198
-0.8708760569976973
-0.870046263585428
-0.87781161957208
-0.8666197220000256
-0.8368663705411231
-0.7788428022134196
-0.7827797382810333
-0.7827797382810333
-0.7820304652634221
-0.7820304652634221
-0.7820304652634221
-0.782478351937216
-0.7812200525249869
-0.7812200525249869
-0.7812200525249869
-0.7805260125429633
-0.7805260125429633
-0.7792539015721895
-0.7803374073638932
-0.7803374073638932
-0.7847577191794652
-0.7847577191794652
-0.7990376600371047
-0.8294947774045062
-0.7842209674011472
-0.8206832681715729
-0.7499863051250679
-0.7846859274410727
-0.7442616956346393
-0.7333401065627244
-0.9135504260680398
-0.7153784755327709
-0.7420865773553962
-0.778013718019113
-0.7199121544835965
-0.773260453657171
-0.7393062829839848
-0.7497712483980196
-0.7809851026780198
-0.8584355510273844
-0.8421539795814061
-0.805098459477457
-0.753740083435567
-0.6848421328924859
-0.8926294524636995
-0.6361702694147758
-0.9888129618693263
-0.8075599685773909
-0.7319238684332487
-0.8423158823322252
-0.824801378119899
-1.037318541412055
-0.9147857080393595
-0.7878429111537051
-0.7603776644876467
-0.8536724263966753
-0.7487059773002677
-0.8408669528312942
-0.7840527687761163
-0.6256906525360715
-0.6858416556755551
-0.7895879753816788
-0.8143737255443256
-0.6758823354554847
-0.7931090947957902
-0.6989511979894735
-0.7202806327612409
-0.827094797580302
-0.7421269124498521
-0.6556328825502971
-0.7257008447632421
-0.7911186299097477
-0.6589197612251166
-0.7331229171712849
-0.9331334275687773
-0.6876809331959413
-0.7434506517182248
-0.989931397706287
-0.7461050990962966
-0.8069952841125211
-0.7472395067608141
-0.7824639215737392
-0.8670526619468593
-0.8950345173071907
-0.8316953133884213
-0.6915028652884974
-0.8228021555973347
-0.8008026619044949
-0.8273054824621145
-0.7365854092504737
-0.721896886005303
-0.8484697193103573
-0.6637862288676892
-0.6477780838732529
-0.7287104770068413
-0.7163236798601254
-0.688282335423351
-0.8053634535097915
-0.8056346423030192
-0.7967114130789835
-0.7945593143333333
-0.7196029280791881
-0.8028935794529847
-0.7859554710137991
-0.7118788042454544
-0.7176638241515398
-0.7219083824344403
-0.7220132430807882
-0.8259095371024114
-0.8762370496499127
-0.7020226913316517
-0.786793242324154
-0.8353923737036254
-0.6552743579748312
-0.739474186348433
-0.6735107453816701
-0.6585478339516748
-0.8192158038308789
-0.8269106737025277
-0.7853101461761951
-0.8706014101862558
-0.7469855638174655
-0.812196304883604
-0.7921601903767198
-0.8246048739731514
-0.6848983835505684
-0.8612633428891153
-0.8133418201947282
-0.7855464892423741
-0.7517621438079812
-0.7961172139103011
-0.5972703553627028
-0.6464348106804251
-0.6854300290772372
-0.7871993264352309
-0.7539580974591706
-0.7219170080093932
-0.7243217351025343
-0.7590592038669391
-0.7582388559839157
-0.7803769512587888
-0.8389017087494327
-0.8275731475816728
-0.6387928778696306
-0.9120431994016512
-0.9114970056997989
-0.8852997836292955
-0.7832158706217474
-0.7973678343867971
-0.7663099039328992
-0.7635876453581589
-0.8123373621465038
-0.8335109219799024
-0.7359094079446571
-0.811992849492419
-0.7340924055253145
-0.7144297183066608
-0.7806450652354461
-0.7599555030570423
-0.9164369037228415
-0.8057457131363815
-0.72688881893386
-0.8035634428821035
-0.8434066691414058
-0.780418600532164
-0.7558230407269642
-0.7999530803165201
-0.8930567614978281
-0.7319988162150476
-0.7096162980957585
-0.7612200976322755
-0.9198864998803067
-0.8381064846407577
-0.6713981573813949
-0.6075831181940028
-0.6044453393297665
-0.9814725802711759
-0.795265935589014
-0.7821580845575301
-0.7375352008424856
-0.7211318150094069
-0.7502909776194142
-0.7434163719019407
-0.7449931201623742
-0.7450396236659623
-0.6692714130746679
-0.8189188565688846
-0.815892804515992
-0.8444549227785898
-0.7027000889988585
-0.7889967625512826
-0.6642075566807547
-1.0216773092041305
-0.8341834781333004
-0.6932553798384586
-0.6978483534314401
-0.755141233655571
-0.7232592093254876
-0.9113255968314287
-0.9686572338448235
-0.935624236543533
-0.8699739958769448
-0.8782327510307667
-0.7129446824168183
-0.6895797285779341
-0.8815408238534793
-0.9056480698083231
-0.7303699781983992
-0.7230630395958774
-0.8048205554618576
-0.7402119684468841
-0.8339211391645448
-0.7922596748157085
-0.7797796648569341
-0.7817520227190432
-0.6629430584032558
-0.6741425586056576
-0.8183369366802633
-0.7520439150686402
-0.7957716507705692
-0.7835082688493601
-0.7428427986992628
-0.7676051095750672
-0.8671291021079989
-0.8844745268667698
-0.6309637458903118
-0.7766139697007447
-0.7575451467279024
-0.8069072046651992
-0.9515286201158083
-0.6452500131304113
-0.6444425462004663
-0.6332980711149272
-0.9008826433817867
-0.9685376762870583
-0.9199463260871112
-0.8132297547426287
-0.7060415041973594
-0.7408342238809127
-0.7369467078272276
-0.8062800020776921
-0.7168747413966673
-0.8098963123483627
-0.7062858452518422
-0.7540221104289725
-0.8029072282264255
-0.7489399954039434
-0.8271290431731447
-0.802106575320946
-0.9147995789648554
-0.61521060330037
-0.5620425653923141
-0.9671886382627894
-0.7948676378956622
-0.738955239640105
-0.7383345031169118
-0.7970899744187118
-0.8014023530423636
-0.8050635108082231
-0.7672458746627769
-0.7500299796902555
-0.6942214028021119
-0.7975716470423801
-0.8003055442383018
-0.7541632027365164
-1.0667414882171224
-1.0519693344893164
-1.0476019718018132
-1.0418967287021512
-0.9708412559871158
-0.8777841951952764
-0.6463453734240513
-0.6945566215416822
-0.6628400148621689
-0.8252191825385186
-0.720135809138629
-0.6949411986584585
-0.8446104753629998
-0.752411527677293
-0.7317225595442286
-0.7989851172623958
-0.7613899726638059
-0.7977012769554335
-0.7910376194852692
-0.8069111223005943
-0.6708115090672925
-0.7178501362032
-0.7702560932610018
-0.7258175007624069
-0.926914993705004
-0.8093123393683693
-0.6862127460332628
-0.709116199701117
-0.9547606984695736
-0.8063557962370311
-0.9129623857465156
-0.741278561022517
-0.592574677089061
-0.7080354096751635
-0.7930296375576691
-0.7107509267944326
-0.8264461411716755
-0.7857826349346992
-0.6101978281894731
-0.8772083393004108
-0.7061165491663617
-0.8132564956461653
-0.7098691687970394
-0.6356155840474289
-0.6489502861720616
-0.7352864272490492
-0.7388975950610829
-0.8591432748825755
-0.7924893313927811
-0.6409776579162632
-0.6579105770299144
-0.6536269067026784
-0.9148507048392733
-0.7107401821310588
-0.8058787612153304
-0.7703879325235328
-0.8129241439278444
-0.8286732336381651
-0.8533663550712822
-0.849916128435348
-0.8931568859521828
-0.772988146591175
-0.6573413075944886
-0.7315197118630935
-0.763191540495864
-0.7809605261846075
-0.7660122232977604
-0.748504541953535
-0.7512823642025461
-0.7528008382966302
-0.7108454820540688
-0.7928384578732318
-0.6632298971131827
-0.961020687039241
-0.8996442668276073
-0.8247076370024279
-0.7286646070629191
-0.8277155836971015
-0.6459494251505272
-0.6625072576938383
-0.8295597480827264
-0.8466777937731009
-0.6669460229820943
-0.8208089433061719
-0.9424909870165904
-0.9095749460921417
-0.988362312709936
-0.988362312709936
-0.7916576754869941
-0.6745708072633777
-0.6608653518905435
-0.7466277298967553
-0.7535435409867028
-0.7307224303258086
-0.6970205308052015
-0.8260587871307038
-0.6641861079524196
-0.8581957185980077
-0.7197019898420319
-0.7539702241273795
-0.7489334665475715
-0.7335593525003257
-0.6329789506737309
-0.8529127436139076
-0.7100824967116824
-0.695547373969747
-0.8813900874564895
-0.7565452544089301
-0.6818807163873402
-0.7755917810110717
-0.7883297620756624
-0.7678901887515537
-1.0201395852408888
-0.8340543409453613
-0.7619806938753533
-0.8094068026258587
-0.7540457073719076
-0.7731559204848293
-0.7102103910861394
-0.8157881808508137
-0.7227397261773978
-0.6662763011499239
-0.6430827119111407
-0.7199545322840324
-0.674057607322232
-0.743987495958251
-0.8615827758937593
-0.72912405124004
-0.8454540968730411
-0.911707991864177
-0.8118509048613525
-0.6957182940168687
-0.8396123960191025
-0.8776101580603943
-0.701236451302521
-0.7750464647062775
-0.7060251995271939
-0.7475852378184927
-0.8344377626662718
-0.647647013273234
-0.7055640351445044
-0.7552400695114092
-0.8070111821226371
-0.8032548417151032
-0.818609007054667
-0.8884522561068932
-0.8407061471930958
-0.6862311332400971
-0.7194467726238373
-0.6780827619656757
-0.7506433641978039
-0.7778781290409811
-0.767420373505975
-0.9195381506852707
-0.6966883375982769
-0.7334438058543147
-0.7137287553267689
-0.6840711553920674
-0.8599222645244475
-0.808609363381244
-0.7941592780792133
-0.88456974831224
-0.6992751075585434
-0.7823904215939695
-0.8002059872995473
-0.7974293556353385
-0.6512715685517069
-0.8738800811015384
-0.7918591197470298
-0.7718910463404883
-0.7828220937498658
-0.8373708374992397
-0.823883986197347
-0.7333129129611111
-0.752451502372204
-0.8526320470596478
-0.7168143248054818
-0.7928017522969557
-0.8169492111459725
-0.7032283884138223
-0.8080014492467269
-0.6712406078482045
-0.7630527395627565
-0.7744857096588937
-0.803027941469999
-0.8395724502604505
-0.6759915419450203
-0.7144015326802047
-0.7144015326802047
-0.7149241192347808
-0.7149241192347808
-0.7149241192347808
-0.7169511876579451
-0.7169511876579451
-0.7161493125849822
-0.713761149304772
-0.7126619227253901
-0.7121349437270496
-0.7120084489322033
-0.7164514819635005
-0.7172398734027694
-0.7172398734027694
-0.7138783524312634
-0.7141441830028641
-0.7144514944196185
-0.7144514944196185
-0.7153484091222025
-0.7401529230487387
-0.8372074775434298
-0.8312050945124311
-0.8331660952970187
-0.8192272124060483
-0.6729926776412388
-0.7196608578802842
-0.8540334448843963
-0.7290003651276705
-0.7113722922219224
-0.8144646776148022
-0.8143290714450475
-0.7305845122076363
-0.8388390287282944
-0.6939891556208385
-0.8299255775945277
-0.6635921185704612
-0.7498810932273826
-0.8551070944316067
-0.7988612177581503
-0.804739308580154
-0.7121162502080862
-0.8171738539488481
-0.8086969716791931
-0.7632032013177584
-0.729837552738717
-0.6709769183031465
-0.8822242056041655
-0.7888984553636166
-0.7772929108481418
-0.8281460428077306
-0.8089264222239966
-0.7943038609168213
-0.774129501904065
-0.694782047740652
-0.6415103999090692
-0.6778458878868687
-0.810939011550301
-0.8703503647534837
-0.7359398983600589
-0.9112943338938143
-0.8096850416650136
-0.8128300664326099
-0.7806848102215144
-0.7668299201971658
-0.7216524755417035
-0.6794773553681644
-0.7276010000086168
-0.7289676951983393
-0.7723535456553547
-0.7663253946645141
-0.715826059033639
-0.7432723882647693
-0.6769037225369782
-0.7320753054983086
-0.6534095214651698
-0.6206445755960737
-0.6771247676728391
-0.6477971786575789
-0.6335377901921067
-0.6916685374880956
-0.8112107714069636
-0.7972552428911233
-1.0101602367313045
-0.9026348281136983
-0.654555082110959
-0.6536481986546908
-0.709228004475595
-0.834688023532786
-0.8690896382942778
-0.7788035696632988
-0.90213286820677
-0.836370714185101
-0.6560409297458978
-0.7472837050498727
-0.7370261768206359
-0.8634756004108262
-0.919640480570671
-0.8923178892618225
-0.7210132469704956
-0.79170763616016
-0.7770262926001137
-0.9935323062081858
-0.7782206347375225
-0.7779816955744686
-0.8478902687594544
-0.8613307149375481
-0.9100707614128295
-0.7850257098266035
-0.7827845383868397
-0.7755415561933089
-0.7771108338740126
-0.7704745675339298
-0.7841073419632442
-0.7210817068033005
-0.6905985405391957
-0.6827375277003759
-0.8350390861719675
-0.91842681557103
-0.675975629371802
-0.899364947089364
-0.9165720086370438
-0.9007687075311048
-1.0037259576520747
-0.5827518316887244
-0.9993980245307005
-0.8536419376590271
-0.989950625227741
-0.6592194102558245
-0.8823480843536814
-0.6953063638093184
-0.8717809652177092
-0.9104649593393308
-1.0135268918883342
-1.0334141053705976
-0.5804604754848584
-0.7080669042577963
-0.8328023866873613
-0.7293402764727694
-0.8018048169691524
-0.7938304446060461
-0.734025780910835
-0.8548353306512944
-0.6901742713598669
-0.8678671494607985
-0.7861701882693156
-0.817284870438073
-0.7283233864474298
-0.7929992175029226
-0.811128973456488
-0.8208503022334214
-0.8837088668637031
-0.7093000992105237
-0.7110211354719407
-0.7140129654165327
-0.6926905653059259
-0.7023454348521537
-0.7874246832505721
-0.797134580360641
-0.8869595475134866
-0.9841475418039007
-0.6965818668025715
-0.7134008630386257
-0.5542217636484034
-0.8862565958326164
-0.7847386459916634
-0.7759979517985858
-0.6594413632495953
-0.7884871390589123
-0.7673820799113734
-0.7668553326363686
-0.6650585575018566
-0.8219586316189201
-0.8393569513357343
-0.8523803617345184
-0.694678715626781
-0.8332402704716324
-0.7395457647916633
-0.9140968006240963
-0.6754458099569812
-0.8650035864717454
-0.7572132549981508
-0.7466549442429431
-0.7483499568648218
-0.8350934265728303
-0.7087523377510572
-0.8294653872467646
-0.6588561950940158
-0.6647262231183164
-0.7503773099796819
-0.8207909794759487
-0.771839886982205
-0.8385242843586802
-0.7124882881249639
-0.7640500819977277
-0.8166114571283392
-0.8530580108708303
-0.6964024039523103
-0.7918596846001497
-0.6866440112995157
-0.9085641046390436
-0.9169752676004365
-0.749264748438127
-0.816923712451542
-0.8042312482438159
-0.8732398180747305
-0.7830291421543206
-0.8525312041021266
-0.8108492772744098
-0.7354940509034787
-0.640832257339131
-0.785545490319968
-0.7259138162672129
-0.684043401457695
-0.6828397162880288
-0.6619903426423472
-0.9251471990497638
-0.7338296789448601
-0.7045406595706611
-0.7864629167232583
-0.8391404073819871
-0.661642022945133
-0.8134379369161002
-0.7638571573157007
-0.8212182169284209
-0.8028866130461765
-0.8734210929422315
-0.6807722897236289
-0.691234910021506
-0.6233441612462721
-0.7318926057311248
-0.7442852340510314
-0.7848571304128005
-0.7701681553196293
-0.8549877888750178
-0.8839896955333104
-0.8042130694972751
-0.6617736580560515
-0.8900607312677848
-0.7409904825241133
-0.8524706491388748
-0.6353798570564783
-0.6550034009043577
-0.8559206616080928
-0.6737540119440398
-0.7957140567559339
-0.6363114647738733
-0.8602528346097125
-0.8779073511019179
-0.8739694620681471
-0.8098442526325847
-0.8073061006610107
-0.7954100919370356
-0.809930854802388
-0.7944717606385477
-0.9137037168004386
-0.7407381009638423
-0.7554106362010481
-0.8215134891312106
-0.7102240985667151
-0.7652125551506491
-0.7520075129456455
-0.7806906480190143
-0.8964919345416986
-0.7228125761455684
-0.6581771819305829
-0.6207820748674887
-0.9663715372851319
-0.6435193822057264
-0.8514148678567551
-0.6745825869418614
-0.7086866811135494
-0.7567414007342053
-0.6737501320390602
-0.8134499806911593
-0.8571299184867432
-0.8889438751721354
-0.7368632113977935
-0.7511324164362806
-0.7818672160676646
-0.8033785686501155
-0.8229819761465986
-0.7261005026054723
-0.8739561722144514
-0.6684956971744733
-0.7849947658095638
-0.7469658190996392
-0.9309000454744137
-0.8171838058285692
-0.871770273724529
-0.6998671473796162
-0.6846919888448982
-0.8443097718091216
-0.7917200977307187
-0.7120344987013778
-0.9403650958970715
-0.6781571669477778
-1.0236396965983607
-1.0198091458527603
-0.7718091646788661
-0.7711621966162114
-0.7417574051186646
-0.7776976259890646
-0.7652125629296173
-0.9095296635131178
-0.8924835398330643
-0.7898720619590213
-0.7523167745385047
-0.7808014960540994
-0.7523118305113878
-0.7039146906756332
-0.829512037974402
-0.8992789228801746
-0.7489087691862885
-0.8317096533722742
-0.7826445830939135
-0.7166213291381671
-0.8910413690270516
-0.7886642582648042
-0.9425543308342277
-0.9532826768230095
-0.9918196636827702
-0.766832949794887
-0.7519826312641279
-0.8916058609338257
-0.7439213608382749
-0.7951392811632111
-0.8346223037247528
-0.7840263130422068
-0.7770958991850633
-0.8654296324353338
-0.7086840949744101
-0.7575043868245432
-0.7983655157770431
-0.722122549452967
-0.7021508590612625
-0.8462978574780274
-0.5218887670043537
-0.7304638395865602
-0.750916523936487
-0.8050255809129908
-0.8489134329907235
-0.8208614994055178
-0.8753013312833993
-0.8384083066071089
-0.686725643106059
-0.7955015780585662
-0.6651940283801601
-0.7209378565081923
-0.9005098899666577
-0.8566889859330277
-0.6642517030585227
-0.7980953440164702
-0.6708652716508898
-0.8609816992476261
-0.8178121412684236
-0.7027113251956798
-0.8577128760464804
-0.8166048335626517
-0.7764786609412606
-0.8116983446317654
-0.8402124588735519
-0.8559021762369213
-0.6685048114925345
-0.7697967247189298
-0.7927710768921927
-0.7335848605773673
-0.7521754208588973
-0.7497912244846817
-0.7595283006811441
-0.6268571285407201
-0.8960945608570995
-0.666019151270242
-0.6975756391938045
-0.6146822536512434
-0.9897249957140873
-0.9788711780831773
-0.6664774298856031
-0.8976818463190721
-0.7170491292809662
-0.8697536853716907
-0.8451420921682208
-0.8416341752715579
-0.7148594299055123
-0.6789929849249975
-0.6594206662585612
-0.7549018678625679
-0.7522962043028678
-0.7060935496668236
-0.773426123696552
-0.7747333570022317
-0.775717585004367
-0.7708371165994937
-0.7907808036664782
-0.8287860780406381
-0.7348365804798961
-0.6132395245872789
-0.9237338410997227
-0.7929225581137079
-0.7625757578963414
-0.7707893271887564
-0.774242226625103
-0.9324167003526903
-1.0657626465296681
-0.6064801819419469
-0.9039038181187135
-0.9134455795875606
-0.6024335670680477
-0.6692343733213609
-0.7603887578189854
-0.7622956622080717
-0.8712477372496421
-0.62818923301151
-0.8578893614646523
-0.884492003798595
-0.6467010571834514
-0.9487019536593065
-0.7759245917281514
-0.7068968779277102
-0.9077856541343686
-0.5646143184579916
-0.6804048603274198
-0.7709024153222857
-0.8097728052629976
-0.8174373285789226
-0.8223367171810239
-0.7317975631423949
-0.8753770678038667
-0.9018302346694435
-0.8850851901526776
-0.7888214067475326
-0.7997525256900886
-0.8560058074821292
-0.8830816847726417
-0.8072884345209068
-0.776982501769113
-0.81529074914427
-0.6409362947149873
-0.6690178281043538
-0.6833779184905481
-0.7914700925573208
-0.6929896556487373
-0.6285146366408209
-0.8049106667773714
-0.7285023299211716
-0.7513520257291775
-0.9608400785615508
-0.5979784570053751
-0.8142681933555583
-0.6870256582842761
-0.8904292305070863
-0.7075473720131601
-0.7406362508514964
-0.7328740116943144
-0.7827130929664682
-0.837709680079357
-0.9177199136450559
-0.9269946311171534
-0.7925586672871868
-0.797542410425795
-0.7131640791499957
-0.6911453609355757
-0.7172606305402657
-0.7097174362947286
-0.7852154343976026
-0.8484488342632888
-0.7522432553748399
-0.8245876870679747
-0.6978371363726867
-0.8925000279825089
-0.8848158419039925
-0.8434951560533689
-0.7571329048167736
-0.7504989556725592
-0.7377257569667574
-0.7813678125676449
-0.7917477126254149
-0.7924458859298363
-0.7924458859298363
-0.7858559961477881
-0.7543963759121728
-0.7950088658301516
-0.7794583668329259
-0.7567464940796437
-0.7158681829174061
-0.7937610610401581
-0.7342040014379027
-0.7085312045721343
-0.7502829724568906
-0.700273964381957
-0.8262518359430884
-0.6789222050044182
-0.7910421241431514
-0.8249264088619713
-0.8264845543987271
-0.7538077507266187
-0.7426210686250515
-0.9844155463210772
-0.6063166596357199
-0.7174354567508588
-0.7570299270033309
-0.749599305984418
-0.7161383870610076
-0.8115705114137542
-0.8664118247060011
-0.705700709493591
-0.672236623673621
-0.6756081519999069
-0.7824236376085929
-0.71617954464626
-0.7500607946046344
-0.7350830166457533
-0.8087105895664608
-0.6676399253423021
-0.6558583016759715
-0.8293791741714478
-0.6210176631076115
-0.8800359975892907
-0.7383988384212291
-0.8660164370637857
-0.5758914983247927
-0.7512699398276704
-0.7770527944570285
-0.7652829264739004
-0.8721471504432622
-0.8249329333807526
-0.8120793592433865
-0.7803205114166631
-0.9124885639970514
-0.8646889297554745
-0.8311394886005884
-0.7550050686952171
-0.670920128563541
-1.015195694214108
-0.7990103368932271
-0.83168736192699
-0.7373767561950746
-0.7950575321702704
-0.8135991122447975
-0.7231895754642077
-0.7382832359622923
-0.8351184992398503
-0.6670793292306242
-0.7592150632833637
-0.7345014245516069
-0.7547860031951115
-0.8109185083657847
-0.8652834445383157
-0.849174196522615
-0.6393008382105355
-0.6479995704805149
-0.7177695191864398
-0.779587196880753
-0.7154055832888376
-0.7458658030616826
-0.7053644595642506
-0.6786104117861875
-0.6834529713513292
-0.8678173135697237
-0.588217388119374
-0.8714722247007489
-0.8969811727694587
-0.9015442191382609
-0.7213447729745058
-0.8097983932067842
-0.8956925512420537
-0.6960265271699679
-0.8577864597567887
-0.9321800478946027
-0.9541335271516507
-0.9077881530904672
-0.7727782908106816
-0.795799904045505
-0.8992150657113999
-0.8454918238915057
-0.6967185948167016
-0.869664084978806
-0.7560015170375812
-0.8054576685759874
-0.8219234240201427
-0.770540229154326
-0.7870514912049812
-0.8690319615018968
-0.6797738659609963
-0.7394818901338801
-0.7061834487447203
-0.7519245961044171
-0.7291225150780501
-0.7440239130058912
-0.7461346600925598
-0.720074030647104
-0.6677209013590695
-0.7810714054365292
-0.7832921333848462
-0.7568158393913813
-0.6969182228779432
-0.8486954758169684
-0.8563362426931475
-0.7690826280765953
-0.7796746062761816
-0.8634574436866687
-0.7697817776338763
-0.77473903446197
-0.6788780528822734
-0.765073497666548
-0.7017643552747459
-0.8151231151907586
-0.7038862590059742
-0.8771612640623957
-0.8082255044521037
-0.6032101811300714
-0.6020842271443514
-0.8931886454518138
-0.6953522701963762
-0.7365928747780354
-0.6876465286742351
-0.7599410105172382
-0.7050437547343542
-0.6486622166333501
-0.8578259650572219
-0.6846223926525412
-0.9915629537523918
-0.7297706009488711
-0.9474699207458898
-0.6762301022266287
-0.8102162739020631
-0.8096347755572262
-0.8230148050750162
-0.7304629905061486
-0.8285839328818992
-0.720466136615831
-0.5647315537887501
-0.9261062386086654
-0.9016809366641249
-0.8651533899061705
-0.7571390941029529
-0.8171220900317483
-0.7952226310507339
-0.7117903248575164
-0.8500964065771057
-0.7267234227978875
-0.6518992685336448
-0.8946833352923366
-0.6951721903262059
-0.7237977181550656
-0.6310151846905456
-0.8855989103462107
-0.7005269240500327
-0.701032203799817
-0.8893036732875487
-0.8055397649916658
-0.7166838960959129
-0.9351347025612675
-0.7407370011782063
-0.7479053752012773
-0.730281649360412
-0.8101600084100261
-0.6498323394661505
-0.8985989889984165
-0.7695735246091799
-0.6088206501706345
-0.8437033838093261
-0.8037771433877239
-0.7222545228381015
-0.606462785617074
-0.7469949279029692
-0.9939096973931847
-0.9044197272246034
-0.6895644643240934
-0.7624996903779798
-0.7324277398574516
-0.8038176733250294
-0.8133215205440936
-0.8062897690425588
-0.7867403379708809
-0.7579298734349472
-0.7663934220826659
-0.7638799422185545
-0.8653788817166442
-0.7165818964759122
-0.6659755158191113
-0.8127215774270241
-0.6163470167122485
-0.8343035777202967
-0.7824079446628212
-0.7710741946948853
-0.8151985911072982
-0.6682733908592626
-0.6952124894533037
-0.8340174533498321
-0.7854015448360979
-0.8322855339092214
-0.7628780835752916
-0.8690654293170996
-0.7699887791028964
-0.7731020901606108
-0.6338259361640799
-0.7126399168442931
-0.7264579990237919
-0.812722099957269
-0.7451947855642164
-0.8078476247864647
-0.7158739559897183
-0.7763111321379834
-0.7209149868926975
-0.8508476862908412
-1.0022579410061194
-0.6366784738037379
-0.5597399385997516
-0.7332452093018016
-0.7879834944048478
-0.7452100550693931
-0.708978879154604
-0.7569535768846055
-0.8450137445132633
-0.8465864000280574
-0.7745531295445424
-0.8516461863555971
-0.7967953804712136
-0.7915990471425675
-0.8327794163156541
-0.7398523221849893
-0.7286372120589687
-0.7600830654802231
-0.7242655796104058
-0.7389586710422854
-0.7123497935393548
-0.6601216275192472
-0.6225360050711667
-0.6268561048952467
-0.9156484687541918
-0.8668544377961093
-0.9470580769745537
-0.7073479779148643
-0.6691903167083141
-0.8401887354419236
-0.7775043802066103
-0.7756899779572954
-0.7048883779643546
-0.9346998958118908
-0.7312238626053417
-0.7648402365596632
-0.7686241102638336
-0.7918779074874248
-0.8483357861929407
-0.8826917506732048
-0.8535341661517675
-0.8362258958142004
-0.8086241588349037
-0.721684238913071
-0.7967529215609587
-0.7428249909669564
-0.8834137986062764
-0.8970705213694141
-0.7840695402169116
-0.7529267087944467
-0.8222841043179355
-0.7212523181162127
-0.7452726254108608
-0.6922269167503353
-0.7134665471755851
-0.6679162267519612
-0.6736634849824046
-0.6929203009614824
-0.622930663117286
-0.7730999303188243
-0.726282565807478
-0.7618539483468297
-0.6475408354768097
-0.8695404790452327
-0.8995466782496642
-0.6345857595934206
-0.627111884887669
-0.9986506665720416
-1.0327006940588233
-1.0345797177565852
-0.6349281539550913
-0.6729035563578075
-0.8495108860099004
-0.706005208235208
-0.7469545867051927
-0.810246364808741
-0.817348079818652
-0.7367109133466992
-0.8761312695390798
-0.8265062283263647
-0.7352468731129739
-0.7153862760693901
-0.7203256054722282
-0.7536671703385524
-0.8508935331504871
-0.8772529491517651
-0.6683194402255552
-0.8867866107431669
-0.6597025970533522
-0.7941384598778813
-0.8102774227106595
-0.8793917441798954
-0.9132222933130911
-0.629484265285403
-0.7558250498072774
-0.6881636949236234
-0.7838089558781686
-0.7451647210186217
-0.7123016585031287
-0.6672895351713896
-0.8884229932728962
-0.5997588511277206
-0.8245260313248248
-0.8544715011506662
-0.7703591598034313
-0.832282557687204
-0.6742675670184444
-0.6589828870230492
-0.7966745278897697
-0.8894011050505589
-0.8902227750036158
-0.8940968437720362
-0.9001222983136767
-1.0518894506424485
-0.880801444618313
-0.6728380293508057
-0.7450294216548836
-0.7053906992686033
-0.7900200708975281
-0.857102254454339
-0.7001086929474549
-0.7791628632582748
-0.738464081048342
-0.760222655003723
-0.8567312772792783
-0.7630311832879176
-0.773182899928437
-0.8182750415805499
-0.7671845158552563
-0.6541123429085556
-0.6779789586165225
-0.759728537769804
-0.7556884883036264
-0.7382431377769872
-0.6885647359890152
-0.7675112375564677
-0.958862296038699
-0.9881041783679957
-0.9571603140916856
-1.1449617034646051
-0.9415691808450362
-0.8920194857660587
-0.9726436484798358
-1.0571129796212237
-0.9985292599811159
-0.7912391642363386
-0.8132841706296612
-0.6943721423715075
-0.9059410659644368
-0.7912015212203225
-0.7877684978979161
-0.8624131165834695
-0.8765585583570374
-0.8328475335842945
-0.794880079543441
-0.7437198248890592
-0.8023694073576376
-0.7397048387736592
-0.8149751968489137
-0.7237333802390692
-0.8210396808576117
-0.6990087161201227
-0.7577714085498142
-0.7793445240298258
-0.7221502852685108
-0.732485248280002
-0.8364815438035738
-0.8268978707396525
-0.7853092954548914
-0.6781986544820554
-0.7363172125441814
-0.8052674823100014
-0.7894477546797595
-0.7844801496306739
-0.7309293374505498
-0.8666094266068135
-0.8705048950120302
-0.886717210423815
-0.8882846168741542
-0.6834603930226782
-0.7055750617833745
-0.8761702451250337
-0.692696605347323
-0.7443359187098697
-0.6565868972459508
-0.7039180321026777
-0.7671918136425595
-0.9277826787210067
-0.9356402208708384
-1.0325268128765774
-1.0387525163472042
-0.7445902493218112
-0.7353064165768116
-0.6335097386407516
-0.6915107153096451
-0.758217056847297
-0.7755868394774629
-0.6996276155733933
-0.8472499940221122
-0.8119248414956682
-0.7733777068093995
-0.7390662836462327
-0.9039958736189994
-0.7721677971985926
-0.8442981004396956
-0.6769441888842205
-0.872093117259221
-0.96986997884577
-0.898246753786382
-0.843297828241375
-0.7109891680559803
-0.8968116644270583
-0.8659468343658069
-0.8206322988076136
-0.7820344460894778
-0.7214488418049696
-0.6773984668604763
-0.7812282046614067
-0.8085357972276415
-0.775899792842921
-0.7991244144570939
-0.6916794329681937
-0.7784574968646163
-0.7357766177906694
-0.7227305224135657
-0.6191671200253821
-0.7048315258841271
-0.9095064604584442
-0.623678123989428
-0.628364331679226
-0.8108779574612202
-0.584667735803738
-0.6885895145338154
-0.7366637732751177
-0.7474561785737086
-0.8643147430842251
-0.9786426391329388
-0.7982563282232872
-0.8043882915899417
-0.9603518530633924
-0.8364412572752012
-0.7168839066621118
-0.8678529123918952
-0.7940007761838683
-0.7786111631135085
-0.8038701458290043
-0.771629256076819
-0.7288909214673924
-0.7350311027741868
-0.7773509157042864
-0.6717179237841349
-0.8105632865865056
-0.707815269453919
-0.8205782806426705
-0.5938857599263268
-0.700513280061603
-0.9960909643295847
-0.6756797507594718
-0.7161157704451314
-0.6898833239415447
-0.7297079310445149
-0.8931157947988893
-0.8533906279534217
-0.7926389389955849
-0.8392011772081928
-0.7614633204245341
-0.7430888062667292
-0.7713184844333155
-0.6831763435798637
-0.8709660929407986
-0.780308441431806
-0.763771757675486
-0.6919217066385391
-0.9888459327785574
-0.8588940398255097
-0.7160013044612891
-0.7210585121115425
-0.6589614585627648
-0.9026802244302323
-0.6666283015073129
-0.9262554004216518
-0.9838635715822264
-0.8148980276053847
-0.7017994797437027
-0.6929835837292472
-0.7223986354231409
-0.7235521201764694
-0.7577491400478502
-0.7333486046386678
-0.7296883830282311
-0.7296883830282311
-0.6982665575037954
-0.7756224146354977
-0.6477525899423743
-0.7788921854434913
-0.7604175615375072
-0.777176111731485
-0.7493551877812525
-0.7086338478534634
-0.7714970776308756
-0.824911548633755
-0.693509708285221
-0.7934453248267349
-0.7683109500244496
-0.9200730580361046
-0.6420763115129868
-0.9241729230128807
-0.6575114171066972
-0.8638331614094875
-0.9664866559709999
-0.8157834894762269
-0.8105469824051794
-0.7146607127038764
-0.8596545782236025
-0.6416257244146228
-0.8524147366007987
-0.748429142780799
-0.7437350599913336
-0.9375597458832202
-0.8830585363293216
-0.9364664385490686
-0.7127822688094918
-0.7153766035939934
-0.7087197652393049
-0.8775033124486782
-0.780492661189357
-0.7120558492524838
-0.843797057238944
-0.851551387018699
-0.6866666861827565
-0.7780124675024314
-0.823024280624725
-0.866893717172773
-0.6296433035585303
-0.8500802575970161
-0.8428608351085818
-0.8217044767430277
-0.8317106589518497
-0.7105484932222684
-0.7482964469285095
-0.7615504201135372
-0.9747948503005408
-0.6436246641778193
-0.8678757981977784
-0.8707816792809148
-0.8358360836883014
-0.8369928689321261
-0.7195786088515423
-0.8098898315456298
-0.8496040992298994
-0.8531154114130647
-0.7151218161647077
-0.6805566418656905
-0.777854358333035
-0.7071115861053666
-0.978394577984243
-0.6041688389786847
-0.848175728904893
-0.647602962148178
-0.7383680518772526
-0.6392478284843365
-0.839954381299665
-0.8153192669399778
-0.814766253801607
-0.7085785512807905
-0.7296678263233728
-0.779555940284559
-0.9476049182611005
-0.894430435725259
-0.646430958469572
-0.7366686602684298
-0.7367007471776748
-0.7126945491218576
-0.7931756663069656
-0.6949408606281279
-0.8303876725317538
-0.8089783012832931
-0.7225033711467669
-0.7329920039876415
-0.7597393653605764
-0.7621762867612708
