0
2.548713504631314
2.386323682805852
2.2255934878936765
2.292160612722894
2.4865638499674905
2.544343146466864
2.51770153434169
2.4172015293421834
2.3749512548535168
2.249827175509418
2.4974371998474045
2.490142326430802
2.500275462981658
2.341691279255262
2.3164856577002024
2.4015768882697963
2.2743552899648063
2.3791527967117645
2.2693209226418416
2.2509410122503493
2.5247483444775045
2.192598403592688
2.4037771286370333
2.2576551779952343
2.621092185694772
2.457970826915272
2.401691536575244
2.6369590213202887
2.3166652006836825
2.574043147870721
2.2414114262780154
2.2868507042039043
2.4962540274807576
2.293077220738718
2.6127561411414177
2.4645735691915567
2.5829406619425175
2.215094287277948
2.420035602732445
2.3432087002819784
2.4268573457711655
2.69235828817457
2.379307095606135
2.3405671486120228
2.6212508250622375
2.268095242380725
2.18871314323729
2.4075160692477366
2.3925731942673236
2.411891474101236
2.2794122237323644
2.2424115407959597
2.7020019101497663
2.8438014119775663
2.458911119751714
2.5036360522631766
2.3429199717505993
2.447473542559473
2.353471579463656
2.5584224940705855
2.509344139097476
2.509728089065203
2.5343103957644915
2.5187891454078715
2.5187964690612423
2.4873241684829304
2.48716022046146
2.4315567940289835
2.4623000641815396
2.4177126176567394
2.5879996966967784
2.487203933458144
2.327012974382995
2.3121126382630073
2.280902679838898
2.3324582600195964
2.3331373735555756
2.393464255119564
2.337129584937354
2.356001151334964
2.3500260895577765
2.3582622776502644
2.372579651936448
2.431092643030245
2.2840169018780987
2.4242513324542716
2.4072468656235486
2.4450173540787263
2.4275226478467906
2.4627539292937697
2.5181335779785834
2.2487580955766084
2.624852953612412
2.7139029444711573
2.6279037611762095
2.55852911681314
2.524604108088017
2.4178075468514484
2.7000253030730073
2.5096418721542513
2.4692052654650825
2.5495828084758685
2.599704311984111
2.4445686429618694
2.6689939762431223
2.8230817534347064
2.5699814734468283
2.571644369363913
2.4802027712114274
2.6306868221143227
2.3923591695830946
2.6903286560255846
2.8393776049194948
2.6676178709405645
2.6669155079668303
2.509429994506196
2.67246211326887
2.830316174710363
2.7158416842854294
2.3309963082003753
2.3528115652143406
2.3533160137467237
2.0358465573442093
2.3688796780850856
2.67245135657795
2.8776681117763276
2.7215766829931978
2.5610218806390272
2.3615606810112295
2.3740390370920577
2.2832767343884415
2.8004308858643783
2.5860284313828714
2.8573574331512575
2.562666474980726
2.4671933468129206
2.4896616908577234
2.4287371180604995
2.6754989224100454
2.306306441251603
2.2061190742190364
2.0816659656079195
2.1803901851268006
2.4108131464109444
2.479812947722584
2.4815117025974347
2.4787442166017644
2.4783552435874516
2.478378831884815
2.556070071407342
2.5309220442154445
2.5434239999787844
2.5792490728676065
2.601923173861524
2.097447422020753
2.6343002152593873
2.5515338339826905
2.5864023936118006
2.634216923788402
2.6057969050841208
2.651247126713836
2.3680254886474743
2.3362726209731997
2.482577108621249
2.5040246073420347
2.6739272983317566
2.270831821937126
2.6484024708322402
2.6457173338069544
2.674336873533142
2.4191533564772665
2.558441954076298
2.610581036899044
2.5150157038282877
2.602899312356506
2.5790488402040546
2.208558290334409
2.2785193937255226
2.2610613499414494
2.5272451407871035
2.400397931665164
2.4611423304957962
2.4997109030802296
2.3619742808002093
2.3055510208563157
2.217148714505053
2.557116982265544
2.7170856011617524
2.4593469438735043
2.462266790127223
2.5414908229207787
2.3844969248836114
2.515709494764224
2.556708283677216
2.5613006019232047
2.5605726200997556
2.5565774922978552
2.543689757199283
2.4652751158644493
2.194235775166411
2.8619568585405974
2.552404207547658
2.574076064013256
2.3617356716615014
2.4964981839600213
2.3369964837848705
2.253722603946354
2.317860235023788
2.3777196356210606
2.3143901551995505
2.3691881998748716
2.328836941258181
2.4140719251127956
2.4024231519615795
2.4370943009413764
2.6109008494899917
2.438815614898276
2.290267100303968
2.655787577531225
2.5863146644875226
2.6727141876773834
2.682572265602204
2.3118160953096907
2.498051015938408
2.514571992187051
2.547942211393453
2.4925433126739374
2.4889367420518376
2.429858461403327
2.4502769359094274
2.191594587258377
2.1482130481816504
2.5322954704290375
2.4292356430349296
2.441491662674772
2.4058517669497075
2.4196286611391664
2.560053787725413
2.363938484942743
2.8737333748933307
2.1899131265343597
2.3084335042654516
2.372438223959138
2.44998405239074
2.1816192313771117
2.3568102647613327
2.2464477402383682
2.439908363456936
2.5333162593055136
2.4859854649305295
2.72738008032463
2.7249040935557276
2.611117855252135
2.4064494286868237
2.4354444484774835
2.435641746880345
2.3995702544668553
2.5511877091139437
2.6810950252825907
2.4573764914331266
2.3846772727084242
2.112492524823992
2.4287575774858188
2.6378976036467536
2.644369387857013
2.5433725013323127
2.677347542548425
2.6915149348454235
2.3819640196139185
2.4747713149296966
2.554563265798786
2.62197247245492
2.619041023057015
2.6137434890749467
2.5591048774752854
2.412867680188767
2.655354430450839
2.665321622987285
2.7930786296688535
2.7772476261470125
2.648187648792298
2.764323628323786
2.732805756125863
2.3650477300323
2.5471499363178483
2.4058508061425874
2.601057187570571
2.661435596302713
2.5707407903108344
2.4661454158088763
2.568369208796364
2.307976757516453
2.547510711846438
2.488384115520446
2.694285644765975
2.7315249597870563
2.592524374354919
2.4435942489079756
2.2833958259732725
2.276975367097515
2.3162259344410363
2.288327723065856
2.3931611426051913
2.512415062972073
2.4553127782415762
2.4168834498787075
2.5895060791247806
2.4521299355100004
2.5276631779680496
2.5048581257012787
2.1835738904799036
2.2325492208333295
2.641911937053436
2.697878335128409
2.599635224112482
2.662614955861453
2.736373637918864
2.360706419951134
2.7930259671723863
2.556069148566364
2.8413823965024676
2.3340711932962828
2.1674549146211786
2.2620045246602993
2.5650475867204867
2.239145031644386
2.3464762158357853
2.0697376001806296
2.4335469708106015
2.29650996265712
2.4295794024484767
2.2867081850812623
2.439307478808233
2.3503001148689386
2.2517393447124716
2.1635567777353937
2.1391335244710494
2.655110353658804
2.5608503878723488
2.6533965453677637
2.6602817627922755
2.67529735763804
2.7451380105424312
2.6710910428806174
2.7760804207723506
2.8791333484539576
2.85446230968215
2.8424744273331544
2.631224265356304
2.5769892157019267
2.519808979616737
2.4790449821758322
2.467685177236135
2.46305204340616
2.470359392742065
2.283989293389407
2.356945059514189
2.3616528984515184
2.756447641662178
2.7526295579563147
2.8403589802309943
2.774399860329928
2.7967530727389485
2.554179548272572
2.520698720303735
2.404797135327799
2.6895853867830324
2.5866277869516514
2.590212602149817
2.4535669511046794
2.3913438402183327
2.232271392220079
2.3363542409783613
2.5532246450460683
2.6102118115468187
2.5584316931946947
2.435114367778237
2.4211798928189205
2.408960448687601
2.2807368752836057
2.5216788368402714
2.390633274395735
2.899699126898197
2.203204669692284
2.7045072418181624
2.6963917329073976
2.5379725716539965
2.5858343246359263
2.325446282730402
2.2164314646734393
2.605306164584076
2.452093392024764
2.34657427842077
2.3710045494961967
2.563981248409221
2.5710651840938
2.3557436686397706
2.4069256905475163
2.392072952064856
2.3267496300481123
2.2896266249623154
2.515952309466906
2.3472903459983
2.4668495250770976
2.615774776670069
2.695212134811682
2.6266974774038268
2.363954445788126
2.4879778584444026
2.3471773607974438
2.389043667153715
2.3750562210240598
2.381921806283177
2.4032520421433685
2.474112682878621
2.690197126413354
2.40438904070596
2.23617087349756
2.4871819265603814
2.3811514336851176
2.123689692246986
2.130647691285263
2.4279905926995333
2.5147492354989063
2.694837034730504
2.436053868339316
2.502344603066769
2.2295974652392236
2.520509880861765
2.538435195559339
2.7353367115761436
2.717468090280068
2.731924549774508
2.5472452772568217
2.6981739591448104
2.4832056242144316
2.737358616497739
2.8400872719548977
2.6679273065792612
2.7955157128589234
2.929119834290689
2.895460232291091
2.456894135273001
2.7380929402889684
2.4519025795090585
2.733093896953381
2.749645394480045
2.5702364977698235
2.688225486146463
2.5428205132879134
2.4847634482539043
2.3031672074298144
2.2622610396378264
2.350498150413017
2.6742655299253717
2.6546948990520653
2.333724143170378
2.401009912620957
2.3591990574703288
2.612489065613988
2.258906840516306
2.1940945979283715
2.3283885776052964
2.223320224323359
2.585166465270105
2.2968811847942185
2.3955821649796025
2.206393651997753
2.4574049331870516
2.412878845947187
2.420773269045421
2.946501297858295
2.4155415255946986
2.4122314921566232
2.6883883048560575
2.6497128187713566
2.5462410836834657
2.722316814404981
2.410796864672158
2.3770439348715073
2.225360263328678
2.63061983333733
2.8345855200192003
2.7780180184316756
2.7285848457192077
2.65964967926671
2.4114243910809625
2.48214503468794
2.4463793448010946
2.6311190675081306
2.696759214150666
2.712723351946982
2.500198163231887
2.292860169989961
2.270933581862554
2.4179261546162265
2.3851719584837836
2.370218391859054
2.233561128302775
2.1917786495699576
2.719113971597368
2.505488714949419
2.6179860025234003
2.368765240606503
2.624139129784664
2.86916511272205
2.710508953592989
2.8183467917028846
2.4977426308364445
2.698427919688421
2.629015054307093
2.4887602643203457
2.5232870589067473
2.3125183513604783
2.7690794234497083
2.788777735275249
2.4800206259298125
2.8509918407551815
2.7770435436762764
2.626095413709823
2.570886279405989
2.7519192939826573
2.72199141492926
2.577554389639431
2.406996503514869
2.5696380595964183
2.441308498073335
2.4604733794810025
2.5030863221583277
2.432770649389066
2.505612938432078
2.6072214054364244
2.4419831029545622
2.7045884919480248
2.415822338810166
2.789357319198828
2.5864255824288724
2.4094732343225473
2.5469047499158544
2.486747756249817
2.5224001607044912
2.373189393585739
2.17630101927142
2.2478910122335733
2.40092485985906
2.1668925246650907
2.3768005536236485
2.2880990922808855
2.3149471409523934
2.3662143897752776
2.3918952691666404
2.189275754248222
2.31210090722475
2.240439260525787
2.310191606844815
2.2475956100124
2.237482654347901
2.071016802547677
2.166507339558346
2.2330301046808536
2.4255842783143184
2.4429425201997996
2.478117653998819
2.6585011125727323
2.534672406851685
2.649776858783506
2.683212584024948
2.4083025970277347
2.4057826794203647
2.3997093726412917
2.5518300351917915
2.415410284221565
2.5765222043943217
2.4446966991770487
2.212614308172569
2.213887060811092
2.168926020473898
2.395392512121554
2.600514771526867
2.7534986200516234
2.45226818034053
2.591211243420333
2.513274696237353
2.476326096603326
2.2715698377609335
2.298219330524376
2.2973117287155462
2.302683064023089
2.4825255178361396
2.287664962469759
2.3958990413274703
2.3872696974235117
2.3691396095779633
2.256940973410898
2.2585952933173044
2.6726233955076957
2.43738720766897
2.5932889578461795
2.3708140617497744
2.5276938292290723
2.2056556620050816
2.4112058743768845
2.4953354691531
2.294791366402755
2.666399448138104
2.829197584640471
2.6178197187038665
2.3468776998969068
2.209364635452586
2.203400189793902
2.3655220188595503
2.318320501512749
2.5018460952267696
2.3884797067144725
2.3967124496702232
2.585754604215605
2.626678066781005
2.422488837424664
2.612518948864368
2.5798500376498428
2.525662132604381
2.6068656658446967
2.606770656757239
2.4737137057392586
2.6487094257980472
2.6690874463400873
2.8401091537338505
3.054098074969134
3.030347036974732
3.1331170820620415
2.43408434243239
2.630383088564488
2.577407189430455
2.43967888579447
2.4391673087996484
2.395844336993816
2.4351926236055115
2.3033674788507668
2.2204253758913315
2.4156934618077934
2.5639944630567375
2.8443212807952065
2.4433977576268378
2.3860622666472135
2.3214192688287807
2.3236017466063115
2.416985224939056
2.3417186083499333
2.6413019685088166
2.5062928394640696
2.4164072764485907
2.6206897216495513
2.592418670730388
2.6191468240419304
2.3278647942826924
2.547568864341249
2.5057939633870197
2.6339485858892724
2.6471853213515977
2.7656333016984416
2.4259946164417294
2.422111438715291
2.4551110688831903
2.5418789484563304
2.6969611182109023
2.591385591284973
2.4333051022915293
2.496650084310826
2.4659694061285693
2.4040508915145034
2.1183395711204804
2.2302696683805623
2.473615749047089
1.9469730382689876
2.089201579203273
2.1478819964301903
2.1968602470068164
2.123499196244083
2.2801396659029467
2.370483017644856
2.456657959590757
2.496115686451924
2.695379033009733
2.571211121310122
2.447944373806854
2.4425238595943837
2.6591019238283935
2.5416711371956264
2.368818754874429
2.551324202468835
2.550481975489574
2.411429424341888
2.4426492073019626
2.8732571922407626
2.297560201438404
2.1452621241298346
2.3321369652647146
2.323914696187123
2.29634281784387
2.2813428950614028
2.281393536683897
2.25722187880138
2.195169239129038
2.0177071729374836
2.1844771183664067
2.2107568106671245
2.574234201252814
2.357243349442329
2.3207037622737077
2.7650616908763457
2.7593971530054797
2.6375781215015217
2.546836755955116
2.3785354259098237
2.2373228909867153
2.6867158004466405
2.6619805302871895
2.5433047323601756
2.3025677619755904
2.3873962830214865
2.4797476312763758
2.4498016076005213
2.837838963211311
2.351770436292936
2.4323383293768464
2.5891836988112353
2.286176636222138
2.446743561487777
2.3582994283729173
2.378970658514347
2.3524204185305897
2.283055887828581
2.2544355656847257
2.183711186046079
2.261187403314778
2.293152039944822
2.2908870641783348
2.6903979330203804
2.315078019584438
2.9071418271496965
2.932246188893725
2.4100502577854863
2.5794000427083343
2.2979069075499656
2.646968656111713
2.272884512936694
2.4753216779051184
2.280939347745922
2.515303746121445
2.5052355861912963
2.3034629783391267
2.532868150150499
2.666592071607516
2.6647766724595505
2.5402659448434326
2.548531829296708
2.533457971764126
2.5804254871640016
2.7212978796733522
2.5828672946545734
2.6455111053487492
2.7818079807305365
2.4261537429874336
2.241306696752548
2.2817061001624386
2.681510896227789
2.4214626565278903
2.5233030883616836
2.4444733441299116
2.413962211479957
2.3596547447052547
2.671433756101047
2.7279448792111016
2.5424775938427895
2.716048182731141
2.408953418801506
2.5042716184207436
2.4989669670118957
2.6192772366447143
2.513947657307981
2.216344911063219
2.3670155654953526
2.2939917122082014
2.378850421413442
2.4498352938603416
2.287405298228917
2.1077228299364554
2.3034016929649543
2.2926169473149227
2.3412230197170087
2.997499282865613
2.7438512981029377
2.411915966037437
2.443333610366273
2.755756211904366
2.382187684410955
2.5987045336524606
2.471692996067142
2.466596936735422
2.4638084527085433
2.2885448624656366
2.6074504048891347
2.490937730940766
2.447294697968662
2.6135239829897965
2.570293873930479
2.451024015057583
2.4261320056468985
2.5392651728286233
2.4040356765755773
2.318560211582237
2.323537076962065
2.680418378333676
2.6609857249033806
2.5930673461316927
2.563692122160669
2.3671555117129985
2.431134766892328
2.404548099619083
2.128859457462742
2.1926608841250563
2.1381909489254576
2.666104340937241
2.6252934753282244
2.677999402357314
2.236395860320437
2.375550895391382
2.587761742989172
2.101849749307264
2.531004302459203
2.3584950353658587
2.7491895089118352
2.4211217808141927
2.3890520345471487
2.3735065065370837
2.3365299742436947
2.3767930349252864
2.4545078154766182
2.4141813171187145
2.1230104707461326
2.401284406932469
2.175176742789353
2.4221454493379895
2.4575523227742346
2.605977504317549
2.5470500046372497
2.638105626504484
2.3908068552907893
2.330851108774242
2.3558282061057487
2.283286169581584
2.430270028274375
2.533036637734094
2.4795976521488354
2.438570232135811
2.5353925153799404
2.5715438261051298
2.456428347386185
2.464429498939939
2.2032952792574756
2.3751502532616025
2.3361481815243192
2.328663599856279
2.5932147747169543
2.4246092330740865
2.712097289451876
2.333585869781431
2.375224991846336
2.6577077255214117
2.8860220989180196
3.0174477716777037
2.8233019638316676
2.4439049098276056
2.4330144711794337
2.704232610903004
2.5448784041746206
2.3607973414482064
2.3481647644384913
2.2710848381751014
2.493785471648026
2.4558761732438934
2.2331454445073953
2.3541285604680064
2.64407830067036
2.566200262059605
2.802469796906564
2.629765788089382
2.3090586816150136
2.351042960696215
2.270993956091535
2.7539229978887683
2.3923392487942796
2.4293032439053666
2.5677084759776507
2.47527831621594
2.49284832336331
2.784627266022134
2.895039162429652
2.656617890499562
2.3958090720117458
2.4203556475731216
2.5315347305301996
2.5249253326040666
2.4385849143284046
2.4073593944751743
2.606031995347944
2.596711405668192
2.430122368634709
2.8232203730075516
2.5629473135073906
2.517178778819947
2.4219461378994205
2.6395738911503224
2.762622621942127
2.760372728152031
2.726986717877232
2.691380510907253
2.3499155154402116
2.529865323610689
2.5225774802206975
2.4296530163036585
2.5678375089599035
2.423600765025718
2.3851532005612173
2.037298263929562
2.0313428192008947
2.113752118085987
2.146839462218561
2.2776840748113045
2.1776696478953355
2.374360365950864
2.247736047155011
2.257271398509788
2.306022171996992
2.3752466317750702
2.3983878131671124
2.365485059805021
2.429383088978517
2.7852394937424942
2.8028993443879244
2.7609635590003965
2.678314619918146
2.5061514140415233
2.7608674328643965
2.664419081411757
2.5197153861720443
2.7426327060735414
2.1973277715300914
2.7766163519313616
2.451357060804566
2.6360599121506554
2.4195846265179934
2.4897688780174096
2.4929522760116347
2.3712873232939367
2.5210187858179727
2.4477118113768865
2.485620356948051
2.5231915233008895
2.098491478369082
2.297771358479699
2.4338689085364376
2.5007975669490947
2.128090432235415
2.1226751492967066
2.121954450606113
2.121948408211171
2.091814798174762
2.100784387675586
2.114426288514356
2.1135629638354887
2.1134011178225283
2.112244105325366
2.112660611065904
2.1007524835504365
2.109884799173608
2.1085570681163226
2.067213550561578
2.2113601348351097
2.2054563644075946
2.679400788954004
2.37071952099584
2.762374305093437
2.56050424591075
2.2411966724998096
2.3342791650840007
2.881233434255231
2.9139139073414944
2.207913101002791
2.5366544825451482
2.186206258889594
2.5796262212846406
2.5889405018344287
2.228506738414596
2.2054468573064936
2.520684563665072
2.7463799817524213
2.6631012031141776
2.737975287400988
2.292320581948197
2.161739366744219
2.2686031968551634
2.5935066559404314
2.501224875909534
2.7873547980541207
2.5244813167815585
2.7140163818780567
2.716097027492122
2.7480554677236313
2.2655232250626587
2.267971510840117
2.577061020407268
2.5705679354675235
2.5615712642805195
2.602016894692735
2.604927006238525
2.7231665969460352
2.8063186197309284
2.472357340970148
2.59043274056051
2.7292842314294656
2.6748352422563055
2.125498442362283
2.275183249875676
2.708116647760649
2.2861916063592482
2.503231868657999
2.3024889362506418
2.6442903146960517
2.6091701257402384
2.7209284700365077
2.5308324098536925
2.4880851076604937
2.299621592277209
2.2257298757652593
2.3964200075718556
2.2354604047288373
2.502543366819399
2.411115849770201
2.445167142202112
2.2861905489141283
2.245123143680377
2.2540574303926464
2.577619599979799
2.3919804528329145
2.2683933340533855
2.540645900432882
2.49472727957318
2.4094455264815844
2.738029177070818
2.755801992381879
2.5698018454663267
2.4883196509737666
2.3631216901923584
2.319291243494165
2.1249761604230226
2.0943188604113487
2.1491495006831016
2.276479558571548
2.506003162021823
2.4891571261945313
2.416388138153604
2.434725545986442
2.547660687175074
2.545473928016156
2.412726776282945
2.596688482331521
2.3100427146344686
2.468817571497291
2.4767180553253367
2.1857293382293665
2.370183098570229
2.4562843205777307
2.527388647984212
2.629050405757538
2.34388323767364
2.597650307144048
2.365742334843031
2.620037943859131
2.2649287181138438
2.2756629419066305
2.561857596151274
2.7165766560063482
2.3673630369344716
2.583650943508288
2.668119275948801
2.401167346495327
2.430464828775385
2.515719106578012
2.602682292601018
2.6598335246531044
2.676447851355944
2.4763281550528142
2.8162275545774587
2.462316598340102
2.553801256434505
2.6423693618319395
2.818759248677643
2.339379289325314
2.2550458661777064
2.255017256678934
2.3660296262145297
2.1357959842485594
2.299339168135255
2.1916475761123606
2.3314486178599285
2.452023476454797
2.5371139590686256
2.4982593705281047
2.415797849347389
2.255116749506768
2.5283549643598815
2.3172544651645577
2.470516350319082
2.4378512977773608
2.614355013222183
2.507833473608347
2.4581032803160805
2.5602361486702687
2.681793530661848
2.8169484255536044
2.503557556904254
2.646608181788108
2.7944253878357355
2.27540074644255
2.641288924578516
2.206052326733844
2.7050872068457714
2.5190887833794027
2.718661362659729
2.664459721822126
2.5683056374056026
2.5902226111091067
2.862941050205478
2.686800137905025
2.428349036501836
2.5286944913314304
2.581309478563385
2.2849130576926884
2.333195236089738
2.4692613138332673
2.4662354502540613
2.430646429913834
2.3781455727316185
2.2807649080644983
2.2958714835791163
2.316942301465158
2.6627654201991033
2.6403076185039827
2.7472268989303656
2.262938894013055
2.3412428869495727
2.503189748196596
2.5036357767574544
2.5199579898667968
2.116322983050609
2.518895824893764
2.3499713539807097
2.361193808509808
2.3062168931555425
2.556956550223007
2.2587074865159167
2.3176764291927454
2.4616541558962375
2.3404224556588717
2.378304040708398
2.4677366396085767
2.2638433147565875
2.3654314632658577
2.4024229269747717
2.3821377476433865
2.4098186150063046
2.5799730183820593
2.5633033484030068
2.482066753918591
2.457272488948333
2.574311856124043
2.6605174886968546
2.5945713769533154
2.4609629893821077
2.320656067416776
2.5876106712489686
2.464436156889484
2.496595654985371
2.529237893688476
2.4517388586715074
2.4414595990742027
2.42027675773114
2.658279258262347
2.6947572002472824
2.7439327614773914
2.6638409842788735
2.7168326792529656
2.4618459553450966
2.454864144606405
2.3317977603429676
2.5103866845914626
2.231122291096005
2.231908665622765
2.4877695671008375
2.442089803627753
2.394751431205571
2.191681818264767
2.761594881510803
2.5910431253454997
2.335135628665523
2.5817730065362174
2.462061135694942
2.4862046559839612
2.4580249635032154
2.484282031175652
2.570019484753385
2.6944495063368463
2.506040562553515
2.4543349472310867
2.9349415938538077
2.8298931879330045
2.7598444049561537
2.4580976087706463
2.470834782203293
2.2589597255070517
2.380706973774409
2.671925589311058
2.6204816904664514
2.6236222057613627
2.464922831059022
2.4404242732769554
2.655767704134548
2.332214548354896
2.6181466507936597
2.584635405607676
2.377930303355379
2.406872083080268
2.4775841147013202
2.2098147804352437
2.58508942714954
2.128979416633487
2.472223221868736
2.878449514292647
2.764340806517482
2.5622320122734004
2.1785134977814176
2.6275867510916693
2.4450249198099154
2.6696944798949267
2.5360056074194364
2.629854052595323
2.647952982800855
2.6522212047097735
2.4381582393012513
2.594103416578788
2.674761616609337
2.742617261236027
2.5024392550382495
2.6904483845589335
2.425240459305777
2.5025794955399405
2.5273012534493264
2.5256178002085075
2.5893526050980364
2.539107159778133
2.516266216217659
2.3234357142788222
2.5580655915211095
2.715020371698181
2.597508226530608
2.3766327637551927
2.4716463937209237
2.544301205839978
2.5873755392412523
2.6851443915296076
2.235650859804196
2.4406988985464615
2.3992038521255963
2.227295382048725
2.5187787636891823
2.6681666320568547
2.2121298190864556
2.5051438043167757
2.5272065455044084
2.512771238071498
2.5938835190810376
2.7712888110067224
2.8188974522251637
2.48416625066147
2.6405802842696326
2.428814608190638
2.450314592057595
2.401107143072574
2.3673438307270107
2.6664014333864574
2.545754938534375
2.646441463772429
2.56562258921921
2.3827692813631445
2.139852039690789
2.351063738570379
2.2854113524621993
2.279085174493601
2.4829406460997894
2.55566790271647
2.4037704705209233
2.3875260065560284
2.342141356464637
2.2974932717472507
2.2576824586912125
2.6628486018512327
2.518957989287565
2.6888833950037223
2.523676585166535
2.5013569907724857
2.4446388273867106
2.4320093224915453
2.31590162993512
2.4364361236466343
2.2283183767440335
2.232536077159151
2.577314409042295
2.5618657683595902
2.6471301181085836
2.4199244564427014
2.526335958631893
2.339213337824495
2.349291803010688
2.3360768300497434
2.257155433888852
2.258263341537454
2.2692751495471417
2.485192784846348
2.464236834773742
2.4717050758070838
2.501009455684825
2.407747262579388
2.4935439870429867
2.6263954121460835
2.5426701727830467
2.401175267515254
2.1973300373023887
2.257887884036657
2.328673053708968
2.411960785831523
2.501565034528812
2.61695238823648
2.728380389664418
2.882750146197516
2.2076030429832922
2.5130685704726785
2.473066736737677
2.5668889942236186
2.391105469910104
2.3924892034538114
2.685681894343437
2.3156931079014895
2.4457882158853965
2.5997421072032307
2.29737430682326
2.718985588827376
2.792008707418581
2.4654207679238955
2.3778102717872356
3.0347512418314815
2.6087293009834553
2.209944026336168
2.943528473531635
2.593355411759389
2.762453674411414
2.407838361113997
2.7030820977216123
2.416655128305843
2.8202936614388783
2.7071910449702825
2.898677094122346
2.768256011829909
2.8209678843587356
2.5028271487334015
2.5097360657822536
2.4143433041611186
2.453258921816378
2.4010038816285193
2.425481450715301
2.3054904217209558
2.5330444675315777
2.530907094007895
2.576848845752753
2.5099421481591353
2.3724782360494454
2.523606983330432
2.4456107674840233
2.3889817725409057
2.5004748127430467
2.49657269929348
2.4737155808667666
2.627374115081128
2.625299756221208
2.652692571440255
2.6299934286459012
2.473483139811158
2.4991900450312134
2.7264881026423655
2.7258177049459174
2.7235735089639053
2.7165862567815875
2.716005682776525
2.7099006517925477
2.5598717917676335
2.2961394884702453
2.3121196074059753
2.2961851443522723
2.676728938424486
2.1913680612022826
2.3326131518154214
2.2001793907470026
2.8515966185976627
2.9106594470198055
2.8364592414688654
2.6749426094027515
2.768926702096529
2.8428154715851766
2.929150422705623
2.47045690476938
2.314134642961891
2.846554932266862
2.6375470680221764
2.786815875921817
2.549731937002958
2.597646199489632
2.3255558281427104
2.4314277479265347
2.305813229571468
2.3508048445
2.7019691063115934
2.582851540008903
2.585173778516399
2.4376855160927646
2.348131222298311
2.836731382723056
2.6977967419658535
2.512459657885495
2.695225962247805
2.327832676931454
2.5943381119124544
2.6930029619854343
2.8922044305718115
2.8829815495094997
2.91173691205349
2.7859386969432505
2.5429834068143284
2.5365546926274036
2.41199561020031
2.4882224139626388
2.4240888289948312
2.5613028307241925
2.3885386071677766
2.3978127348440057
2.4680245381422417
2.7198407418756245
2.3372164420359414
2.6533642762749685
2.7684615521410794
2.858316094676976
2.4346062478178094
2.445188999908753
2.543243954692182
2.4524311090059885
2.4845804486848997
2.4612257902557295
2.4711741281271817
2.6873074826708945
2.6476255913793745
2.633731561770433
2.1695482673607756
2.5411266093870775
2.4869529476204577
2.5834758190837825
2.5051761670957347
2.6231081628069863
2.268726546627818
2.4571123549392127
2.467530490256069
2.808637665263393
2.4208211070162555
2.893869597744426
2.6123654120210937
2.5842233203251395
2.5454881872888557
2.4766009014525667
2.5309263754507563
2.4954266573308677
2.4334166947858864
2.304914063507267
3.024949674032706
2.5274615954751263
2.7575034656330937
2.4129064154890543
2.3061134017869307
2.657118357146046
2.6705935123270272
2.3503716817210774
2.42709329619763
2.4215189151782965
2.451919172398646
2.575206377574855
2.5699809297339047
2.5607434720660347
2.6277999436794395
2.457403807240808
2.5776745296790446
2.380407946338253
2.4114953378446837
2.6088169441426428
2.2126287519982117
2.3125586456124037
2.8900796797583506
2.8791042471746318
2.583559174281481
2.607098133370751
2.5806125230138997
2.257087671238174
2.2386000949552898
2.637503800155255
2.619128802801808
2.4813723618041554
2.4287318269175984
2.62395311487112
2.396968439885965
2.5693664296079937
2.5583162608743026
2.287840838906211
2.2735819590601243
2.345580346808947
2.70002153864196
2.2838497733968333
2.5125370777967717
2.3735761405574056
2.722414834424957
2.501962300229981
2.4660540290770574
2.5042308007758733
2.506018220367218
2.234398463586795
2.413688942523108
2.5626536135544766
2.6168526660811495
2.582696585970482
2.637021976837413
2.4669013923513066
2.6863621567540785
2.6160295083406093
2.5355148293324246
2.6266505210583446
2.297623734919052
2.359624888664199
2.6347075239069135
2.479529578525608
2.517308214315733
2.7067515320476203
2.5081565765391636
2.3127020091175146
2.2192010727985245
2.6911935163871594
2.039662244028113
2.8114112838549987
2.7385480507544058
2.463699761170761
2.7770553291125633
2.434008308938281
2.5035358846925755
2.4918862793492775
2.6121192824068
2.0909963148128714
2.2629406639583514
2.359040294078574
2.3202309096489904
2.326484599328201
2.6110044462954862
2.516317574340327
2.4837340445921767
2.4044684738281714
2.628635238336743
2.682230467966489
2.7403767368470704
2.600570158558922
2.5057111978512747
2.20380071285903
2.229170294788432
2.5706549492248962
2.6044295304998415
2.0317898372432177
2.1771405259803367
2.031610213318672
2.076651764475184
2.6193006201470945
2.6797158531092387
2.668837814799125
2.9496079004803386
2.4612523844269316
2.460787838069584
2.419757617413122
2.5021359794530054
2.5833483000977395
2.5170607345567406
2.560619043920177
2.5255401978440974
2.498224451224719
2.4610411855156733
2.570448856475449
2.6140496923313465
2.453946338223802
2.6292205687549126
2.6030693844438124
2.7499261790695377
2.7733254705747594
2.5082990797104503
2.480680404256435
2.5050810702911464
2.389859510589465
2.5095576276455307
2.700340741606053
2.5910779173395473
3.068599320447269
2.1579900986321228
2.4975722063618297
2.4857515109693478
2.683171421849005
2.600511425491568
2.6284162920376315
2.605143177310327
2.4821724479966303
2.5222176403107315
2.5641582969115913
2.4042828873478275
2.453719478153275
2.7977808389200374
2.367460469317475
2.755987247347014
2.314317942184327
2.818215675011543
2.3866289060047894
2.7724993611128523
2.786591983042538
2.7022677446331578
2.7728772642727773
2.744642397012756
2.5487705003325134
2.9340627855194183
2.594489470235081
2.3960005356041894
2.3967675461733653
2.7456958692987183
2.282480668318024
2.5804412191571053
2.513267614955129
2.419270270834833
2.5170947480079544
2.2582026567972586
2.561345373167968
2.4698647817330976
2.513185505247683
2.2878426729494548
2.2783805220431446
2.5243169886282466
2.611547217391098
2.3897657881669296
2.291919564462062
2.2487278242527857
2.2442446704563963
2.45179418167249
2.36864683743343
2.597338059930369
2.583076677403367
2.6410044889768396
2.491137185911281
2.3456532243754507
2.367161009592341
2.348664515257816
2.5217411498915183
2.7517559224634334
2.3734942054834596
2.3530227742905385
2.3772589095455787
2.693212428475235
2.4217624531042876
2.672020342154137
2.582094043523299
2.672392102652361
2.4348854493717473
2.4520508011778026
2.349888501194894
2.458201239138877
2.429056137806042
2.952868504851727
2.855436844104613
2.5957540905409884
2.3480907130039212
2.4825664909453833
2.692522918567374
2.128005151981384
2.4672150794696495
2.424517902659929
2.4168416065482905
2.342137938715724
2.305981173072485
2.3832178951684115
2.301938753826836
2.2324945728447196
2.229291454968994
2.388757971474399
2.513294232764333
2.391885884313183
2.2671764432685064
2.6739436342096705
2.6700870748934773
2.636170199849486
2.642559880900414
2.642559880900414
2.5995827057772036
2.601228499127189
2.6224531528082835
2.6239910074262123
2.644315387957668
2.6308246939371593
2.5421553613790935
2.507345011886141
2.4753169638831163
2.3726104046913785
2.190706512822434
2.176060830149737
2.3485229081472756
2.5470818395214954
2.269679254658327
2.620044669135984
2.427053894880388
2.50971999139089
2.5315494827826908
2.609519721602097
2.4868476025153785
2.2996672539146474
2.4415037011482603
2.438587977665827
2.3281341481287887
2.52927816499042
2.365703734517364
2.257661771570806
2.6455569155251855
2.492846438296931
2.588646691962714
2.4573884558905497
2.387342707163957
2.4920020921561443
2.6346040993557653
2.3531619937562405
2.458769927848984
2.6870126064518978
2.65950587144982
2.2333593056632655
2.7178021532815104
2.6421223029090615
2.2916902090744435
2.6482155770236164
2.4838150033892363
2.3578219361773467
2.653543821283923
2.497703020654353
2.7056211355750697
2.375827899748835
2.680266090251095
2.3182825461640673
2.525648561046189
2.373241520825498
2.360135898195251
2.53976724099244
2.3048496276373363
2.561274350950166
2.4841278605945645
2.7114439628086084
2.799254449330926
2.8561135600461016
2.6464448632982984
2.6805214133789463
2.345933843818347
2.526094541434859
2.177736596476505
2.3791254434337237
2.3891266268036353
2.442188929307625
2.529362394052227
2.596805260664075
2.292458062598162
2.37048677001801
2.3461056110836402
2.3464555061932444
2.1532486674065305
2.6848413360411247
2.6201674003523823
2.8176688087234307
2.28618044339274
2.741058101833358
2.7601961739982457
2.690729831243167
2.469416018952178
2.274011772573257
2.5851013100206317
2.384193190166936
2.66700795043222
2.572478492933951
2.392165620559477
2.4220804540941696
2.6137013878363367
2.452746566693827
2.3221853824426626
2.737072491016407
2.5081453832979403
2.5335320669019676
2.763396968618367
2.7040985215215145
2.369989482792487
2.472134038348146
2.490514899948453
2.680157784341457
2.216296177441905
2.7268740788298915
2.448094230333363
2.34006724238628
2.688892740570669
2.6109844641350373
2.513845436597766
2.3056302728233544
2.358747232636717
2.5402328451842378
2.355099822265173
2.3636035145573446
2.4244740181199242
2.227597375052624
2.368736771105488
2.3811811198877533
2.375677064456187
2.6619102495930917
2.3765392181063896
2.371944911243624
2.636710750431178
2.288096939464647
2.2659977712164645
2.345737969924534
2.362145455424372
2.2134560316141343
2.1780904168464894
2.5356612023828338
2.613028899747503
2.731050660006701
2.421302998846402
2.424458306673922
2.3527441357339804
2.5618162967707927
2.44639621263016
2.633982134883486
2.460227617356514
2.6197316678107607
2.73150176211936
2.3992653641997137
2.5750447899397098
2.6924718407771175
2.6478369732723954
2.7139523622317805
2.8465957107396815
2.8055142634380776
2.614670507490696
2.627512031062824
2.194159657904716
2.655745292216616
2.7012226665047465
2.4496366244960948
2.3415860648374958
2.415575972132782
2.5160791801868387
2.563550445309624
2.4386471690411144
2.619277694783257
2.6744572870229018
2.8419654903800016
2.665960841098311
2.663409595841086
2.3485947584785345
2.41277975508864
2.6135490698685633
2.36600328763494
2.5756514620038815
2.2226121199055524
2.4095230403856687
2.447150067703603
2.0889056751858455
2.5946763200796115
2.506168144340336
2.21306917660228
2.3502793288767454
2.3124158047319914
2.2967187791165156
2.351563308806584
2.5086038142380422
2.1662158510903313
2.412453243160662
2.276696130444811
2.2004932126854655
2.439751261098643
2.457367616961771
2.6492805076706443
2.539851561316821
2.8580659726357904
2.5396188613663155
2.7106329198336363
2.7438813079051534
2.641496214445427
2.3607805740372267
2.544862172709777
2.2996560150559002
2.365535085631777
2.1119011827238205
2.5755951577894156
2.423697124807915
2.580047825388358
2.330667084352469
2.6148542435369464
2.3501794960642695
2.3323842664113776
2.465250022368022
2.534913179273851
2.1749854044956076
2.534875536265849
2.5094218253571485
2.7296394222820255
2.1615885082599426
2.3037956875823506
2.2006971302246106
2.64018584374682
2.7531234524696497
2.6274719265321185
2.413680969732156
2.3617858530100913
2.438000274076684
2.489950251516445
2.751903528286144
2.449689530725281
2.591881259991646
2.485861943676338
2.5166550605506193
2.399685712515959
2.350057929851638
2.4297452613360977
2.596500648699329
2.3957196561519094
2.575584672116417
2.523771881824331
2.409290655852385
2.4462424329614674
2.4270276946981704
2.45862379521615
2.5476046491708524
2.5354551938260363
2.581675286095094
2.3963813878314992
2.436504855279386
2.530241031632453
2.371678164731284
2.441410180708559
2.464128750508658
2.7016441731377805
2.1175072959404817
2.1472799871379937
2.3428423069833073
2.29254556383393
2.6079961308266437
2.6859749586362005
2.5843959085091135
2.487842419750302
2.771184358054975
2.7792667886834574
2.6312170170739244
2.3126313237378078
2.9152436480077824
2.3017502822589617
2.3857671614736398
2.4788550146673685
2.4924531586617125
2.4933335454241625
2.5672304992117088
2.7509387202242457
2.6301368615866014
2.647545031752835
2.421517441970815
1.9423555917345545
1.8858573260156652
2.7332996468938844
2.277432171127687
2.143957256266612
2.6228648917167323
2.3256134108782396
2.363066098191324
2.189946840494449
2.1366858215373106
2.312349618780671
2.321302290007065
