0
12.79063809674568
10.873446136934886
9.258976263915114
9.896296663099879
12.019902889134643
12.734860400146522
12.400062765619518
11.214432102143588
10.750489139136233
9.486096264928959
12.151312636140096
12.06299288099316
12.185850249059298
10.398808988525246
10.139976267734628
11.040572410365025
9.72164934682631
10.795752791229003
9.672829983443126
9.496668114040848
12.487752256326965
8.95846059464512
11.06489106709415
9.560644852656909
13.75073374133176
11.681084532685816
11.04183826584575
13.970654482608811
10.141796992770466
13.118758439083575
9.406598642804463
9.843887500212478
12.136944040749247
9.90537184650578
13.636583454183517
11.758466910178997
13.236003598645885
9.162272956660267
11.2462597053296
10.414600337970034
11.323241074210054
14.766458455057059
10.79741869246864
10.38712593655671
13.752915322072392
9.66098144940376
8.923722170461245
11.106339475941192
10.941612645018784
11.155040673621887
9.770935597305463
9.416011024616912
14.909549447080789
17.180953437796102
11.692073338331744
12.226870774756325
10.411593779770005
11.559106207438964
10.522034471759804
12.915427074117828
12.296862383901454
12.301584670319748
12.60773350309472
12.413556547767996
12.413647460686159
12.029045318993965
12.02707334246898
11.37657929168201
11.731764342461068
11.220165132262931
13.30313466688423
12.02759909337711
10.247286864327101
10.095730768147948
9.78550960619532
10.303238466278472
10.310237911425304
10.951366632760072
10.351480831014038
10.548684406440588
10.485843292173339
10.572563300768174
10.725023456913041
11.37130006631519
9.816031356962583
11.293770973595958
11.10335001150819
11.53074970264065
11.330776956540642
11.737090189517678
12.405421291309592
9.475960288821147
13.802544422539196
15.08804856201403
13.844717627919783
12.916804225790274
12.4859511979209
11.22123030406059
14.880108232574377
12.300524111409374
11.813054877403605
12.801761881891574
13.459757557534415
11.525576887699957
14.425449545525982
16.828632537811583
13.065582378485619
13.087327156717842
11.943686008007173
13.883301987156399
10.939271120408447
14.736518370207342
17.105116083304097
14.405612260141838
14.395497843887881
12.297918181369713
14.475565836056157
16.950819397787214
15.117328736629712
10.288186633267014
10.515092070370596
10.520397731237276
7.658732938518098
10.685414471858307
14.475410127706018
17.772780682506053
15.20427567939292
12.94904293315822
10.607493454292895
10.740686823602049
9.808768537857572
16.45173406373286
13.276936489212229
17.41544459901443
12.970356377077286
11.78931186447098
12.057196370612893
11.344546207132495
14.519592182681707
10.037282810711213
9.080407534126302
8.01781519835553
8.849758629338192
11.143018367534923
11.939030986035283
11.959329709520091
11.926278187938019
11.921640089667736
11.921921304175903
12.885080239049165
12.565086362304699
12.723160575683522
13.18723179049053
13.489656058513331
8.145351708422458
13.933558559082204
12.826762826665371
13.281902490465662
13.932398060824234
13.542012702681832
14.171701536721644
10.676291000820981
10.342613784878381
11.972078041302256
12.23162251059016
14.496790764322823
9.687455701659871
14.131445207441324
14.093551238711095
14.502729506417289
11.236342110343616
12.91567841084797
13.606954698158633
12.366802983737832
13.502830259952612
13.184591540285231
9.102583645686801
9.762215706078793
9.593265577301512
12.518970586763963
11.027563724447766
11.718189942974574
12.178972548263584
10.611881618756588
10.029703305779485
9.181115528403446
12.898576833092946
15.136145137563203
11.697170136499448
11.731373985591521
12.698588212570202
10.853601114606708
12.37538593659763
12.893306280056974
12.95265261005694
12.943226745736592
12.891620057018208
12.726542296812573
11.766718917763935
8.973140938676298
17.495730129187987
12.837931761821675
13.119190265113218
10.60934982888958
12.139907716060799
10.350103128674435
9.523120740353537
10.15392403311881
10.780291820061246
10.118750169547168
10.688711663657374
10.265994632116039
11.17939023020309
11.04991960046838
11.4397519261722
13.611307069530044
11.45946028809922
9.877575632312581
14.236193751616824
13.280737331901344
14.47921521569046
14.622658322571152
10.092737394183986
12.158773596957621
12.361316906497244
12.780776567627974
12.091990758773859
12.048458688070625
11.357274473543944
11.591556392977283
8.94947245754409
8.569531367265288
12.582355437476457
11.350203156688485
11.490167419873817
11.08787054283569
11.241684065558905
12.936513122445602
10.632746004840945
17.702986867037673
8.934436915485286
10.058655466171686
10.72350674579415
11.588161914271543
8.860642078759085
10.557222942480616
9.454092724032389
11.47198944117229
12.595205923647711
12.01295276727484
15.29276866390626
15.25495080860944
13.614261122106056
11.09449931949101
11.420893584289114
11.423147130655785
11.01844023757201
12.82232393331555
14.601073089330887
11.674144112351437
10.855558714478246
8.268825873925657
11.344778312402763
13.98377324755273
14.074566691344959
12.722505367006358
14.546458218087727
14.754010362967039
10.826144758002641
11.878990254737229
12.865679548083964
13.76284365950489
13.722557656784444
13.65005415571773
12.924243354917566
11.165935609220142
14.230028721136364
14.372571352050587
16.331220267060463
16.074716375577157
14.128409787603747
15.868303489060779
15.375967770368296
10.644546869951155
12.770654687092863
11.087859889535844
13.477979258001305
14.31682753737614
13.075507063036989
11.776963950063022
13.044534174076405
10.05406225703474
12.7752628579957
12.041802229574412
14.794946130227775
15.3562868934304
13.363463444305971
11.514351903779804
9.809936749208676
9.747154215743558
10.137343022022886
9.858437850651008
10.948047639523804
12.33468315481036
11.650076869631548
11.21086558884474
13.32318937642247
11.613055455068611
12.524205075965726
12.24182204267419
8.877978551382146
9.323603735248904
14.04002159993564
14.848195387373163
13.458827683653997
14.333722185257198
15.430925388668964
10.598435755060377
16.33036024687645
12.885068348174604
17.139442673386025
10.319870311881258
8.73602180175155
9.602317971188697
13.001277043086821
9.385303718585885
10.4486858637272
7.922743918497519
11.399243240794581
9.939432859547164
11.354105566575907
9.842484657970857
11.465098169464044
10.488717072370548
9.504252639561932
8.702033880753905
8.492076263852747
14.226555925207231
12.946822456363071
14.202195216464535
14.300317828559658
14.516665839327569
15.566762161231804
14.455732415999567
16.05596482581113
17.79884110030306
17.36509765211092
17.158169696588455
13.89076547940787
13.15746417817779
12.426222775017214
11.92986574132294
11.795111632849045
11.74058970334288
11.826696516841961
9.815760354912863
10.558646096652701
10.608471695291877
15.743815817567649
15.683819219827264
17.121910861571045
16.029004467061466
16.391338789600226
12.860743708399372
12.437283811003034
11.07618308800459
14.725569238940784
13.28489648022756
13.332605842567197
11.629755593165022
10.928169793915885
9.321013731157924
10.343457983520167
12.848468804342456
13.60193159290346
12.915545885280885
11.417124389852184
11.2591360545547
11.12239283511244
9.783887258626784
12.449479774292126
10.920407368140616
18.168678080474475
9.053982079241027
14.94694964385833
14.826138426158185
12.653989888563451
13.274359596365146
10.23124509506927
9.1745327358723
13.535368718965785
11.612631081302135
10.449710539113028
10.708143743423067
12.987420672382845
13.079749364288238
10.54596865239371
11.099784464837041
10.936140557409384
10.244588654678168
9.871251314185875
12.378391227103991
10.457195917723277
11.785259139548963
13.677809521418494
14.808659852376762
13.82802703852947
10.632915713810272
12.036911155794268
10.45601447608609
10.903061999316792
10.751617636038596
10.825687760019086
11.059082567356786
11.871168946985765
14.734580209126062
11.071663879450943
9.357431809349128
12.027334406146014
10.817351158370654
8.361933600235698
8.420318812756824
11.336080376052188
12.363508061422687
14.803106164523497
11.427855824927638
12.211090584170147
9.296123313463278
12.434935383013434
12.659845281101717
15.41493294856506
15.141935655706062
15.362424338066496
12.771872311345833
14.852585519412155
11.979605044205577
15.446132007496491
17.11725932864598
14.410070559715187
16.371069347485452
18.711154330435033
18.09182596801808
11.668514374903072
15.45747863525155
11.610415457342667
15.380398852802761
15.637085903951135
13.06891484469814
14.705557538005344
12.715484634007565
11.99828170462505
10.005822838972573
9.604781425510243
10.490794416849893
14.501694866279703
14.220646664609841
10.316289421000455
11.034314448882629
10.582472105174062
13.63294194276609
9.572619045757328
8.971874224839722
10.261392764994357
9.237952076289774
13.265497150746505
9.943123281995705
10.974585218889747
9.08290115458758
11.674476150207411
11.166060286055743
11.25455875284877
19.039224487940235
11.19583154559623
11.158834233762422
14.707952072839793
14.149974454774915
12.759053316704302
15.21553300685359
11.14283694129754
10.773010029230843
9.256817094999036
13.882371992885597
17.023343003061935
16.087104984482686
15.311203965256526
14.291281689348091
11.149831560171707
11.966906335813094
11.546465176493015
13.889304277628943
14.83158775514167
15.070261305645696
12.184908322290115
9.903222111439023
9.68844154658856
11.222561308037157
10.860930133430612
10.699728762623666
9.333043134604647
8.951119869740651
15.166878005152448
12.249544038479828
13.708087711069917
10.684191729933623
13.792695353115267
17.6222994228361
15.036926665523866
16.749137957166187
12.155024590420764
14.856357969111102
13.860111719608613
12.04633259102329
12.46951741054694
10.099827569355886
15.943949625636817
16.26113224200901
11.941510720070957
17.30493707338697
16.07143614247327
13.819704191183387
13.077409545120119
15.672683523176282
15.210582685849953
13.164902535799879
11.10057050134243
13.06109624687713
11.488063020669513
11.710353669254529
12.220151142964513
11.390397198207914
12.251065814019444
13.56131705080869
11.495815538708351
14.948164134796045
11.198975924523296
16.27055966456304
13.282210485643887
11.128097700946133
12.76752388005037
12.022113628067066
12.458463120712013
10.731564944510394
8.813644387408246
9.467747402638413
11.033375989872939
8.731110132100376
10.770388399647414
9.856184165907305
10.1243877391054
10.656972681204055
10.934197564883233
8.928744167395763
10.095612335438743
9.397458313436442
10.076355168678969
9.464951022075017
9.369714763715823
7.932885196261934
8.727747686135771
9.328088383897025
11.30883499639253
11.506850114919184
11.91880796855757
14.274876622145824
12.612298468641436
14.150880648326929
14.63202447842564
11.115078356708846
11.087104535715287
11.019973209492651
12.830562692058063
11.194362285706765
13.151320928222423
11.527052903958465
9.13957886324
9.151218692093341
8.748882872232176
10.972504054792683
13.470670568169558
15.697455357087653
11.614661010929273
13.345926983418543
12.345291017549524
11.8974738563456
9.694607836129707
9.956437536179381
9.94740515498483
10.000979758283615
11.971460408328937
9.851906231193613
10.978063356413928
10.883737443020248
10.68819230860198
9.553819034079536
9.569637187625407
14.477900676001509
11.443103197254343
13.37368483489686
10.706104167516292
12.524588964527915
9.076200537229461
11.147395401908483
12.12580066843054
9.922365657479771
14.388070822294711
16.931868980382646
13.70580846739274
10.452881686782831
9.109926429583421
9.055752487806803
10.649596657036849
10.158598619777981
12.205004776816368
10.896914837223612
10.986996637445419
13.27330140101908
13.827758630517247
11.27388328950988
13.633349345470808
13.19515923419045
12.499168631349747
13.556493611412792
13.555205682509088
11.86643356667547
14.13578359053183
14.426797956710846
17.117633888828895
21.20205423729205
20.704416540848943
22.945390853397722
11.40537051678672
13.879085802891131
13.162964802016365
11.46935717788586
11.463491219180955
10.977462825199177
11.418017881326406
10.00782692000371
9.21124827558286
11.197532727075979
12.987592297703163
17.189887601841175
11.512089656285992
10.870604013919234
10.190126576830501
10.21239058815229
11.212006633430562
10.399093182443927
14.031460239739557
12.259398158573244
11.205528543303206
13.7452006789095
13.36205095243769
13.724009593706914
10.2560194259529
12.776005793004309
12.253283763402452
13.928659971956641
14.114255589535745
15.889099398593359
11.313476394774383
11.269629343274199
11.647727177086482
12.703517815511464
14.834582615256217
13.348254020140786
11.396486456116541
12.141751912365095
11.774891272814166
11.067920638184699
8.317315704623352
9.30237429748703
11.86527122702583
7.007444179964186
8.078462576181161
8.566694878435165
8.99672162427749
8.360340837020642
9.778045973785286
10.702560561422308
11.665758880962946
12.135265119558273
14.811131597280824
13.081658325791523
11.564549877257585
11.502033658384297
14.28345570564048
12.70087815574386
10.684763501931274
12.82407421477489
12.813277980565212
11.149887680324456
11.503475502299898
17.694559018549825
9.949877120924395
8.544280605903882
10.299928621547307
10.215587051645802
9.937771673731207
9.789818284787307
9.79031406962274
9.556503130316802
8.98152095298631
7.521060657810694
8.886001011695061
9.12261787567347
13.121265061693961
10.561796104222532
10.18283808226152
15.880019612722926
15.790320930873305
13.979306395254936
12.766655795045548
10.789089865630217
9.368217946163305
14.683373517744768
14.324631389350106
12.72164320510887
9.99982669131726
10.885115254636387
11.938251196426926
11.586047907352713
17.07881767537692
10.504150200841682
11.385473965834615
13.3188949347128
9.837254286702054
11.550671357716686
10.572956086431182
10.793786651335866
10.510979931255152
9.806602544254439
9.52991278201651
8.879197542152953
9.594474917007842
9.906112986288905
9.88370127101209
14.737539307277101
10.125712891838177
18.30440657209043
18.769743571554546
11.134520727357712
13.18922281506213
9.953327402213748
14.111197852227303
9.707361478001866
11.885529810558463
9.785868426930307
12.370365659104252
12.24644371901636
10.008782707992072
12.589563160945264
14.390842569357842
14.364741145438778
12.68304351238013
12.788314564360281
12.596990947722967
13.202754567316799
15.200037267726735
13.235032544580873
14.090645047048513
16.148190188062962
11.315276812436313
9.405613545777612
9.793374642531097
14.607146514190395
11.262320179781595
12.469717291716337
11.524478566020138
11.178163765969165
10.587295501522958
14.460687435636395
15.301408442257625
12.711124994617673
15.120450763852931
11.122314646232534
12.234644230044589
12.16991554064471
13.725799494228916
12.353601713883814
9.173738681306565
10.665514210141648
9.91443436772907
10.792488915740668
11.5864382045466
9.849348375547438
8.229480005914757
10.008169334794397
9.900813716165626
10.39394078690977
20.035371427850215
15.546745095581732
11.15531388551212
11.511351210956041
15.732933837305891
10.828566456286861
13.44630750823339
11.842479160195213
11.782282696409931
11.749473754175716
9.860578738355798
13.564422940601313
12.07259165688311
11.557039108669379
13.647058214593603
13.069664710367864
11.600219438640611
11.315030851084275
12.670357026569155
11.067752241729226
10.161034030043547
10.21173017784053
14.591196659578967
14.31038825467106
13.370721398049879
12.983666210948305
10.667006912961225
11.371779079479758
11.073425066336593
8.40527476900234
8.959020341518734
8.484075611637047
14.383825425442923
13.808626082544093
14.55594356078274
9.359537345052214
10.756937501382422
13.299969513262411
8.181289258895625
12.566119986753016
10.575024432862667
15.629958806852455
11.258481782597778
10.903153229907852
10.734968602385969
10.345275832890074
10.770307420650223
11.640702764951381
11.180613233017468
8.356255923564024
11.037343721170265
8.803740982427994
11.270012636903736
11.676196973240351
13.54445860065201
12.769378557871569
13.986682494609994
10.92230310675318
10.286692902918931
10.546860219544751
9.808861085919819
11.361949713483597
12.591684524727482
11.936460842189367
11.456648679051675
12.621383963208057
13.086011380344077
11.663080587844442
11.756772986917516
9.054802493788623
10.752628682236839
10.341326835794286
10.264215264438088
13.372692769904232
11.29781374463943
15.060829333060997
10.314863051317616
10.75343234851878
14.263555611440111
17.9218761675801
20.439059911253796
16.832338785725238
11.51792951861496
11.393174763847531
14.942845313012675
12.741678656932367
10.599399424514326
10.466343881657723
9.689907095365186
12.107020266195732
11.656642314012121
9.32916434604264
10.528949519813754
14.070470361546901
13.016271934972215
16.485311905462286
13.870520880468293
10.064945875842126
10.496511466739483
9.689026496434733
15.704118422969517
10.939053203669213
11.350970466236618
13.035918069027915
11.885014445082735
12.095679507736413
16.193780779390302
18.08420964897828
14.248019156622723
10.977075711995283
11.249859588756534
12.572787177613778
12.489962635803476
11.456816889008902
11.104599529036252
13.545196672266261
13.41953398684429
11.360272135941294
16.830965477357353
12.973999464388232
12.39358225834689
11.26776661830842
14.007233729663291
15.84133434740358
15.805733092167918
15.28675424599776
14.752027204085241
10.484683893405311
12.551815589629491
12.460672445237641
11.354941416823506
13.037600240938259
11.286426003513196
10.860726406854921
7.669859245673074
7.624317567934487
8.27924779359303
8.557768459800709
9.754064547537242
8.825715251778906
10.744138670801235
9.466280346092558
9.556976377282645
10.034429925321309
10.753665054546312
11.005419278553331
10.649203065286722
11.351876821487343
16.203698096399304
16.49239465074951
15.815074366144477
14.560532573038207
12.257664490603759
15.813554197220261
14.35960536091131
12.42505981644668
15.527811494435902
9.000928795667184
16.06457202387607
11.60408348580524
13.958098984285373
11.241189053158653
12.058488816511204
12.096936951010678
10.711172154053548
12.441265193759392
11.56186071014839
12.008567542915294
12.468326184549523
8.153860355563634
9.951978329373167
11.402913678034183
12.192214190996022
8.398813385464269
8.353454361454144
8.347436206732514
8.347385768378581
8.099600975449343
8.172577868436063
8.284831299530424
8.277681886785576
8.27634228538314
8.26677199147062
8.27021586660788
8.172317133648237
8.247291135144444
8.236348216799689
7.902771735721629
9.1281234321638
9.074391852507327
14.576356364765253
10.705092052200422
15.83740116553726
12.94234179335903
9.404578757102662
10.32201677695339
17.83625947091897
18.42878616018424
9.096712649984001
12.637321789740827
8.901379448040501
13.19220627208534
13.31565621356983
9.285989310119572
9.074305581756649
12.437107742116448
15.586107642447484
14.340693613072549
15.45566012522779
9.897879892641066
8.686233071364924
9.665890034721848
13.376596577527453
12.197425146632156
16.23801012624511
12.484418125786824
15.089760208198594
15.121189336693973
15.612243836447126
9.636165165442975
9.65978615523456
13.158408979936342
13.073247093641353
12.956158880032103
13.490920379537567
13.530237643762343
15.228468396511376
16.548883209057145
11.850349264806724
13.335541184306658
15.32191614805381
14.509959014534518
8.377071935204606
9.729701815853772
15.000996732991007
9.83740155284981
12.221929872629621
9.999038478795075
14.073453814867426
13.587770031050617
15.194423264476933
12.563960149282702
12.03820217430901
9.970408861168812
9.260239162100826
10.983784046865265
9.350786007390049
12.213517947586302
11.146391907192168
11.532477001361025
9.837391150343047
9.44157815555816
9.526309866900801
13.165761051566898
10.935129019591376
9.66386173679707
12.687863421271567
12.118428124995116
11.127789369656432
15.456493048091714
15.733654115016845
13.063235645084696
12.041025985272865
10.624064779594265
10.16846478590661
8.37269788417232
8.119908295168475
8.577560085020112
9.742322691433927
12.255847401783086
12.051114269922692
11.205314090644599
11.412686026011981
12.777178975922858
12.749268890211868
11.164362396119186
13.419226369874558
10.074854989570934
11.808475914961857
11.902138089027115
8.897135208440428
10.699351140669895
11.661400912532672
12.520767278059534
13.860601703322
10.421627745175211
13.432139523862478
10.651943191878091
13.736244781326732
9.63043810085072
9.734370195881233
12.959869172404142
15.128443629812715
10.66922081564567
13.245408227578372
14.412837117414233
11.036051760509595
11.36416324257152
12.37550488707447
13.499900196983473
14.293909317083559
14.533376783255362
11.897498346719777
16.713680147212674
11.731958318916536
12.855879514123517
14.046445322779167
16.75604768082171
10.374794817817657
9.535730667634088
9.535457859061736
10.655003842875072
8.463780862535302
9.967593374600666
8.949946692397845
10.292841132018546
11.611819205962965
12.643129676614498
12.161307197176079
11.198701670977425
9.536406615925292
12.532872148141436
10.147774954637873
11.828552952158347
11.448415060753796
13.658404046264671
12.278299962608273
11.682631834527738
12.938872452320027
14.611275580259289
16.725732897852502
12.225911059813438
14.1061120444329
16.35322928841832
9.731818222742701
14.031277215543852
9.079801459986065
14.955620866180995
12.417276677989761
15.160014893881147
14.360188953024545
13.043704941255148
13.332739288744131
17.51295775720548
14.684611928369232
11.340144452133318
12.537128118734223
13.214430848908368
9.824831993321062
10.310834505178724
11.813716998407989
11.778024330212885
11.366227174954457
10.784884524442235
9.784161532038889
9.933088765120416
10.14460768204684
14.335879061534277
14.017514991560152
15.599313376039138
9.611294275755274
10.394147287799933
12.221415090145669
12.226867406183924
12.428074547543336
8.30056000534995
12.414880890237443
10.485269359197128
10.6036025704083
10.036384031388481
12.89650765405154
9.57071089606131
10.152057854186097
11.724189145375703
10.385623101357652
10.786593718695325
11.795718652896097
9.619990861764055
10.648632320152693
11.049917114382522
10.8280257261819
11.131941794738662
13.196782084322388
12.978619483328437
11.96596959384332
11.672930035490513
13.122284031406156
14.303689181257536
13.390846505737237
11.71608857817597
10.182352424837804
13.29796041548616
11.756851263179454
12.141091062983616
12.54394267505982
11.608514745996947
11.489799009641501
11.248972124117694
14.271710030510972
14.80192441336565
15.54801163748668
14.351306513223976
15.13231735892828
11.726438054054936
11.644851425538132
10.296435427553028
12.309689107429593
9.310309095334368
9.317633364675185
12.034404232491529
11.497042215407658
10.96547204612673
8.950253163083593
15.825061930951096
13.343683480459207
10.330860995245525
13.220557527085557
11.728961624599505
12.015586187647273
11.681716923863492
11.992506917054977
13.066079027781832
14.797370651979175
12.256305785564097
11.638690631009693
18.820403875823036
16.94365094150455
15.797384762249838
11.68256557613839
11.83232014032697
9.573125307013669
10.812544347737145
14.467801431263075
13.742341545955037
13.785567419999822
11.762574411545621
11.477909480151965
14.235910832902512
10.300727752837554
13.710290068546987
13.25845425057329
10.782563118950566
11.099189449453656
11.912450512254201
9.114028140371085
13.264475241141154
8.406283119272734
11.848760013188793
17.786673805407034
15.868576080193044
12.964722464881715
8.833165973792045
13.84032940840579
11.530836941523322
14.435558165760876
12.629124405802733
13.871745209172541
14.12509471929553
14.185512604790285
11.451929594069188
13.384581586172555
14.50889074874095
15.527571671762434
12.212246442669146
14.738282857566112
11.304947472296949
12.213959214334213
12.519673079241054
12.498614525540404
13.321144769800814
12.668355102973777
12.382277497605001
10.210695141927046
12.91081834774952
15.104917781587202
13.430231212809325
10.768581389197882
11.841927285740727
12.734326303318287
13.2948340069289
14.660318053192439
9.352567081645681
11.481062037002392
11.01440379479814
9.274747478162373
12.41342767438495
14.413519669447501
9.135151909521063
12.245319769035527
12.5184874228791
12.339077244295574
13.381638673754717
15.979214932569207
16.758363586083103
11.991118498815224
14.021337609142627
11.34542533155574
11.591992894560745
11.035387372419349
10.669015902345048
14.388099386216972
12.752852072301973
14.103760497451976
13.008754959577491
10.83486614929797
8.498180142497766
10.496729564199692
9.829728875658763
9.767740542754918
11.976431131574069
12.879899305072197
11.064817396009937
10.886527401853499
10.4034903088544
9.949211201006833
9.560905677260212
14.337071593237033
12.4156526777707
14.715235637865248
12.474375561152415
12.199036714237442
11.5263858320721
11.381728682653202
10.13405596903468
11.4322250184885
9.284240350383952
9.32348118964459
13.161743593685667
12.959975083587533
14.113476458359955
11.24500979475261
12.507593734703997
10.373073247899457
10.478146504678604
10.340588993198873
9.555868170397396
9.566461056718769
9.672387238213265
12.003434111986659
11.754508096241462
11.842622215127765
12.194797857561957
11.108907484408865
12.104096960169457
13.82385070277272
12.713573125320256
11.036139177641717
9.000949189745404
9.562869931358605
10.264312301275853
11.155813875588073
12.201574911677945
13.693926155819113
15.308073816899507
17.863332464440578
9.09389257849128
12.342746597242702
11.858758834922972
13.025239747965513
10.925565153160578
10.94069368866408
14.668200133528075
10.131943015381447
11.539641744015904
13.46026628163421
9.948027664253615
15.16493096432794
16.313756475238307
11.768432889425954
10.781268948662989
20.795804129845433
13.581781525669145
9.11520616727507
18.982708266243804
13.37457359811874
15.838658219151382
11.109919535699294
14.925663258497956
11.208306198573444
16.781778109711894
14.987118192555407
18.15011858180585
15.930826595818653
16.793096584308156
12.216984414923276
12.3016827969713
11.182424494183808
11.626173839497376
11.034247901216304
11.307672195827188
10.02909553284668
12.59178311545326
12.564898513059898
13.155617395219295
12.304218218245591
10.72393582429858
12.473507351923955
11.53759423470501
10.902387179399982
12.188279737549694
12.140812359036888
11.866455817772334
13.837386768842464
13.808712813319138
14.192200759650019
13.873678732974748
11.86369788679633
12.172630684131938
15.279133937397905
15.268894273909462
15.23466630423172
15.128588875296959
15.119808159037127
15.027782457461209
12.934158943581574
9.935751238255461
10.09580112698421
9.936204874097339
14.537462501725795
8.947445398443678
10.304834476988617
9.026632648573338
17.31540588122691
18.368907895417543
17.05526990771398
14.511516991065207
15.94151483000234
17.164022389695642
18.71172668374123
11.827849818225223
10.116165035329809
17.228326733410317
13.978872295892712
16.22926146083996
12.803671132143469
13.432084349388562
10.232365942422359
11.375111283187643
10.032333526214945
10.494012374904422
14.909060364655428
13.234824032975215
13.265594164949123
11.446517280532015
10.465992823971714
17.059911981878518
14.84698392557744
12.33523323120295
14.80886461959064
10.255690035064298
13.387723253666836
14.775981073263731
18.033018354838465
17.867466577041142
18.38871041772873
16.215031735769116
12.717556072847085
12.636060775358224
11.156202376529206
12.03985520881747
11.291935845853962
12.952681478974045
10.897556689349646
10.999092119969783
11.799115111894114
15.177904847805927
10.352379969652823
14.201736931903453
15.934101359410791
17.432148120937438
11.411324594679645
11.53272907761506
12.72087003679774
11.616553526315851
11.996086225136336
11.719167981106914
11.836336071293102
14.69206397958966
14.120471041374376
13.925637444792123
8.75432853145962
12.693964057025418
12.024580715144243
13.243088836182146
12.245716068025127
13.77848286723371
9.667082393597221
11.671060952061653
11.793287223760823
16.58730535686606
11.255097160980215
18.063071359720478
13.63125628473413
13.25299176229026
12.749450686809839
11.900743789131154
12.565140784768305
12.126906448513738
11.397758289429293
10.023316846717032
20.592968324067293
12.521680669931209
15.760447294112305
11.166368133465877
10.035345406014468
14.255151599615125
14.448542036313201
10.489467743695663
11.325913112992424
11.26295380053851
11.610608109282738
13.134027447541659
13.065575274561557
12.945438310395803
13.84328037859927
11.674463005382247
13.166484262724504
10.809311583689178
11.150622632698623
13.582971928074
9.139710874676922
10.100234542551654
17.994743361231347
17.798323138793233
13.244192762478583
13.559645422277253
13.205224186684772
9.555220661379353
9.380190715509329
13.978267472991295
13.723762272263109
11.957663403126201
11.344486181676167
13.79012994469113
10.9898095611101
13.057548943253607
12.91405509989428
9.853639101734895
9.714134201163654
10.4393294013989
14.880052217538392
9.814390955632549
12.336188260833962
10.735716147434763
15.217024506800099
12.206423141844615
11.775887740993241
12.234144850873102
12.256031955955908
9.34086129368196
11.175109538149187
12.970189560868064
13.69256063607534
13.232773402424355
13.971534040072536
11.785870424669085
14.678181753386154
13.68129413648928
12.622927828982656
13.827377740158973
9.950509291331688
10.586979411512417
13.939234973922082
11.93564831170759
12.395186531633778
14.980532607767133
12.282267758280325
10.101682651378614
9.19997781646722
14.749268913738433
7.68801208831412
16.633376077156658
15.464515096609876
11.748196755205992
16.071625552476107
11.404503359581637
12.225646100152126
12.08404852732495
13.627901641737859
8.092974299095097
9.611311287235425
10.580792129372355
10.178024238756215
10.241873883736565
13.612717230503877
12.382913444462016
11.985936984444063
11.07254337121089
13.854848427431156
14.617661186581905
15.492820713452732
13.471416689294646
12.252269655774299
9.059380252003377
9.292153132309261
13.07438469548482
13.523508352764239
7.627726537326399
8.821046607673528
7.626356538196398
7.9777128848604555
13.72612045524664
14.580949575709782
14.423197022377854
19.098463761454283
11.719479646810777
11.714036669586344
11.243133844726037
12.208543328042612
13.241400198590645
12.392119353406182
12.943827633718357
12.49764464113452
12.1608825402149
11.717004766824035
13.07169043723868
13.654234486733067
11.634168609703497
13.862960465534584
13.505126909771946
15.641477173169047
16.011792316811135
12.284018145101346
11.94939206971713
12.244551594926875
10.911960820407307
12.29948790344663
14.88480273246098
13.344147741891675
21.51175049409989
8.653727029707081
12.152953253249299
12.010142618125027
14.631422204855182
13.470625494905748
13.851815291702259
13.533162805891857
11.967234392807088
12.45618940462367
12.989720279327521
11.070488647528537
11.631529580748644
16.408193913350356
10.670260393898
15.736569122562848
10.118019490469718
16.746942009580255
10.876765471491463
15.998570285850523
16.22562825150295
14.913513446316152
16.004617338644042
15.55904897482911
12.791367128908446
18.803871613449363
13.389749750362
10.979177623558975
10.98760199921668
15.575448638498914
9.80096321721967
13.202962274594423
12.345203597369213
11.23765587686043
12.392540859321638
9.565880536129503
12.953232529419036
11.820848348948354
12.344189977928039
9.85365717375169
9.76086010488944
12.48236675296481
13.620107825468553
10.910938172927857
9.893911465485978
9.475673443300332
9.43328762399454
11.609156981634683
10.68292676262063
13.427946030459786
13.237804022215105
14.027286788303453
12.074999835449686
10.440090222044647
10.667065559039393
10.471575752794969
12.450255563533947
15.670123262201342
10.73483655177372
10.517313187804739
10.775326202501022
14.779076470332168
11.2656970909817
14.469172361530532
13.22480249640121
14.474552428242726
11.414511099056757
11.612136500041325
10.484400661408204
11.683776307444107
11.348165918725824
19.16083792936284
17.382028786168824
13.406693411177974
10.465568862574575
11.971950926333008
14.76888966303271
8.398097163065446
11.789568080322915
11.296781957748538
11.21039649870586
10.403454752397463
10.034018532919706
10.839727910275775
9.993538696649551
9.32309423297994
9.293279039466759
10.89994748653488
12.345532204016527
10.934094949522928
9.652109024836964
14.497027584061216
14.44122660632594
13.95963847579433
14.049121693399162
14.049121693399162
13.458120866989832
13.480288389392854
13.769460778290517
13.790652497850164
14.073806686680575
13.885216235265766
12.707029717345387
12.272303947593903
11.885473782041489
10.725353286002587
8.941528187912876
8.811527700116816
10.470093008195878
12.769785076030542
9.676296689194949
13.736337161686452
11.32546686588822
12.30148505649687
12.572972655912848
13.592521089652182
12.023314051144869
9.970864136757578
11.490305744782285
11.456851985158574
10.258782296309093
12.54444784613474
10.651532031337416
9.560707891699085
14.091290556769563
12.095656706599133
13.311744517001598
11.67428378798719
10.884532090874202
12.085448095945635
13.937793389350457
10.51877750445569
11.6904226287864
14.68773227800338
14.289226639097475
9.331159705270299
15.146994861178486
14.042975451776401
9.891642503795987
14.128804374610487
11.98690739076489
10.567908787534614
14.20428701180827
12.154543137218697
14.963608233978757
10.759917632678778
14.588974763405568
10.158213053942438
12.498998999306405
10.732124365949666
10.592390841425127
12.676720006647589
10.022671006384286
12.952312594785377
11.99065816780991
15.050992905537973
16.4323910229025
17.39379546304371
14.103808443632136
14.592700141641677
10.443020325449307
12.504574550939028
8.826306140672184
10.795457496039909
10.903966551043442
11.49818192402004
12.54550449770747
13.420793536257957
9.899240753145834
10.702600721498586
10.444814248556236
10.44846947741859
8.612793097549599
14.655875836496588
13.738023142514285
16.73778617530298
9.837291738878676
15.503380576177527
15.802942770665547
14.742431482188604
11.815544782281119
9.718310364733176
13.264632862127035
10.850304999744854
14.396828660710128
13.098248158867507
10.937154040050032
11.26928016348845
13.649479483627967
11.620218635494954
10.197936362737861
15.441713107751184
12.28213028066395
12.597924358083787
15.853605782562035
14.940841770456855
10.697279778008177
11.847703346175534
12.06748807002643
14.587394776785619
9.17329162269312
15.285032457534689
11.56628303039174
10.381934645320964
14.71537316072765
13.612445221721702
12.352338984482556
10.030498210993768
10.577691761496261
12.682623714909933
10.539180854094392
10.629184946271739
11.2962862145466
9.277548809983724
10.68388756065612
10.817672289215677
10.75829477974861
14.323624679689908
10.76757408238046
10.718218008169565
13.96718640632796
9.856162947376822
9.640739055734862
10.440975010713418
10.613698259081264
9.14727509961211
8.829429620119214
12.624775620664233
13.640303456986572
15.349005136934036
11.260522207387382
11.296108734949946
10.51438306708048
12.95933394888848
11.546659941936554
13.929127272328131
11.707476061476246
13.732038342754237
15.355930667521815
11.015081334458944
13.131905322565672
14.768135320049431
14.123456168763274
15.088794198009817
17.229029292588287
16.535577362746288
13.662713874285572
13.839295297228059
8.972457953753043
14.235591782412516
14.897935800941687
11.584136562875031
10.39771494144783
11.1962172098763
12.379961782137203
12.98182685630458
11.457530152054659
13.725805782548132
14.504475935832916
17.149439491731762
14.381761496901426
14.345116860695283
10.470845314873248
11.164953886373363
13.647400580982989
10.654723208904093
13.139874499768391
9.2314129570759
11.1286519614853
11.555367731908541
8.07607248028716
13.392251856772976
12.257869566708917
9.143737114782718
10.488499056245212
10.098791919192474
9.941508593441451
10.501974727922212
12.287762079991866
8.725204019076338
11.161308990837453
9.744432832999552
9.029465848465794
11.470187306140307
11.674040510953615
14.143858585817592
12.677788956857118
17.42778850170834
12.674839179214203
15.03879085233921
15.547211657327827
14.034186058606883
10.599221701518019
12.741471842501651
9.970752076253675
10.649735813799838
8.263937614526654
13.139134690283893
11.287513613464764
13.197769333008994
10.284800074374196
13.66522443794734
10.487452012151325
10.302476120692711
11.766423653349433
12.615335527898196
8.80205665079355
12.614860657659802
12.297817718253466
15.327359319138353
8.68492277824661
10.012113276537187
9.03130730266743
14.01580811600532
15.691567285294088
13.838740289914094
11.175020441692148
10.609882233729937
11.45012073031168
12.060676105173036
15.672436434352077
11.584749452071636
13.35487197196761
12.011469003922523
12.387093212260087
11.019712478629826
10.4861771698205
11.355988902074758
13.41670602455452
10.976094231212633
13.13899691833636
12.475564384096012
11.126066135357792
11.544884436917961
11.325170140479782
11.688714401365639
12.776462988374906
12.622175076735076
13.21926567149349
10.98335986416821
11.433010800983755
12.556532293430461
10.715359342183923
11.48923121658269
11.75323768752929
14.904216703328315
8.310396289026524
8.56153920055364
10.410785197161557
9.900106986842603
13.571827418251331
14.672499489189363
13.255279269463413
12.035281002661723
15.977545943569822
16.10720663118155
13.890664795582097
10.10096863534027
18.453307966780173
9.991655376224534
10.867396515732787
11.927599669698559
12.090900666430006
12.101550022411004
13.029688691935553
15.657322833365042
13.875668818232226
14.119333547319387
11.262937207882931
6.9751622684767
6.592003516229735
15.383563694523476
9.751607772195843
8.533138719652456
13.775131368362471
10.232955167008678
10.623474182990423
8.934738135812513
8.471315602199589
10.09812354316091
10.188934617548764
