0
73.52325801659512
26.86238855928134
30.56219756384176
36.42328569657279
102.50133412157642
97.15459176081065
118.61768223591713
120.94906425870663
95.5910373284235
52.297991863602945
43.18926260162146
85.5558053843742
91.84321534591703
22.057036344771443
14.223776219252642
9.28412672162993
8.273489887301178
6.945460817960356
8.927937656227927
9.707052073249198
13.411509281571488
10.069698187166793
46.83083239793923
22.680423998855193
95.82528407473333
20.703748849803695
22.787425699251358
36.22119922274091
35.19464623279781
64.67652259916176
35.2904910607393
56.89395830364737
31.208356799494904
45.19399018409349
17.75475574025489
10.567152934302275
17.36800994595453
6.1600635481390436
57.66799584796493
57.43006943920357
31.050598076534808
99.84881051560527
66.15117621788534
149.45545462689205
117.57834946938353
15.250172551384855
15.779323749198088
36.602620557945485
58.0251948096115
64.90128837163176
23.954044663902373
21.404501650855746
23.037283813980043
60.52713566134658
23.22452367093239
31.129503018706036
18.78920635888981
8.58368849392618
10.56568471882357
5.864329770701633
5.388225606824067
5.4863301062353305
4.850294026808667
5.18605670105431
5.1915599249662385
5.106619784404266
4.710822620541403
8.518444344437759
169.54195057155013
132.1948956015549
111.00791870512516
130.19736702521055
36.76645051511513
19.625086203161576
13.540932943941405
18.354890841852168
33.608811130241754
55.53584839509352
22.462500546458127
49.77867645615719
52.022598489374104
47.73007898856756
50.12278616745321
42.39595136720926
32.29817548314278
58.20092938060514
53.48130134110491
12.53630454800311
10.720680468778058
8.938063794186256
36.92096427189844
31.507354903148055
42.661948424964386
43.65738729259114
57.085556263709734
24.306159570596307
42.39874389164075
42.072931655047555
51.35626288030673
19.27290948448751
75.72729024336473
47.29167138041608
49.0595913103757
48.423390702209396
18.589859994409863
51.24456731895624
30.671397277018738
53.08805872422634
30.01499063856808
27.66392371571574
36.77454229610835
41.88428641339559
36.69143176826238
65.4011395201404
27.99047344064776
27.418842943094397
82.26650931927516
47.97320433820071
70.45109836410013
55.56919808239456
44.22967252092615
45.73815188579348
40.7396597391782
69.1090142285395
17.297127850594627
27.268489840694055
45.25274106624276
33.30612069235333
32.60576782484633
36.8588445494439
99.81200769950834
129.61560861331807
49.963736262836434
30.316661445640616
34.87159483043446
28.582216083197924
38.40798999120025
34.12063678536775
40.029468302640076
28.01939159269356
44.598223679037616
78.1740079732358
57.02947191333848
277.5572317548912
89.23375838878349
88.90657769949065
88.60428734011987
85.28162772265668
97.69280652709244
111.3688166876564
119.33635869897567
107.78001895000865
13.970420624349002
11.111372833969686
2.1398816302806742
131.93488606909645
125.29187827949173
7.159689479939516
9.753598501238521
11.116718454418615
10.002041252128825
11.622060409600305
12.41497783098846
50.02084838082204
50.92052459817481
139.24897180614457
137.53962642414584
78.82673930885325
24.003941032684825
20.678059790132007
55.154222043883046
20.53632976872227
29.756697505385283
45.07356168132583
33.30283867591002
12.801864477829223
89.56968395327333
36.01370568831671
35.06922220608356
44.78842113020591
25.097829697489885
35.007496578636264
42.217089261696614
46.813208080389835
42.824975891470295
22.943581829525463
19.215955170128986
23.715535477389786
60.32377708384976
40.52165907177396
22.121791499490797
40.52574638997378
37.146817765961494
54.29757107917201
53.12485725989892
52.81837324612748
48.58572985353712
43.88080790746918
74.37576446248781
55.94522447445247
28.520205300363543
46.4216876554593
24.765498458417408
12.229680057829075
44.41046764647477
29.759016288604762
7.168036724946745
3.2491819522659915
3.015706426824015
2.1363030704211536
4.189159347352802
5.970343123042561
94.56421645018729
42.36587280386903
82.83687331849087
16.365796351124263
45.34380347714752
22.400356651772746
49.81537590314807
33.87549528129201
44.02736177964447
47.33772257180583
26.97220754471466
21.475026430775888
49.7899052215531
41.920087787678966
42.22896655753132
39.86306693130891
33.73506982395815
24.057869901881627
31.03625694598894
56.69376819074082
36.3979930488058
47.212193155071965
32.15503236294723
31.37426449323161
72.53143403991568
41.38239478843362
31.033707405653384
45.44499780449546
19.539469814469747
62.81844378288538
64.94131770953723
49.577453611156386
74.14527805872326
50.63311972949839
65.50378715691451
120.50805282669627
47.97869771948696
70.38722850744234
32.05336816166309
48.37617976498672
11.708709746957213
47.186546369266225
40.04519745302048
206.2758236754131
11.762024411130072
46.44173392289786
31.782219729969036
9.577390539821003
8.057486891776396
65.02937438486649
34.8287789787877
41.627311301877526
15.563105208131706
28.262357064994674
60.77318886697701
51.90044789072163
20.856644539688208
88.41438706875816
40.77173831534764
16.231951633545883
46.02911753837098
46.12600273783971
147.40264672691558
91.52552068595048
36.54273824659823
42.55084823692134
19.912299620369765
48.01466129730676
34.03192871608881
33.94329719364477
52.846540132165096
41.89701741285184
21.736707764647562
15.351527930120715
24.406175206985356
57.768344487219395
61.14991843286564
39.533190561109436
48.052848520609395
16.545353647269927
41.20780170286968
29.127799857356816
23.605870901718912
101.14483986786966
19.035552151115333
170.53138289286676
99.6720480605789
126.16239437862912
350.71028759389105
23.80175388047703
7.224207644405029
32.19914080519186
42.25889093175911
19.33386769687119
48.609133832077426
59.7787391553912
10.959763609277251
20.361932931675714
111.16024052201188
123.92460385540471
64.21722758264906
222.29130885717532
39.5806058500127
22.721107002193566
222.17050236967071
28.716705539240298
28.259301956141613
76.0289258341543
87.34953299391829
21.965886395611566
18.614420057683294
42.03028013652501
82.53122379938499
24.97765983249313
105.85935105853174
71.89724753665966
19.103134676890388
51.843747280200496
37.59115378101499
23.510785561669366
36.9445455233307
13.440136267126512
25.324079447643488
31.000754848623462
17.053241832573264
51.18068194983665
24.510546226172426
39.21947269522962
49.699671558876176
49.15190769876871
43.22648103689892
37.433325427904
48.59222308281384
30.507528157910773
38.024066733081334
27.50121570752739
44.59432819394412
42.70980033586027
22.63383383581957
29.456298797554037
31.089010482656207
30.9852503868714
75.47786098746431
10.449744143027749
26.879145156846977
36.97795319455463
73.09625996074766
72.07217263864122
41.23804265673316
48.826437852147926
36.580664694167595
226.4078844731213
128.29463432375357
112.1322030666357
175.99845935840085
123.7872865840742
117.46972498169396
128.53762858695583
132.1962397393602
26.7353706695704
34.990977259828654
47.10121077951207
51.226120572138875
27.398618135832393
75.00520131327431
47.58365400850766
72.53363952297228
51.26865721490852
21.584586959107348
75.08417049176751
33.59961324494878
56.79501025763118
82.19741191573783
138.96785430057415
206.91373691145606
138.1320190886697
83.55653382066043
100.17630292257299
28.802181347927004
56.198216376947094
63.07098081717434
34.44625213473329
20.982898698282657
22.040807212473048
21.374114417088087
25.671692043399098
43.08062639188974
45.76477546671745
53.69141245581977
18.560435854871685
28.342155428073937
20.55965150709438
37.78083039699616
31.354663623450993
51.12847597136861
35.38902595582961
34.13785378751396
24.21827974293098
19.397843193749303
27.09830967718571
18.045707583574394
52.10193990835511
47.52342063241767
46.073048988532946
33.08714887676957
41.151015059424395
13.607755818027027
179.42514280102017
192.69261311587508
309.97762820261534
206.60302009325596
110.5875472968621
95.43562385408029
3.1860055383884385
5.397157695167926
178.32125105622583
52.03377607481608
75.32226463783371
35.31549235013858
27.35548321881914
47.07783885518729
59.749463629771284
46.57369116603407
43.718674478493796
31.177554890120255
53.24433195165403
16.401863690238564
53.35046333254002
26.008116724369312
16.876560827774643
28.287853582960025
27.361335943606573
29.339606662971242
49.798203605364705
41.04850852701163
96.74599144570031
7.278910840373842
17.558634426880857
9.763727075413334
2.296002157681593
2.8654039834355607
5.336718102075938
92.35486592857825
48.373959194709705
34.190710484035826
12.533489499360376
9.276338496933372
15.824110154330096
19.801224575012196
29.940436136768668
30.870541747173856
62.9064816354532
121.31337722634198
248.2609383221932
145.0943104396997
128.38476174631097
130.97975392571993
134.12245266052943
57.066717381234845
28.957000409502164
120.89580603993835
72.76709394888424
31.374501166075138
37.23115372135511
243.95924913752384
7.467464398433734
99.3138035764597
38.537844947631854
10.393673607217988
12.575280392184968
31.959369803613406
57.82442152440736
221.85217455500634
214.55651658983507
59.99466788710741
37.48285549497753
27.960446744078155
51.316210109454225
62.347808346053554
79.40885871708034
142.07664032659306
18.81361989525122
18.02247510551421
9.608964525908533
4.012528519700468
23.439437606760855
10.37510447263906
8.48995884175659
34.276263736725014
82.6236857349341
8.692365405077808
25.853970292657362
34.56011929438379
51.385889299622626
15.796062411289073
69.81188069515063
30.354082035679173
60.19752162843936
34.27059383106231
17.2027841484214
34.40616829169415
77.1041391204582
20.67050133880614
35.14732617831036
24.463503561854527
5.288110266969403
6.4227809284954605
2.109172574113407
3.0573884673176583
87.31027930511245
52.0391575300839
46.88562475494082
62.42444489588926
119.16965092431523
125.08997737943832
45.46840911369207
25.21339069206327
83.90101831667135
29.073915718699144
49.02935270634264
55.77688452681022
35.49491844552917
19.86543096817162
35.144598611750574
31.7388574219848
28.45057541276065
99.97082623945562
59.9627175571308
68.10988150650232
12.88285870817177
12.03448377909201
59.12163469512024
51.58969463918231
69.74024161810905
66.36903162515941
80.30458747807597
11.442460339590623
6.092673956565666
4.246422513375794
9.688216569871807
13.071804061829486
14.636646638478279
20.87630576541872
20.21565355097218
26.863099088653318
50.742696941162265
90.91250396781092
87.71241333246013
19.280019110669937
10.68413822701733
13.415867622239807
49.826835260663195
47.13902923564609
15.255077698085586
46.190910423971175
52.53069706602174
53.54173328095021
18.001974053286975
28.325925137864374
43.646459388806214
40.17360509979454
52.3384196409103
31.914535315763597
48.259244738128146
41.602325661926436
36.99843640509057
49.10800187796921
49.93573753436935
31.870535087276213
15.763013053002672
38.22264368575153
26.80832388515654
41.43155147517865
16.183780160615356
19.530653922895922
28.667297333696837
18.02036065384082
40.540358743135506
19.523966959194677
17.863727022659308
12.445747831351516
67.38081000525915
89.00370868702076
110.33156810668481
127.55550903633932
66.00561789779196
24.16076736589458
12.465854160336969
10.193386032442579
44.67607591036262
14.397118395496792
25.580751769717892
52.75744221622928
55.07984271035233
26.62088356444438
18.764321531820922
6.728011931958179
22.970059464784647
45.93634582269485
42.402315909621905
40.06973145190181
48.89842441846426
24.017370944131784
46.28864309130449
39.363707740694444
31.137083755742786
54.027406318617054
46.11656398385862
39.89709608207438
29.165617998931957
42.6731128825682
42.59819094218681
30.61359720180006
44.05997717731521
91.22142706678646
30.498796703192568
35.01845577487747
36.926929128569135
44.04104168337903
30.18694784022495
17.215399012821848
9.035742832456359
16.19982180132705
32.06773087553855
20.455648270941126
41.880826399293284
21.611688044897548
15.774311947629846
26.420192530370013
25.8770500105508
32.936539575181904
36.81366087180225
32.40447416378269
25.928462512102445
34.05571725133458
14.756294367667222
16.837411184146116
19.414926801362437
55.80291113867447
40.620033109101335
31.92467999843513
27.25340150699726
17.564485742501702
25.224321634617898
44.416519624047
29.254115641345727
29.626363769642236
36.45293213704164
71.1731999221991
60.592085633901036
25.857041502075734
47.86393538144229
20.93320067729832
49.138614990273595
29.577687998353934
30.907316604370333
42.833802879521116
40.38553047335708
73.93644779601082
59.574063315464485
54.000278306617545
62.72933656993628
78.43255061596786
89.46534600301815
86.64974051603993
119.24143134852079
107.23095147606685
269.51520023530895
166.97250807896114
164.8631111736908
51.259750869971555
23.49465309825284
16.171191645247696
50.72279785933653
31.523280592314237
71.68214733180604
20.749328020614442
74.62093417198105
33.54319122405439
32.72619185961117
53.382427808854914
101.31408842993619
43.79157271395653
57.964284289099744
48.12591736082828
43.749349886781886
64.74105675029487
58.66297905995049
61.73902197240504
59.99541217829917
44.60990249408852
19.670855178191445
19.787865478519844
24.87780647785559
11.606703536350107
27.47103867013605
26.442729989613937
25.859756429669947
58.53248163330174
25.261589896711087
40.37784159019731
47.30464699395746
36.41460676583221
23.329412879685552
15.627151674201011
21.596333041380507
21.48723984864923
24.37259126543853
49.00486465777998
45.056243395398816
92.77691503694122
113.0716625600106
92.57262712484705
159.00406863398356
67.50297312239492
77.9680807226635
35.90322421084051
36.36615129472026
41.102147302416576
41.58164100529343
20.577025409587876
35.32318429736457
20.864881762841403
59.7050108811979
69.3103368014262
13.027134520229653
8.077933685450313
65.78187152086535
13.011460193487732
99.94534418842773
29.49646118964262
31.94793481161704
56.96919557808995
154.15261596653778
96.22790814818723
111.27694814024586
151.73419597607378
201.15082958938052
104.05817511172825
57.68538223392677
52.33248636383265
30.80093829273985
72.56947557643535
57.53815603679667
60.977953582585805
54.67699335289612
69.88343912348613
16.125782284844323
42.496019535391525
30.38131874516422
58.93376821050615
32.70245542509961
47.21168216653783
47.93673882948318
74.94906309966602
20.84617802542011
38.64081390007297
26.04060157439284
27.76048670886553
103.6912227716732
148.59226667973678
133.34228453994155
90.87022948262492
48.159152338044976
61.2563634064746
38.17981908050976
33.12708901245921
31.24220167484076
41.095982130016615
96.2222292982025
91.57279754632762
66.85461247554252
12.203934798038802
116.3122008493274
25.65581240006986
88.8625009866875
94.04398313152572
41.41511631728724
28.87357700315388
13.688228866004302
24.6247259219757
35.80907286834934
37.998398103249635
20.614446307718428
40.746016772572226
25.02519063199587
36.63213434648722
29.468970469117465
34.151978737699864
47.87365845277916
45.116973317920575
49.150226296879666
49.93035777068136
49.16494533272064
25.73832010380506
21.42255588766349
29.550970350151402
66.27096111788784
56.58512267350752
14.187933960208941
112.5606692897439
107.54723154102443
13.580087408690508
82.5565890718489
97.1238368148312
58.958357072690625
143.44420298264663
190.26958255126576
120.62393060714808
88.55620484110263
32.82110989195795
54.556330026903815
29.039176756203325
34.99942402513652
40.42236910598625
56.89337350934343
23.22408307555219
107.59728945480879
206.4148583660448
151.32496792758528
23.432780980858897
37.19994640603796
36.43086109693698
101.94207364684488
307.2499499979211
57.84271201519762
89.60173485309706
90.32702513692794
80.36520030884435
106.49730133547108
40.093040604292376
50.78522746003759
31.421336963960204
17.58090899426568
56.75251839171115
16.25001515163048
15.196623257723422
40.6436340626285
55.61068035217389
178.8265844682172
93.43821578399675
409.34557990757327
446.46884075939596
228.83249964012634
219.94461437386803
195.31302294829493
46.70217131246454
42.50151080000178
24.119224761647004
20.800380516666912
39.15724821734069
81.68044798585824
58.82956637198058
81.69050133588192
82.85679018542307
52.56911442068598
108.57052966307167
303.0297731195165
123.67719996748738
84.59476855440414
29.41408987725628
22.522148042538976
62.13706035809319
44.8015049896316
26.240409788137033
55.240806512000006
20.12927369231471
3.177025463699544
16.478180887536958
14.627883279250389
48.255838046835336
61.44794688317345
41.86305098612167
98.9839348093348
76.6807439602764
8.948451771267287
9.93111174943842
26.501589250557846
101.64537292823147
11.425086354962465
15.707082730328894
73.65585338606176
28.688277885137648
22.815174804627272
45.174320233283865
31.140223964079304
22.46135336950338
31.4560243294186
10.57808642111832
10.78718165702203
10.637858529574528
9.10180345673966
9.363462185357385
98.24286561514282
29.900957329142578
21.184060689205022
21.12137673760681
61.411629888769255
28.232285322508023
28.865971069743154
27.87517905662124
65.23528317206038
32.357335150020816
40.33799865226077
40.278068748720294
46.36711240419148
44.0490067993781
47.42422193782775
49.39325631084536
42.88729312668279
33.39050158606836
25.375193243511927
45.1365588579892
35.02307359736995
38.01325735314688
38.233760373922415
20.88600108079229
18.583703478661477
31.89642839603806
66.47170259185583
52.1054702807881
39.42077381245793
87.76169819701295
18.625741950611562
21.559119757472878
25.14362171607853
15.372074493864236
22.425417243284485
20.73714331483702
58.85914386891441
10.000854586997196
35.23347634851829
10.362101397774518
48.74003232734511
17.894522864663028
49.052214705407174
14.243531092901401
39.10113696810916
44.74589693623639
16.831152955370307
20.238214233622003
103.15346633715882
32.63423437891289
22.682114185592248
34.326317279387766
39.06771408778011
98.08493906717891
16.882776801374607
22.85925013502813
25.488382222437608
57.804562486231305
33.34878040666804
24.241151701321144
24.16483958417557
23.772286287842675
26.04719811040996
26.666993794454466
25.41179588598756
25.424667128268762
25.1178177001096
25.195049635395492
25.145533059425862
24.364843103686788
24.424337161532215
26.85915032642118
19.463914044217816
38.03972353206591
38.402427790668014
24.064355898110247
66.87038442882785
54.16006338016654
39.775100001243295
146.13498528392088
137.40809931615507
140.17497852234916
159.08227841712323
14.519667271871128
64.32174977059972
32.219578659924004
24.205900152750807
20.771733084155567
15.629395960472724
18.44888321319664
11.907514154343001
13.670103071583796
15.302228746456825
18.606640526460783
56.39025796502861
48.38478242769783
36.99182562318853
20.865675359510405
146.96105936797576
26.656196973096982
44.771828187889305
56.85276392495424
55.376875240098364
63.642986943516235
32.2890183887163
31.134056205126882
128.33043198456167
135.94239649936546
164.74244914642347
105.60029321163077
76.08354056890511
33.71735080442052
75.03005193928928
38.38665640792483
109.74167563619062
253.15723746022474
173.17206531587578
110.1725055394708
135.24656108245773
86.39285414118666
94.37306670698702
31.410390930501894
124.78262918496485
25.927458635892283
33.90438796947611
54.0290571740134
53.48735242308541
41.17136282371386
16.053005822920863
14.897327684109646
24.607162245193607
26.283675804721266
44.589928246269736
13.603842182727059
13.23930386106577
15.65196649311295
42.10270359070803
44.48745026379609
28.42451453217877
18.62586284326743
23.329270923429473
51.677825737356194
39.16029016865545
80.76954080306295
17.71091649352188
28.008493913968188
16.526597714717703
30.4758872306085
43.080395160145834
16.84844088050111
26.412081348774564
44.66974617258892
50.6880775470585
35.04565910488016
110.83589817152463
104.190621074642
100.20600964818955
106.8887863352492
148.5394641394194
207.49785939194985
212.71608467052434
31.065496959235315
18.55355918964072
87.04922292602963
55.86910540138671
22.58347654012011
142.4511584695531
70.02441732421045
61.53807738640547
19.093926876351762
251.7369896040228
147.9468171690906
191.7444742332986
43.76644582257769
15.253427852416316
26.674229265815562
20.436732827190482
39.342062577202995
30.833168127357
102.81837916677857
20.558009640093324
21.556443567936295
68.89273443361365
62.615111225309704
29.11200028390694
43.76013306391389
39.00018875015839
30.885878278583796
94.28023450607863
13.977987335446487
39.726958970856316
25.846268983343432
38.171104847565026
30.533212166211634
45.53358917188637
69.35741324004597
29.571912433185176
120.03408737453309
66.00924051680678
52.172817481712016
29.763494693957597
18.495391993876154
20.515825705439532
7.671898751479836
9.677113762128734
2.9404318069307984
39.784302462261095
26.520444575653922
78.12205716932944
85.33129048946512
30.110497657299312
45.94194894083208
41.913297104179385
46.12104109408355
49.36121910462526
57.455345597599475
41.62058212704192
28.108862842401763
30.7835355857015
55.63700561416239
36.376398270749135
41.29714851090316
49.85458251834191
55.57468798379832
66.57655549059422
65.92878748018362
44.19546384154071
31.18597101183863
66.7003533114701
61.08231406049304
41.10775133025815
39.449121073888236
62.21779401441827
28.860785016071436
57.296850331601014
29.064628727727623
79.66633814721172
71.98367401756298
62.390567830275394
37.32753448224877
19.819123632438068
11.946295088458147
21.693174914893675
27.32252588682963
54.08002614203429
19.504420765736732
22.288302711762253
38.642399823396495
72.83689877659954
32.733721728660626
22.559945181355516
48.85394334575902
74.00855248563985
150.8020568297665
165.2518087278929
166.72022148903443
192.77282772512186
93.65065045009578
81.32258568515114
28.80058159753614
96.93665851751004
76.49080696815024
56.951648213442915
50.310483374091156
148.4424479638558
87.3556545006982
121.28268811372497
191.66927246125442
73.4856824556801
68.36053182723339
55.133680090311174
60.27760180390534
52.85742484493393
45.92638515371882
71.35779204444958
30.16994908211844
82.18415848144916
36.08593915884902
65.85328487232658
34.631565201447614
13.234263620090426
13.871669119895756
7.159989145660171
80.74298240853392
94.76751274314199
7.183643366083439
17.12626102316401
26.442881774478728
124.53970621609562
150.50622282553152
29.268473422637033
49.75873689947898
166.02437433203477
89.95859151132383
51.349601888693485
72.74199779893758
49.735781315494286
26.749419943705043
101.88956404332922
38.71630705799636
66.49679784297045
53.2174941048088
46.84820600264423
48.222686794624316
47.10732320089468
41.28372512406313
69.41506194627712
28.44050358150038
24.074903940642432
32.32400442985705
40.306564038006364
62.323435973310936
57.47843787394921
50.76634578057185
84.96388428402156
48.12585533152964
38.57760310168907
47.81453431142721
51.52634559851521
52.53298732226549
44.34648627885534
89.19339187358183
149.57686439368106
27.10720710149791
108.33377264998468
33.373837741858644
46.265980366590654
48.49321275369668
35.46023867633402
26.1237314253649
52.72805501096305
40.231799849406706
33.73859876883854
111.02453878413618
96.7511630658603
64.02842034903635
26.72533405087715
56.690092476272724
1.6860674738118249
6.405807367749189
10.0659692920849
46.46424347207737
13.535358860764136
16.076924651828886
84.37932468711968
53.938826405083276
100.54115144607042
46.74981887709819
46.722081129554155
49.96867311495397
75.71693497217507
94.75109528839711
193.62370529985623
30.633059344084554
71.22835637170107
26.45273973400354
27.181991818448815
62.05419269184953
44.76010740400479
62.60838796623022
48.398092140021994
51.218899058002364
54.322184622513674
29.67989090485127
25.60565757896443
51.63485381223656
64.98486367449836
95.13715381536677
106.2046042917564
26.74377846037702
32.913112623645
195.02713282536808
103.6970078243882
29.126854933780564
64.33846257039902
34.885930963787565
32.336264785157326
78.8721769382517
65.40463681536924
42.78703053206293
51.75540337097403
16.44083192989235
36.07687672092988
45.59613664006442
36.351122368551096
33.65571483937063
31.493996730280628
81.49346717104844
33.76324128472406
109.73024956519981
65.65849810652438
18.80161406280135
18.090013549978355
8.025240260397853
131.58070223441496
99.42647153820941
27.60702095301423
32.17219078468869
60.528533000004494
92.59713250322184
28.00890515923835
51.07823058823154
9.152516548587773
19.6346333759876
37.05732994266787
36.03954013970084
37.37785849834102
322.9636913173908
105.82429106397906
22.32313070153483
204.393172372107
189.4378513293938
11.18136769317365
13.497076000815838
16.103552379605787
14.206368160599032
47.63515863725041
21.20441411383619
18.705796026265084
18.939933860737252
18.218535630738618
18.830661412272097
30.160570375988442
51.88343307668785
24.38712045193702
139.13429754292943
136.0512117113033
122.0485333754985
21.784438710076184
75.0852028443803
35.677619160287
76.01860798937886
133.9226258225617
62.26221027058623
60.11722074310755
23.639474099404655
84.00316360850326
33.08530476778375
30.613519254657888
45.26252497339552
29.332696544565167
58.5003788040135
44.89357752549913
98.25360957607117
109.87370673560001
119.6794637872125
37.46957466915101
29.66939728957448
45.70334301747965
110.19520740156858
42.289064684671324
56.895266859042316
63.5525117078649
23.715007888629753
39.57481775339522
71.36369442027514
36.041070963467334
8.229485253906937
107.14464609084011
21.81636404876127
86.88602810984597
19.611611358780067
120.48964987206172
24.58024301143461
76.32302821717367
56.46704205255162
35.3375557033885
86.76681133395691
97.07826177603606
24.014863487131414
90.532942562745
17.654165670518083
18.841772377549297
29.049374742916907
22.987463846130236
37.23798936979435
33.66078897517158
67.11246584573308
51.088785771773466
68.95516022670716
23.346066662905766
83.13986328873094
38.90937791349042
41.31608377800567
56.94740037719666
57.75974270220434
69.18989238646357
29.03405336008869
114.23133712850101
129.09658516288619
90.06129149256603
159.4993494683729
180.62456359595495
156.12792521777072
155.72688520125106
153.07783058233724
157.66796255081545
155.10696770598844
167.13361313323625
103.71443314624437
92.30624932750791
70.04347279032609
116.63518112285385
144.1861588312654
165.0580521754331
536.91273205625
205.44789950334672
26.808416313480254
21.0855495447535
18.068855184407415
67.44649480044751
62.45447408121851
62.87175169678247
20.474077427845476
15.712884231834359
9.653623909679588
21.780648126515462
59.74628997357765
67.49634963585238
24.80118524439887
85.93259549761711
45.7522360854696
33.04731050866797
44.05509552629286
29.390809323206888
108.92851175841176
25.59692987694991
91.42633519470999
18.537804675262663
14.96338093726346
19.729329224707964
32.99842379476464
177.19067698838342
8.866976720215876
14.849645156258587
16.29958443941451
26.28476129260097
63.26345178870323
60.54858714193496
52.65005499054679
46.95139226997292
48.6389346928619
38.714184854147696
42.45255821690226
47.06892320509211
44.571513966840264
56.28787854644944
31.484467196306422
28.244632903639218
47.68885673792361
41.2629053980973
75.8503450897368
32.92340614789061
70.47807289786313
34.58085518619282
7.346109793782295
3.44363253287246
4.498845166328385
36.04045367499244
29.263723734756624
29.897105053906902
29.159378854541966
125.03586370566492
97.97147150219476
30.656671531790117
49.0474963602673
58.79474751063958
4.723193874203343
5.691175071546768
113.9814782995175
39.778244039943985
42.674581395551655
55.03850342378994
27.410497935675565
58.71603164219052
36.68882721418727
49.19425562982283
30.887241039415848
51.98619592739896
72.69226601451271
29.662321613818065
57.01369973822006
47.32288149439795
48.443562558601094
36.54725580609297
59.176109608443994
46.25980140521227
70.10179798306066
21.089635398842436
27.300711222323756
85.72393420319067
17.634527426359767
34.436146590053184
31.88727433675213
79.37812212913458
42.13004555132548
73.50737929301671
71.1969972905372
59.94725436525137
99.25511118990013
37.160912002002846
51.88172029507664
12.119821093024601
126.66756084186602
88.26796119777967
56.05184925262242
34.513630203388566
21.769086844541906
24.585198432286383
82.35779217769836
71.76829744580782
34.19150504688691
68.94347100465592
50.389208079912116
47.46823072480088
33.483848141540015
31.91070219514783
72.44201455364666
90.71167002902992
26.154183129877836
102.57680221825659
39.42893771997704
51.69561313140897
50.50418175721975
55.67006779230027
62.97345661871014
37.83697373137586
66.39098425353758
45.54587430592964
63.70051713633053
48.45310745455545
77.0975438601527
65.6510799868745
31.58802228605724
21.659838423364207
31.13180433152623
85.25236004485869
73.71181536182971
53.992711090332996
71.06856506536714
42.767485688568186
23.938564435209937
52.853635532202325
45.12493559984957
43.21555106267879
29.455494171978902
20.255144069831104
8.630967949863885
128.88811264810215
14.909711571336862
119.37486621593393
31.929146731294757
17.053042911980615
15.960368144038382
24.10605557652693
38.80570664215662
33.965441706765354
60.135716865792794
45.893749084623614
54.61992765179499
30.769557453192363
99.60499853938809
66.23708126987425
165.67959664533424
115.67478586908521
88.87511509645141
64.1062551087183
69.48568504401656
76.13270080862112
60.207532046422415
34.71936996951061
47.529433802849006
62.519377897738174
77.832618160118
17.443784574711994
207.13352343536778
25.720342720703513
166.4880135015409
53.8558145675808
466.2446668310544
287.92867439051116
325.3463893955407
78.36777506421008
65.74629288317465
59.317961655443405
30.236542168406032
43.41275908321715
32.765724469838545
28.50091984877258
102.27562661778475
36.97530513038772
93.77972806754354
71.50078123766842
47.491105483673074
47.76007287758584
49.31163390632081
50.6985428418903
81.08056676166723
36.791791220467786
54.41038134234194
46.94266922774259
107.52927889505028
29.95919981302842
59.315118841212566
72.13319701660546
34.171385911313344
109.6773314797713
4.7587431128802775
26.320424412208137
16.35443491366621
36.86880746033679
44.60611297570951
53.29393355173505
28.956027599636876
92.74488685641036
83.68113644647114
57.600585354679545
35.76467363488616
48.96162813743345
50.88514564715793
33.045628284216484
28.751667593694513
178.921727001849
128.31060792689874
137.27278508559712
87.12224008579288
74.53545194299396
157.61487983056352
17.113661394130506
56.38553915026878
38.70508583949221
47.78861167569761
54.57035874333377
63.12059447397732
96.1786474504296
38.052143937342834
12.91768554694517
110.18515003069523
60.42102988071578
123.39618930701603
69.97811267325167
33.407139325636145
77.8651664925782
79.87071203271445
58.80617270489063
117.53715770535817
90.81858866398234
19.81122689591658
31.308416468266444
36.529533357257165
58.002244969872535
33.33965645990779
79.67070049665722
81.77808245516474
97.96233342936044
41.85882433669301
128.01897277200464
22.90743586738956
24.237602890587826
22.004054364790047
23.107163717517196
68.51622848112942
49.49129028032306
60.75093494747219
45.53001031607566
75.44115132185021
46.409903796618806
48.5385634411242
39.0903496496866
15.384563356530856
46.6592846009651
62.22085281350734
19.97904701700934
48.067019334800555
24.870855106017018
87.92660994115889
89.37499351000884
40.73768243994409
33.494266375724266
81.7361280398983
31.13288227746518
29.922010196445857
165.61330071647427
197.8061061001755
74.2415431330127
79.54872922856761
81.0679868177311
78.96824671573465
30.446798278942115
35.39719648447521
60.13578976656124
34.290462213210745
82.8550530205155
94.75504224405846
91.15408427752948
85.07171166671438
73.22951601525561
95.00776856999353
61.60205776739268
61.20094395326958
79.64597778612507
36.58380424528476
54.20646857720152
25.961273859765367
33.165195507458705
189.892252748406
186.9519422838879
205.1611896727305
207.6433074061292
207.6433074061292
183.20459015864566
184.38146554158837
171.57434503878196
179.5298833001571
180.29277908549037
184.0952051930589
13.454226895100021
5.825058455172829
5.866840477891997
53.7985157675262
62.73609009816145
46.186440815964986
59.73927043238229
45.52380809316695
34.62340899273074
38.12049258899178
40.19714150394756
61.80573860799006
32.43781313598488
69.9582251192328
50.57372889551085
51.40371281208944
50.62126369194397
52.73041888264541
67.73550607813172
53.2245658520059
205.2463225199634
324.0521810011817
138.78150932375402
131.66057718485695
53.75056389245903
52.804952305376666
50.81851214620019
32.23859890584018
79.59832057249538
24.21476067480395
32.237469967154404
73.424700558568
75.12474030038389
25.063491415276786
94.9508445084871
46.83969146759668
39.005256147147655
59.345369368939544
69.07116318347205
26.75028555688564
61.666211577092064
49.16398951037219
55.625750172720615
40.57226192211534
43.7283517021244
4.989471845238737
73.73817177955603
47.391533980095424
65.17384618571998
85.67658674271618
71.7280388099868
75.92219831077259
67.9564366243938
34.483235461719175
84.4017406692962
41.79127244481901
59.19824368282954
39.280811006029616
31.83438036119732
21.399987808153362
51.86886454611387
19.013710988364267
35.2430553526607
43.428139558158556
50.52072415015527
60.21759896477133
54.52103019701774
34.36367166170137
122.3940699090074
86.10443955107006
48.454334137802924
104.69531502541663
67.17948566169117
72.18340263417907
26.16254124699741
95.81669814525848
66.58529180342735
160.89218529140464
26.871802586067346
16.36399679236977
32.67410471546662
47.929794010379155
76.54272041262611
53.866934788453605
86.89770438617767
82.88417422473493
99.63182794337735
30.075497215029376
41.07254584548738
36.36458385440799
119.72480751471876
81.53264642463029
37.821339859313326
65.02336767459882
33.236050830626844
22.353942921745332
36.44592508451338
70.14307497509613
70.5669188450883
22.161369902639336
117.42535442384775
127.33275450923921
51.13264134592136
34.33018746702021
54.63636521046634
88.75953646101304
68.46743280038035
132.28284923490915
80.91850677807479
79.1545169158431
61.10390913990354
115.0854241738645
103.64742819432065
54.684473297931184
59.69680119175135
80.78820272764698
31.121588765781656
39.97747449738707
34.67207261797558
44.80071790092069
74.31488004685073
73.29550208258034
75.58519837023776
63.00728186327179
86.56202812380134
39.96440586873343
68.76007109681575
39.67069594996893
15.280081354087136
14.860752350668262
17.33130904258289
84.26750815401226
35.548868361520206
56.04042761966574
40.875578187016764
96.09542098010188
19.525001043928288
7.957702176153594
45.349536699030295
161.5810506824341
156.36803054940782
54.30272920531037
346.5910179396641
202.0497501073117
32.463963243265034
89.74473544130048
33.084333324091006
32.21214320629451
57.314002402464794
10.29531674723382
18.531434961323715
12.896622093562128
208.71347066473422
108.5895299297933
84.28248168794767
23.70164777146522
20.56085366007184
88.79908311716581
67.26633478660031
58.3740100406398
35.327454846027614
52.44541530635005
64.44271897503509
56.66039920649787
43.113409754453166
38.62480528215066
33.82457737682732
48.378494158953266
33.4743583772137
33.26854349986946
26.57882502917732
43.4375035501454
24.77435181559017
84.45821194063166
40.65585512456973
87.95470743213578
59.08758371561241
28.66917802971261
45.75813718585045
35.90599954348672
38.033672992143856
58.136187612191506
205.1512967558616
52.39273752806405
49.48112128959924
135.2972394025756
78.45363810912444
49.35883337859476
28.412966186314495
35.10565889972568
50.522448327115484
53.88034379912862
32.49747073624998
24.64655770771535
88.62198053947061
101.09032815673872
107.0265944820077
36.66754717957734
52.68999085836295
43.679720226488314
38.68396044167231
21.75783600114432
55.82925513801566
50.318604636840384
47.12036837274369
34.94177809585545
78.07695959989921
83.30460117542879
39.24324904747077
32.04661118916544
27.30512222050646
88.67123795014494
102.03118170660055
50.36560513816934
42.873497312168794
27.30687979546924
83.80721531105584
17.648378928205364
21.878533152571798
46.42663909276459
42.98230925435593
48.888553843048534
34.868427959280936
42.45430295684625
43.54442763359736
78.39294557951753
44.01002982999787
53.98823599039219
68.64564184047538
72.36510724628371
28.617833388539577
45.74157970081529
45.81181955111813
47.38689739420149
41.82570782162109
60.74691813899868
37.414068696435095
20.795359912445935
14.277051803062946
60.34329506072636
43.94226698379311
40.86107138877629
53.12531524262085
41.567401870906195
114.43502351147905
59.0636256652896
17.484268785505808
39.51918014827004
26.506962703431586
42.061658325132605
23.302312409063795
17.08916997626521
27.66624118664905
45.71649182658454
61.35580068939397
85.91868621362669
32.36057724382788
33.825807132072335
27.810113393966155
21.464371433398103
67.18979047918344
62.48385166712353
59.68731537157648
44.10655020548589
35.168855575022626
95.74486801884058
13.460695248596503
10.234275064917512
10.811275756254112
52.614974974354034
71.38807944633659
90.72598748141321
42.77144194564778
28.683799647358224
52.83158560334066
31.654243103618573
21.83702629809259
80.81716303185564
90.00338632290506
