0
0.07771896990297975
0.09227952940037644
0.08602715795896763
0.0862031595243636
0.10586520735104823
0.10420129324359186
0.11213028988126092
0.12320241949736672
0.1226562218331017
0.0954716423892064
0.1400630318309177
0.13983435041147774
0.13723167393350968
0.11714156202771363
0.11873127333061365
0.11780883665379824
0.1112204024919036
0.127696735456566
0.12318227736488783
0.12010577041392681
0.09060745855202039
0.11467274998462822
0.13961383905946556
0.07117539175440309
0.09891734618182665
0.09033037060874471
0.10053748708909128
0.09263005773776589
0.08491857201599673
0.09909089859524309
0.09674819352590654
0.14524624838288608
0.08071626394522309
0.08731437831768682
0.0788476338232316
0.08599000745614309
0.10042708621941436
0.09689734185916556
0.09742288672071996
0.09792757348185462
0.09636409087814202
0.09747569338194798
0.10228564208113362
0.09172816425982863
0.08325870466030803
0.11059669094910168
0.11330494396593824
0.1176675876857732
0.10688668381840614
0.10326622461136484
0.09498678785139623
0.0950717434816218
0.08015870266077596
0.09907071554805008
0.11849631208532768
0.12880737431961173
0.12256026859764954
0.1257025074287989
0.12215302442707046
0.12834425205386685
0.1289013691449329
0.12913746886232522
0.13200003108085384
0.1343766133305873
0.13410729771152466
0.14045853874333886
0.13973091457513984
0.09457276168755765
0.12022451631838214
0.11238263146446953
0.11299648101712416
0.10469619704231407
0.09028593610884544
0.09682255331071107
0.09573324249063964
0.1034988877191407
0.0968040321568356
0.0897641957281174
0.08623340872378367
0.11496901056053827
0.11377508415565445
0.11434421570534987
0.10972109989516694
0.11837905962713025
0.10263712510082001
0.09888631772309851
0.10096790734461253
0.11426654431059625
0.11687617084129416
0.1300950692937723
0.08957661834407459
0.09990505044029585
0.08196399284748615
0.08154878293596923
0.07789816058813391
0.0853013603659418
0.10947655538613418
0.14550991757680637
0.06344273511900948
0.09306568170106054
0.11537037066366662
0.10006254283140689
0.10141736099795086
0.07827628726733125
0.08253944489154023
0.08925210978339539
0.09296657136290097
0.0964881255410208
0.09877655631591246
0.08742290681470286
0.09464392848277102
0.13015326932269428
0.1297846484478921
0.13226060502622103
0.1049109240197867
0.10203771581336353
0.11036189950446199
0.1207571031386564
0.11987080156457817
0.10696723196035586
0.1268457862276962
0.12380370359817237
0.12218589689545857
0.12369400643104109
0.09880968397840734
0.11312337879621472
0.0885143033868458
0.10379849349506007
0.11229392665144591
0.11025175345301519
0.10660056708485038
0.1259982818903845
0.10028138598029425
0.07266271361537853
0.12620866804087774
0.0998347512259257
0.12302927060556776
0.09737547404048885
0.0913662294842337
0.11026496224026912
0.10729765822395435
0.1128994595101274
0.11927864376892416
0.1048299545878167
0.12240237865518155
0.1225499326979312
0.12260855026830783
0.12328669089333447
0.1235635678405179
0.12180778009092907
0.12358252344392431
0.12363093236159717
0.09609685637426822
0.09578654792771803
0.12137038629652941
0.07730799334507055
0.0771651767760439
0.09458342150082855
0.09650973303903232
0.0985850735481868
0.1085419028149875
0.07979767762080137
0.08255759188039218
0.09303887994931259
0.08982956270444602
0.0978636065930518
0.09122755187356045
0.09065895709693483
0.10394769646749724
0.11874444271223562
0.09994694399728289
0.0915807827260929
0.08098181808135682
0.09126804722035232
0.08063988836656619
0.10795641878102388
0.10753867487877673
0.10788862260582492
0.11239470979585892
0.09850841458846593
0.11017212983523826
0.08467675862086625
0.07195866820008337
0.07657175858814126
0.07842546363103828
0.08186508798872005
0.10331888343299046
0.10704261927775405
0.08294830671198158
0.09719326254429812
0.10730434744281891
0.11351517995766394
0.11729109636730074
0.11071237764417322
0.11040230109360093
0.11053059498194798
0.11391264688971897
0.11403157489263711
0.11402534274518898
0.08034100932020191
0.0997381024570605
0.1107500799507907
0.12451120933527657
0.12110656381396169
0.0898424961319438
0.08658376490093286
0.12082156623894728
0.1158741524418589
0.1289809510920273
0.12303768893084532
0.1286870419493882
0.12072106129631754
0.09501960270153778
0.09319103844669381
0.09436663933226133
0.09565766453810484
0.09930720165070445
0.09647099112804529
0.11191284267816734
0.09687647717547523
0.10455001008755516
0.09679158897348379
0.08727216104813508
0.10311926540571666
0.09819094717577787
0.1003475938280431
0.10127871858306386
0.10502240768261098
0.12441677554344213
0.11725195504073062
0.10905860563006932
0.10716700173780988
0.11642290331317508
0.11585232262181734
0.11297041093510495
0.11100357727369037
0.12042125896687729
0.10967245277395422
0.07521548071379121
0.0736561481684366
0.1106447879592213
0.10578983734159464
0.09038256315618864
0.09382834723881689
0.08096954279500206
0.09622018765544037
0.09587546697471667
0.0832009578156337
0.08536572421570711
0.07929668936621426
0.08466328249075192
0.094027500572053
0.10808064713845889
0.11309947324917169
0.10029543026078294
0.09576581032668605
0.14496932400302748
0.08450458554638149
0.08246138883690678
0.0929093903097656
0.13494243950365112
0.08502107974849919
0.11441829597569751
0.09027019517860674
0.09197107531098972
0.09578396099849484
0.10506018997721699
0.1002349399125034
0.10755608566630358
0.09164411911923868
0.11038196473622021
0.06336148668684762
0.0826250630401374
0.09417567445060991
0.09268606266977834
0.07684799571103972
0.088120506761692
0.07582991870647443
0.09409492817687105
0.09760210208762136
0.08500479220347947
0.07282322414559059
0.10187370781934953
0.08683503952523092
0.09466547183424735
0.11422174446839238
0.0949792510414165
0.09474005903876584
0.09209240206185075
0.10192081563754228
0.11152628420420428
0.09744880649102694
0.09342487656286441
0.06889334529416824
0.07410121677522251
0.06866597824866723
0.08672905496111424
0.09851186905136877
0.09569586716978065
0.09344654809666604
0.08651444271435495
0.08653290418074125
0.10025550465146559
0.07286475451476447
0.07146948991356002
0.10301341586920316
0.09713613515633483
0.09151752502894406
0.079011404163687
0.07632239974672679
0.09968918374434325
0.09958270674333562
0.10550823593242438
0.10881538251380797
0.10326288596205849
0.07751586175867023
0.06135368100740437
0.103914125075773
0.12148044072596742
0.07910122484057035
0.06706956405322581
0.08666735263696315
0.09809191862424951
0.09172148980167455
0.14690884312581626
0.11535508421247145
0.10098556396671865
0.0998155738846435
0.10005466698624448
0.10255855325060732
0.11385816957207041
0.10279760737794054
0.09566125511204723
0.08172516958282855
0.09459752725089188
0.09191608490176596
0.0923907978132674
0.10731847511915574
0.10630523040238404
0.10866193601766214
0.1120609871406796
0.12239292408078555
0.12627259489995196
0.09982813606430556
0.12049622512450443
0.10641357881763534
0.10767245498432529
0.0976892046134942
0.12533878303493934
0.11800228092467126
0.1151866481023539
0.11282918256708033
0.11295178631114716
0.11238863441386365
0.1540797481107105
0.14630549579301133
0.12625411080773916
0.13281054043330037
0.08103380270705403
0.07016704861064464
0.0706196833342613
0.06929135380842293
0.08354457631175352
0.07820194520287854
0.09280643338061519
0.09804080233351459
0.10844825902270276
0.10240935255769987
0.10519776473414928
0.10818519905871116
0.12480868537716538
0.13465235019121535
0.1336573869661465
0.09769845896817542
0.10834926913818435
0.11608433175454348
0.20758325736281982
0.20499507663841735
0.17433008802640704
0.1791139863822353
0.17237000845073375
0.1306474464447065
0.15490533572867848
0.09615718263852985
0.12144326281267108
0.11554575037143527
0.10261014487212515
0.08548489491032042
0.07421050588276819
0.08872549726425216
0.09560133670760645
0.10180860285069727
0.11037429067483102
0.08973035795075275
0.1225005752892166
0.11461571373868484
0.12291621441482858
0.08990993244850917
0.08946664390685304
0.10466169053504548
0.10675158789688108
0.12063247502353194
0.09038661579444116
0.08401296197758856
0.08770482913356928
0.09102527452463456
0.07419029559620277
0.08524585284297757
0.08400844747257413
0.10878247077585672
0.12328975686118938
0.12076055944560471
0.11518030451378353
0.11186521997057147
0.08075312259628808
0.10761017374766464
0.07202685282881105
0.07208796925882276
0.10302945010854872
0.09760573238418908
0.09242864714389601
0.1094690081119019
0.09092027770098787
0.09950807329402371
0.07609819284732419
0.08018198307697948
0.09712041221372605
0.08993446059526558
0.0795179622471609
0.07915139079321559
0.07152348646020447
0.06774229565298828
0.1524669674977615
0.08817997298666287
0.09252974357089126
0.12382935182702505
0.09768400484442424
0.10723234134542593
0.09543900070062702
0.11885841779957908
0.1182584447227696
0.1107760487718415
0.09654745483084524
0.12121791594971632
0.0882041224525474
0.11361350299432031
0.10781184902635306
0.1263545354440003
0.12232657704397067
0.11848481151288523
0.11350780768710785
0.09200612970583637
0.09229194562244748
0.08730480441220478
0.08915314263268062
0.07767325404216768
0.11361614079391853
0.0914256346895145
0.09829597903706319
0.1056058061135854
0.08824277795838566
0.0902544076557882
0.098144611124594
0.1203031368253195
0.08418980708309673
0.0929103561233061
0.11051892794368051
0.09550012785713191
0.09888826796469623
0.10266864043597476
0.09767435960580222
0.09094006832657858
0.09082354888597893
0.1197316493951759
0.08994940416643288
0.08105914718798164
0.10079215162653668
0.07321354200446444
0.08985670436741038
0.08788929141835235
0.10096121838094657
0.09969058394403689
0.07759917511327971
0.08065622264104728
0.1285734886889407
0.11728414113376241
0.0906954383682533
0.09408859880051332
0.10890816418140284
0.13476942636211903
0.09802758504507118
0.10233856431197265
0.10774147607507234
0.11810699450638439
0.12529402187908056
0.10328576688533034
0.09302756070483344
0.11475315113878637
0.10520031678712423
0.10740442838885454
0.08573651899773754
0.07541675575163638
0.10448611796689411
0.09235943610888989
0.10162734812423799
0.10965387574957142
0.10352387568395656
0.09749433512428303
0.09200359572179115
0.10131120571868198
0.09520765638923645
0.10077360461959732
0.08771729358138187
0.11116071912175014
0.06311518060209034
0.06087950173536927
0.15766289023937935
0.0813869999345707
0.15679853389771084
0.15251903416928336
0.18119671852077687
0.09923264772882562
0.08405287624460417
0.08594344125607145
0.07990612169493974
0.07015350299102853
0.07097374521186485
0.1314509977274438
0.07306352410121665
0.06972643928931031
0.08179543171716729
0.07076570139051655
0.07098472290481811
0.09960221394899718
0.11928943994032253
0.1207627037044628
0.1227176119067366
0.11853113109036531
0.08091680999699709
0.08070113827061459
0.08760030061069175
0.0892516464491052
0.09385574298034252
0.10436410194831593
0.11818880114569648
0.10042666102638703
0.1030666159395094
0.09578825402669558
0.10659262471659062
0.09153109337558823
0.09925065441671799
0.10591089722497758
0.1538050420408903
0.1415901830344951
0.1354949723530306
0.11981760642649196
0.11304040194470281
0.12308712815904188
0.13418425463442893
0.11917193019443262
0.09027262788045637
0.09022491884478144
0.11721315792539111
0.1084284783406133
0.12067309889265032
0.08911995587878443
0.07043137869462092
0.0969461864926779
0.08539907289847441
0.08764374550427392
0.0975946806572149
0.10968283696199511
0.1060636032992034
0.10107015393532041
0.08978492377461549
0.10765050701996896
0.09895096695666011
0.09774331785573881
0.09072401805472537
0.09164069690529292
0.06934262354165054
0.1216790595341699
0.09540162100845095
0.09690816858830438
0.08905092438615574
0.1121853763475622
0.1118094543021935
0.09621228377611929
0.08509839775348953
0.08828311952366416
0.10478780327155263
0.11771834329550092
0.12180626483839867
0.13577674364699988
0.13454619394724562
0.07472770174593797
0.06726583851038287
0.1359226415945527
0.10172260485250581
0.08811220217299413
0.09761932429614634
0.1261475675842273
0.10756718400909947
0.1362920737729076
0.07725459800523725
0.06664726218872077
0.06756147598490775
0.12346410839631393
0.09628475361968174
0.10911883054686901
0.13154492551727553
0.12478007421130748
0.08006943218203182
0.0870902751669092
0.1295001202234927
0.09378438412791351
0.1058677012884609
0.10941005758798997
0.09703911296540646
0.0973412464513655
0.08311275672631578
0.11269900928484929
0.11469413421370397
0.1067992556890759
0.0820198756923388
0.0874737994177718
0.11602644656393434
0.11461104877595273
0.15175151070232581
0.09465675437070976
0.09479471175201454
0.12326913088376538
0.1257474204714414
0.08728979118058072
0.08383940981268484
0.10191486196850877
0.10652737390726448
0.10878787103926167
0.1223009645701906
0.13401883229169245
0.1144168648212461
0.13881164172900215
0.08641294876387363
0.09796813148225549
0.10117844896226515
0.10228510938429065
0.08412356034352521
0.09456614472268253
0.10661310368169455
0.10714410516506437
0.08344608100809778
0.08471269471162904
0.1278256455749729
0.1125766942442758
0.12117228599930424
0.09983298787001292
0.09965000381983753
0.10143574987587314
0.10087693459123302
0.08635307143077557
0.10221787991721781
0.09536613937113295
0.1188155609198163
0.12538568299163694
0.10303042511612674
0.0885547390812048
0.09666343440144322
0.09034735334243923
0.08652201427715311
0.1196196664839752
0.0912642134349769
0.10222063097334004
0.09894242335185775
0.117661638765325
0.11668186647087726
0.11441393774345432
0.09540997989321001
0.09021973760383131
0.0882476222226299
0.10389597793655393
0.09875550729314617
0.11279843198156242
0.086360178912823
0.0725540430521051
0.09411662820488893
0.11069810814638602
0.09374826892377136
0.0968826819962958
0.0933483979040405
0.11112817050650643
0.13433698913069833
0.09993272146408451
0.11773512669274752
0.0880644912923218
0.10467829865776437
0.1085715095472229
0.10829353534309315
0.11014998643732757
0.1222805441896192
0.11016850725792574
0.108267281598765
0.11108413494815685
0.13120524690178267
0.1149652374869648
0.11813936530508415
0.12026848494007782
0.08887085404651782
0.09447627014318005
0.09482501672072016
0.08690475026105303
0.08977946399003123
0.09459261148295454
0.1257775805884492
0.11604948374853824
0.1169688524217197
0.1084579943716807
0.1081176228119177
0.1281272033862135
0.1227579775924782
0.10883544774157801
0.12208581902133159
0.12491661626090297
0.07240642307931844
0.110215458412961
0.09799201406791545
0.09410630487334849
0.09823662992066803
0.08386724793853931
0.08603959883813737
0.0844658746812982
0.11801353204764564
0.12110465245018659
0.10145093421910208
0.09580242610386923
0.08664876104705178
0.09676006305901226
0.0898316830062906
0.09196338434965148
0.08260725529245541
0.0837675331934465
0.0963126316816789
0.09979824630992555
0.10086111481306782
0.08143012971977127
0.09795799449159183
0.09136432026980051
0.10323060793573344
0.16724377498229415
0.18380581842393728
0.2027826429916513
0.15572476978523855
0.07931419387001529
0.0820933554702312
0.072731173797007
0.06339112392361483
0.057940060853688705
0.05889258439687638
0.06272324505198469
0.06915153803428561
0.11893288000775
0.11854668122598554
0.0959957831134442
0.10477783182239822
0.10160084736586036
0.08725933659010512
0.07666057038371167
0.09502686033770742
0.11328398750421934
0.10532729210070986
0.10252435705030823
0.106983750263173
0.10913810595095895
0.12760822148231354
0.11064750950066139
0.12692356922806367
0.08063229912732028
0.06293844786094216
0.07589492914424475
0.0814200126287064
0.07693543958712915
0.09465772178920198
0.08910219164278045
0.08970036202402559
0.09553618674026346
0.11528793006898783
0.10722169109033491
0.09151569714394235
0.08196444812256859
0.0848151664819361
0.08890547247325394
0.08345891211640871
0.06716368788249398
0.07581273450279842
0.08356292489957455
0.11399605217013081
0.09138916265522821
0.0969091746608712
0.08251362358670565
0.08821270567850359
0.12293786272222289
0.11054486729380303
0.12120277863622911
0.11949109526334839
0.13365357637883044
0.08160540566429524
0.094750889063961
0.11073389424017266
0.11693985524963542
0.10942595942359067
0.15937520833290544
0.12947571988614479
0.11015933243498534
0.12369518349826712
0.12730766540036528
0.14078229455371696
0.08754197637436771
0.08226573495349014
0.08381891899720575
0.10848159448260007
0.11964214053283012
0.11521028645234965
0.10657715137313634
0.0918741023021952
0.08316274497617379
0.09540639725294438
0.08089754429632891
0.07227225150495784
0.12157378782366898
0.082351784660254
0.08849579445182447
0.09531125158990496
0.07645293988657134
0.13730573827434572
0.1327990034936844
0.07358938054260589
0.12894429769441526
0.08687927320894687
0.10079676382975442
0.13062161925072885
0.09286039126956559
0.08414272618405182
0.09586252172753852
0.10699175455007831
0.08454897800534977
0.09233216801013593
0.07074902612063362
0.13754879408413961
0.09465086243766176
0.09787354762428299
0.09048609184025579
0.09230449337563228
0.08905990051708265
0.1061005804957517
0.10510808419432761
0.10499001388019841
0.09139099567857904
0.08801565874273279
0.09545077391654695
0.09563869762753263
0.10687679504567452
0.11863486804342414
0.10023711123894594
0.09038136300856545
0.08866602662157969
0.06957230962661647
0.1442806024538721
0.09709420623988943
0.10821926872924574
0.1091221038639153
0.07895107847800509
0.09242253773690846
0.11475591672858115
0.09878577238884828
0.09029072881246783
0.09939480323393646
0.09151019254657027
0.09347168771506624
0.08837332375049499
0.09396195811034605
0.08891473761084945
0.13661825265426591
0.1444497755838077
0.12093501147794115
0.09367961464247712
0.08094906017376391
0.0866998232841702
0.10331649375857398
0.09054184154461742
0.08739694162713506
0.13195412611951923
0.08060226063993331
0.12210170142300636
0.12340346047349873
0.12843571045588772
0.11038873278775882
0.11804080640170417
0.07199519595076806
0.08578695059811663
0.09274027211275504
0.12464313391397111
0.09238564716910877
0.10172140463382155
0.10227141643827575
0.09902144657729613
0.09747525633385756
0.09660401701715307
0.0846842381263679
0.0825126063079532
0.09707014550478019
0.10426090028041479
0.07252054941351294
0.10330111198314473
0.0862462840942136
0.07658094899128594
0.08144466271999283
0.09029900667842802
0.09027835616021271
0.11978338233689546
0.12391319140869864
0.12280602227078109
0.1177589890493893
0.08657006633729004
0.11049712967514796
0.10327406698397895
0.09576794295755449
0.10150707096933136
0.11545589490443839
0.11118227670004881
0.11006015865783858
0.11182049218340762
0.11904489248856548
0.08146248464896318
0.08145569864167368
0.08034271989748876
0.09909291813395099
0.08416374701060775
0.08041032173770167
0.11875933674913397
0.09399789828714222
0.06475302756577393
0.06566274325076683
0.11028792031102126
0.09187323108945288
0.08550627320747747
0.10294890787823918
0.13475845362613928
0.1179318291877147
0.10971521229578042
0.0859052840453831
0.128784040462012
0.10048007691091493
0.12959895169007143
0.13919994083079504
0.09186538877905819
0.11134972666469241
0.10615394746587496
0.10643065586965335
0.0800181228958342
0.12152326863715451
0.12983370000447067
0.11317316953863395
0.11777459355693412
0.08152447359475538
0.11907699542528229
0.11758844748006576
0.11767637941496034
0.11799645359593446
0.12278564199750157
0.12174722442793495
0.12172180120703836
0.12192679555473757
0.12210965314317149
0.12202079022907866
0.12206684741822833
0.12507970458800285
0.1251585371917638
0.12449214476236123
0.10383599715996346
0.10717073417030477
0.10845901725570278
0.08007110656784018
0.08954794282315397
0.09374607238681823
0.09113445621369148
0.1358913449157445
0.1330965608347768
0.08442880616868222
0.08090122633337656
0.09644142521583926
0.10779107113918213
0.12408517661582408
0.09356276477564891
0.07705682245792662
0.10669381231878006
0.11731946101529796
0.09292044395039466
0.08299954420559648
0.09097085388204273
0.1126369587172188
0.12137601354006522
0.10913759698281816
0.1289900385227188
0.08291577974183897
0.11054618084292289
0.11650482004101567
0.12131050027519927
0.10385658467722392
0.1045001785495637
0.07984922374654035
0.12530453437739947
0.11962219097435293
0.13657877254689835
0.13704339658993533
0.13491324424050172
0.08851142150716947
0.07045110421911961
0.08798359702118576
0.10117528131291695
0.07629501475944425
0.06228666445486428
0.09083948043225923
0.0980983404339613
0.11668381939710587
0.0997056888412056
0.07964993523506092
0.12338600528457795
0.09068366033421268
0.11884585167939783
0.0882230470339489
0.08277169254626736
0.09334751594814335
0.0884310842190374
0.0912946621610825
0.10064821595157428
0.10201087569005311
0.12000734059456637
0.13204026219009032
0.09528689172619283
0.09944395476963355
0.09268830823749766
0.12809818389394698
0.11931910705190397
0.11833295437802233
0.09913160343145518
0.08659075010644374
0.11095418128559421
0.12165810725458066
0.1087430046091695
0.10906455321204934
0.10239077082620493
0.10047604835912828
0.08589733677826812
0.0767493094383799
0.12548412359440045
0.10935705419205408
0.10030993096729035
0.08741562627036183
0.09546195307221134
0.1170171719009724
0.08804625112182139
0.08807572913049593
0.09191039130563451
0.09991818296465942
0.10759314315307536
0.08984910012628701
0.0844692412010585
0.12093695107407276
0.10672881933434374
0.07909836016913895
0.07805080044588004
0.11011260403224686
0.10365884000331274
0.09680817523764922
0.10393592059402759
0.09451585549342296
0.0870084021038756
0.12610596960820583
0.08072744522342686
0.10511372906899911
0.09006536968476403
0.07557813896236314
0.12421281903397788
0.12338952381795831
0.12288644820306557
0.10178190097272466
0.12017628683301299
0.12200745458056361
0.112069502996902
0.1228454743983504
0.13237139341224582
0.1266455716639842
0.13057622826446885
0.10804083375541396
0.10150078519565858
0.09514340707207247
0.10881594738333968
0.10237637128641955
0.08052247294653883
0.10772654933893673
0.12303518474149247
0.10659542538186875
0.09562763016356259
0.14574766622391178
0.1749640460350546
0.15447373772513276
0.09938981985264417
0.09464098324629056
0.09143352270927622
0.09748917528349657
0.09916864953090299
0.1158375735196292
0.10515345664842052
0.10024487124172134
0.09486579177990596
0.09451664554379029
0.10705263679956006
0.08016850383511546
0.07428005794211118
0.07549456753829228
0.0933787064193709
0.11697833840913235
0.1017730007385991
0.12595943606706925
0.1231265106048249
0.10678552098137284
0.11879472045118225
0.08478058514018227
0.0887575912395124
0.0958585638516616
0.08282951310157025
0.0828264627512586
0.12952175983519904
0.11847256407011077
0.0948957637289541
0.09673433215792769
0.10184875016035948
0.0956236004320012
0.09145719459763879
0.1158780697696637
0.11334132183262513
0.08492385818608882
0.09530286067242158
0.09388359414443269
0.10718426167195652
0.1183088025118268
0.1070766921586182
0.10068317392065498
0.10127209142651353
0.10960301706340993
0.07806953767314928
0.17608480200999413
0.0883230305309451
0.0717468726959652
0.07387053601585164
0.09365265229886464
0.10684564880385765
0.07875582944123159
0.10513433879441073
0.11163437223191344
0.1185716074444786
0.09934080725420477
0.10329315023808308
0.11492213910344046
0.08716586478428283
0.10195358042544786
0.07740675722877885
0.07963371851882277
0.13174634706508312
0.11469798378522911
0.10315609648146194
0.1077533035352504
0.10456965348940925
0.11304233623263982
0.07418214841614741
0.07300295762083174
0.0596482418523132
0.07407243804850265
0.093745827191965
0.09240618416834268
0.1142844830925248
0.09234563133736763
0.1014478033376232
0.13010997384738504
0.1468523939595897
0.17162313702533757
0.11868303244424695
0.11760912077371383
0.11478400750822358
0.14337365764352553
0.13999244035689942
0.12957353974758892
0.12528518387791876
0.101564207822432
0.10498060034128201
0.11283563892407647
0.10652535750772955
0.10793504619201919
0.07911707797148905
0.07347542872439301
0.08896157828242635
0.09933383053300276
0.11803068626287436
0.10803298079524097
0.08500556961125061
0.08261362866703141
0.09576769633673818
0.09588946433610716
0.0874648944015495
0.08468311851634414
0.11252449878358667
0.11139450465459712
0.09427477089739279
0.07223061731482254
0.09149528835789765
0.11180336551721538
0.13633652551159986
0.10624110377480032
0.08821939449226206
0.07934363240205455
0.0843633578393135
0.10313936460343408
0.083250853004932
0.13494936446570815
0.09085431920691764
0.09973378119628842
0.08824627979569806
0.11199743954471446
0.11345673047601351
0.08135963177083515
0.0710186299941353
0.07664437016644857
0.09641270773024407
0.09586854416546668
0.0973078548460376
0.09457440622254218
0.09096877688955726
0.10316696285076364
0.1018884510353733
0.07292079925233132
0.08433355514616239
0.09966596959694897
0.10757461717827789
0.09512577124864534
0.10024876636538557
0.10662650808338003
0.09970770527314726
0.11541565156475404
0.0858642220589919
0.09120633468148936
0.12151831268915196
0.08851953014784936
0.10969633183103603
0.09347350880633239
0.08301441970873749
0.10817855307297981
0.0731556292735174
0.11117788412878753
0.10218944021377857
0.12211982226923891
0.09921045307271432
0.10352509929006469
0.1014019326615695
0.10392207222982212
0.08965119312442815
0.09904515972754917
0.10160894582592966
0.1037407337523517
0.11446831345414604
0.09141266521825338
0.09176186512997819
0.08835144076921118
0.08825668126870703
0.11160292964672132
0.1021096932860115
0.1047279580500085
0.08926168629201849
0.08950034639177755
0.09623574301233034
0.09944562034973081
0.10097993051054656
0.10959071143263219
0.10368104918530101
0.07500306559001652
0.06404019861337837
0.09002062567430281
0.07224159643059715
0.11624362470287818
0.08336748923388147
0.0979011612445068
0.09864039313633849
0.12215557334858669
0.08359926544193678
0.07709269936567063
0.08273134533639732
0.09426885695413058
0.1215220579280587
0.09849527085380064
0.10085127329197524
0.10802459001180342
0.10025202062098498
0.09958278760888781
0.10119269044382327
0.10421362439539379
0.108592310062683
0.11385617170056457
0.1245748523425038
0.08635803103988371
0.0701666427089136
0.08270389207199634
0.06941728501988557
0.0913758421324267
0.08855233188650233
0.08570018232362521
0.11797928674092598
0.09403535495587302
0.0905841893981546
0.09048547992336649
0.0861427741807917
0.08864823049936797
0.09054996648361444
0.09499153772295992
0.09613433296285674
0.10970771362330957
0.09203569069074043
0.09239702755601056
0.09851691275823672
0.09784802607209175
0.09109562978382925
0.09975708074884859
0.09839742331369424
0.09918178890384421
0.09650831673739832
0.11313592981714658
0.09285218513385697
0.08708852132255315
0.09244292026704669
0.10366008836759931
0.11350348029108334
0.11981323606426736
0.12283809585696398
0.10037710240338744
0.10266879821245492
0.08783734628244678
0.07788316832219645
0.09479708417385471
0.10142265762109204
0.09244806997872985
0.07837701127554064
0.059144720469199406
0.0694923257110085
0.06942740103876917
0.087283342528397
0.08428406690524673
0.0893813473959119
0.08153441725657981
0.10333352726143413
0.12732491536741503
0.1263610801689196
0.09756103551027656
0.11226419919575342
0.13851816784571738
0.12656845271237063
0.09222539689236561
0.1138480628796839
0.07848838285431524
0.09133654043765632
0.07891754694544674
0.07522578068888186
0.08849281854495065
0.10654203574067067
0.08555968183251232
0.11167514547981156
0.11138763461715157
0.10483270930049954
0.09985573419346068
0.09262392168316333
0.09431171121535518
0.09182345090333227
0.08800149835602362
0.10363633805309375
0.09286813508349542
0.08737491898276427
0.11196860645043702
0.11498133676383955
0.0963006452018786
0.08692520626422448
0.1145060081354272
0.09303449645809139
0.09840969765395799
0.1387268313062181
0.13839156775662237
0.14318169548397824
0.09889120515455617
0.09575831824796073
0.09684404036984783
0.09739202352443686
0.09396872095497863
0.11389208048886494
0.07818177284633085
0.07820042847192014
0.07819620645747961
0.0778968662163007
0.07787990188591204
0.07944410261210377
0.08009355744213593
0.10072739961623098
0.11116299442060912
0.09443251641923034
0.09872536315585619
0.11187462214110405
0.1499865847190608
0.1102068198072581
0.07913376512325618
0.1592213203339662
0.10708506295137314
0.09853372329036773
0.12400841998783854
0.10447047450736553
0.1144048693852118
0.09856784066997029
0.09752972418950655
0.07415853129061811
0.08560591236363034
0.08409804478312573
0.08128966417052186
0.10085924087275434
0.1137071554060854
0.12610722569533284
0.12789622984182217
0.12743130885794765
0.09440328613572961
0.10104495852907178
0.0937640561017057
0.09642254130686208
0.10307429665179539
0.0838076732898506
0.0859129197352819
0.0956400999806156
0.12936959226225891
0.11457418150185861
0.09699084328201926
0.0817919243764272
0.07374727736549065
0.0739605603680055
0.09823591782274108
0.10633463042507064
0.09555761519136693
0.10206976017329306
0.11759366539950643
0.11373682510685229
0.09061934813427565
0.08660980928772914
0.09480772528718767
0.0926416488163662
0.10063410061488229
0.06880044621369186
0.10846945200367675
0.09031775381018384
0.08833277296623913
0.09205117759576238
0.08664853398379628
0.08379207481276715
0.11280754425694499
0.11118802099180826
0.11446755281755189
0.11288183057664676
0.113375828440601
0.08656545984225014
0.09415441426918977
0.10374929001732007
0.09369253214479148
0.10616752611368283
0.09496291903554704
0.10167659977869002
0.08653161892469895
0.08166556138848674
0.08233043672894794
0.09377094271056617
0.11313845968023523
0.09981279530225658
0.11023120852822717
0.08441139051891683
0.08051467647280547
0.0686283381157476
0.10403246177720696
0.08695739142147778
0.10807530773001005
0.10471332830789135
0.09932948458045954
0.09783547202016936
0.09178234499352496
0.07855655027745485
0.09644688154004775
0.1028223395119338
0.09837400955411295
0.07909396764635616
0.10452885151229985
0.08844271954657817
0.08467049814699437
0.087654043690901
0.08033230626249685
0.0836948256013515
0.0919297008883618
0.09473496249858858
0.08105666510790531
0.07192152945228282
0.06678673731371809
0.09884302533754087
0.08939211978590524
0.10974953466858094
0.08567801514150247
0.12433899745925808
0.11298926475733
0.11212918621308374
0.10436382665204735
0.09860304828441234
0.0818243649696921
0.10422221483394227
0.10831976167121261
0.07114224701408328
0.08331945929198474
0.08600206488028017
0.09769269799971766
0.08711286643365151
0.09033413197837614
0.1191125301640948
0.07938201103815665
0.10463559541915934
0.10085314422579841
0.08254569598804114
0.0959221946119011
0.09562521874075093
0.08442843319887407
0.07097166653043441
0.08240141641398548
0.12412021823134585
0.12899004963806246
0.10263723812857162
0.10742883303646292
0.10476848842293589
0.11524981230545367
0.07481187974533761
0.07644712332444503
0.09079622943121021
0.07897947647126345
0.11897134243333134
0.09234741232202057
0.1096702257108673
0.11257763478115464
0.08410324507909475
0.11762731551127832
0.09944807629980573
0.07618140656922276
0.12315870006956305
0.1027189383187903
0.10478169355787492
0.09138161883124182
0.09701749831254029
0.09922640196075035
0.10351426233503158
0.07577671532572412
0.13080510208960877
0.10347658878505779
0.11144489800995824
0.09782602960047514
0.09867804908494118
0.11235517194486187
0.09702204998049725
0.1123988096025121
0.10599762734089421
0.12470424035938145
0.13231137933955878
0.1326658062091008
0.13062051546473208
0.10562913804356261
0.0921333644376457
0.09397562472684245
0.08708987656287827
0.06960119799568058
0.13448066652493315
0.08669132059909618
0.09398528210011058
0.09166039355826817
0.1058075372183511
0.08879120906163557
0.09699591711021167
0.10177363108257985
0.09914034835702719
0.12381927084392481
0.12715648483868375
0.11056756657869997
0.09068996783299778
0.11306187399365938
0.10037790137262913
0.09585451293373096
0.07380438333268985
0.11203222325204307
0.10846225262999203
0.0796680878394003
0.13979789816333477
0.08279290008602273
0.08874449668141605
0.09243673377137318
0.08566417930562298
0.08882478238295372
0.08612238207037168
0.08094477799259472
0.09602234676963389
0.10911457382905589
0.07927542168332369
0.12158599010682021
0.10074924282104436
0.11914754434122261
0.09064629252168467
0.09853353157662695
0.11181080952173732
0.10750922247705778
0.09546156834912496
0.07660109498034809
0.1272595806580644
0.09053771118284193
0.11764835761559707
0.07315592375391458
0.08723048233154725
0.07107526381911336
0.09646577435358902
0.09407567574354958
0.15998580069593002
0.17810270303374537
0.19226624829687977
0.05858628054377351
0.06543781632407701
0.0966741718455411
0.10014851890052823
0.12052411333056019
0.09435908650179575
0.08555198184662587
0.09438713887972584
0.08995827028147653
0.096161148726661
0.10722828858972036
0.10394795670910296
0.08185487017214228
0.12353627108857942
0.13260706983011436
0.13144506525536453
0.09307562320314097
0.13147934293455227
0.11684256196072035
0.09675123043548044
0.1035023100302463
0.09022851646949329
0.09745568427661416
0.10287587551783718
0.09396290145166077
0.08598389574693065
0.09510639954420591
0.12101966227809052
0.11657265491345231
0.11534129235560688
0.0850893772799236
0.10606356759187023
0.10385571514229744
0.09179923371318335
0.08968028315719405
0.0905098320161512
0.10261503706833978
0.09530255184972963
0.08628969912696464
0.07836283130621588
0.0816659329113261
0.11444360088633065
0.0921991488093353
0.07935070325516856
0.12358474273002763
0.08888769116950442
0.08411546053096675
0.0894760508533811
0.10862461927241392
0.10211955810022508
0.08880572356510585
0.11505698574639193
0.07873251477433202
0.08022521960215971
0.10198930609446603
0.08761471269567625
0.0906355842669538
0.111884601608157
0.10968732921054351
0.10698310866953471
0.10279605440634343
0.08833270601151533
0.06753049551269542
0.08943311727222321
0.09041409456972603
0.0769273574080994
0.1277836544557577
0.0999994249506489
0.11590343602038172
0.11519484819193732
0.11676951173970261
0.1107294786128176
0.10083512347949801
0.11860823273143441
0.11715350989708641
0.12462845347526517
0.12638880480545378
0.08109561744118726
0.11838228640514901
0.10880128559821649
0.09941568217676758
0.10135410496901018
0.10588370665565341
0.10548059535771162
0.10548059535771162
0.11148504233859277
0.11169058793419462
0.10881657693124352
0.10756554337745101
0.10838448766873542
0.10640681792673747
0.09565001580851845
0.07362453872810998
0.0763536085416666
0.11192930797844836
0.11377407824439156
0.10640715708798072
0.07738515830608887
0.09945127406504026
0.11904838608318749
0.092954967471241
0.0885706830696299
0.08189259934847513
0.08477225416404907
0.09319536894913817
0.07716304135870962
0.1084463451031598
0.09329965715212522
0.08889855482972128
0.1130730348821165
0.11066104367743561
0.0908844364455059
0.09012193634505679
0.08659797617340617
0.09353462491831258
0.11712282622391372
0.12862262558275953
0.07431916047919512
0.11841578336265565
0.07580630216204046
0.1001687419091047
0.09079930610236517
0.10644018722721647
0.11011117376725327
0.10234801481128075
0.10601719311390403
0.09250127294159295
0.09434719392950743
0.07415758216550145
0.09048323498621061
0.12692280321361177
0.08349663504835939
0.07805924090831862
0.12124339414946922
0.09528456715227888
0.1032196046721375
0.11022987847136059
0.07946270673863996
0.09175088134332682
0.11344969098051129
0.10708629196909507
0.11367743284788333
0.08793274561459258
0.09099954782222686
0.11564770834069357
0.10933875545841762
0.09663882256836419
0.10790510034811737
0.10626305177971541
0.09241408259677793
0.10506098705357315
0.10103404862259904
0.07915878102263532
0.08589536600368444
0.13585247153018024
0.07800462076926255
0.08367456230560394
0.09674819261478522
0.06822734103288419
0.07129180302336985
0.13150765802618555
0.12226722875363318
0.09159646009786102
0.08851531843718068
0.10199626802668987
0.10664877938155044
0.09995816265747713
0.10911366985470836
0.09659642276117698
0.09219703615222119
0.09071124291283335
0.09564033167852229
0.1146456479247091
0.09194981010862319
0.09881464459949954
0.09047909569436201
0.08605792654126926
0.12370122541873937
0.09392639818939148
0.07505404721313584
0.14685567331206428
0.127091478765508
0.08796240610788499
0.09501598068312808
0.09132633168622216
0.09894007637990954
0.10337995975468316
0.1327765398592996
0.12863988698360398
0.09781476758890437
0.13109852139399097
0.07572564867396568
0.1316053986779929
0.07574601127042407
0.09391808243868188
0.10936243904568886
0.1059792233025947
0.1031494827898678
0.0999963278640441
0.09166878298378561
0.08547277113829893
0.10937738180281681
0.11855942912827866
0.12033881749562174
0.13560264940767217
0.1271986717568566
0.10718529442386088
0.08428124574864355
0.0890305914881263
0.10205646308330124
0.10982555989643457
0.11508610477164145
0.10998329716699402
0.11072452067654316
0.09944989583647736
0.11061227173311322
0.11154233899889203
0.09872166120446248
0.12751568288644102
0.09271565474474208
0.0880129176426097
0.08156073791801549
0.11002104693550173
0.0834640636331822
0.0773341380234214
0.128675973733203
0.10250128757314919
0.16146788837609405
0.07702284583107909
0.11636934094263174
0.10456927569068471
0.1062470953122196
0.11207656296711356
0.08643788666745066
0.09701349726724538
0.08902846760109798
0.10134857564864709
0.09232063637770437
0.09785092052246934
0.11134909519562125
0.11829294490834805
0.0819306881882028
0.09579208780507611
0.09641185848849286
0.0717872529619892
0.07632297911352934
0.10434286015323613
0.11936101840604126
0.09257350168813204
0.10310924145975672
0.10034192347680793
0.11798012305330112
0.10445586523615
0.09279429706812799
0.07773033743233837
0.1177255304464402
0.10355453154780232
0.08509022441563423
0.1054028140320699
0.1062181751034508
0.09785981403156933
0.08460729013736382
0.09782167715142498
0.09911385723521055
0.0957833251168435
0.09875704132523819
0.09716574178786781
0.08893423241214227
0.12139712069133238
0.1106460740192964
0.1030218616773684
0.09953197975057952
0.100569537572559
0.128450250463164
0.07664078809202786
0.07511712339205992
0.0923232728115831
0.07872036833802185
0.07062984874298088
0.10244153038628906
0.11069524993362949
0.08930349734516413
0.09853395296812886
0.09699365522968188
0.09968912449716165
0.12431946955406309
0.11323897154994726
0.11220667668678987
0.0867675826754953
0.10847102356840123
0.09294771265248958
0.11403689483907009
0.09658890325521212
0.13904723763016102
0.10993145711289473
0.10492280229166225
0.08844329486778625
0.0904953058451762
0.07844857075015958
0.11960459383547416
0.09470531764982097
0.08893893727842145
0.08629751686414827
0.07499763829330637
0.0682915196118601
0.08674480898005445
0.08596571716277572
0.09474221770802864
0.11859164591851049
0.1444605942145924
0.08546653656157314
0.09509809304123051
0.08833446245257806
0.09347819503341077
0.09916803777757147
0.09516606125103654
0.08252810418375965
0.07885532213971595
0.1132560810288574
0.0913683747788539
0.09839525361239868
0.11128848254781071
0.12462184622786472
0.12815527480506245
0.11973338957747935
0.09454483822206357
0.10100590744776788
0.0931742029445987
0.10565482288555948
0.1114789377481418
0.08130287126206959
0.1113753242835771
0.10565179154894892
0.10182241385012632
0.0841788521606495
0.10717069787152243
0.1181913685766893
0.08656010527702758
0.11044736751983056
0.1004629160480752
0.09806039172098072
0.09123278349905771
0.08075801576914399
0.06888530364222929
0.0783589832743409
0.08239403768610942
0.10891189727706227
0.10894664837873838
0.08758261468812649
0.09760539343358086
0.0897264611452978
0.08471243072105884
0.08295166160795728
0.10195230144118178
0.09026259232030336
0.1120733551500682
0.1047584564929903
0.09166164562548952
0.09598575248872214
0.11113897592251779
0.08094349590725418
0.13377705220187736
0.12502515124095262
0.07292915175611796
0.11988934952551893
0.10981930421868323
0.10388419138175681
0.11699402517548088
0.11508194409350438
0.08686723038717789
