0
0.08980945322079567
0.0742489851518788
0.2825949678438461
0.10814643612399358
0.3090922101812512
0.2682169472462759
0.218883770548534
0.31047525194826464
0.07804828312054392
0.2614729985351699
0.047455862625058125
0.03970156593954847
0.043877058338826255
0.28369958109880533
0.1372160984604138
0.1347023050237252
0.17484989211396876
0.16579705522826668
0.1894881853057447
0.23249902725338967
0.28023719390014584
0.22079274023280385
0.27379488476592273
0.04344911502323536
0.10486829109710147
0.051822935445149626
0.05440584951758226
0.5736416579053141
0.1483738825233972
0.36464333079729827
0.22479946338780188
0.12801230825575965
0.26004095925615156
0.1676250219184626
0.21297761125321704
0.064454625508323
0.17698793718343497
0.22129162926884938
0.28880968677336616
0.16231623925303665
0.28968603213051847
0.146266409684831
0.40317957022735534
0.26459235797029723
0.3848819746792993
0.07392898987904331
0.06387576196346904
0.06603037363831747
0.21613072685094337
0.31261832562105
0.18282444360214517
0.06723523706797649
0.19907882613982242
0.15912483763956103
1.2936339660054184
0.6963908478504353
0.7624627626237711
0.21138379773507446
0.23425211727796555
0.6452501590148138
0.7092325611279515
0.7111398408417094
0.6248900487104213
0.6815322250278568
0.6779644862726238
0.7000532383875313
0.6930622972755084
0.22178801944352886
0.015620616326209426
0.01618636829904019
0.010260256376043211
0.015361259231816495
0.22242265046135348
0.5496703839894165
0.3664524453036169
0.3310700166598509
0.2430404006921355
0.40178939183044876
0.16400993114930898
0.029974333198856142
0.025047365273912017
0.02758599092609874
0.032046613640107344
0.022291273241912875
0.054579411269946455
0.11989764914298612
0.12459098387839355
0.015325171693926443
0.013552329613295088
0.20642526101557063
0.20808553277027209
0.32705481560821015
0.0869897428265822
0.06931294987591698
0.30188732419393927
0.15379896645418578
0.10522007959084402
0.39089865099856935
1.018728311730897
0.010926566061695469
0.13137838658104103
0.064497059867828
0.09725949957928293
0.33509039218451275
0.10278591053759209
0.3012359664196375
0.03779011589111058
0.27195840207161576
0.41813749388543325
0.08659123301673331
0.0726295054580845
0.06287082799875167
0.07919024962060314
0.1758389629378107
0.25545896482021263
0.19883488631366453
0.2629962864236716
0.22595706450596778
0.259797043804048
0.23149174388181734
0.03001895829840079
0.030496431580828456
0.5994910468302178
0.433102593602407
0.12936096842793213
0.12852263496387004
0.07447599644078381
0.14058765645701315
0.16308010291880928
0.15064598769408258
0.4407746461593462
0.34117959375765844
0.17837374978850262
0.11788114489310159
0.3230593896103751
0.05971626204450455
0.1343673836575654
0.04188095446094648
0.35558859394499287
0.06213141316504772
0.0977238188132791
0.7806495307962729
0.1459525802179366
0.12022586600893798
0.06526850927320584
0.06554354918851184
0.06568080917975436
0.06446127233944386
0.06279181179385655
0.1413873246787375
0.21796840546944324
0.20239909176789134
0.44155343130553804
0.2774293953875091
0.25890824649460015
0.03516283414898987
0.06948191294452992
0.2386571265221906
0.24141145075549916
0.513607933003334
0.6334970662665436
0.06671036370229211
0.1438350016370743
0.10494834476664142
0.1315732210227417
0.2605450005148111
0.23723285653861287
0.07035022814249947
0.21077873029326397
0.2792231731868949
0.14961086938311577
0.05731874621832788
0.030608928248882655
0.1525115022150545
0.08227225292121931
0.2760668625048451
0.18143159000660433
0.06869693093271018
0.07602614858499326
0.10014535135870883
0.027512408636539958
0.055300439870962094
0.12163539019887823
0.07695658867024485
0.04564154318838057
0.05879359051033816
0.26088291109055006
0.21575855286612697
0.495376136948673
0.13491214312159913
0.37714088948091845
0.3084759219400995
0.1436053011047577
0.109280650268529
0.10391320718033698
0.10404936903672873
0.10792285564140568
0.10373297319250016
0.22973903717038213
0.062228186955165195
0.12047866146625857
0.733291399278735
0.28604664703073557
0.13325724224299734
0.1445781941677866
0.06126515042138218
0.23078416546396263
0.20522282296394095
0.1736786550800702
0.21459323389784205
0.22649138021732101
0.2637656001064868
0.06596742549711351
0.0809388782953252
0.17030900643934888
0.05751907130794027
0.1926215417242506
0.22588646714527805
0.1901115557111434
0.36680231029410354
0.13101241453222656
0.1993043923952213
0.1044346638723505
0.10145568940483228
0.19730535130034205
0.20362529632650697
0.4790820822324892
0.42428204540313136
0.2331686816913081
0.6442535097464234
0.2138578833012256
0.17655523504395082
0.39658816940211816
0.24903751343431377
0.3215663238867964
0.07708458446735957
0.3342707281454084
0.24534338421048718
0.13073302211607563
2.3131073827595716
0.27378056054378697
0.1689338699601538
0.30669544492816886
0.1770613045279853
0.16256640031951058
0.18660552516277512
0.22046742821743842
0.19441016497539684
0.18569639488633832
0.18437862916126205
0.24940741308512457
0.27140623946593384
0.25147071015673594
0.2158687165730711
0.2022760180225302
0.3558320077978758
0.19648212565299017
0.2622790225627921
0.19082330672941325
0.4799268109207246
0.09935258325568623
0.5052695081318114
0.14970295248616178
0.11639643123726322
0.3599784898392835
0.17912816116681535
0.4792941830275698
0.2717999846227332
0.06304483053461145
0.03220287148259478
0.10660884866614588
0.26437076674920335
0.19983923691287722
0.20400095552383993
0.19422907272738768
0.1960499308411222
0.18032647457745407
0.185192483398521
0.16378511487458114
0.16189026691127031
0.189444394499968
0.40162682946208983
0.032336283493036445
0.11381245631864872
0.06706422663385875
0.16526240839805928
0.2536837160698391
0.15182290950938856
0.22769358062643286
0.17912100403434003
0.23490741613309235
0.3288232723054352
0.17577814055657096
0.2609950580054093
0.5667279816174103
0.1378253893036039
0.22179053764383244
0.4028800560792815
0.7274016954361746
0.7152847944084112
1.3834364915021995
0.1991022911463886
0.36542879277500984
0.728032000923135
0.5653126901981648
0.31363547738519837
0.33728288805538315
0.23425131383062128
0.559019690109057
0.41000139503965777
0.4105453662405005
0.3005943385634558
0.6731898076500699
0.12796775877673847
0.139639680323451
0.10690074128243475
0.47490331972936917
0.2061185193355732
0.47241423865107113
0.1804066603923768
0.1335501587979124
0.17857323269247072
0.31514100015297736
0.12035922803913107
0.2506068704188798
0.17691698359540198
0.13537969634598437
0.1448835662155038
0.18948873616713796
0.23409642312849402
0.295231583022918
0.13737063395861748
0.1701199517508765
0.2684666425037096
0.2689960161875736
0.18900701879000356
0.12095770515609092
0.17876702373431064
0.3226670742206131
0.4586847029694635
0.5730540822217076
0.21605303011791385
0.36889181798990356
0.1862895404760723
0.20771080270217585
1.0453944709447012
0.7649358988711049
0.5628855667900916
1.200138914017766
0.8703899481877058
0.6627292255768039
0.788905535517433
0.8294339837829249
0.7979955661657856
0.3502366556727591
0.314183399159718
0.28575986886307925
0.3270337696292871
0.09180875021665304
0.036443179711181134
0.22683770650698787
0.11684668391655803
0.17147324134224443
0.2621129140441544
0.2072536563803552
0.10100408752611656
0.13337207948849225
0.41411415818021097
0.1742730621306823
0.20963280002833412
0.23913423270706655
0.20612859255000954
0.29220519201785194
0.305339155986734
0.31775715570283525
0.3019227071978204
0.5940872363858754
0.40408250761505116
1.0926745101377653
1.4002442840543852
0.350824188866438
0.21796436036347158
0.06528337173920701
0.09492437618081175
0.016850234266107295
0.012744466425020572
0.037660361016473395
0.030181882736311123
0.036449996982501516
0.029516530934881893
0.24041747258547896
0.17841022796449976
0.32161898438599995
0.20317115536151656
0.6294892844451638
0.45364255813123094
0.3131276137694745
0.2598369606787077
0.20430502764338615
0.19657802063421492
0.18600679105187093
0.22984571713547666
0.19202272450596772
0.13270611449424954
0.08465800172014788
0.041905979438487805
0.03759547493130118
0.056676400370680634
0.12854161975216205
0.08396694996657639
0.07861641322161671
0.21647023529708762
0.3096807107681828
0.31436910404346746
0.08670724586445691
0.19205018815212788
0.13732853903972853
0.07672371505274292
0.28341040543108703
0.1917028481622999
0.21166590639515767
0.2529126342380681
0.3151337755238129
0.24065918761829727
0.14641408422011126
0.16245191907335638
0.07076869506725897
0.2039947863472896
0.16411189787304803
0.16260186951834527
0.16523168189724838
0.23822483969579605
0.0842841539098884
0.2332888027088519
0.3030075462562959
0.2109503168044475
0.22522284533964526
0.248401694276668
0.20600347724242224
0.11582293867660891
0.10334660082916135
0.15370702791268442
0.1446903495613363
0.5555783687223843
0.31841683520282704
0.25328561414752543
0.2005729464638084
0.16922837794693535
0.6188493511169217
0.4703943946158404
0.06735647045892819
0.7729972162512279
0.4212590381578222
0.8622184864339686
0.11555377093710106
0.25077212144905087
0.19298602811271723
0.2224176609863021
0.19778540339153772
0.1773277615522338
0.18642998398357996
0.1894015618153352
0.20725016043136735
0.044486376439226843
0.1895233420489792
0.18779271157108218
0.2944410194725316
0.35101702470162927
0.11883325884455546
0.10144982813465206
0.05873857276512718
0.04058376122979368
0.16959928404394578
0.06938593781508766
0.26240191755541264
0.06864110866373113
0.3378342023561369
0.07465264770664799
0.12157605315891025
0.25197375061833255
0.3417189942478625
0.04542218014013124
0.19365662056826316
0.1637569236847191
0.506098922243423
0.3213434441991301
0.22009145341137548
0.2556891500957564
0.34480789341740076
0.07022090078764638
0.24418042726281378
0.29335454733601446
0.2615473573332601
0.015455976828266937
0.015677084234313837
0.2291290229631541
0.1896377862025732
0.13098549822722336
0.136527568063908
0.14240182920054198
0.1267956161526593
0.13085493000007067
0.469133331192992
0.43487251204860583
0.26861730445005355
0.15069481589653894
0.06907329757183042
0.07964072841838657
0.21038319292696409
0.21977182299153006
0.29842050913489515
0.19367029035778632
0.058532637993030656
0.021421601335852834
0.6763773044547184
0.6147972843006912
0.4463290928544441
0.13850159667097045
0.8497722240195539
0.7583852510338632
0.8293976284690925
0.005788868872452372
0.03572800108350432
0.028455762535590515
0.26600726954516074
0.22168490609932762
0.2113887735916746
0.09191203678475848
0.2300684526563891
0.1673159739522609
0.24824492774114384
0.11976550180281263
0.17897626716773662
0.0923052889081759
0.04868648279547975
0.2043595183768121
0.18049414226121704
0.13831583386816568
0.13522261108530784
0.16316540181684636
0.3504121870872599
0.1753917414970351
0.21385264228117898
0.19055563580725746
0.22888392663432236
0.2190438363111711
0.19071537105834904
0.22974455216651976
0.08106132292574948
0.045332972780587885
0.09954389312086145
0.06855109918767728
0.030947564953642228
0.08222960190769235
0.10359452180492139
0.17342660056154033
0.26014206214512714
0.22621835526953163
0.2070908287074714
0.13687505188031251
0.11080501330596647
0.09215578992427019
0.1476887692679505
0.23272318779442075
0.5564297038479706
0.1113266633409027
0.34629925163995495
0.2393880851869677
0.59396636739002
0.29468764294742394
0.22020257858037032
0.08825026107247183
0.09419996184799409
0.03278668230341425
0.17083661090550256
0.15963953075368348
0.09669013663050548
0.04988287418459388
0.158062806205837
0.23298800834970387
0.19866288664203197
0.1262776462895512
0.04405369136773615
0.3294136340441866
0.5458901081337197
0.2095448621540853
0.1394699400722754
0.1945258618795961
0.04357893611333922
0.09270438720256172
0.22860449889102255
0.2151114154102478
0.9449727239683454
0.22141690715228285
0.24008201746003424
0.15697268929414265
0.15617253228732111
0.048576386267926784
0.09760365366400035
0.21015976399822986
0.17591173146728895
0.06696964731042512
0.04672469793989925
0.04329350552375367
0.05859437289548989
0.07825950063619141
0.15683472857573083
0.23063923035159437
0.20306208617030247
0.1748027276513423
0.06964221085474827
0.08118410072888638
0.14501963651662111
0.08557027776553347
0.028664627229657014
0.866280599467713
0.9852056151172762
0.26099296758781493
0.36272561719922536
0.6074354502334858
0.9736117639313484
0.1434858926492374
0.23755206936213935
0.6413921865646326
0.11541021723542746
0.42847540010875584
0.2571109551725173
0.08811352407111807
0.049649804544021486
0.1456693757399954
0.08644307827455461
0.05586335312221275
0.044916641689222
0.25909998757114594
0.24769828073997163
0.8877915651068664
0.5160289449307144
0.2524030419499096
0.24241354931173628
0.34949808468237725
0.4517986982186883
0.1869971767378577
0.17149355665576596
0.14276840158508047
0.08066853943154702
0.10147241189885096
0.24160421044191
0.09855048873943562
0.1659049162161267
0.22661024396778767
0.285074087029306
0.1822490861791791
0.11610365345313843
0.15238448127795814
0.14628564308432934
0.11876463062415063
0.06971469353736935
0.12926503102250736
0.11864807167498045
0.01857778976451795
0.048348846279260525
0.026783889102201145
0.10549106666002389
0.16850447575934413
0.2142577137724928
0.5647150399865071
0.21486413001683505
0.22743770389819812
0.16456767766087962
0.4147547255859397
0.21091351984201615
0.13330411914202187
0.40199477400047745
0.3145816131185578
0.2048568309026597
0.376019281248551
0.10651434740352635
0.2852711875223978
0.1500224697943048
0.20910054193941854
0.27465264404372597
0.2568397126271613
0.2201970163618316
0.2740759568500876
0.22610322601579813
0.281011298393606
0.18232705665129106
0.18148788485535958
0.2920027292772435
0.1549948809587467
0.3205307258464095
0.31759597889727637
0.21829192881503734
0.19141163256707514
0.15664224376825453
0.27876720708228697
0.21693449915707433
0.21737109882745065
0.2512119593226306
0.2309373616084475
0.23296272363879145
0.24762952800593768
0.058807212870882
0.27232446458683135
0.06444870099937923
0.05161471860148317
0.3415885435301838
0.09172988400718317
0.13688172255833664
0.09622771431860744
0.14805096640492674
0.09962684404793551
0.13034348411888563
0.22509745468326217
0.2402714616276505
0.8311289202032771
0.38048933834780857
0.3012024972005967
0.18174341163382027
0.23425443355951675
0.40125832183809124
0.40864752954837186
0.1057518597663799
0.21957743179923536
0.12468547434683412
0.4186209290076363
0.02768800438957665
0.051082402474140816
0.05283868267216508
0.05171875527997437
0.2361960177549231
0.2584724051158969
0.38017907178867605
0.1688792317668808
0.30205266967752487
0.07548813811728056
0.033412936100774664
0.05688021498495926
0.19222545939618155
0.05823180568331422
0.03519735796874845
0.2392287094443872
0.20318412135167432
0.1344488841403384
0.04107835680976028
0.17487995861786762
0.050331095875758
0.2931975413778426
0.2280692495336734
0.24579257599202028
0.30351426630364364
0.051739584329367025
0.07510075341385403
0.041915567261639725
0.028861899421396817
0.032344521421686416
0.03215868848012522
0.02975564329982
0.12963362554862348
0.17037673126549546
0.13142668198073962
0.03858122262537542
0.10361587608366313
0.10772552199359266
0.08556998835279915
0.03993475030163457
0.05251361920033204
0.2688648680556234
0.21370434199412167
0.2534469240934189
0.274781505005823
0.32013972777260635
0.2984259378486103
0.28176327014263985
0.13627958705419033
0.1075884154723768
0.42505219545615935
0.33547946230956976
0.050185967130028465
0.06745093565244602
0.1605554944608705
0.1640230758981376
0.20632381982112963
0.34181649101507716
0.06105105528239298
0.30017458371894395
0.4414424883241595
0.1665060376417794
0.1980991681796011
0.304437298271404
0.13876648363699465
0.35183581897481003
0.023305996027153126
0.04100239662053485
0.16621933229591423
0.034757723608342846
0.20255574615673308
0.2962983135753951
0.21775568792229408
0.2830440526039048
0.2806562113256309
0.2504223492586734
0.38896056678923213
0.2594653016763002
0.11222954545097794
0.06651887122135487
0.15845167175357844
0.21330858429518343
0.17872919799662135
0.11698102202493073
0.025629406783616124
0.100582527073175
0.05671604590190626
0.06019530500607292
0.0981191554380824
0.2860337106741242
0.10146052671031892
0.1033458853096919
0.19512271913970697
0.23849393493114984
0.2281862727540702
0.19095003335131766
0.3642089863660876
0.2243042767809038
0.2432136657179495
0.30569644043190447
0.2658314365354078
0.41187035600343236
0.10219109931899018
0.18808894306763033
0.08244145898562845
0.2723137986203268
0.40196552475976655
0.20002146010551317
0.1818455849607166
0.10610839570632466
0.08601238859892112
0.04153086021492261
0.028209567483017305
0.012545961644218362
0.027183389870985612
0.20433006098902362
0.26660015562152595
0.09624704209327102
0.16088234502627963
0.2048180039657111
0.49471223341399817
0.400814934832589
0.39239842148731235
0.24618686566635334
0.22027001674650723
0.27087932275546356
0.24756261363583287
0.2205699691341101
0.20222897117669913
0.43866485812693456
0.5643356456516635
0.19675196822475857
0.4647571859331993
0.34809187245400375
0.1423078715702379
0.22908888845153835
0.30474810568261435
0.050874070710579124
0.13027606885092627
0.25335345287367944
0.4595721656623792
0.5587348173861738
0.05907784915689314
0.08817581159268935
0.050637357772047746
0.10149841773935027
0.09212053837996648
0.09752119344224915
0.18137606711021076
0.372353931231909
0.17655482258658012
0.21969402377260258
0.21440294937118493
0.29108021280366875
0.23567744411532518
0.08677622331689758
0.24913048514467726
0.23958557160315466
0.09214331068925452
0.23741476264415023
0.23087295901416613
0.31623267965501267
0.3263407924507778
0.30051161780933694
0.2016379846585793
0.3383196701573749
0.517232790313762
0.22224064287247705
0.306541181374745
0.2508750698046506
0.11048237827209895
0.06623808378105861
0.12214689196492808
0.2760996507990857
0.17940734867621724
0.06575253268850761
0.06538384785266549
0.21264235285246094
0.23367693778440543
0.19375905905209564
0.15717520634652377
0.1548415712046881
0.16931635851155463
0.14067008640847145
0.15773308370534098
0.2034829078307209
1.6475813535847983
0.3855283765528981
0.4101821968198537
0.7300834598370205
0.027693825988214828
0.32126665986669584
0.31749519239918517
0.29140150724653074
0.2657265988820038
0.22568112061105497
0.14060480972128545
0.096995207902034
0.20571353895859093
0.15510613100976972
0.03171566765295126
0.012725394314499027
0.07197721952498087
0.11414169195450545
0.04266237509837776
0.3308604806460101
0.17445581411983205
0.30881334506754343
0.22569680069857617
0.8565011525478975
1.1475770096142635
1.0208672000074726
0.2826352141125831
0.16090391488108546
0.12939951480523837
0.1762318464254846
0.15052756984275434
0.28846565804944424
0.2178134389251534
0.17050979581984815
0.11523934873639971
0.08204586539677942
0.19749890706940523
0.11712522074749945
0.04841703804501506
0.04087221536518951
0.1014650261936206
0.049014661940115986
0.1175071101621778
0.2976280366112796
0.2673657407320259
0.046525721745767704
0.07644878632291147
0.0689700325349191
0.146206739305258
0.2869058499157999
0.2752317345873211
0.07146870989614183
0.07900083348939015
0.07912757946770498
0.06595294771432694
0.0676664385923091
0.06760530356090146
0.0659882798711422
0.06567889248272073
0.06579231417813682
0.06615352677541683
0.06603529827665305
0.06629406099619882
0.06613381115125486
0.0668001228572955
0.06104831256250363
0.13639805091177384
0.13115444251776343
0.08240181335607126
0.0849400444959013
0.29003989240464345
0.22966742879756852
0.32362707749329717
0.3424786638185419
0.37614455883246584
0.3480462980720278
0.3720598959121969
0.16527822486511107
0.09028932388687366
0.01719702263812832
0.1385856707393595
0.1142286121351085
0.024641514508401668
0.07113656980541345
0.20777770828674966
0.24149813926277225
0.25094660503837063
0.38919312552854357
0.038304840379872994
0.059267290336013044
0.14228665069758545
0.21380790107216277
0.07174511946802138
0.05837750515752968
0.027769554702718063
0.030093386750614994
0.03884477854216833
0.14321534393870936
0.07884168490670698
0.038839874922691905
0.03814880173420906
0.0510661515881522
0.0886002302067956
0.06531474456677203
0.05372512283253906
0.08962514556553877
0.2508694021331836
0.12000366834384196
0.16600875254044503
0.14060929914654247
0.03928715397314461
0.2013533189193162
0.2435421401132191
0.2598526022023731
0.1682534185450143
0.24865165072702178
0.21722597419000284
0.22112419249387333
0.24336933165593852
0.2228096853596348
0.297663517661495
0.2878253754271252
0.29825318642184645
0.23295788279088664
0.3053667719904246
0.09522169113465645
0.19528830774764094
0.18830560986283093
0.05583528324711702
0.028098341605967712
0.02954936263151463
0.07735319667905409
0.09967727288142852
0.05421898943315969
0.035667383497845935
0.15586231859078734
0.3667186584225009
0.125990616881815
0.1038625696907558
0.11695863475150385
0.2420868351184719
0.278444376957007
0.1724235361550371
0.2797331010830704
0.20538165719230797
0.18433670890160112
0.17930814642518844
0.22267370923875945
0.24518915485757203
0.1571507386244363
0.05823684392685629
0.09070393021917311
0.09375782259957878
0.14215978327787948
0.20935965753366362
0.3889722595502078
0.07126633808387847
0.09723842882307505
0.14681071910234025
0.29252835745284345
0.15918160042860052
0.16726131863120136
0.18487798649156373
0.09119696760420638
0.20645740560000053
0.22373940412996055
0.21383573735914058
0.40379438094769404
0.3579397981454795
0.1341730836575053
0.20048440881685117
0.0753640068108594
0.038333386310868876
0.2517500672187793
0.35574007685865505
0.2930617896132207
0.5372141703867019
0.19652430006418797
0.25452552334194445
0.2587318025602023
0.5755778384213855
0.04513364355374591
0.228518224890867
0.03158882482656686
0.019618368751054195
0.21815114707014233
0.14628543238003142
0.10254775091287405
0.20712425312928712
0.08829465811237089
0.19024901220127635
0.37917013689801804
0.8006760792269225
0.24936820193808376
0.1332754847018022
0.11201085524504169
0.09719057162370481
0.05955235274318405
0.18534650686479912
0.10722697763545343
0.04803143541095956
0.014697808542883672
0.13912934926128392
0.29108697126039307
0.148011405272172
0.31191363900788877
0.17720338580048767
0.24284117238462904
0.3334152006751684
0.2117025045586262
0.2304226606773872
0.1526045821471799
0.14671717616283877
0.18074947954722057
0.10203134567512105
0.16331208984655846
0.20492300210320097
0.13135875346517503
0.18464035473986773
0.3025215655634975
0.1510847246140213
0.46137836369115803
0.29239813158307776
0.18631259913326734
0.06424975346104118
0.29455965498143677
0.2602609856013713
0.15252893025730094
0.03653300974143338
0.18723502967541047
0.09624305734764589
0.05966070869987538
0.22980553703262704
0.21242886589943022
0.141807629234576
0.06963137901828462
0.09106254626127731
0.24440149892224997
0.31141168923115864
0.3262717214133237
0.1586216505604111
0.20516512188382346
0.13173876460571476
0.6085865625051522
0.08728792080046612
0.12081816305154183
0.08127214787326206
0.05136826726989271
0.035029895440288804
0.18982413620302452
0.34102174701412075
0.199864072916325
0.18169645594122452
0.19030394532345837
0.05583267928869615
0.23577911893439343
0.06949577096829418
0.05195485882611903
0.30830067354780794
0.17150249993136715
0.6286821431608737
0.045225318497095615
0.14331646643241264
0.17897728923441933
0.08709192628333998
0.12551889481202028
0.10395248501196495
0.1315904352676047
0.40536962864824094
0.19717696612541527
0.275967327726419
0.30719113191546266
0.3389019374561263
0.650012098022781
0.6803492021510592
0.23527909324324703
0.6638281016619465
0.41295216702463267
0.1618202636791693
0.23541948082847552
0.24996389577074085
0.35445464931449894
0.4063526803348423
0.3182021030009701
0.13701347687797918
0.04412947327475154
0.07548199351227582
0.027759829491234633
0.01913834385307955
0.2450788214030282
0.10444580911528195
0.21077697662706937
0.19795153200027946
0.4671504587304499
0.22518801931453583
0.19210297011799818
0.19620219640517192
0.2153121960282327
0.22371008995554847
0.1928163902839877
0.1774122903495076
0.3372805247822009
0.17626990994634553
0.3801120740802349
0.24719878480680418
0.20079663624436658
0.24195989218657132
0.2410078252999291
0.2426857906932489
0.1525062011684869
0.258060860315191
0.2551327172644364
0.19610320238528642
0.15550385405182976
0.28475988805503905
0.24347379638628092
0.6056275734515691
0.18294020690417115
0.15398550241999062
0.05427853574591775
0.08537197677854129
0.19358239346134565
0.04828794190165371
0.062427313860476015
0.421717089324995
0.1872069572368457
0.028549251526806207
0.1492909764841332
0.017434426420786884
0.5209302778435766
0.1009508817867674
0.010467944484709666
0.1424243681531166
0.19833358211319693
0.06954402787427048
0.06412107279273246
0.0331342072794807
0.04078655667632256
0.118803521591487
0.04871912107200853
0.12685343810119293
0.37017678742459403
0.009836122212087583
0.4167782840181403
0.1432849817777135
0.3406289923457384
0.20132335396065995
0.6624769251785327
0.1479261378365687
0.10458835595986875
0.3018545739990729
0.40394245689064123
0.46127887791270633
0.360033233655366
0.21056622314652673
0.2206025679079226
0.04060619015487709
0.04173311653387656
0.3055411229818631
0.2141488225849784
0.31213801935391794
0.8923272469680862
0.03331805379537049
0.2669374270986792
0.12510856487570735
0.08536128927639856
0.2951818265331804
0.1823753289675686
0.21102362663375024
0.17681581952795256
0.15356456349449524
0.1516819390041085
0.051370549996904734
0.06191841707922517
0.2791427545863408
0.17894736911482012
0.04364277202877192
0.04785859102333196
0.19972065752384907
0.18002385640735688
0.12216283756455167
0.18905426863925257
0.16498656473250387
0.1913814185425904
0.046876842196440206
0.049220340493443565
0.027308057749756077
0.03115080427052438
0.03042085728623499
0.142704504608919
0.059196372972243935
0.11158325239055167
0.27691073396878163
0.20866077960310572
0.30309020709701395
0.057528673902020704
0.35869058732749803
0.047729688205451266
0.08558342746517185
0.05598493316601101
0.18335305181374228
0.0920497876050871
0.20968339947217762
0.3401171006310955
0.3188591379244415
0.2046413728236147
0.2036739349997026
0.1899836455014499
0.31841934740819483
0.02747932023288097
0.371054033476556
0.2336362497327741
0.3137886375524688
0.26891707173712376
0.27972504026287587
0.20262170142279756
0.1197935493990551
0.0843716280180528
0.38427471087867826
0.3655335502576087
0.20056683857082622
0.2445201089533703
0.17971608988745
0.2929171441827335
0.23051944672811178
0.21295658364428235
0.23213877752834655
0.19898899829777295
0.21691865038748798
0.5262607690665779
0.16888206164694833
0.116947781254729
0.015912476423293402
0.2686764970325435
0.20646326287397024
0.09542865596143692
0.2668326394613457
0.1582808743188616
0.150481438220873
0.14543578588133074
0.10023097722927375
0.11915560337657702
0.04952154931456487
0.5740956502778886
0.2284968050503435
0.21983446905454468
0.1634371306536356
0.12132443688979984
0.07364397988186054
0.11347500892861724
0.2237405226655829
0.0996971377892696
0.1570893652183429
0.05593630036073029
0.1432700223057201
0.20445223180518526
0.183422941094627
0.21603462478405752
0.32370380768700646
0.2116458299900484
0.10282757935032238
0.12222218838697489
0.03251674828930576
0.3551714842226089
0.1136319056442452
0.14992893214870925
0.18811018296261786
0.15931511532897066
0.1567090537512992
0.012392297531834453
0.12000067600159513
0.10594616903227981
0.40855161296647696
0.11421055648966771
0.18634465561924604
0.2534845643953465
0.05709127886406265
0.22486113678894995
0.2247929782101504
0.25370862912653247
0.18185479292366258
0.14556911248054888
0.16079827364823363
0.27565873820845205
0.16617447145332775
0.1482193908891054
0.16422250979641342
0.16384580909554938
0.16398471075362975
0.16604919163271567
0.1669613146936846
0.16641365408707837
0.1932362096904633
0.3448271227078398
0.2175519939949327
0.13052714038978905
0.20354173489339475
0.153220160211181
0.39508327925440895
0.3219378811781405
0.15214974584881616
0.03138616363608876
0.16106750023140998
0.11971915718278625
0.16546128776551994
0.0683285131874108
0.03287365939871772
0.09354946102376759
0.20469832033642568
0.24765057804369783
0.18592947448719632
0.2731843836071189
0.19165400941741834
0.8926910266342245
1.2765708545671868
1.3996151514392605
0.4769932583943839
0.3621208912729906
0.20792503663398343
0.3100857654302272
0.19764690071443297
0.16598114504697395
0.2421966051407374
0.10921320994395427
0.663756298146708
0.05970857685048044
0.24105884760041008
0.11939828794298131
0.11628169879176649
0.14252065554764282
0.08433760303927636
0.09072784309702085
0.10293970536794449
0.09249742926543758
0.13761667843360426
0.15589290381411688
0.19111237449376578
0.20063624922514178
0.19189201665312705
0.7438602170038986
0.08304417065717247
0.07033579441630891
0.22074047702053104
0.09828953925726479
0.23014787660558417
0.17052344325816388
0.19909241387775137
0.07367240381408997
0.36591169907233106
0.15433203629981768
0.3592080078782067
0.44297989819906186
0.5169122744153712
0.4596004400904494
0.3814173748900446
0.1823934406996767
0.16811992447391977
0.09247610769291814
0.10979879713931885
0.09805639514267445
0.12940676507565058
0.24466425891745056
0.32081769868713444
0.3754581650378093
0.2949781665371314
0.21222404006701295
0.29573136817789786
0.26727636161409307
0.24674587850292237
0.3238164678837983
0.1980727203718817
0.0561896144489896
0.03944750072107187
0.053924829078679425
0.04947167922381651
0.025919583369024154
0.11362602808202056
0.21537510758299142
0.14683108828767943
0.1618720414994113
0.36911923958015463
0.1781917689900108
0.2393271271774843
0.20945590471682812
0.21682713006609663
0.3025985941415217
0.18980039950638902
0.19836630111160966
0.32266135263148193
0.2222281542663442
0.8685608741515185
0.6481975198275501
0.9879920773424312
0.4095486915701515
0.36190156577719584
0.11857543925548929
0.2679724484548352
0.20215169759525548
0.1641642950079985
0.058470889270387225
0.15947111188275864
0.1868230735951691
0.24388328304327753
0.21430226189516186
0.10582410349991299
0.09074899321178971
0.12912381399726203
0.27270648320854696
0.14283133941878412
0.16190600016651727
0.220436819612613
0.17449935357444735
0.22955627359293623
0.5455060817736735
0.2416432922103031
0.44186443616006676
0.3486721081741619
0.29379617762844334
0.11487720844986622
0.19056550522925822
0.21651073405483998
0.23520927069757128
0.11148271067615258
0.19067275681423135
0.2358122615165186
0.4002282808271093
0.278419694180623
0.23846111978627374
0.209422068190887
0.14004013719112585
0.24382288422201948
0.20166182470495556
0.10231851964552663
0.06762241297854973
0.0952971635434152
0.3761900127998169
0.25441175628176377
0.02594836091641082
0.2259859809398275
0.17241553365171988
0.12523527437217555
0.4158461225214665
0.2706306162619914
0.4181042970368335
0.08876072595633903
0.10283359917993261
0.08703037985409204
0.4902973109898093
0.7713622392055359
0.23458076121338262
0.9302855769243855
0.15495989120736745
0.9009464874086036
0.06961826534990649
0.26548314017967023
0.2647609499086725
0.30363311009839933
0.11716993051085355
0.3696220934400796
0.42332124131348153
0.45252579584581365
0.49560287682566884
0.20915518058359597
0.1616417057381438
0.10778132865370654
0.05419280591951673
0.06467168202405882
0.1979349661487941
0.5627636193974552
0.09906067935152317
0.20952954846929142
0.5245036434833324
0.1762508255142985
0.05476778123502989
0.06747768871621183
0.19595037827483924
0.20009044133447842
0.26852189779361696
0.21461578295144584
0.20458670716282368
0.18365410011092265
0.19563394859978878
0.2435625231690203
0.1872670692693492
0.19601951891631716
0.43678352689263367
0.22350075267611863
0.2336594123348596
0.06762645466540029
0.08342820983944141
0.10728190479043032
0.11210039397875327
0.36012801761297325
0.32302861601961624
0.34954170460601397
0.1923421193803642
0.17973280971102237
0.28844336517604247
0.17955549241604613
0.2515146546117826
0.29204442469545633
0.1674883223110019
0.1982986838317261
0.19679536661744942
0.10588177955785769
0.1072157327851126
0.14729624363340119
0.04605320105460988
0.23949635937582459
0.054897501008695296
0.037574809552628166
0.058547881517117845
0.09410934804088932
0.06625728922008661
0.016065286980477565
0.0743377128308854
0.03995622467353547
0.050685233536771256
0.1318264228180765
0.1000677476950617
0.043636120163131696
0.0640138892896885
0.07991093784177246
0.1624018490805239
0.2820529334264242
0.044895793216076105
0.3259660928999003
0.39663995614739805
0.14118570599253927
0.13298851197637895
0.23103211462128107
0.23261224005736184
0.06523871374328923
0.08212570317997725
0.1164527358477145
0.3274070413615098
0.482469139678003
0.20842310024008406
0.34709059322000874
0.34650261982793507
0.1267213659033747
0.13356831322061988
0.17744306939791674
0.28114516584596544
0.06639327480867693
0.22526127092723053
0.15432285930401524
0.18414511653262405
0.324168226372337
0.37580916551872084
0.22328700135334634
0.16000300220962788
0.12095283276574542
0.11763391467268157
0.03555607639144093
0.04892048848041606
0.1888938567591023
0.21512705523315168
0.18423865723020158
0.15474161505644837
0.19966474948337934
0.1851593550007909
0.20551946377906033
0.1695696878548453
0.2980822513615773
0.15656047271984783
0.24499431011259373
0.13335947239580173
0.221640078622975
0.536374535212901
0.1876874940655552
0.2414503246445238
0.18820981647811386
0.8836714983350645
1.0209816936770235
0.18657778896709135
0.22911337362556158
0.20776869105062906
0.30070674192122626
0.2611993969663471
0.19299663942994472
0.246069481001373
0.21737581926317273
0.17427714627977098
0.055742403899125874
0.033851269264778355
0.048246518357672026
0.052979437707346824
0.05669145457188068
0.06292758674389469
0.0513934979391746
0.07545957425883301
0.048648336212023524
0.12655015411797996
0.1896009932597835
0.3401737888829986
0.10229713667979494
0.18401851121763904
0.24828657167649978
0.26071028300150506
0.2703836933547537
0.27632193951443135
0.27632193951443135
0.3630543138354616
0.3627149386789333
0.35769005701101586
0.3384164687903585
0.3524208410586558
0.36705768039559633
0.03417141959107521
0.011683513149117631
0.013835281954427632
0.2724879408794749
0.2694722894466078
0.20928379632216232
0.1055426212198104
0.051955041080334705
0.2403543974587184
0.4053847054885849
0.2726842301600999
0.22116223634666782
0.34792155201682434
0.013101913153150298
0.04448106297351309
0.7037377531093301
0.3194865903345545
0.5007655228634228
0.24575789814301774
0.18975623799872948
0.19710664695727448
0.19168950023637815
0.31554245506299744
0.2082859747785507
0.19069666123264017
0.2667810477853367
0.13287985136724392
0.14077858539653107
0.28777410961754374
0.26789226883430356
0.19699212465231888
0.24233933036434505
0.2691748806006985
0.03566255134024266
0.05846158806085447
0.040358589912520657
0.2238481969915625
0.5095249716396656
0.19272474780582888
0.28462891234076476
0.2532951155689379
0.24257288736943158
0.2862414890938021
0.1464313506233357
0.19559840246476315
0.16075694500818305
0.14937695087115288
0.2091846538927944
0.19237753566456062
0.23616254534989425
0.29364933304767743
0.17244413584487456
0.19203121318279978
0.08394247192213479
0.48757181606586647
0.24771016942279378
0.31210954264838264
0.2992394063929175
0.242917453584432
0.09354791468320979
0.17443499317828623
0.08080759644852967
0.06954048694447312
0.2684368912056811
0.2531689007747885
0.2086288660645086
0.09696900796455867
0.22462885153202095
0.14346035330220247
0.21379831806313138
0.2867933978870148
0.27086709877360865
0.21357302722726348
0.22879966801714066
0.12963083806798037
0.17014349228288383
0.4461319504970207
0.17267423401529522
0.11833138959585336
0.20245539756135372
0.16632749684956677
0.2491610555986601
0.04811569080245802
0.1583566212048824
0.34843388024713945
0.30547175839974344
0.15159101938590677
0.20108929544911602
0.10615937846092027
0.3512539793894511
0.33774316041393915
0.14446501954532065
0.21421311562763795
0.0868703890735345
0.1821008092120223
0.05301383132518154
0.22147738803390785
1.075801771172294
0.20190557501166648
0.37770503523936483
0.19668738531849098
0.8411557824668996
0.15316912605118738
0.29040632637978253
0.20969636595775284
0.2359874535323708
0.4320415660232647
0.276580414321082
0.5684205827156723
0.30497195576095476
0.12411433396923739
0.2956783837850363
0.3387511791521567
0.20952961179974516
0.22393153222426365
0.29216613110231837
0.21227266155635666
0.17876481304191047
0.2179009198249657
0.1829274320603971
0.3379527728045167
0.14223041766880956
0.1906484031619292
0.20214502739114493
0.25530118954336173
0.19257881472476182
0.3228915659653381
0.3508429946944595
0.23171772466886398
0.20572709326132882
0.2155844333360803
0.11087608798128577
0.2973914346713289
0.25815669691100496
0.24421411430521398
0.7127316647895101
0.25526248056204454
0.03427085625145844
0.07840773743225293
0.01771606749875388
0.013036496913686581
0.04818451848066964
0.020586467360719573
0.02965893276772033
0.11351126049193802
0.2248830497022751
0.10307689095276558
0.31380774264267464
0.5690662689694492
0.20027731944720803
0.17772194656336093
0.22342375750035992
0.19482120746984788
0.15428676042400216
0.4775165938233331
0.18545270074340373
0.093237026882267
0.07955623856360083
0.03182193759751377
0.045022556809579846
0.033326095413914084
0.18145982509095995
0.06992750031061953
1.0444564138988293
0.3938272245431976
0.1843830120590217
0.1473830119624402
0.24642078005186788
0.12054284353808624
0.03388109047853744
0.021086112674342284
0.032012556900740084
0.049878852816636
0.296436114590139
0.35231701773080176
0.23526403620121614
0.1174984966059031
0.33229323014293216
0.2156561839046572
0.2284035212259579
0.21526838908908683
0.21726763266690172
0.2256152487539525
0.175547062905091
0.20789116525308204
0.3519064766559203
0.16855912632323272
0.10102535342215672
0.4232982656691689
0.04134323904699201
0.48438880078099994
0.21213538093123643
0.2929365504054658
0.2305008254165994
0.24356686924468549
0.47868771448350983
0.3051196002291729
0.1550588061543842
0.17470425835966955
0.03613842627494615
0.036132471606787925
0.10628077988422274
0.034297922060146244
0.042102829614193545
0.23469254907224782
0.19217053603481607
0.1875629364706116
0.1398790574772858
0.2323744999397347
0.18643681495609576
0.2198959919519144
0.20699817623602404
0.18363951395116648
0.2148771151247738
0.4148248247885971
0.47569833452020954
0.2141508363864681
0.32626531325942176
0.2286751192319213
0.03543702842565055
0.23599190020890087
0.031032396501317523
0.20476381019551257
0.36983756494647524
0.3138223806997512
0.16087898399112818
0.0755973939652759
0.20212801053115265
0.2847442987604409
0.2634787655673066
0.17587056366557657
0.18118168177733696
0.20451003344984822
0.17297179785252614
0.048202093652668594
0.032236189156502434
0.1469103654228191
0.057667601343367306
0.04956456821482425
0.12721715128302227
0.08369843187674188
0.08789413713738113
0.11131521898346484
0.07992046041522906
0.09233775305978574
0.24319550508792145
0.12107398578773734
0.02900198265076473
0.11084342381095506
0.25027370196612314
0.12373784017335188
0.4216538501389797
0.1910959026281904
0.13670097544759877
0.04230630278064479
0.17478708210796326
0.44175136451451563
0.07156801389951302
0.09375924018559322
0.11899925833873705
0.35373787989709693
0.21955313584151068
0.06241347560729237
0.08090412219845283
0.055373315241604264
0.1703194064528187
0.26210188264994344
0.2074949200851855
0.2100655627895602
0.19024273804907726
0.08311861753779752
0.046475588936595855
0.02699221544932811
0.2470841011516728
0.2015837907502835
0.09769365146527376
0.0963092245746338
0.03295887021120176
0.09817060350670301
