0
0.3120535217682184
0.3565626818098067
0.3371440174226011
0.3189059727272521
0.2652957577703973
0.26919430256950416
0.25668310539485345
0.27555117825222974
0.24988869696860455
0.27792332634180983
0.2849868821110977
0.24712053903977488
0.251732282682734
0.40407191567384376
0.576265893624634
0.681277897494513
0.4752084901244217
0.5372401051915222
0.4982865410272287
0.4927705885558966
0.45272438594998715
0.38336301037029274
0.3518431878036127
0.3483537470074913
0.33607059747616913
0.39849924922083857
0.39258284611708955
0.37624926736054404
0.333189437230568
0.3518032298958813
0.3325455139432917
0.31223949839476456
0.3545152542432474
0.3222762257668837
0.4488382662094389
0.5578356007171685
0.496413520761294
0.48633277663173596
0.34424301529016577
0.3172587444346569
0.36965950827715177
0.3238200806615556
0.30872931617280813
0.23348121892223928
0.20876698404138627
0.41524776570003746
0.40553816024077227
0.3798566112990603
0.2997160817044647
0.3175590521976047
0.37132646690163484
0.40184377307889657
0.4199034422373574
0.38737061019510394
0.42361969427463564
0.43151374420410954
0.41642777642697126
0.5309766517822332
0.48436202406907
0.5851619463595132
0.5788457165528098
0.5824503569085467
0.590683402264483
0.5916944459922672
0.5917789050895156
0.6071588095109488
0.6162106798177742
0.5097442914303013
0.28627962126616596
0.25286527436846873
0.2839824894550985
0.23310479516669635
0.35120244660696487
0.36742851266299126
0.3930249049316515
0.40715769894174575
0.35700625094948407
0.3284628175559485
0.3707478805304649
0.3611817505739541
0.3597284459836073
0.36224713934758807
0.357450751985603
0.3720192607528246
0.3562668138137723
0.3288086535425086
0.3356125506138264
0.47958889540504424
0.4966221077986578
0.5312850110722431
0.40587198813213804
0.32742643142986416
0.37436879965062875
0.37669798792429654
0.34008757137188533
0.39439104797285457
0.3813562589655329
0.39435518468272185
0.3471050036356985
0.43047639608705496
0.3334458168014101
0.37112090105018614
0.3626134991414174
0.3395585250145567
0.45593503551621484
0.3942202954365018
0.3824881253933358
0.35504375590431425
0.38438314420981795
0.3930809703063866
0.34929815778788303
0.4232291691282516
0.4528921995659653
0.39425473447416925
0.4203153442960336
0.3925430875336561
0.3469027920576102
0.3954654720891739
0.3702261762118663
0.3211251449107197
0.3477902946265147
0.3724883375442813
0.2876581948366818
0.3256415366780649
0.46592027409320635
0.47330383861524994
0.3903765812174185
0.3903126902736026
0.3711060211070126
0.3614500912570777
0.25751708965437065
0.2566673414263221
0.3657063962639343
0.42581793603114315
0.3899035291747581
0.388628871864393
0.3916351544708884
0.376102601910774
0.38894552829946705
0.3748764705763177
0.340267436140185
0.28540481979999593
0.2913461691814125
0.22937579925745444
0.28934339414053944
0.28998375245706176
0.2912446834260909
0.2897672175602095
0.2938762860179585
0.29797202850528665
0.28914195557357164
0.279590917690333
0.728097794470058
0.654438926588421
0.5723678539070096
0.2667896849852574
0.27855777250842056
0.5403097076488309
0.538689664332081
0.5016087454722286
0.5202814241518217
0.40844116077261433
0.39936830409723173
0.2748118144804973
0.2868751202715991
0.2931440911171838
0.25798804015746907
0.341034048101972
0.45901176099097296
0.4965621038448024
0.3441415243847446
0.41066148084201765
0.3973926513628297
0.3502623507354985
0.3748116727953876
0.47984183412784337
0.29262662488974106
0.3464172096077834
0.3569000907256058
0.3717803820810224
0.3996145275447248
0.36200793003804294
0.3341618839924772
0.32630561077647485
0.3275458859801359
0.3517607524724592
0.48360381968032873
0.4372565419260161
0.3129425953297227
0.3603311552267477
0.413947955371239
0.3631119508704453
0.3935231951209837
0.3851029106636232
0.3761764847694852
0.37652498407990465
0.3841483121553443
0.3802825310065874
0.3307559025637497
0.27433384171655145
0.4579632584370796
0.3649749068660265
0.44301682813906174
0.454265364023382
0.34996527794132465
0.35759118214554786
0.4986646713281616
0.5975728196274808
0.6191822416490391
0.65448476854133
0.5603251044192695
0.5282766582997562
0.27327352607305244
0.3284467825165361
0.3072966179115757
0.47042247116486197
0.3548978585311752
0.3650490649029695
0.3891177775474196
0.39297168109654734
0.3927292186451884
0.37939539295784547
0.3602450739537373
0.42032639909315006
0.35042615431543583
0.3865628019872959
0.3749209461162721
0.37547393136671237
0.39056867869383866
0.41156179728760894
0.35778046295209764
0.3242253478068211
0.3917566920217852
0.37250777618687525
0.38860322337577863
0.3796732766095244
0.3431182458752534
0.38729399080877247
0.33845000827742033
0.3985304599084643
0.38417465183777094
0.31195645604714267
0.3207577884441822
0.3240355657366487
0.23860720542343739
0.31847227331156475
0.2415201466882921
0.2120008980347827
0.3361395670204174
0.3237903651835708
0.39312875138275705
0.37513468203000094
0.49366762695826866
0.3422890746459347
0.3751007825710306
0.2336001070328804
0.5849852435785813
0.3541513850635802
0.40366622824311804
0.5220281725440065
0.5287434786994097
0.2610929090530033
0.3410420780681966
0.3854195908401485
0.44668264971181837
0.37820208198230854
0.3800898787398667
0.3808751031531901
0.40738596985413683
0.2763752407268811
0.37752998757801703
0.40725974062544124
0.34882744961868917
0.33646516472162835
0.2806398651162082
0.2825207968861448
0.3743015244512234
0.3636540580710315
0.5021047054543007
0.40145301515889575
0.38960953968143947
0.41615263245093465
0.3779930669464949
0.339945743868654
0.41155974250604466
0.46326776427894384
0.4134660799198815
0.34776406420987765
0.33184297593307854
0.359660287771531
0.3614935500861086
0.40770821259737205
0.36699555588633725
0.3639515623384351
0.4267677876711904
0.3073747873816521
0.41943627503586567
0.22237002029350286
0.17176729718935693
0.17957767588569096
0.17431934538720334
0.378027852770884
0.45790959977579376
0.36455851337296363
0.32118771427146114
0.40773993344444637
0.3546092324379103
0.3232859726044611
0.5276593587965085
0.5758449021210501
0.26849938695212766
0.26436127778673607
0.27099348730680367
0.25738564990392665
0.3504590754501781
0.41540693466650835
0.2569049281277519
0.36493709385185324
0.44299429580651806
0.3076074101656861
0.31470454048235214
0.39208925661890903
0.3738188654718846
0.3415115267569284
0.2827419108447392
0.38728568806349806
0.21717574243970664
0.22285880907582517
0.40085971724982505
0.33260417008111265
0.3782932103472906
0.3968947138991411
0.36440754096380573
0.43258410417665066
0.3556694895908181
0.3301148011393317
0.37181274536841163
0.37847184658667715
0.41037769588525136
0.4045141566397738
0.39808900092866745
0.3957874488120608
0.40306209481562305
0.39740556774869046
0.3962615590916386
0.45409056380268864
0.43747883089816486
0.4547679834332208
0.39698023125233933
0.3898823755284838
0.4124417620763117
0.40339297231508014
0.39591618221477587
0.3967547389801777
0.3740478231100445
0.47249918132152036
0.396311809307192
0.3889078073571197
0.3418675300628117
0.2553209628658776
0.2700377798245228
0.3612918880657744
0.40832992656754014
0.18216985551314954
0.1257220565803945
0.09688988066969231
0.14633124663948038
0.23760896556890898
0.19123838738281976
0.2198060273501003
0.2163813021645962
0.39910283422576753
0.4009458991911052
0.32256132289617323
0.37745934068817455
0.4079620760180203
0.31974544148178924
0.3204422142976651
0.3242240119629773
0.3364594824686171
0.4054726107307887
0.31315352897071713
0.48378037071520696
0.3036475650485827
0.34504934624656614
0.3286284816664644
0.21125731750828522
0.2494848361778136
0.2576465186024658
0.2266107993109107
0.4041432346153364
0.3370239695212806
0.2315274613207118
0.3653430607706418
0.4338402420999018
0.42552011032396997
0.4040358051723316
0.37704417928107103
0.33726297678281614
0.337567054742275
0.3169727785827883
0.4383183317726876
0.3695756571340703
0.39662391987000106
0.3841806234220476
0.4256529633018169
0.30357913237367273
0.3413932883160023
0.366338443881021
0.396839543335402
0.4241782129027201
0.3866012825473092
0.43189573088991134
0.3391285910128478
0.32551541967764963
0.3648931360202315
0.3416342155608223
0.3097726417524686
0.44066048770760813
0.1623368513349272
0.18715551536367472
0.13667257687998
0.1781619201467397
0.2620967296247668
0.3308016720236307
0.5832564838836848
0.7636595851383273
0.23540386012015593
0.24686482920366015
0.23900484804039393
0.3824930921886912
0.3953973661970952
0.44154045340219655
0.31830681910968067
0.377812251498109
0.4000587313297161
0.4108847169910641
0.40796997728755313
0.44666930035173963
0.4106959650193964
0.49211397313385574
0.5555573873875904
0.368180261584423
0.4476140572459333
0.3823141375453818
0.4017014317775111
0.41220720963225654
0.35294964474106694
0.6217518103974176
0.464544204540492
0.5532822985504765
0.5363398401528308
0.6312949101721831
0.5250327795399979
0.2959731512244387
0.3381345669039485
0.3682519327359994
0.5942785124757767
0.5252668852534278
0.4652755918528216
0.38228453607762325
0.32411549774698395
0.34414116948620077
0.31546476922342
0.22064177637790625
0.16096694677048135
0.23700428899535367
0.22005879088265262
0.22671947083848823
0.24504259242182663
0.2910444255177176
0.45968881384213367
0.23317365816950913
0.2770867694119722
0.40424469637200994
0.3758109217966387
0.20679649871039832
0.7145574847218761
0.298349261548201
0.34002249507750226
0.45202221033899775
0.47875690129393156
0.4044462085525801
0.35772491481007984
0.2308461930233928
0.22899232062600877
0.2979602036549195
0.330980399000775
0.39209751955307587
0.38575310565385224
0.3634523978311889
0.334586138206641
0.23106100407332672
0.4122822406616052
0.41770507522085626
0.5743256078545719
0.5735775067472398
0.4608563446843242
0.48728545342511365
0.4869398695548731
0.388192158711727
0.3089399689890146
0.5139008934131228
0.3675868806211816
0.39647935427699993
0.4072982802852005
0.47901728285930545
0.3780618998967656
0.3940756594024274
0.38014075073307174
0.3904773795131376
0.4311184145550112
0.3740398164329029
0.29565263976222916
0.4290177569756672
0.4172883138300281
0.445249361136484
0.6607914894114771
0.6723698993730707
0.7464673374764249
0.7945520578534555
0.3424708216647267
0.365526895692152
0.3478826084787944
0.26808173792129747
0.25054483133621847
0.23626802058459795
0.37418535329572816
0.36965270024592045
0.2921850759442937
0.37957172178916326
0.331890911737157
0.31339456117813835
0.4095703724938864
0.4401866316154261
0.4298790766643127
0.40864303598523316
0.4016750704886805
0.23965295567917383
0.25553942129675555
0.3086560441498027
0.41252399380578575
0.42071892916730297
0.31669712258281785
0.3055358240926556
0.29498906204075476
0.20620704560250674
0.2080597716027225
0.43805462405468715
0.4800714275225888
0.5166477784545535
0.43752740372884924
0.4962586618798994
0.4544965971520071
0.42564036217631535
0.394750760736781
0.3653828076908534
0.3361011802413353
0.2406823948721645
0.2666481742505485
0.3986626368952217
0.4700699148090489
0.4705782521128215
0.36911080120101875
0.383217276576069
0.451894174831403
0.3620278359285522
0.3298005722581535
0.3217402438499355
0.41661928664337666
0.3869290596086571
0.36300552209252346
0.38174321904587527
0.35189261384143683
0.30555549167965573
0.30585379461346596
0.3259399935761438
0.35588575966411423
0.34905683192850306
0.3544852774851631
0.33821030470035807
0.48405265117921475
0.3791824799242304
0.44589972855185206
0.3216952634301413
0.42231458749366213
0.41781167029312893
0.36214879283262447
0.4147554611140079
0.3321807903243706
0.448449498323687
0.4266525249313942
0.4880744493835198
0.2954091715967438
0.28188812658554924
0.24930188478230045
0.2383575901029104
0.3998971080753266
0.40926927487010784
0.4556436569301528
0.4416216968099425
0.38684118090059466
0.4443192960567281
0.4079917972585567
0.34964375009475906
0.36348236036267245
0.3804048718158574
0.42503143866516363
0.48521737840895635
0.37498307289898225
0.3585396462370927
0.36884862531980095
0.3578885810725039
0.31577451943873236
0.41351897462829085
0.36025418698086115
0.39135735251676057
0.3768350764200702
0.3619955437416637
0.3664638623866417
0.36255121972515597
0.4372629078188727
0.3902833472843404
0.3582347923185646
0.41685576552081305
0.3602192451067668
0.35477919227207355
0.5007967281262637
0.48510454079338594
0.48182725401176285
0.3584649613332744
0.4260820172625922
0.45523963323020816
0.43121390071685867
0.40866770609274294
0.3735787070323186
0.4231543701215197
0.36210332229963904
0.3912427561965815
0.4457992962343248
0.4125493143093891
0.46839867906252614
0.3727222346804545
0.36004021289565047
0.371695427999492
0.3816555159312392
0.3736519160189492
0.3554307380551875
0.4681105613040133
0.4508555928333041
0.310200590863912
0.3679069160903463
0.4134097285554929
0.4516930251536157
0.4287336169058717
0.41353677504150294
0.37315318181219054
0.40733259745821915
0.40623445018353926
0.39380119411794184
0.33280474312141795
0.3328715945112699
0.40728820973607716
0.3886002945375495
0.4440706075423076
0.36326859431616426
0.3820123052486057
0.38489309265102567
0.3510718798926593
0.38310299887742755
0.25601484329862884
0.2566931937742876
0.31134732368873247
0.19650683842073474
0.17451400806934186
0.1623781251867982
0.2229674853701566
0.1980784345569029
0.2305110275562622
0.16093789077645082
0.24013922546227692
0.21330445318508345
0.3626981021925495
0.39447414614605547
0.4378810984470484
0.35922936150325796
0.3953442975728378
0.3390003110371875
0.37855183633576417
0.3504607577172077
0.41743761343758207
0.3670102867372544
0.37260619377122
0.31939253184168825
0.329406786720647
0.30573013799809073
0.3334975666051764
0.33579655041781303
0.3316153289937901
0.3113634104539799
0.3058734418609909
0.2986355490677158
0.34934478563699084
0.36987138689079685
0.3927355243893882
0.38628361036058845
0.4693012553104674
0.3737387301697748
0.3641138310299089
0.44264142869911066
0.37734038211108756
0.40678812981458823
0.40361058609889683
0.3480065321941287
0.34778401148163096
0.4527142704392584
0.47345532018419406
0.4439507459613263
0.3967088146031871
0.40073100029580416
0.36223326720370186
0.3732269217290393
0.313452523396943
0.26207717457651825
0.2470076800732251
0.23214562843733788
0.28705862214820543
0.2909990113348017
0.3046703223109145
0.2973282058623146
0.36836763624676144
0.3553244093713211
0.37498326105205343
0.34219100849573
0.36519474501099985
0.2978698083219082
0.30178690131877195
0.5266955327484298
0.4657618550605653
0.37350393775515733
0.5281559464330771
0.27615981523225924
0.42757027248530644
0.3340141377829866
0.30021264921953944
0.23453438486252107
0.2676602439030748
0.2791285254637472
0.30103059984741204
0.269838797591714
0.2524946441512809
0.3046260891558212
0.3595812374689398
0.3885459805916957
0.2863952468389198
0.30098626790780836
0.3046153590329317
0.31272116784231746
0.3380452465868202
0.45697036610641667
0.4067615381297923
0.42442761395295014
0.334202585303505
0.32078425362447704
0.2931260077427424
0.36926653623659117
0.2551821391339041
0.4344995944159476
0.3671054412201468
0.3850873668593481
0.3864975988524024
0.2600446217573284
0.24395750796337054
0.28110769813563924
0.32715125409567486
0.25812295679797675
0.30860707142123106
0.3365931435047709
0.3724922093746378
0.36901834870234795
0.32579399525111463
0.2533756021141459
0.23425525370260986
0.29139599993170395
0.4786347491651105
0.2820579593230424
0.3396988148690629
0.27002963945040886
0.2791693947565037
0.34139316710519907
0.4538998336565282
0.46283053112876893
0.3783740797208816
0.36909312110608195
0.4268260313640205
0.3822301621696476
0.388196907263072
0.38844258270178444
0.3546850448151114
0.4038067981908499
0.3579200457982658
0.3919702199179438
0.36513747179289524
0.3847049507037462
0.35700710174730776
0.36072541784277035
0.3983219741460829
0.41495777752930074
0.40528951487081355
0.36291438769782774
0.3433828343172277
0.4468543321825349
0.3274654133732043
0.3291254279387689
0.4803128297814348
0.2183244734786178
0.28172833359656285
0.16790996942839806
0.15365143275622226
0.22201258445175828
0.20638833318518765
0.25696701521832677
0.3947955414826457
0.33913636074484776
0.4108922776323456
0.30714891927364524
0.3015124815352305
0.3740926419524076
0.33857309598544494
0.25387509766917854
0.1796880191952396
0.24235114309813202
0.3846127312675433
0.40588787646953667
0.34449902080637507
0.15699231840127129
0.17773238674555006
0.20426376380344902
0.20377366334623975
0.25442252106127866
0.2710862271053385
0.2704359792374057
0.35783626272994096
0.3152637696112167
0.37532720881375736
0.4019315494547193
0.36867003739866117
0.4041013046261069
0.38703168283888223
0.22255534176713235
0.22714737525472087
0.22694222452884327
0.17408304681543796
0.16466563507359797
0.16099854319888968
0.1046536007468004
0.11828167446237936
0.18125194115329582
0.341411515755837
0.3483994685768329
0.40017180886122894
0.37951127831978326
0.3358914136509732
0.30191243779437826
0.3156362307125055
0.3360138576408016
0.30588272373284475
0.31388677036144785
0.25646505216360105
0.1670737749463878
0.19993622916455986
0.3530187314826566
0.39020486859339015
0.39355285941611223
0.35311054383984225
0.345802386732791
0.36994889532261316
0.305371781000894
0.38162877322572075
0.5960161051043639
0.4770196925225375
0.4381075048631375
0.31282056055152435
0.36128281362707304
0.3540487967255832
0.26782831445770616
0.33799581497130704
0.4691596817255507
0.48106418814984137
0.38808149204243264
0.32332156411793006
0.4912280032759811
0.48798228710346514
0.3698113860321486
0.3960641103168237
0.42916463601199434
0.37894489950873134
0.4549062380722461
0.43019951224342867
0.4030948418858648
0.5539121841121438
0.5685836236183087
0.5715931405937391
0.4931154852505568
0.4834607089225095
0.28696529608005333
0.33961917565257815
0.38398926557761526
0.4906857608471464
0.35729482229709236
0.36875434422374553
0.3916824567846121
0.39526266992189596
0.3558296053542788
0.4042685525280554
0.3819199647993874
0.37688819714721816
0.34994567309429314
0.37568309749392875
0.3738937301503691
0.3502281543236185
0.3749673297704772
0.37853963719532896
0.40417163355878005
0.2932391479068405
0.30463139453046484
0.29508995053523374
0.3131883236362405
0.40073950047714374
0.3892465959123177
0.386416412754858
0.2791274053174064
0.2635720857547546
0.2843611169857919
0.3202762222716585
0.3869824518667584
0.3879523666160657
0.4144008740037577
0.47683244683556997
0.45620290084615533
0.46951376634739816
0.38247314107386476
0.5093548205320216
0.4016826604425321
0.5515581652009003
0.38216903242108125
0.5025732681314414
0.3407820453593322
0.5070001731174045
0.38576256491303373
0.383332463176353
0.4879576393341576
0.4483689346745336
0.26160520294024536
0.36941539973790133
0.4484263624219571
0.3833298769370548
0.3464061161070055
0.29953882497493156
0.4071791212389264
0.3727259459342861
0.3908814912842592
0.3329807669460162
0.3868956052347191
0.3319779012916637
0.33167129499096487
0.33090647907855486
0.3179673842094426
0.3192018157086833
0.3215753140065069
0.3219334328809108
0.32100865089055214
0.321214243858701
0.3212221287935884
0.3257506261611497
0.3253849061624887
0.339627715374612
0.3620391256218837
0.38981039182918975
0.38728169951722224
0.4070949225145271
0.30286137268152447
0.3767661463245265
0.37827251545445756
0.23966458188529424
0.25233664537939954
0.23451363299669614
0.22178270591407004
0.39264585692192483
0.3385277859512054
0.3634586799827948
0.3975049198556908
0.4202719575093902
0.4215174425990844
0.4047332430917403
0.5300086572136752
0.46807152251424017
0.44155079553134685
0.4679780218824497
0.3480998964774931
0.3400775339141561
0.3832016569720351
0.43265263385168673
0.18879700108272446
0.47405844543057335
0.3869116732762188
0.38726919235668245
0.38406025683637973
0.3677496927386644
0.39121483302674054
0.3906260108412885
0.29489996619438696
0.29021608636675283
0.2847462034833136
0.2902059763596613
0.33262176987624253
0.4198153676089652
0.3813696572638578
0.3582482842158705
0.2731030703604118
0.20346390900637193
0.22086916130596404
0.2628951289701615
0.2397002903484962
0.35636000202300533
0.31453878160458565
0.40591548189677207
0.28749208845781576
0.44245863342278524
0.405465577409278
0.37889118865134164
0.35012015861380086
0.43598611195940107
0.4657286949369194
0.4774746623985392
0.4137625822455648
0.40003724002615504
0.381438159181609
0.4684745496276048
0.5197621203651611
0.44448413870103043
0.37292031321194596
0.3715458283584811
0.4224006404930618
0.38393025045259876
0.3732723539995583
0.3942854320331043
0.3756902749316308
0.33850910655684646
0.5400571624755937
0.5486722612062708
0.46383750943749935
0.38497280964430713
0.3841910720943261
0.47504395087420664
0.3636856314686307
0.31961471681744474
0.3175493916443311
0.38002757119420727
0.24971801153094328
0.25294525911245663
0.26500298775193126
0.28065600088017606
0.23911848632485927
0.2616121427741668
0.22025420246298766
0.4361520857904933
0.4482206966873442
0.3093243637313279
0.3355827306493549
0.3525604902327667
0.28138108669789214
0.2976524069167037
0.3554585140412857
0.4420815961934385
0.19458024890608067
0.2990576483523253
0.20149490983073182
0.3935724973375385
0.4004840949053693
0.35188842232906936
0.45884472738642684
0.4514752359003756
0.40670796397266895
0.2949474943197677
0.474824356037868
0.42300049114387916
0.35221751469579593
0.36977405611264424
0.4541294367644458
0.4220079801602758
0.4266828150958886
0.3871985939266838
0.3754801046224056
0.45408828111947735
0.40766931554582453
0.43753322901473846
0.4254860170846423
0.3826781615785832
0.3651596771779188
0.31428323684367737
0.37248370493912525
0.24652206328043122
0.41452472291568415
0.3351778084707871
0.37856302611559
0.44829546017128463
0.4535096568062564
0.5137523234828058
0.6614375247907839
0.6151245344283115
0.4286096217451638
0.38030060916077857
0.3320236119622251
0.32339735511217976
0.4262111309685655
0.3544504939083086
0.35900124762716284
0.3658900429050986
0.38867077748343964
0.411934237049523
0.3868756355256748
0.45630320319265855
0.47657845113543157
0.3438988156760918
0.43536709869151763
0.3272333803604368
0.40518650935673334
0.34845714356120544
0.33174966857278587
0.3608392371299996
0.4184318781188926
0.45315485459626825
0.4061959437026674
0.3825989643186825
0.37376490209681723
0.37682753484965786
0.34827530541329793
0.3945113154850045
0.3555671771221781
0.3744612693249409
0.3351335138831529
0.3253892722573969
0.3478333214287678
0.37093288533602403
0.4663004061354398
0.47347217954039744
0.4743952004436845
0.4884130867056332
0.3692350028712089
0.4746760758793036
0.39227874369811505
0.3573086382413569
0.32501114335761894
0.3812433025427351
0.3765017968684506
0.3573671037530769
0.31148875545316723
0.26947310825935383
0.2594659103058125
0.2208020907355607
0.23563868344102817
0.28369414282227823
0.305591021801259
0.38463326183070495
0.2868770025318578
0.2952630179102568
0.35375169914387933
0.30201108427875134
0.27451100180569626
0.3268567808065933
0.231832865622653
0.2793432369871915
0.30620685404820347
0.31872196390152857
0.3091239022673448
0.3429408551394847
0.3859420703584987
0.3712257828348173
0.36027900474142016
0.3731235299724111
0.3418597232305191
0.40913299875102693
0.38697648989737904
0.45624261304083036
0.5762089315027392
0.585212437689238
0.5635951103039878
0.38124751473120283
0.3764620455693399
0.899600906414352
0.5026968744609868
0.4343971162426068
0.307872678338208
0.29689985583559375
0.38120131004245494
0.3767498609156318
0.23695998157917264
0.28051716499274165
0.33689006626098417
0.3295779981246379
0.3772475965750415
0.3832097941351836
0.33923415760592185
0.39103894302882736
0.29571847999253686
0.3668494436458116
0.36764779671387243
0.36098008451048214
0.38868881432555336
0.38660854019853985
0.33884918561941113
0.4069705942914326
0.4390480819214736
0.39625866300943025
0.4556102249753707
0.40251463227436735
0.38216452756564323
0.33225806439231653
0.3181248553604913
0.33141729710206386
0.3499658181795202
0.4234787004955139
0.35846661227171017
0.3689034135589381
0.3611497095304261
0.3325625741593065
0.31298333723933275
0.3802629400692957
0.31790944618888095
0.3967882671394496
0.3582381499944268
0.35494564171947157
0.3901258024538926
0.3573428000465507
0.3663922836002509
0.3454842126341428
0.4104321695325623
0.3572649709887328
0.2888545701910354
0.3458417730352316
0.3446258669497566
0.3734746097939738
0.7586054320025709
0.7253241874698211
0.5472518411195213
0.4059776125247245
0.4926573066520413
0.4607343319415709
0.32487678478111676
0.2701254203097094
0.333578507634698
0.40360312810706445
0.3684738377938735
0.40576288506887304
0.2820373126419399
0.3332182591548303
0.24212995287871047
0.40048228344873416
0.3534603949599598
0.4135077031061038
0.4263123536583125
0.3401691248747997
0.36757105470303497
0.3802172856319376
0.3864372496115207
0.36230555098013745
0.37146867755885893
0.4139912795763964
0.41535680911880085
0.37959342031788385
0.30176450615316125
0.29048612203347457
0.2680936478620302
0.37387867230346394
0.380620580108794
0.2604659884375809
0.26841389757560963
0.40852704781665417
0.3561166503179429
0.3989227147332988
0.43113647227338947
0.3464612837072429
0.3720195642448066
0.3681457434686736
0.35483596567801967
0.47094955915000963
0.36427521060089485
0.3618834039437555
0.37253280621636253
0.42640220843331283
0.3874474141223033
0.3363840444151587
0.3878612071043384
0.27066391925055
0.3190831338719475
0.4227316523160646
0.45928903143225863
0.4844001643630664
0.2745718056472663
0.30113256490994955
0.3896535188548898
0.3840997103586865
0.20186406176319197
0.23514391166563822
0.3909386867461256
0.3842110311340481
0.5173397391486351
0.4993846634428453
0.3706636530125705
0.38297073195961695
0.38326905909280673
0.19725160681898635
0.2019535178136115
0.40278726585392893
0.24293867362176097
0.24445338399868774
0.5111244173600641
0.4962834965680106
0.5476706458020784
0.5236784318802202
0.3690916922803353
0.29304928201180863
0.33448097295924323
0.32541812421045624
0.3261259966905412
0.32726691368198
0.30151769244251453
0.3681064739551916
0.4154361155677828
0.22725587170901454
0.22805441692308964
0.2842395638081233
0.40769832800228306
0.34719041221636204
0.3914510288284476
0.3142477575672703
0.2636973498990774
0.31724462482207055
0.3445791882563514
0.43277552403709624
0.3316599550836367
0.40367907305201833
0.40647997424074067
0.4249301881145967
0.3574513027646259
0.3698930393974617
0.3442000532123973
0.2959835371748673
0.23261955048115063
0.23524460815024778
0.4017964966932251
0.3699548101818637
0.36359875846317696
0.3007234506896677
0.36077935987071535
0.40722912257628746
0.4156776843733525
0.4040361818483959
0.39325355306810633
0.4511572253724592
0.44623304062133085
0.4351938355607324
0.39305033603165457
0.42700468199334246
0.3541279441361721
0.43398829121908533
0.3150124142965643
0.3963407752114065
0.39147838157695947
0.39608679777282074
0.45267395374810876
0.3750730554094734
0.37898196778210774
0.42631853166926587
0.30204041060169273
0.46485609831636754
0.45740419790385906
0.44188482528711953
0.4314768543268872
0.3574676117911696
0.385031893733199
0.34661945473277406
0.3788881005703307
0.3303236660454571
0.3919334591430993
0.35245991006240357
0.37562372055634946
0.3653699456849526
0.3557098688517641
0.36086598091496563
0.3564823581969017
0.4088559366582435
0.3132395715905906
0.32537471552027103
0.33255012025104647
0.26890476979047934
0.25407759957391024
0.2880887138091039
0.2875586001744193
0.2880240030736637
0.2886019580818072
0.287391814524583
0.286156646307217
0.2906954022634572
0.29499899643110733
0.30864498910292265
0.2839682643776889
0.18707723212361757
0.17822373444792491
0.12406953092590024
0.16520428519592753
0.4613240281520093
0.5565671118106497
0.5336954634503314
0.3734041200835921
0.39618583670715474
0.4101604105272478
0.5662299518902391
0.5337257767359601
0.536298675623487
0.5536181536779363
0.36070176205071935
0.37050898583740993
0.3996243681350505
0.30794014468445546
0.3534514629268881
0.3889211989748065
0.3618124404113576
0.3960767873440203
0.32715423943368965
0.43183987183602485
0.3388230763592006
0.5420961027694963
0.4953838035169066
0.4931798037479495
0.41253090781913765
0.2676891935765113
0.5752766153548212
0.44595118288112834
0.46477958783579215
0.42691662583172973
0.39407214983365135
0.4015373561181858
0.42143814215478925
0.4159240030708512
0.3679796394311858
0.3930219648175806
0.3729203524662031
0.38367510327740756
0.3428137020723794
0.356283185456391
0.41010232504630023
0.39736681397928475
0.36792248897327184
0.38272637251041763
0.3384205703501912
0.40346165976314113
0.3754234220267647
0.44965690916947265
0.5616732441953848
0.7081856007631012
0.609341249060051
0.45104218455078565
0.4556597198672686
0.4991819037014752
0.49445367873429535
0.3201644784196039
0.2944833571928072
0.3463480011119887
0.3247728381539686
0.3577560940359187
0.5811355486696732
0.5767007842282383
0.3090057479196467
0.37986999039608044
0.3333124454630219
0.35581882721045965
0.4145763488185998
0.3957814729498497
0.3784764194050271
0.4128898817596856
0.3896047742812982
0.3424280129633193
0.3525026993016073
0.3794170629712549
0.37305909359770106
0.3807899378204872
0.3617149653821497
0.3554169363281538
0.4244770911025283
0.34861849408308504
0.3785296722356155
0.46481815481264066
0.38896530747185154
0.3418748323187498
0.5007235533451716
0.3712384048757943
0.3682755725632288
0.30903842044203406
0.34863624737506355
0.34033855953803116
0.3513535843427177
0.35088117494544563
0.3228980865536548
0.3562596626598082
0.3761223560004076
0.2697257229187077
0.2796630942617197
0.26401590295563465
0.2667831442739391
0.3973263000012032
0.5032622227444394
0.4705506101989975
0.3491899923841624
0.36093840646302383
0.425843433653358
0.3148640205454713
0.3402603008060351
0.35729275580653647
0.3970984493727774
0.38797656160454513
0.31471180096672696
0.3195915030639389
0.3832573750408972
0.34803880104228613
0.4009168447546875
0.33646865485762506
0.34169865806337624
0.3258758342141804
0.37811537825564606
0.352168440332407
0.339575983437791
0.33008360077862275
0.37167319718953784
0.39301210750401633
0.37615372369823247
0.360885650866581
0.4099207118165415
0.3907916381549892
0.47810562273390045
0.32078540256288973
0.33680335492949365
0.3697391719539304
0.3410204775565538
0.3984766836700763
0.4564215610183013
0.3955919832245227
0.3878745651159902
0.3757033163190094
0.4038804774826645
0.41075949515346605
0.5092246602445527
0.31435590577266886
0.46119426277222125
0.3399166585365114
0.3901533589121028
0.46026272833568876
0.44239740173563463
0.4578910738823711
0.3003192319033763
0.45947140990210406
0.400789065553622
0.3762951446079167
0.3931826254455913
0.39569191665825215
0.3077919228369522
0.2949253320500849
0.24187358743091855
0.2440094957131185
0.2737590879343637
0.29632778521317177
0.29029320100683864
0.29476223744540553
0.3714347465889442
0.36178534268582563
0.3672728119543238
0.327960582866017
0.32667381442405413
0.5077757306247292
0.2687117316802929
0.42186051055314916
0.25963655459604573
0.23746434612520162
0.14718536875545712
0.1292227325023274
0.13169407878342176
0.17188043591864163
0.201665674809684
0.22415669774577976
0.29874974233084556
0.3936282844840959
0.44348094050500975
0.44013098714384347
0.36093852707462254
0.36272898706644663
0.2571279476704355
0.3484063672582678
0.3555440273439915
0.42685867264002086
0.359829606562958
0.3650264442952308
0.3328467398622595
0.3535970584284461
0.34473929731842845
0.35758347569537585
0.28074877177462476
0.3900942964413508
0.3803682244572532
0.3311100385632431
0.4315851383086078
0.3562487981074144
0.6253039488294518
0.39111051540021474
0.4500032976322668
0.38269423250539225
0.37566358703600977
0.3899033128095924
0.39329858889869335
0.3974280849712271
0.2734666567682885
0.38839025001530264
0.3628098128281862
0.383357669093938
0.3445563884701957
0.4310781658184693
0.4130104273105242
0.30744473397138083
0.22264470175983664
0.23854588632774143
0.27164600696520474
0.29375440698540317
0.27305045571936243
0.4167378907628772
0.42463751450255205
0.35607644519006576
0.4027784032040711
0.3465480436120559
0.4022105109682808
0.379665517781166
0.4541308115860768
0.5606269644071975
0.33430521267297586
0.2511709838642692
0.3418559885414705
0.3494550859891046
0.38657386755525575
0.3611917186019176
0.36986468921624793
0.28749883247753655
0.311146622565869
0.2967895392294187
0.4268601214013549
0.40504150227573277
0.3540800649539303
0.3525351273770807
0.39421132431359407
0.15654961515003085
0.14110163971059592
0.14304302748136427
0.35796088079252464
0.2865477900992377
0.4132915104354317
0.37513950727484563
0.3758541636612326
0.3765019834987251
0.3442310455329712
0.3441512567392694
0.3468872552224692
0.3503456264189372
0.3449419848598978
0.3784492075268356
0.3411336751620917
0.3548377131735839
0.45082421024270924
0.3426765922845975
0.3708155052660871
0.3978679824757787
0.35022014554034736
0.4038376068511698
0.3435035981377119
0.3292386112925085
0.3773867007501605
0.3887944310592744
0.34646257125541735
0.404755427753616
0.3948915686375928
0.16632111299120841
0.24235953074910443
0.3319122869646295
0.3985228930449763
0.35712642599542715
0.31051947360315446
0.3777426993051173
0.37656870947828286
0.35426267787203364
0.3929978381460609
0.3156948059202654
0.2526756843628976
0.24969138513424
0.2560765459443945
0.2486751612046529
0.25521959793990995
0.238139614804428
0.2746002990931398
0.2683021389506092
0.4052260174660014
0.3424218098796532
0.4012388247800231
0.39767229152241607
0.2702362369493847
0.2743890787591661
0.2798732099970848
0.2775145613889339
0.2775145613889339
0.27903817390866115
0.27957074824558575
0.28105549559634474
0.2769330509850903
0.26943119158483014
0.2688596230301316
0.5084640182358627
0.5698234309010346
0.566027110141991
0.344754156737619
0.32416441601068297
0.34065617225959716
0.318655383628615
0.38099459321550333
0.3838808550957263
0.40342129768125107
0.35749609402950405
0.3485250979483832
0.3814957136926111
0.3515805563062117
0.339236636240495
0.33086654677985966
0.3497826825925159
0.3548582353820616
0.2876779154048442
0.3754497693869308
0.21406888053321718
0.17941085705477244
0.19475194786204136
0.29194449811487005
0.37973446667702077
0.3685926777008081
0.2350200819789908
0.41256980138522004
0.3426737864770452
0.3898709905890131
0.3860092004436989
0.30047858626658297
0.3018640829462207
0.3778970679218641
0.3198244795632992
0.33039268455833737
0.3530684856552857
0.34394710907313986
0.33198188872442574
0.4258611215750139
0.3581611831208087
0.3481909263869194
0.41670106087831227
0.3554770707312763
0.4005406516920774
0.5815184762055573
0.2977724586568578
0.34087887254748306
0.29379078665623615
0.32447472366898944
0.32018355172950125
0.3262238093059796
0.31605667335117243
0.4414378239265793
0.3790425014770836
0.4278134557839512
0.3674949033584211
0.4186993538257642
0.36192253408685077
0.42633120278122966
0.33195274819289206
0.40567628112448023
0.37494966585689016
0.40322444563029375
0.34934078001873897
0.3528798014323531
0.3243567235795067
0.32511632317509276
0.2587410532869146
0.3121926072132189
0.32412469627693424
0.3034795622720764
0.3412828541932785
0.37309915743490646
0.38459519986018015
0.33742929202076977
0.3637905895360421
0.2783764645291104
0.39828656523462946
0.44201713767494033
0.4168741767512194
0.3470140659279691
0.35690665216813455
0.3508462963982629
0.28478914059898164
0.27220269510208595
0.30910995650549805
0.44685762152754166
0.34357578747370476
0.45908620200259204
0.29024547007561885
0.3385421458332866
0.4402671878122475
0.39162431203365605
0.4003130069177107
0.41727674711175206
0.42449792948242293
0.36852023619179286
0.30843908517334745
0.4806381743371843
0.2533605994837881
0.27059751595869963
0.35569954528718967
0.42345303348100766
0.3205111378464607
0.31820903454566307
0.29924199411798985
0.2930483577396625
0.26189822388657646
0.2863304386779787
0.30172911698003646
0.24729942078146105
0.27829122699442
0.38341175224158824
0.3603137091214033
0.32765325396080325
0.3621502699550178
0.3508972055592579
0.41395519761774613
0.36197949402857305
0.339454533160299
0.3245734802328246
0.3253614104036861
0.29190261387489336
0.29624721379115987
0.40245954065596273
0.3726285481938741
0.4397749548162764
0.44746623267794655
0.44807827562791247
0.4356795469996679
0.3470059232632426
0.3773652947268687
0.3644988047623105
0.3783735685078446
0.34439563823209335
0.5555822854857106
0.5180797290119841
0.40411497502749794
0.28957510199696807
0.2733882337137457
0.32259582228769484
0.2525860005181399
0.23171992606418293
0.40528088388958095
0.3511629516682836
0.35119153662897795
0.4149942356940251
0.39371442348460994
0.501362079041516
0.4490536059854982
0.5628656983877969
0.21798590853022098
0.2755116433737186
0.29241520617532185
0.44008974253408906
0.4785878476904841
0.36500984987206053
0.2849208739671318
0.37635944851842434
0.38733718947027507
0.35837778959831895
0.356997197690425
0.3407812045920006
0.4031348871421762
0.352315115799499
0.3721730632621904
0.3663921940032418
0.3472890491147045
0.42134459605789737
0.3875076772345059
0.34455431907006523
0.3847914792181642
0.26245010183261785
0.34594194563477776
0.2935112473822936
0.3454368436975526
0.40314673195155354
0.3731407601575813
0.3661803263296104
0.3422757849028159
0.3094532925634788
0.24122036801213403
0.3557485493410548
0.3411379927388986
0.32618872715516406
0.3044936149796734
0.3912718595006639
0.4201730196714746
0.42511778056212657
0.32852930744024744
0.3662179354372066
0.36482060529325183
0.39564844514921116
0.2535024487096493
0.3342715660001106
0.25374189333032393
0.3841990715448476
0.33510955002325776
0.38470244232075085
0.3813484164644502
0.4124694839025377
0.3878705150718386
0.3769776886498885
0.3485964276085241
0.38650648438008295
0.3139455009723427
0.3429550921881923
0.3605387740174245
0.3691759911212336
0.3688612212682745
0.33557263998852505
0.3133906190295846
0.3444357072797545
0.35497054752002966
0.3767570272623481
0.3309001423813371
0.4737216584762191
0.5115787079056036
0.35451247034565936
0.38709323331821205
0.3596018364295559
0.3787295356059784
0.3840754965889185
0.35072731765525716
0.29762888954518635
0.36727978357247176
0.37198461521344095
0.3523086086348845
0.3154944476615669
0.4040408290155342
0.39359463691176905
0.39662237450016397
0.3980835951151437
0.386703650971665
0.3588982396521018
0.4002065349221127
0.4274035152783629
0.48523201318266196
0.3179026225861587
0.3820208643098633
0.36926447584166155
0.32992045998649827
0.3951196090640951
0.35181183294330254
0.37088607182520666
0.4315753333486399
0.3675530724271145
0.42634530741681737
0.4212392040918271
0.4550498315758723
0.42032929044650413
0.44367643992490174
0.40116852305122314
0.3464137266555734
0.32611207773303386
0.532703497085949
0.35025039095599053
0.3914000753188005
0.4203217356192028
0.3427154353202538
0.3335632177049725
0.3760672217088142
0.4107105509752793
0.4284532842335002
0.32400095474737567
0.44488243819742607
0.41729675369375263
0.40136620787366717
0.3845480693631146
0.3514923706657288
0.2582523492200982
0.36232725453832965
0.39334719401667884
0.3512722066491783
0.3741391930597045
0.3976559669114396
0.2994426273217759
0.22517653559928819
