0
0.38376099688373794
0.36677089890268566
0.35350280283891666
0.3418429202802365
0.44269581132221114
0.4221466830232307
0.38835276811527414
0.3926772280164024
0.3603943783962962
1.5836216147706779
0.4478034781028306
0.4441944775814577
0.4380342117212647
0.43163322466115156
0.3697402243207119
0.3977119048618206
0.39854667624480955
0.37988142834201544
0.34562168699150103
0.3409520504147629
0.3194741213866934
0.44844261112461564
0.3919811221644692
0.2638025728363732
0.5640134814642493
0.7627108039732549
0.46074277796245505
0.15666474693933025
0.21846007286744507
0.3587634380652118
0.3966411010136557
0.4461399335529105
0.3781274338728283
0.319232433613427
0.3610522848851887
0.32392838004942065
0.37914397963254004
0.31054521544622077
0.3351931861901045
0.34516493897945344
0.32962605820322627
2.2553594254366924
0.36461569008458217
0.3367417058319225
0.42314106358193826
0.34357416281246855
0.39074339582603573
0.36313712255154873
0.38609562992183066
0.365502771642857
0.3533203446305109
0.3349692034665521
0.09687596044536129
0.15486937319775038
0.27091577781935683
0.3299233435777974
0.35265515285179355
0.3513043357487247
0.35691203128216253
0.3883491383501682
0.38828465079368174
0.38856100942449534
0.3988352500801462
0.40048634166727154
0.40268871137910567
0.39652989515251735
0.39995344024751756
0.3300940769400169
0.4096060204013046
0.48441848007212074
0.4000546752058735
0.417010951928556
0.23900438660951412
0.4891177534918551
0.1818556581221674
0.26763545628306074
0.5374324322152385
0.43899180656927506
0.4779654154948232
1.4221393188638256
1.440537959725773
1.4032002044486689
1.867011837261155
1.7731570367106628
0.44778865409194957
0.7471530902244486
0.34173941402080543
0.33592359691558743
0.3429774937415007
0.3267739790990999
0.31920774272631336
0.39688186651904916
0.3223806911256577
0.29860480246070475
0.1849244061238888
0.32083737728391926
0.2137590312701158
0.3661577237489599
0.1440883776318852
0.28663579040778314
0.15387773174167915
0.28860924777090735
0.39435481759027147
0.6857429260005242
1.6567736506146462
0.19658036271236706
0.292227023998082
0.13822852630662325
0.12070559409725247
0.3071872387034712
0.15587196072078346
0.22177878184456618
0.22124808876863242
0.3013074968093801
0.19910263195387654
0.39764845746253724
0.3754967583304843
0.5014714805655051
0.41249955143524675
0.43406230993397554
0.38689590192753004
0.37334573665536336
0.3929527763292186
0.4044795158691935
0.2884309402531927
0.47982245684133523
0.2815310020392815
0.4486271270826091
0.3962967454244714
0.40719294996085303
0.35533646247223777
0.44212830106366185
0.4022669012094808
0.2728703555912568
0.10319368753743775
0.7503631192463504
0.8951331517544956
0.7108627748504486
0.36463644483272545
0.33652341761959
0.4835064208630804
0.32599988795052665
0.3269254708954035
0.12986015956662714
0.11525120727408225
0.11510970592022175
0.11509926855311248
0.11495116910564818
0.11787044216595435
0.12396535386601147
0.12109245484696901
0.11363818729664095
0.37392285744425835
0.3642100929991989
0.4023474869584726
0.4866259711656943
0.4165481326216117
0.34452874608288975
0.2749204197219501
0.4201543951992436
0.35010735065014653
0.20007154972179558
0.20822198704914133
0.43711897680777706
0.426313763253861
0.3305159303010116
0.3160447550313837
0.8806693459984394
0.3076922614264482
0.300103704141232
0.20673985281544877
0.31942031069381677
0.30594755553190583
0.2873941177212099
0.304515528671434
0.3551125556569357
0.5482118066486078
0.6364533971290152
0.5071132174317287
0.7547640978406777
0.3579115300242202
0.8915694509620071
0.721338240766042
1.2891159308949418
1.5988116708868985
0.6066900176330895
0.3653566464719726
0.14057337111628324
0.1658029306421153
0.1564991168584594
0.12741575796880272
0.13219754520495697
0.12097258153088662
0.09798807782780573
0.0972263755141029
0.09709058976680938
0.09723389525717446
0.09874700584628904
0.15930738636281874
0.3647633680650568
0.2185767176903337
0.193620398195382
0.28371170315163463
0.2981300371805043
0.364013874966896
0.373792790446063
0.3875955273524668
0.3672459306523322
0.3847479709526323
0.382813420008265
0.38402754533016326
0.36785889705634933
0.3827388668055516
0.3637208801385664
0.324418050255585
0.19659864160667428
0.24438842847468553
0.15975805825953154
0.2753135273129711
0.18370609092402573
0.29505768721345693
0.17745590896187013
0.1722587870374974
0.12802058132410837
0.05630494506256219
0.08033030076846216
0.11856167916817592
0.1363287258878492
0.27688870845451674
0.31358350727430323
0.25255066107146695
0.35662154164184917
1.0754735669520152
0.7386955671685211
0.547531731093861
0.5945749568285723
0.4766748127430917
0.806617448995496
0.27869442524514754
0.2481517549745682
0.26602998529524846
0.1887469439453629
0.3703894599814157
0.35554855776516936
0.35735710220435385
0.5428059257740316
0.665187974637473
0.41914260629000966
0.48562435536895937
0.28853781528202493
0.6072298722599219
0.8168343935738501
0.2588728214949033
0.37548006117258365
0.3438462877267895
0.39013817873070733
0.37305038204001784
0.4035707953027659
0.3537942146110104
0.36313713363393946
0.41577156525947984
0.37266102875447354
0.4797285617921907
0.22094305696419986
0.13703297204359505
0.18303814556786613
0.26926370447941855
0.24841712971274338
0.19560320514392954
0.45197745431957304
0.40206409770696455
0.19977037106986392
0.43431983309123007
0.4696123816634737
0.3300636453203304
0.2786393768233579
0.7827917863855196
0.5832954267060297
0.10984299113906164
0.4823387813500532
0.2798253221110141
0.14758900823616686
0.13503578448903708
0.5732851565797185
0.4230145208338252
0.4112083598734093
0.38317440790520857
0.8120371780485601
0.5666551331367627
0.5831664812128355
0.4083518034479777
0.3304333957619316
0.34389729436964434
0.7675556503820277
1.826687034661759
0.3839277785405792
0.3750653767499167
0.4054166489454829
0.37669169377732137
0.3317341682568392
0.34595808459592664
0.3546715264638405
0.3760061928950268
0.3611278764984107
0.337115500077917
0.37279819544723086
0.46662493700980723
0.43987912103643534
0.35963319136692373
0.3400742320532633
0.5840542689694589
0.5155215966781516
0.3712576601854097
0.7362274186195149
0.4244105391946024
0.3641030269967452
0.2952822041570133
0.3801077264145141
0.5751177604694213
0.605191932809596
0.9534466713285464
0.29428027337164026
0.5328222070172548
0.4586255393482728
0.41160584415230295
0.3908673532172987
0.3709544627027989
0.35908560605130463
0.3693533492413168
0.366406190996176
0.3841156060282673
0.3175898997135272
0.23267850225336645
0.24723210704568882
0.2443074464842687
0.3011456229156428
0.25485579952691795
0.23638727947309995
0.13544565902744732
0.1610319291376315
0.1554516428184677
0.4342434039262417
0.5525802240779552
0.883643129525878
0.6130938423268857
0.29421111853821647
0.3366362262538108
0.30848664154550864
0.05084234481030191
0.062488571412229944
0.05025632180558533
0.04109132977429095
0.038455891619127665
0.039606877292777946
0.09040500282767407
0.2690783096557158
0.20271056580020602
0.17731595611513903
0.45661135841490125
0.4475867416975196
0.4500397291296678
0.35842172797050925
0.34896974034209893
0.37921014610828485
0.39495932007416057
0.3506801412810547
0.3872942904022437
0.43032971538639503
0.44411619284188475
0.482737473574329
0.7042955276101865
0.6874924372369953
0.36453841773417134
0.38366054251424947
0.33209286033103097
0.1245351553909746
0.584154081143268
0.569963228416363
0.4123234185143008
0.29663637808545623
0.19597891757218566
0.21714410308459306
0.4377126128307797
0.34271375531916937
0.7431896082259121
0.606228318911084
0.5137069953756812
0.36204170750577336
0.34570762146338363
0.3708334726146059
0.3316927433716498
0.3766117742612359
0.44442553535517454
0.34321016595394754
0.3280691876994138
0.34487618767533446
0.199302902874549
0.16853476102444215
0.17260128919807805
0.11022570315452751
0.09832575006157819
0.1598924196004197
0.2613436017673195
0.3214805406974659
0.3523100303900307
0.2957274239877474
0.40634191504074857
0.49739911604786374
1.0001640210095384
0.3709089444385853
0.35517621412503997
0.4819364834057635
0.3604475854042062
0.38493774535092945
0.3501978623353047
0.43785395181740366
0.1874096696792496
0.15810530195299605
0.16683477677091274
0.3509465193062467
0.35866742933296863
0.3636632841857192
0.35772556298462743
0.3811769063235305
0.2892425545917556
0.343357968180852
0.32739911168322944
0.4582484203471778
0.5938229678959206
0.5004021412885549
0.17235680234901818
0.14025703322702793
0.2725449759852784
0.1718298761765554
0.11529405781955887
0.26357872345245037
0.4795457216260848
0.541408028388351
0.5012116157879043
0.33834639028405894
0.40455802019321463
0.30171840406312517
0.2938589771074255
0.24580509061755487
0.2243790704522628
0.11043376855564621
0.24465455853937104
0.18270224090718984
0.2524358556433642
0.4840624546387742
0.37901974383373394
0.4416197377100606
0.3231212838055832
0.32531596614360025
0.5189301075027798
0.44269958604900816
0.6193077701468619
0.353293468293644
0.38523969000048375
0.36063056115218395
0.3330102861461714
0.3494743562577228
0.40262452551712236
0.37684183976776037
0.7175481157886751
0.33660796161592593
0.3839806098811964
0.3324674893182974
0.390519828304981
0.33774989439834807
0.3915251321723475
0.49759229155492724
0.3654994090958145
0.41261489300374055
0.3219829258520372
0.3712155446537203
0.40175379176677234
0.41972016936440865
0.713390732853963
0.34451770084829353
0.3648505701793657
0.32699516709658505
0.5677333052011311
0.6629006229615219
0.3817816555775837
0.43350901898857325
0.3992967142838443
0.4111952867609585
0.49351277959285134
0.7787807251168006
0.41055971983993567
0.3667538798093318
0.3596130330845163
0.3837250826920755
0.3310960314999308
0.3513177905547238
0.34150170210558717
0.36667784081844634
0.34528822096338835
0.33161042978787814
0.2736706059927652
0.1567666728133726
0.4964216191493434
0.04764365669572987
0.07200849277197165
0.27748918584262594
0.26895262559513
0.2559533403894578
0.2884379308505343
0.32486272544799516
0.3823449169633428
0.2949602144841631
0.29307686241039316
0.4194234026544833
0.21050013222432268
0.22448190991384723
0.36444386022326863
0.28076211903027276
0.3369034937066392
0.35631253658717243
0.37513516239179784
0.3774173103548345
0.34597853503360576
0.4113171848928596
0.3591895804845424
0.41646023121334275
0.3459415312751121
0.42391709951332474
0.2616833592938582
0.25153675340299736
0.1991320681345183
0.25416735163688625
0.2737058180569803
0.17919470141012458
0.362266175760849
0.5196901966421709
0.6356103099698982
1.0040384010464154
0.333623345103534
0.38220611474911576
0.3528308527595125
0.3902136171244994
0.3058358264384159
0.3684898355588311
0.39216186556290317
0.37822850606759223
0.3811195482392893
0.3778132668129311
0.3797844502784158
0.3089546190080236
0.23070762722261698
0.317229178412551
0.3978740463628749
0.33732731748012346
0.3484551932266223
0.4276979369587982
0.41192630714403744
0.38694892056372243
0.4043475990175
0.36631826366439285
0.3684647681086047
0.3237563168568692
0.4155086216790321
0.4027639740456198
0.38425696620103983
0.2619052862791776
0.3160828837177395
0.35928063278264405
0.3287342218848118
0.3384948108059612
0.40173255144408604
0.47181426270727844
0.4139966522418683
0.33436407494579384
0.35994926000946875
0.3715538588875642
0.38302500700752745
0.3724496258734016
0.37420126770093737
0.4005017017349411
0.20094805941825034
0.4250477469446311
0.8922416277137335
0.29812253795024757
0.18401933874887322
0.32495250607479437
0.34783124735472637
0.38267974462435855
0.32143559290163964
0.30369877759500835
0.3772701646313322
0.4149553157912941
0.3447297726975398
0.40534414385177836
0.39848719278629846
0.48071836273163154
0.34005817018726336
0.36719631185280677
0.43698764771040394
0.469247402687648
0.6027962968629993
0.2875061959434053
0.4821957018427919
0.3974207432507173
0.11725978168462443
0.1407654430824259
0.21906292393502427
0.2406608066665239
0.3426200759250973
0.3845637920931304
0.4165591674042525
0.40180531606490105
0.30717781925752874
0.35140500311355943
0.2977924338486768
0.14945427018865307
0.15605702840076038
0.06368261114342816
0.20678833389740683
0.18288312359603662
0.17483024116275656
0.3035046865556789
0.4133806717949833
0.49674793850515625
0.35639877514331103
0.4001843750757503
0.29761395895062476
0.23224329935791085
0.35094635125676954
0.3187083127976596
0.19036381156347618
0.20642370747819183
0.25448735822132706
0.23908042215265715
0.34833020377863644
0.3550612426992683
0.34358251089807884
0.32916057148353783
0.5750942341340415
0.22684932652663867
0.4014898568616335
0.23854410868537063
0.3451480291401538
0.5285200479780868
0.25998376143013535
0.4288283038231566
0.6555896952045384
0.5426977293465296
0.30806736304831434
0.3369455855680524
0.3932598883256967
0.41798634922974076
0.42184937195817646
0.35863643224260333
0.1517437704821835
0.19960645055123472
0.1463993168715086
0.06849425833071676
0.06421554845309792
0.09604509169189107
0.1887412206957705
0.23998287485557204
0.4191613510178441
0.30894130887655136
0.16623033722938033
0.35457330804334874
0.3714808258786435
0.27670123396279633
0.3598057785488071
0.37271609842190223
0.4519735461005948
0.3741488705772775
0.3722374896205724
0.43476452568062096
0.46675860603335734
0.4090100567094433
0.3743652136197506
0.3747946069648765
0.3356825167894491
0.3702450536571384
0.36392709250517574
0.4206533735702698
0.36388319720589857
0.3285465731702152
0.36138104406371113
0.21211300601000804
0.11748198794274453
0.15358142827951704
0.12492728731175504
0.15382248824156963
0.08574018234118531
0.17308982324923644
0.2861198414426253
0.4293245051556759
0.2855587253818975
0.3909700879046189
0.10796608377143721
0.10712809444995636
0.08385291950032017
0.07210865840753945
0.08820277622334424
0.08919685425882228
0.11129189373777414
0.15880694699168701
0.1986825874458358
0.14943702332941913
0.2940705481362253
0.23172884528591114
0.2070084961258748
0.23249670487353677
0.26327170989204063
0.2651621579652037
0.28441662795297445
0.373937848765345
0.33618394158129516
0.34120540480702594
0.30221389670479715
0.361001737921963
0.4645452557791782
0.3447257753141929
0.4718355992207662
0.4541554962422596
0.36141559754008856
0.3540554516953574
0.3621055409135931
0.3851956836890605
0.39734727930101715
0.3311724229860452
0.3619781199420999
0.3668417685082111
0.30517858601174835
0.2936273644807122
0.19259398027575012
0.19175716473082827
0.28117471675103317
0.5693090734191941
0.4690587901059388
0.3576193844469679
0.34610157373894584
0.1725465183910382
0.6485054522977434
0.3959566233340359
0.37344784002797304
0.2973688108720145
0.5312835999804097
0.3199994978574906
0.3804039117549799
0.49102865180340977
0.43966342398500263
0.5102322103741326
0.43114296942562913
0.36166829364067116
0.3512459045482388
0.3868449614061211
0.461345616244911
0.46897992709342196
0.4618087466937058
0.5088983388669558
0.42044766390798144
0.4637228039279564
0.39804571962605484
0.34303865956081003
0.3734266901000994
0.435852779835432
0.37925415784008254
0.3394964693431227
0.34437477989141707
0.24642921398107542
0.2405723210965803
0.19638116799492547
0.27375828732446145
0.4782648454999662
0.4112931619447887
1.1663655192247504
0.4348167509699148
0.3600782905390795
0.32284706168135163
0.3739712685321331
0.40542425416870004
0.3683887070223664
0.3121053650120673
0.41430428318527923
0.3495302964644507
0.40737835845347664
0.24626261633458787
0.303611508508617
0.21444847235441808
0.18391376584691788
0.1941778224348361
0.07268475443613694
0.20272219193494503
0.2136013327608817
0.1515915465798863
0.19696242989673118
0.40929083364875646
0.3882078561345189
0.33265381568411334
0.45180374124521394
0.44635349788573836
0.40624161440164747
0.3653360025080584
0.4679587250775941
0.40868414277195003
0.3708867301438681
0.1826741304075544
0.231536038920863
0.08810767748300796
0.08947633732343459
0.10283156710829078
0.1036677233424225
0.07115152344775352
0.05717781096154328
0.09708062549819813
0.10156478455472591
0.19927918851172147
0.10025039809971804
0.2705780760016493
0.402792686184758
0.4038773131188728
0.3748206141951029
0.39615099875828225
0.37262759102916215
0.421775816936255
0.25796358249431095
0.41576859679525
0.3450063901044931
0.352414226954848
0.4353480683317407
0.4406003723354874
0.37703841851445563
0.355985729505183
0.6191157451571331
0.47645790580641156
0.3640748030505609
0.34477897994014484
0.40926336347466724
0.39124926671715815
0.3907232458671404
0.37293641080700124
0.36983320943305814
0.3314625323833378
0.366552110162279
0.36761890154968324
0.37138255569489187
0.3812328018184929
0.2711457716210044
0.21135364255536704
0.2335647928351826
0.2112995239103425
0.3780352155241859
0.34940215961417437
0.33321444222788693
0.3954472598368597
0.3811868454742492
0.3611847274778946
0.34719722363428396
0.3551472430620411
0.3879740255855785
0.4012243991535024
0.3549090817735124
0.7035375631302674
0.6048913332740714
0.9074622413952325
0.855146822584102
0.6989120466483284
0.418891418943129
0.3179507926122415
0.36595677749376054
0.35730308690015516
0.46435343415141733
0.43419589289575494
0.6610924815000939
0.26869323122888716
0.24122901699926996
0.0979171643151969
0.07193649375465276
0.3443487198686701
0.38545703353417443
0.35822604513134493
0.3288357892372587
0.39889347459147606
0.3942028057870554
0.37096045236648284
0.256371292047355
0.4693347734954819
0.43275161034556103
0.373753427934597
0.3918508568371648
0.3650432624297045
0.39531060577678745
0.5088817941207614
0.33865047354831646
0.373724648711932
0.3014160593708006
0.2336929304543247
0.3337467566257282
0.3443163572694892
0.3209861281892461
0.2558389543732766
0.32411849027563167
0.3369804571868325
0.394596589707869
0.38901368131496056
0.3666924220180828
0.32361315826452325
0.34918538052367964
0.5120922563011201
0.3032074600911369
0.40366806614408923
0.20876585029787542
0.3399577152811693
0.14826184214780963
1.028732214803101
1.212167709868554
1.194090132869253
0.5992710121178491
0.2844437643674252
0.4924885689999153
0.49944302754250247
0.523765845580432
0.33785222232660816
0.31484847498695695
0.34166973239498627
0.3374023637516833
0.3265684937442576
0.37428798879890196
0.37894036189789965
0.37769640025670176
0.5338285673241564
0.5575659832997353
0.14437669149650123
0.3207827892255693
0.39255829837813516
0.203785254478246
0.2926484238228459
0.39671176752067644
0.3735191905672027
0.37277314603457834
0.32493913922089085
0.2680326543119658
0.25864621845981206
0.26190781480001013
0.2137951423484964
0.3868062565813403
0.3177081695679197
0.19519729887746412
0.24114702181817607
0.2517948168558459
0.4169491098025244
0.5039716655584481
0.36786100894131585
0.37737785435948135
0.31109717934789854
0.3489861926691891
0.3882035490013783
0.32580773768789306
0.9108427909780482
0.3587379170969264
0.5364479547520168
0.3796435636470206
0.4053346063450467
0.21871126258495677
0.1549514056057846
1.2460344074622478
1.2672402884664813
1.2724964830777252
1.2918053326376138
1.2529019585590826
1.2859739454920118
1.301984939181485
1.301460905221285
1.303490586277366
1.3069309122821264
1.3045720938669285
1.2854496930282462
1.2695596257548016
1.1475547571160647
1.1039141633216207
1.1549416278311546
1.1597523350232386
0.8953940011518566
1.1858816483740526
0.4103075995065314
0.3911935997548339
0.386957707429109
0.4036150839296374
0.4214757903185901
0.37532743197229884
0.22797165354309132
0.8086201325735243
0.5481045472592488
0.4251989327771884
0.31156637173893276
0.35246734326364365
0.3882041319081008
0.3129096913051638
0.1255691915025794
0.13084285468443196
0.1741899493854022
0.43074390984806876
0.6535832770497567
0.5267061992336393
0.23269808596902578
0.3869123640888911
0.33337162466127324
0.4192429115074334
0.061882418290524745
0.06221832035818411
0.1321327885242418
0.19707410984252674
0.36989742293339367
0.40145770290728605
0.4008199102666953
0.42814557344643805
0.4412888867729546
0.533525773191566
0.2302160251153757
0.1257430347651557
0.3877482668771594
0.30738125544248285
0.4442979470522964
0.4025100224136876
0.35738740759544935
0.3496193934996784
0.3237990498587415
0.4620143739244254
0.3610370328495501
0.40889127939979597
0.5339243137687004
0.39937953109966146
0.4162839633521264
0.7852196939882176
0.32377856578202036
0.3841542908161447
0.37340726867238705
0.3408098562903146
0.3623439074178025
0.3701247921469403
0.3049622495584682
0.36137776715537334
0.41294748436921824
0.28351662313966186
0.29682042157972705
0.3407237907881395
0.2539073354569745
0.4461458715071658
0.37441087445396914
0.40309151509899543
0.4566608910938424
0.3905035871676836
0.3661097731455377
0.30118540359516816
0.3667985262911735
0.3739295445594109
0.33755067938725586
0.33163405705997845
0.40093608867674335
0.448773902646892
0.3751021816751445
0.3838837206788209
0.3770251892471849
0.34601237908660176
0.4592068100599996
0.3790548276851044
0.4236104497252955
0.3066226923045565
0.3962617758791248
0.35125484820524927
0.3682755036920916
0.4453259431715296
0.41224401726237875
0.21664182954035607
0.15717701430392808
0.4320871871510008
0.24227449773982848
0.383231171274428
0.39015170127958265
0.7613238875120477
0.3668022889923243
0.42259124071999243
0.3345764081170526
0.6649346881335143
0.27246557736160437
0.4637022066385181
0.41779218467549356
0.19861469612096472
0.2001203404424863
0.09551084011764699
0.47885624369970914
1.5766377233878046
1.7269177573619467
1.8892285663319794
0.15504693525757315
0.19242131933941992
0.2928553454996419
0.22965467888842508
0.2283446955982897
0.13708802648323817
0.5985267790776932
0.480707501457639
0.4309634413406431
0.48752371998115884
0.4001946059364728
0.3901066658509309
0.4587727043103161
0.3722668540595236
0.3731422019854164
0.3671658868607213
0.31357805526442056
0.3453187764816562
0.30471835419725746
0.38720042953437006
0.3045836165416759
0.15034983881775113
0.17763596992764327
0.3423130874675512
0.08409510560988216
0.06019248591609655
0.08475906347157285
1.1825586287136256
1.7818591144067077
0.2972406304158257
0.9268687118447924
0.6099896828826308
0.2878731180208027
0.3684844040597058
0.3197097073257285
0.3502194435309248
0.12952961436456573
0.12625592055274112
0.16162381587938576
0.29220891030371726
0.32669167155897805
0.21867163406929316
0.25296723198913335
0.2067829966594723
0.2141347056462032
0.18851340871823116
0.14733239317191418
0.3322623410939121
1.0561958304765438
1.4398619221403741
1.3042502889604435
0.4963352730216549
0.4761810851425086
0.27397436709734835
0.3030587152591735
0.4209358054330556
0.353345680354154
0.77201680782945
0.44364096123464214
0.3640882146052398
0.20652757928161766
0.2069659533169305
0.10875112431792659
0.34268392024709826
0.23502422120986413
0.3657093087108901
0.3531554286999163
0.3712351451735371
0.3385409178246629
0.34620615741168254
0.38225977695454166
0.3967846497282551
0.24253046623553434
0.330601655246415
0.33302527217870037
0.3944496326480168
0.42463049338910813
0.2817007799202635
0.34877225541574935
0.354067293739657
0.37122648165822913
0.3372713943938995
0.32257753473897066
0.17063515179781583
0.08127816969654636
0.5787367799962829
0.635323768727332
0.69049845297327
0.344653728062235
0.42967122362626714
0.5421120388223426
0.46722424913982447
0.4380538923192269
0.3787301603428966
0.3721515043761731
0.42010677666913615
0.3792984806702398
0.48834435837087853
0.37079348552047986
0.41322371251510154
0.14288753142567343
0.39665996912939694
0.5527459235455424
0.38701180664615636
0.39640708145270215
0.495654320632273
0.4190525945945928
0.43102597693317407
0.3550971140364747
0.24810608238473364
0.16348333711803087
0.30898540027234567
0.28194890894452074
0.3358859456030722
0.5506485527976649
0.2782849183499444
0.25870420476230227
0.3363432570088824
0.3707513511805494
0.6314688637879621
0.2561305362185815
0.3387507208174569
0.4456165496267433
0.35197047655458397
0.29558268428504725
0.2791744535143989
0.3691358489806584
0.33169422767427686
0.3837548260419536
0.22692727121193154
0.14744505820446258
0.14456066249146898
0.11932701413792833
0.36676550982819744
0.1516205906120598
0.09924453754193452
0.3641390113626792
0.3973704912325646
0.28425980070850965
0.2603080738355768
0.2784880435206439
0.21439626780132254
0.3960738010405473
0.184699927844134
1.005063591130385
1.362519041453766
0.30793362934364626
0.8397527548475885
0.38651136149183524
0.42277337854664626
0.4200090882512959
0.3877500371459139
0.38300829776799367
0.3189847409111063
0.3452298374716595
0.35230400733785566
0.39460070807156317
0.4955737773601309
0.40719187977319266
0.5305450245774962
0.9931744586014793
0.1784345638161983
0.375454877932175
0.3171529470151201
0.6114265326549221
0.3561931772687306
0.28313708595701187
0.35927730942327835
0.45186374179361294
0.3648060686709681
0.48163185180686896
0.8158044664607231
1.0404926963299912
0.9608558637083259
1.7893080657821612
1.3568743173863582
0.06452561627426362
0.0812759454186303
0.30762154148765103
0.33490184091447933
0.4638830235045375
0.3657384684307581
0.4767642119640987
0.0976060748356597
0.1354417254466443
0.3069582534396594
0.4590544432933998
0.44513901941666817
0.539488441532731
0.3109882263333887
0.5770244641603052
0.5052127027463269
0.3676112254431555
0.4788028023765374
0.3627139917424975
0.4714786876229764
0.15494591503288188
0.12145823504901238
0.1679383238914786
0.4470665775616839
0.21061832659874136
0.11713360348815277
0.3659282428619692
0.3863027224993004
0.37673012737074496
0.35953871967700485
0.3490723650994451
0.45817556759408146
0.3702486190876995
0.24476398173604325
0.2181036823441325
0.39559235989983715
0.4014790708875707
0.5134928375132599
0.3152489483370327
0.30988882912097904
0.3603495690670695
0.341989225835246
0.3692906801042605
0.353966366655814
0.32388192298790586
0.3851773943911298
0.4204735304876731
0.535524797362059
0.5018276912254644
0.326898875316737
0.3472877773746886
0.34859094239560773
0.3702662565415137
0.3189778124137207
0.47754758787726237
0.39194827461501763
0.4144111695816415
0.3908363632122894
0.3929137153570948
0.3608931843242472
0.3370587802551331
0.6058761786156317
0.38588707926084764
0.39362077628683734
0.4106581425432259
0.2417621878462757
0.32002459015224766
0.29806718939965265
0.4809285658947924
0.39202662246223935
0.47311201342039616
0.38516757022644166
0.3808213135601888
0.3681245725799806
0.25081243846064477
0.21476154625467428
0.2184731753803195
0.564579914144239
0.4107765388112768
0.12959505206622726
0.15830224257578096
0.3174830283379222
0.3388346665304063
0.27582712109036034
0.4025892751042114
0.18499213885216412
0.33647105565055
0.3039521351985836
0.42324257270879023
0.28680560314398096
0.08266490371655634
0.2939771488533834
0.2434486056638538
0.30254048034360154
0.42259291254908504
0.28238530799778855
0.16611910630361848
0.22703124231951616
0.0909232180181421
0.3060670661510934
0.3200394619593914
0.36847969794374896
0.30612434377115977
0.2855281296711294
0.13885305540198886
0.16452146537134008
0.31835692660957493
0.4205446326855914
0.26152191952958453
0.33626904000532243
0.5398217085243893
0.3637541909437702
0.2908014745954004
0.5703130281634824
0.4351453033910007
0.40804048353084243
0.37848914506706965
0.34585392578380286
0.3759031302850028
0.366037986767255
0.13445100055987264
0.4251033658294413
0.41935692918403217
0.4098613116623026
0.8330928249546693
0.3324316700503587
0.3123836152934704
1.0999848440549573
0.3493878317717063
0.3339633462523375
1.4584075287931877
1.4642161170050276
1.4479605034304563
1.4568263566761979
1.4377286404995475
1.212086852956719
0.840132071915215
0.3362409530944716
0.3775558345932911
0.3586555799585721
0.377597938118113
0.3890992949712723
0.3906874674115049
0.4145137711451033
0.23085293754238215
0.31539403635425595
0.29252125090805087
0.1899713218400987
0.3620924897421939
0.35036369869723666
0.32999517982134857
0.32988498602981486
0.4151221630549522
0.356248913502621
0.2775272759620475
0.40780871002157915
0.2888219782915957
0.45998738503921066
0.4284003100438512
0.3322592169398551
0.3641509874113242
0.42271570999952046
0.12739050795460868
0.5497610516087401
0.0646336879388196
0.36156268235343575
0.38146147326863644
0.3066071197500488
0.2863359110929287
0.06819331488360085
0.19399777900271145
0.1240657735088334
0.5091236393568065
0.23294146115676723
0.43247025362083946
0.48483548589955644
0.5955471381439706
0.29853304459810415
0.6275189308026532
0.2823607579241875
0.18208866593247255
0.26472918271837903
0.5001118058560842
0.22081555689598711
0.33345265066441004
0.3471871753935695
0.4021737273984365
0.2862714565651333
0.4945564171815091
0.27530480872720886
0.25356086002154693
0.38983548859514217
0.32665865580752546
0.37312787420248794
0.36343812502025163
0.35949340003640207
0.385287953715693
0.33695778744733346
0.3375470370695335
0.5070086898206208
0.3330296310804899
0.44388116413804957
0.359855602549081
0.1482564270701468
0.5650765202819313
0.44677852288691755
0.14371991870559525
0.08397357652006597
0.24623935347135895
0.357318891163036
0.2766732098612133
0.48191613102146436
0.46225646910861024
0.5514873821627979
1.3884800753606044
0.820513161805559
0.9216233946120918
1.194825489229399
1.365792596852551
1.3396514407256097
0.06468065082317837
0.16325996531797482
0.21629723823943525
0.0873958098070896
0.378356025924272
0.36255046921920836
0.3401224739319151
0.34131359130556366
0.39301677562534537
0.33950875484940046
0.34914286237450914
0.34108937722594646
0.3638548305677853
0.3528908347009751
0.45344334741984776
0.6997712205752129
0.3773335432420564
0.5222599352672885
0.5221129848269219
0.5087317697655762
0.34965120319791865
0.48560608793344695
0.37431734601643174
0.29773690679551273
0.2655832125703919
0.27079509748585606
0.22551504975314096
0.3292293235101758
0.35928406096465637
0.3936887674908306
0.36099246114062844
0.294414671373381
0.25640204409969203
0.3023850990209421
0.3214055744056785
0.2123720784637236
0.24088426340379515
0.11036421600958829
0.3231018775604755
0.1196246603581076
0.0890707602075698
0.08687771728784612
0.09816961037631668
0.15775216239326653
0.1336195464737822
0.07686408211089545
0.09389879214200676
0.1265009743421814
0.07599593008941886
0.17155195751344396
0.323550405834314
0.40257523399743683
0.37802050464864523
0.06985684400805259
0.0492912853373119
0.06956455184668518
0.12765832898535695
0.235084033267335
0.30768485484036934
0.14520821930265762
0.2941889158357973
0.29550350353607713
0.3021938880969807
0.3610948841955097
0.45232674786170646
0.4907575633560032
0.2276409170420249
0.3649595927975054
0.41990316806717004
0.3118306529497555
0.27779123420762486
0.3170018811798144
0.35872584923486933
0.4475461561095791
0.229925791407254
0.2255492444564481
0.16939250138483794
0.22717615394244664
0.4038223856613704
0.389070293630383
0.4121263748550477
0.3499841538099443
0.372757460757454
0.41970534014764443
0.41281976816183646
0.3970518947610393
0.3035453049157167
0.40932146855307316
0.6445862430806308
0.349385635736984
0.46396114347959255
0.29274742310069013
0.097868410449474
0.2311634831647923
0.35455364397339545
0.4324789193355235
0.34649851885258437
0.4012444283294944
0.38966032200860157
0.3564022696740004
0.40170092328475854
0.44722212305839515
0.3852661525430355
0.20685000997348427
0.3539591194163676
0.2662076128291434
0.6530846815455573
0.44461444125600796
0.41898420454888347
0.3490004156298136
0.3062694603984759
0.3791439264651872
0.22117703884953846
0.3487071203627569
0.363184744510798
0.41834115934361754
0.37493139314349516
0.3967504252538224
0.37103037582315496
0.38259113255749594
0.32819015226238174
0.19624349314667644
0.2427960126263946
0.39547057087390836
0.3696506636011605
0.36868843680567237
0.32478889447934584
0.3601163210274203
0.3965058316262663
0.5622650171248295
0.7825539146407264
0.5085713574924036
0.6232129162997807
0.3380298331778031
0.41183115410275123
0.33611146608689807
0.27300973619794194
0.3892873184720227
0.2883965578362333
0.6343833348630619
0.46538453957601933
0.4813286112106874
0.5088123701448509
0.5177865272400465
0.38756271452947916
0.17177949914785992
0.20478956314835972
0.1724298261481697
0.27334500607494605
0.48466768976864977
0.31599058444839057
0.34169017204165447
0.5670224469739422
0.8168903186662478
0.5770440078276563
0.4178079224350702
0.5775408616586875
0.39721561535189714
0.2215324219428555
0.09900922604137939
0.11075293022553995
0.3433800358389026
0.3731324118274712
0.3909355383019876
0.297861500364539
0.3496173063149218
0.3185220866255717
0.3758928497174895
0.1427972310072325
0.3850907574954128
0.3800162298266964
0.37848368498093327
0.3862161078983635
0.3632867589464267
0.2780387660268317
0.22558029879423044
0.22491635391539322
0.220909900172577
0.1662939161384161
0.12607309976757916
0.09478525119944282
0.14925222049822404
0.06261037856301477
0.7742903891219642
0.2937995852705706
0.27746302076261026
0.581760766499198
0.39749136441089444
0.41919873964148807
0.4916099991194229
0.2079209951251608
0.5614383468935759
0.3817646075754445
0.3746322925466064
1.1549758224854318
1.1034046238170991
0.45442399442836146
0.31862236318375314
0.33827254125505
0.3818046020174439
0.42661374321280965
0.5470516632614574
0.5493257169118274
0.8006399853442606
0.4359338997454661
0.3788470827757149
0.3979809299242326
0.45671329991358756
0.3711609581445061
0.37073112107880396
0.37254776467532974
0.3833916645387327
0.37374975117660136
0.37444766927392187
0.3455925701868071
0.40024545411928714
0.3824833339347656
0.4254893194695208
0.3800897697208857
0.3585544943828487
0.26551204736800177
0.2422284179585602
1.8553671209703853
2.0344021883962475
2.0465673594905693
2.030761992335727
2.030761992335727
1.9424071998047385
1.9290591726860946
1.89319317152875
1.8431197528899497
1.7845310196253126
1.8394942979925517
0.30121778870003474
0.3622249097867284
0.35584712029401655
0.3798266121352565
0.3970580362359018
0.3678472378652182
0.23535028540656858
0.1631364959794856
0.2872548879683771
0.28525829229364247
1.0759995222141514
0.41252020142741963
0.07420078388861515
0.7887386592030996
0.6774058597527989
0.37665621882500516
0.39065718212900996
0.2906676736729203
0.38063206647357006
0.6189703886947409
0.34788645781218197
0.33284030278931004
0.3826267245393806
0.29591804192707766
0.6379260761454818
0.7376867984042886
0.38222136284302
0.7447549274969041
0.20409810365035885
0.19704636587181293
0.24371886733973253
0.5448802057751978
0.5392306299868949
0.46532644739484663
0.6041861112931571
0.8861211872550753
0.2562418040926941
0.6989679471215989
0.35054258224648244
0.3939553960094271
0.4101162986098447
0.3463430226699921
0.25506537196332824
0.2180242736812293
0.2290600407324614
0.17312319788674274
0.36430685904431714
0.35787981889960807
0.41480114679439667
0.3722081871625194
0.39679095406326287
0.37112108437709723
0.42605815218100807
0.19851834461073653
0.2907243480266828
0.2778780726597891
0.3505984733195952
0.1205685334026959
0.19269764246222312
0.4098750088389588
0.40214044252659137
0.3133974992667207
0.3328792933767807
0.8945754121863968
0.7176386884644492
0.6701221791113539
0.16510974423488783
0.44915176477327634
0.3572018644161912
0.39254131676604204
0.3915567654047874
0.38432641069019025
0.37357841021241783
0.4332062943341312
0.5689930755354714
0.39202736982018105
0.4433213918858928
0.367891869382387
0.3695187139533644
0.35374790699806713
0.30508876588845163
0.38986618882401475
0.3519988522948432
0.4217357899057084
0.33787631739757573
0.3638366391162301
0.44917736871053265
0.312286804895303
0.2673232429513482
0.39001699111770705
0.4050327530379195
0.3427015492375723
0.3804740170434923
0.21309900607016455
0.30747213902582465
0.16337026134703458
0.42624839147656174
0.4391087756763415
0.42349902655271643
0.2528462964406267
0.32775921296090177
0.4468511979842656
0.37311745949987446
0.39690921697993276
0.41343549966328524
0.32921329289046075
0.35654659921412113
0.4268152416918772
0.35498820528779546
0.3307539377177125
0.4109792907088939
0.375372208115422
0.4184034223944579
0.3854332435039343
0.429971475733197
0.37749467253331126
0.39470565525933987
0.33052949391181674
0.3269278552471671
0.3522108138534932
0.4330868370138035
0.3525375870151679
0.44703105072440036
0.3860720455638939
0.3832031942468294
0.3680754159947218
0.32466000537459905
0.45700294098250716
0.2996305593586429
0.27621360609058254
0.35379112686155795
0.420999999398844
0.3563939058972857
0.5240298714295718
0.37817203886675066
0.33698789618874453
0.424751543824738
0.33595245889909375
0.41663317953016765
0.4243817393027581
0.4055009034892012
0.5722931277339933
0.34023319201386504
0.39189928082264486
0.36353047719359
0.3574254468017777
0.35127091915076847
0.3819482729589067
0.39722030268227815
0.37114223826597015
0.33318070527267707
0.3847967323549883
0.3892415091583611
0.3512304844306069
0.3444501685512269
1.2018781120514974
0.6989192319246277
0.3686855124918211
0.4308257916723865
0.37585878896022945
0.2500712273088082
0.4027843137954847
0.5898650344159969
0.22150004258794087
0.17447126625267484
0.2765557069542302
0.3658850098750765
0.15946219190509592
0.26598125349710533
0.22741157061870607
0.31592923853490096
0.3461312207691493
0.3537494933142783
0.38252400648682616
0.36021086281359677
0.400155323421824
0.43089048943269187
0.37522858883801
0.664532856634353
0.3614122255071908
0.399861259681801
0.4133515202220075
0.4286461585843035
0.1304153079168964
0.09799769483019118
0.1655222501757453
0.13775232246945904
0.26860337653509375
0.691491896163581
0.3367910996446227
0.5820274896155855
0.381155309947769
0.3515472158100547
0.33769147171896474
0.37994814442028424
0.392399557913075
0.37756461264098107
0.2124919251192251
0.3826111718223314
0.4111592120289935
0.3774606306946377
0.3512640731676458
0.42638493179337306
0.42960786960731506
0.34412255999763997
0.2774975443786583
0.13755923666538708
0.14566468305755362
0.19970505911527034
0.3286133006170788
0.3182626200369087
0.40633677118651074
0.3846199229022471
0.42401022786787174
0.30373925995244816
0.17036664721913305
0.1281715604109025
0.4150273846556424
0.39792716182864607
0.344129203421677
0.34981647850985104
0.2781811356607135
0.5020392116277295
0.5715423671781524
0.5657051698440556
0.3901897221971159
0.18011012794354903
0.26212293850884916
0.32629146123753694
0.4371104839458046
0.20055912484147742
0.15681453323033576
0.15315182461719348
0.14555612506979945
0.21895545005428815
0.15910457814450094
0.3556413494719484
0.3707394627994887
0.37181682003879424
0.3731765727812025
0.38394777888854287
0.40176775603414405
0.397354921383406
0.8396532434244848
0.28087642375162647
0.33007626066367496
0.523989898322132
0.38157691372785235
0.3545726940646763
0.3113208309239323
0.2683088434849897
0.15367794523832204
0.3359458462671278
0.3148514385261558
0.11663098052293164
0.3504851205464209
0.3693727836334393
0.39553306137312405
0.25641787896358414
0.24035247042631713
0.31183791659642995
0.3314118491141636
0.24058024493328006
0.22097881567598962
0.26767017095166334
0.7351797183341832
0.2776665621353616
0.33970947403119894
0.2142345243243641
0.1758931025486311
0.3880208211494022
0.4085231413194602
0.47356600768505125
0.3904439195176567
0.3932965463312325
0.3175870562898226
0.37869728066388725
0.3604782873896514
0.4154101335991203
