0
5.1574500706766955
5.599241862780144
4.378125724616575
4.508526338407389
6.021263988859022
4.337192660564661
5.672671757540885
5.542775016477998
4.391172146474428
5.73959025199442
4.962615208500081
4.879036871224069
4.972548113689482
5.937883632430587
4.711242973171353
4.909055734692149
5.1677628594070955
4.700250535053802
5.181706906101249
5.1530004519658155
5.85123644629192
4.619568834577588
4.842927364059402
5.669359467854653
5.718306642392254
6.578946142902833
6.061398676291697
4.148813177984419
4.498639733123017
5.336577669816276
4.765755502816259
5.3471990436016705
4.8433917539135445
5.690331514110987
4.502259830058727
4.636620750580847
3.977078479070968
6.345256001069041
4.206021585436129
6.175770121141911
6.046113462564133
4.8981219157972316
5.829499724267542
4.1964851820855
5.529411022919585
4.9294056297481035
5.413552084069553
5.05971435403354
4.501071938365415
4.582932803068385
4.896626245943277
4.934037127490515
4.362251361067942
6.399714914377687
4.27767885064747
4.270186449826524
5.24315119466423
5.388078614912547
5.1112324245943555
4.600435280876126
4.652296042812131
4.626748008625655
4.698315497274852
4.57150057016244
4.572976891940847
4.809308223448306
4.849973859989245
5.016649229715826
4.787033061164299
5.4668085080287945
4.997776460960547
4.624499947595801
5.4156115624578725
5.830712738799006
5.149923406269694
4.964749511483797
5.021402152949734
4.86021207271139
4.824289757888164
4.930514205869701
4.975375835043269
5.099635734581143
4.8931171294236355
4.861016024654038
5.558070123878058
4.423568958454637
5.921494363071166
4.5586037198091836
4.530223727245388
6.009706569335194
4.826363520962865
4.995623202785809
4.720449867762566
4.451135028241354
4.598952234544696
4.6960394168387625
5.338714488817305
5.034611567848333
5.550033016112074
4.385957402732935
5.593891452354712
5.330340341672846
4.773349005221138
6.577759641656728
4.86794642214968
5.244950998201296
5.9934114639891565
4.536982777396672
4.580278570603956
4.869438627770525
4.026584557667206
5.052489996368175
5.254038937548811
5.442133520965496
5.632933936275347
4.620922103024781
5.906232824073064
4.718796987769485
4.937358284652814
4.973038510079998
4.3526831426164865
4.227973110632752
5.182543152028246
5.139197763693367
5.255296510383824
4.147630776044239
4.26280280296995
4.885211825130966
4.648688997786633
4.821071588953743
5.2649138560342275
4.304973623514261
4.959917462692208
5.414805032412298
6.818265198612515
4.017014151701411
3.8278361801445167
5.648652251531779
4.410056514015564
5.024954719668834
4.031563771889248
4.90255499316115
4.488802470577687
5.7553654578806
4.9261132677287565
4.925763311680343
4.912803181032635
4.9228798966697145
4.888032804234908
4.993950126459117
5.583848904597416
5.588675384849308
4.894155107030696
4.707145047035107
4.890457436750069
5.344718420932439
5.076946299688552
5.332678836485542
5.72956237428084
4.85624257071005
5.224441401284749
3.9763020069805224
4.38535164903676
6.087611619533916
5.840988982192516
4.65593253977493
5.453538123133719
5.189149197276213
4.786838589309901
6.982624223716119
4.516153806000695
6.074778292412149
5.360570757348922
5.236746002145252
5.645293482944479
5.202311799808071
5.3078958685453745
5.634604163737729
5.298468915575217
5.0924700639686495
4.0220470818964085
6.168500028986863
6.474462882864021
6.15931088428796
6.303859336733092
5.638469664328865
5.063553338681018
4.816928938891631
5.7557798127061375
5.236346887283671
6.134506562546106
4.4568238058625615
4.3637365863393285
4.251606755167828
4.2463845349913525
4.247216226554165
4.29173142447089
4.311997234822312
4.8723319028448
5.313695971978055
4.476232915357329
5.536398166179449
4.3954144578451
4.988046400961649
4.629644967800266
4.634646874257253
6.286932807863754
5.6335245333218715
4.088476573862548
3.8836987471339164
3.567035703875093
3.598426370103079
6.112956409846089
5.4902637509369985
5.689053703937634
6.697647078087617
4.024148722902358
4.624026345930504
6.106349627958075
4.788992163710015
5.084435902847504
5.433184476865798
4.5926180644125765
5.169057181624415
5.543354778864755
5.532562487940056
5.263505009282902
5.439521660565573
6.969826650429466
4.147705802288674
4.496374643306759
4.472382950442777
5.9532975870170874
6.137729860522069
4.606606698844449
4.594630264657155
4.8421540632026465
4.62324215528329
4.1087759346057044
6.009181704093136
5.318472253845104
5.2346867135844395
5.879037062242329
5.275242528209983
4.838210121962769
5.178824673884585
5.111157525701955
5.6010848115362775
4.519207266590265
4.157093556884212
6.269822298552333
5.671701817852173
4.21708626044316
5.815938977431978
5.015149723758488
5.388653054450332
5.548033679368851
4.568701615591996
5.27942592108742
4.692926844739171
5.300024935082616
4.737314632545237
5.627125840100403
5.782770850644619
4.978757574756807
5.834754257505675
4.790755034684229
5.1596864776792
4.791174340541823
5.482410722477456
4.793776000608214
4.823347721334475
6.281056486674556
4.2262468550677585
3.735099213274996
5.190892470037467
4.946846490842311
4.607796617905796
5.716728554420836
5.001171939134208
5.750299767441998
4.6184472823326415
5.705710131552227
4.271961271751116
6.237904794286986
5.184743140204602
5.537766079768108
6.361985132680994
6.742678249405226
4.294010237302524
4.462158075558812
5.502539959179568
5.327438459615541
5.453122019943542
5.552564128831223
5.276023890855191
5.319646813338198
4.099510198132674
5.4613523835150355
5.658358870919738
4.598515115983464
5.481264957995802
5.589999961675112
4.374644765165621
4.448622077057849
5.167403613767567
5.662814489710801
4.3306803728728775
4.901268529733959
4.954702188735411
4.8198722546106945
4.574574322958105
5.639213912181415
5.027732815433037
5.766845648475474
5.813228010154398
5.609700275758278
5.587468592280216
5.468829873763811
4.707192318311239
4.748726514739781
5.328080577747031
5.182376593089675
5.4022840116618465
5.6761413684159745
5.198013989016012
4.849467778599311
4.191614014301796
6.0947327827180064
4.161881274184859
5.590660219114691
4.338833401037066
5.0197715550750175
5.120041684995674
4.6469699873033115
4.4935406574794605
5.841655720062645
4.303104801314939
4.6061555916095465
4.556006518437179
4.639208868346296
3.9899821438077954
4.062903631642691
5.189385546852472
5.439129562712487
4.887825846688305
5.045841444064531
4.395626491734572
5.6409160806442795
5.9948964250131525
5.925476293482313
5.389101073756427
5.3189088500632264
5.3196658384896045
5.239526459463548
6.9438009602756425
6.366096453043019
6.573693714849975
5.742404000543629
6.200679569474581
5.591287307940799
4.867872399757256
5.018879677159672
4.852534167637288
4.849706855260283
5.367137754440487
6.108171274998464
5.288235238780026
4.949348564943595
5.264410173425578
6.655063651049751
4.989492216719325
6.951825207993014
3.751213086399724
6.042100838062728
5.452687752431374
4.685556790418236
4.6801184293369795
4.613272324332285
5.332087980775473
4.388280163760736
5.4106428965175
5.107256284932845
5.311009362902512
4.663588070830765
4.495782923248443
4.137135524850052
5.625572229221629
5.13467399124806
5.461258098965926
4.878557978004225
6.030527323230325
5.569826587393695
4.828239525898383
6.439461156453958
6.598155183560223
6.361131783471693
4.557419792200588
4.37422007732856
4.683549980655807
4.559150498633533
5.945956361278765
4.081321790609966
4.358206094557545
5.4748527882769755
4.675259503962162
5.47249002473213
3.8082314057723674
5.729887641416709
4.3366299729523154
3.9890963933041315
4.362705467601113
4.357122368116137
4.9177487398359165
5.367200353853403
4.894441216563479
5.143467545428789
6.3020456303132235
4.334831085652452
5.491035131736904
5.580914857316032
4.786298176744708
5.691913178549937
5.952600117567525
5.3195359411649035
4.855615998696099
5.0174613722373245
4.484834572415401
5.526024428374592
5.738455669181527
5.042962076812498
4.3733017471981785
4.906380089788077
5.216196932141878
4.899115383171454
5.409861515961575
5.2829987009687605
3.9678796138952865
4.6657486999890185
4.83365331339532
5.288355769598895
4.9067113014657355
5.006732334502403
5.0235449494631
5.231436842628048
5.973086190280721
5.511802937321629
5.371794157909408
5.658293582128819
5.885183023984825
6.088170184480306
5.9890507192062525
5.840679439284445
4.702414084531974
5.705876820853213
5.0744359104523635
5.149020639431052
4.680284423203529
4.729141116134927
5.728411065189174
4.102080873289962
4.734201908388666
6.466529321513011
5.445946241799294
4.07612689159956
6.337658573705714
4.9952670749182735
4.74378556046377
5.502889354088434
4.9381319627316484
4.440687676698783
5.688766675537747
4.539252479366372
4.9148039938195005
4.575420538413943
4.456787432241197
5.5257469743715735
4.491097755736488
5.63492651717954
4.659098482966977
4.643455480280862
5.414851766714246
5.0360199972860125
5.913265557864113
6.3784460774157115
6.538582906306759
4.1883509343260155
4.093719151626239
6.10713076398278
5.196591086007507
4.9613438050292284
5.57721535582462
4.853568816614044
5.153664078290937
5.256342945359528
4.373987271146116
5.001363145120205
4.39109787288107
4.813989321904589
4.783774926932346
5.6853459369382575
5.287596082524452
4.834170856190024
5.693121888349474
5.059891569160762
5.24426521450892
5.1759015321966775
5.6075125661149166
5.439248475480351
5.834003967752095
5.582737640368254
5.861822131493319
5.460273974435367
5.378794873533787
5.019436799291848
5.455559942707024
5.857486051507976
7.46207234946425
4.435015540338608
5.252526609277352
4.94613827528518
5.3823582267542545
5.730406372993672
5.239364043208082
5.336655524342091
5.130136745249554
5.742701441950621
5.075103991535
5.192741756292626
5.295711506221728
5.448486815183982
5.449876041362462
5.069520835935947
4.71616840161622
5.050255282913582
4.054482243022015
5.593582386990962
4.770487735754755
4.95657123973591
3.9994717657805148
4.4011084874745
4.728545844555919
4.732166753299828
4.278042276198054
5.010110299555732
5.441012043469816
4.6130166810333995
4.841556449817
4.4177163075296955
5.82280156320399
5.799837221845787
5.693781983572806
5.574712869173691
5.325732748093765
4.899054683773345
5.19980058052258
5.304598219915403
5.475436081342539
4.085165395733012
4.8399055001595395
4.327541818162892
4.622787652314087
4.397943552767807
4.9203808847518715
4.551045190135678
5.13773547874204
5.825021988857687
4.294408516389611
4.620904795017659
4.2444817819536755
5.128366421949639
5.682465867510213
5.368025792216726
5.725422871899846
5.383531731641396
6.114840294338865
5.8499038820974745
5.39062619731794
4.924534364936987
4.836299782923643
6.017774667794911
4.929188934206665
5.57607833123549
5.155426473597486
5.320546511348504
4.928469521881632
4.3946096477018015
5.388553415337258
5.862788071145377
6.430327936217516
3.9794588758879668
4.7043695906454595
5.537957570534323
4.889278992392784
4.910991689384781
5.153503088840333
5.570002336541858
6.349358867600954
5.448958790097302
5.458940535011711
6.5687608808005535
5.531817270380707
5.117489840682919
4.914047096226306
5.074670825244436
4.831519574771745
4.873135437290234
5.271405094849676
4.047100604276266
4.19945655395136
5.63419379320032
5.491024469216603
6.20495728224585
4.614752120813233
5.290980583573755
4.922637031187518
4.8633259124802946
4.194652221829511
4.496299098626303
5.006348019490931
5.398430895280509
5.522514779918536
5.270081191365214
5.949385705800518
4.612259970926981
6.227291955916932
6.207190612294348
4.671270939930474
4.703550202642575
5.219499333990605
4.834162657773064
4.981177154384238
4.879681826927486
5.290184998427032
5.477012266487874
6.610425382600764
5.131303161013763
5.299546743690659
4.7544410345727455
4.796005184366825
4.397899102276029
5.966041287406366
4.734174279978473
5.464943814865692
4.934334491142248
5.00805908917302
5.743378377645583
5.003525858741447
6.570202270190738
5.715333014895778
6.646535200734911
5.2603322821158
4.734026544457444
5.016661187815225
5.480181088917632
4.675356662974772
5.09041752960475
4.898248318158718
5.029899912371062
5.024238417188693
5.65137599990247
5.861729841866336
4.650867498995481
4.259805131865505
5.157750742814422
4.84102640842085
5.163072929006556
4.882682874529606
5.285911693107481
4.6008261549435625
6.113316088685361
5.48471400682561
5.348628924677693
5.573256810687301
6.204417478657649
4.948968334509722
4.980525751301649
5.573865600250853
4.383241435375888
5.972446452767458
4.316416074713075
4.313272976429652
5.647928691462073
4.854759039455266
4.54401052552082
4.795562751080961
5.533905628412452
5.749161397115383
5.256424761824995
5.220350523482254
5.346544870756117
4.910935296997745
4.5305787077287825
5.79254834802527
4.814637244805594
4.8784363896484555
4.533256985548423
4.492769031174667
4.578490539788661
4.831531233087087
4.555271979241637
4.582552376518998
6.028098015692593
5.3209966192656815
4.179904256818826
4.647298016980604
5.507730698475972
5.033279345880048
5.135857316134529
6.318869553233106
4.310947274655493
4.671191284660734
6.386412163992619
6.007382267856472
5.3092888728842365
5.7786052349506
5.252756763264613
5.042535785477689
4.256137763303539
4.110799518708972
5.700798781642975
5.6650973538367655
5.437412235340412
5.334867936808804
5.424020337675403
4.257517641864095
6.340749289000711
3.7635138033439346
4.225357209875279
4.248186355183709
5.5151689683232945
5.768324855811956
4.172298188849829
4.313129913019996
5.1740570203288
5.101984558250648
5.029112543196231
4.821961334035026
4.87571429420399
5.559910481077172
4.744919488422977
5.205316112650797
4.724551778282677
3.891963423007326
5.56041748177027
4.878754173046789
6.226121033526017
4.3387085876956695
4.572319775255973
4.614663548246668
5.3839316370313774
4.950328816022848
4.476999299546885
4.67262491049836
4.628044577436455
4.800773880845152
4.747389154096227
5.410511141994933
5.521637560153633
5.137527884748424
5.2710467587915115
4.663568734493138
5.60119621591673
6.586272618276955
5.019838775285605
6.174712581993368
4.004846081949692
6.418798652943466
4.373552183731657
4.429350741632964
4.083617670014744
5.868808029670886
5.878181398693936
5.098445200341254
5.5196567558229255
6.267173142313416
5.673481461179212
5.688858681925947
4.661334216519784
5.334094801313445
5.288056202537229
5.670769529196387
3.902428073163474
5.800829485757691
4.387669984255269
6.4456336913604915
5.188020532053134
5.911011137249559
6.310920450455831
5.690763649937845
4.8208025352955985
5.089003984934739
5.0366979520472
5.104598209040173
4.879710978303928
4.00605860065685
5.648313219312489
5.296977430838649
4.7312323388898685
4.997581587600469
5.322105343091561
5.23661788474208
4.733588363768496
5.707246413914704
4.852045065998828
4.5393977861875126
5.228623745008723
4.645217574847276
5.744982743388946
6.1502304480797845
5.803847830360585
6.045308230098931
4.520612911938744
4.5341532931317605
5.229282091125643
5.11344245712324
6.2936781258424705
5.037410375012186
6.852920774839102
3.7822053385859666
4.165618108533405
4.113124357869069
4.747915739108369
4.697959149808905
4.837958041984972
4.917128878142997
4.9649844493402275
5.063001398975344
5.555471927117203
6.634709838730807
4.535792777575339
4.955359522436752
5.231322142886598
5.011807314785766
5.136589625460272
5.900659952926031
4.956225418859752
4.6746216620030525
5.912779794501312
4.6323886601165105
5.26540517145484
4.591858057443672
5.895751208018057
4.872139027691392
5.2444448672066795
5.082265018827304
4.820185508249551
5.780338732483837
5.714126621140551
4.027307746422107
3.615336784412747
5.837363461521068
4.378684581238318
4.537654701383114
4.700368310306728
4.602436459035054
4.589424713869561
6.326988586900357
4.1112655125404896
4.404584494731473
5.87339074501408
6.285207322565565
5.557616030765578
4.318291308043702
4.636892565176175
6.108402794504107
6.141028113697278
5.017804289447125
5.1929866579139725
5.082975123840013
4.781659621351968
5.154458861063197
4.482275085294606
4.22236416557539
5.9028278077683
5.745135553950892
4.1585917216468
4.595028314079194
5.168049813381595
5.678439119253175
4.281284389721755
4.909133351018013
5.099352704481681
5.250318290074347
5.380483433832458
4.345735504318152
4.552996099065951
5.424624789510024
5.4247091824354
5.394215295754378
4.650623484882121
4.958730001657874
4.2037530691721035
4.8052951495444205
5.700876657060528
5.349474849523429
4.77889282952068
5.207618598884384
4.487750663066914
4.967634265208865
4.8283750535433
4.219810338574069
4.190179414190755
4.844738749777023
4.36359357422686
6.030811962425473
6.117799314409595
5.746189645124865
5.23523211315312
5.046603598223712
5.962099692299221
5.285624805760647
4.885958322735189
4.518830296069989
4.719138491524148
5.451171008193513
5.36647132904558
6.415107095883686
6.185683835805899
6.090844331320941
6.3644242154832895
4.498703559057525
5.372016305240785
5.7094962412831425
4.1491303508251525
4.082433898325088
4.248228403231585
4.542033376318245
4.678803475771079
4.91186257420646
4.874503889144452
5.9927208799768295
6.204438739908262
4.93817156111926
5.230913559878412
4.248143178999957
4.045024817997568
5.248152075878171
4.617873382051909
5.256793264070154
5.272555917982318
6.210406460985023
4.926493994695575
5.370135867510937
5.765762193646214
5.008544572304228
6.093760981377749
3.909403974702823
6.84252228299799
3.9566856022765857
5.668436521476171
4.751423417235293
6.11561893690199
4.964513256549002
5.044748451895907
3.943190109858952
5.345487908196444
4.736198874571528
4.860317999713176
5.384017702355927
5.0877677934642715
4.440215437012324
5.088974028405304
5.034302426677397
4.944565402805497
4.941035606964647
5.01457957199262
5.107748290721243
5.058203852268261
5.040139165738517
5.038743231729917
5.040180735736303
5.041157893170549
5.0439278500902756
5.044469926061604
5.031743451632612
5.144786851311811
5.665101347472798
5.671427651866638
5.6256812768676765
4.835875746529011
6.501486215326448
3.7528716960477992
5.250101239216088
5.081571259160982
5.064744649134328
4.170737484256679
3.849767443643363
6.723381521113948
4.84451755700507
5.415216439932295
4.571875176574413
5.63524252781714
5.168309086611864
5.042505499689536
4.9373540186972384
5.197527753924136
5.696263361775688
4.844517545057228
5.22011039422213
4.456807835014334
4.363642562546549
4.653111481201596
4.257668667780672
4.885750865848076
4.8203620847381625
3.5591565694272944
3.547427191503375
4.910224342660121
3.756498319767631
3.486317660975118
4.187094020110189
4.207523561149038
4.282730846794499
4.759870493211361
4.379698360442476
4.928289605327643
3.9645512687715647
5.021362968898026
6.135539619805913
3.924302513624212
4.705128250755398
4.417550777106922
4.336727520437496
4.8974352106071555
4.628253961550716
4.701341858935279
4.83716894472814
5.011634063785858
5.281978603133292
3.813871421881429
5.113546473313749
4.635902694520753
4.948732288615878
4.9470702560013455
5.129240951308103
4.813425312410507
4.223911866207355
3.523769465109396
4.258321739000765
4.375774813472586
4.046639258008179
4.002184864177839
4.91243880091791
4.583404997564799
4.339228798638438
5.014491373227497
4.174063999239371
3.5299967483006043
5.383774147239584
4.699845226498755
4.1617845879487705
4.993567804973068
3.934163318755286
4.847402665191247
5.509446076226319
5.468358148247933
5.42286367804192
5.083352575843943
3.7790256162753386
3.927931330813149
3.5619915077153363
4.019211125881126
5.628216645050286
5.393501863687711
6.066967299544979
3.484827967256187
4.539638495712842
5.420668721789615
5.193431030499351
3.655869478589867
4.698207872593977
4.81837722131188
4.249824618000065
5.315143773873696
4.47766370006459
4.785749383899298
4.539777802107027
4.680070183717662
5.639578064622229
5.414526055314312
4.327348854620694
4.732300354307548
4.252458997234257
4.994420642109051
4.9177813589636425
5.350957129372769
3.51017751990591
4.789601628033445
4.282544073348353
3.9031276593374535
3.945487446913778
4.659456479681654
4.159617958638411
5.393595571085929
4.020326834672937
4.524100281444603
4.440620103827795
4.43273963710211
3.9365007498277436
4.363103489895758
4.293431384918447
4.949681890268566
4.619798232820599
4.5739537698848585
4.517974505964541
5.581983705868732
5.3492204476200085
3.7202777713264124
4.692270575004002
4.8393851530970835
4.737246400869636
3.7980983905358174
4.711239396368626
4.833892956083374
3.941301628648118
4.819653583912938
4.96024527756083
4.542509046468929
5.049337521247542
4.043507144521049
5.507360450600353
4.333690107041047
4.485424820972764
4.949452179450154
3.6597742807240556
5.6121699500223965
3.3087218926188453
5.569875938885707
3.3949949242404087
4.250337383019645
4.585229645124584
5.231844499180943
4.4374689399727165
4.952125286235908
4.120468319657305
4.025789907285021
3.9791250856560265
3.4015518368641002
4.485209436914846
4.4108938741151755
4.164622034796547
4.403102346082376
4.99307755669048
3.960103143115368
4.239902640958112
4.416733755444234
5.471012240727994
5.186024278968418
3.9795781975660893
4.926161059102182
4.4449158392849135
4.150077075060987
3.8913091565294295
3.9042477178462702
4.620138593129669
4.605825390792113
4.109862828725667
4.126803547832749
3.9817299970824878
5.3913956765479005
4.038523292714362
5.3067100110007255
3.9436915264602277
4.4925060284161
4.5692371218890155
4.732342599899513
4.016152124309352
4.129705558282556
5.584703608180548
4.376261618682613
3.8235103167909004
3.8183061469075894
4.132067332656005
5.149550686846255
4.445534157488843
4.442490888117319
3.7718926559480046
3.7480434420988717
4.016258060477405
3.6060601657328792
3.924609991820619
4.375358748487235
3.923708291148015
3.6714541203697446
3.735014697578242
3.7704069314820403
5.080016130273932
3.7248561137291274
3.776367367149311
4.526587708014958
5.188381688281616
3.9859476750566083
4.313489857068517
4.553085055755046
4.554567370746016
4.431748477558892
4.876567555513786
5.127396543142541
3.8753035014078536
3.7492046421476397
4.870067356416737
4.281455709428024
4.8256619410006865
4.2476110297357055
5.425573477168435
3.4597729428472026
3.8771625833431536
3.958499604659592
4.469261646447228
4.437630573647581
4.578242340849319
4.658727230937404
4.7117605162609655
3.962390232695217
5.199227087589887
4.591953673748595
4.822868509037614
4.657102438503919
3.9377706169702753
5.107649113129857
4.194128455607017
4.729520973407774
4.502057317626186
4.849962541831595
4.994019825294855
4.014931641641138
3.9780767442871343
4.997249561260161
4.289032821913356
4.228035074886268
5.823593073629654
5.481103714663112
4.638442309204449
4.096536400724751
3.8604272355660663
4.854377971760215
4.657805681535677
4.648287428096196
4.856895221308638
4.218055573514176
4.741883298419164
4.376259270790898
4.760226837931163
3.7554536648098886
5.725400092574829
3.447213222003055
5.530123911903473
4.973233856310422
3.940581707130994
4.906212644118675
4.233371290882815
4.64615063306935
5.036589307626646
4.014205081304507
5.407644273053414
3.7991061951710536
4.696213879836656
4.21384963429839
5.406230775172712
3.927615361745179
3.7986590828279816
3.0395725474184414
4.546517814305913
3.4717650722415367
3.6092170120357157
4.01245828286127
3.9478461114291643
5.507104100863977
5.642977560620335
4.962170202382944
3.5952470294225503
4.630317213096395
4.16069255736574
4.25067483031351
4.786208266514048
6.496411110158727
5.144545121648717
4.7560238408896005
4.63680289712804
4.341120751388972
4.381458146865901
4.797940337777706
5.153443983071497
4.161731948931675
4.503930630685095
4.345859692702629
4.3329646347623125
4.682694580670326
4.493304708679414
4.288083926206608
4.686511614581822
4.42953621034049
4.735441264714038
4.3438501452289415
4.149282541194769
4.834542529232002
4.943491110901499
5.11838646608585
3.8755402355328306
4.1482762268926825
4.831390057452954
4.659574465823337
4.8853090025258865
4.52134172215635
4.216559438470876
5.118197091785616
5.120686213650642
4.419858603410611
4.7612391734970725
5.0408185827926255
4.995400994510331
3.883424065832139
5.055943463784518
3.7744059931956726
4.144664352079574
4.1092550459330015
4.5430193117170745
4.4181343137490545
4.030617056074116
4.221002680193696
4.456542204283932
4.604510918334244
4.4876489792856455
4.486975333950967
4.950594203103695
4.935772231606691
4.717252916954042
4.906219501382968
4.284656464373364
4.254071436202106
4.4031512480777035
4.442791227628994
3.9461726558588563
3.718355348327703
4.6073989659534105
4.459998403660919
5.571645363007553
4.696986329940536
4.880880771470762
6.673770199610564
3.277971018311837
4.939549501631305
4.833761672911992
4.3475173656428305
5.7016707058780876
4.918587495079901
4.214397822731834
4.526281085907859
5.582931665562119
5.602958387560922
5.337217651827809
5.046007569251843
6.177060851855038
5.013130092297705
5.043831837420109
4.140332806902489
4.0144914233887885
5.473608110887057
5.38140562545939
4.127412790209785
5.816828125236114
3.9837171179264694
4.972115300909878
4.390342179181173
4.153107317639443
4.448298349217656
4.970486203795961
4.143663558082519
5.039854453923575
5.112546416796348
3.9401486898826583
4.829769642493313
5.046948774768277
4.379432598393533
3.7847543421746446
4.631732236034784
4.479616838842231
4.562792301252362
4.895259431014577
3.7971971955040336
5.233184053674107
4.08353590809582
4.035020624577102
4.6562951348908586
3.8405421826329826
5.021229437359544
3.802621650261045
4.8221683384948175
3.4076073412043164
3.3899577246709116
3.3521138673567847
4.320306469717227
4.519928600320699
4.572564480320627
5.260383068449647
4.874251367102752
4.9677173299783846
4.671866207973303
4.672358476914624
4.67355293406507
4.663426420842867
4.66259480541718
4.85334090727206
4.396338254315879
4.339393997619373
4.406250463480952
3.8477697431034654
5.211039957313055
4.9735146490773445
3.9170258081962412
4.188806326273527
4.5582491356834
5.3344990176253715
4.460215714459824
5.185155823619355
5.055921280463526
5.515482506250013
4.525670919922328
4.93581514197084
4.671315280272077
4.4920444633288
4.3871290544578985
4.340086173487451
4.767152559597572
3.9968243229612437
4.374171341223445
4.721726662272957
4.346649678507255
4.003343489190264
3.814311896603023
4.992101479047614
4.076889020531001
5.15427312913733
3.928976317497588
5.9937798024431
5.030669345055159
4.250490343362843
5.109426886481534
4.169533793158688
5.4110066966589425
4.937440562407217
4.999491985412128
4.866619929469972
4.6872877350742845
4.382821780845509
4.232290481747979
3.98663665801903
4.279128235266438
3.9259103168826575
4.689758349813804
4.629680709537138
4.296611300106701
4.39724417285912
4.8698064362072255
4.478440179863617
4.33850932079677
4.097606698171189
4.778343404731759
4.318762537153068
5.200019082793723
4.035404446376074
5.8188454347663106
5.247789997210196
5.264036521121485
5.334266537028509
5.429311751026234
4.009002525427848
4.371541234679643
5.1802259023799175
4.213573462856412
4.50536443424733
4.867394631992408
4.450925456215217
4.955616486073742
4.668884355316127
4.125933041937098
3.914708414991671
4.843662330530474
4.0392791949272056
4.338192648530872
4.400356258003033
4.3943269954709905
4.174655663058226
4.8666693315827905
5.1885664480598
5.373261259584708
4.870425878703385
5.2543353674672915
4.431468270582114
4.428097390021084
4.488866851773739
4.377899033304893
5.196051633868227
5.244896447082699
4.855399781312141
4.766434437785193
5.101963092228147
4.240701932067703
4.093554070518463
3.2754346005568338
3.2396715278668644
4.753841889856547
4.2399239898720165
3.7995890072141165
4.785325389632263
4.767041482656254
5.556009031674791
4.284515758454567
4.7548563353450675
4.297574519315298
4.552160169502396
4.345471607605306
4.546260884326728
5.080464865900632
5.2520159971165645
4.5547441085415015
4.492895481064722
4.955145195483542
3.770355097594946
5.291737961647088
5.187193629465172
3.763482241643934
4.37259555398283
4.94057987410691
4.738616569878904
5.2870946040174855
3.7266785351216845
4.289713928817413
4.495125780438217
4.314767940009737
3.794710524167903
4.483369941074618
4.7964437213812285
4.565401769501711
4.99012861688488
3.965970477636349
4.1599194032207425
4.821254536671826
4.658696506269798
4.530400055599642
4.222458468773031
4.235464304340548
4.0512129368250305
4.73476081017775
4.867570231020017
3.5617184995095514
6.094972042193474
5.136106258573833
3.827920526211699
4.015042121540255
4.253298996448816
5.370630918723985
3.6642230699161664
4.787807357225785
4.31977338723383
4.3271164481549595
3.9456093954897455
3.688516773704736
5.496228742603225
4.029573649589725
4.878888872037403
3.578621657451058
4.319260682297087
4.116418852507452
3.9448261129999014
4.308127770258239
3.8471460932589885
4.126362550643012
5.066715352547885
3.7372587165205178
3.500999935396269
3.4767821431426653
3.4997546623006075
5.768164435892149
4.6537163929671
4.5624082866639615
5.51457271998186
5.028242735970304
4.025261769946889
4.378375950143787
4.7466880058235486
4.138692355473465
4.254262172626577
4.2668726379461495
4.11960028282327
4.2067648428448114
4.469066447560587
5.072355269405723
5.569231452419776
5.446387620314996
4.052294975107028
4.636661738028428
4.854218090767991
4.247877321477209
4.351459817132901
4.210986105833928
4.750940479605034
4.033011394343374
4.31753607839622
5.228445853878404
4.778173562440296
4.4631769380200765
5.183844111939571
3.9858386196924043
4.511245370328208
4.977047699945991
4.454836480504842
4.64806851953034
4.331358948144216
4.7514119605095075
4.596838372901252
3.756482976656024
4.935345833429808
4.411465374346383
3.5177372538153664
5.453237355232663
5.260165736429707
4.365819667460558
4.736018506615846
4.266580681524012
4.88158680846626
4.202398942690278
4.3454843104649425
4.914219280617573
3.8578306474499837
4.4256876133860885
4.927224611883361
4.841658144854801
4.42003801513325
3.948821646343757
5.284870212910863
3.895559292216773
5.357421093798296
4.173056840604921
4.525843729774908
4.375190223975503
5.646315532927695
5.551664653309185
5.7493124647495435
5.761316429674001
4.48804560901987
5.3372893548270985
4.544966851563367
4.4311477373495585
4.620912922644425
5.724527780176986
4.855248101199197
3.6737799888375777
5.1966344407189
4.376017939807395
4.203546062389627
4.451314525364915
4.150666469734467
4.279017872879487
5.083421135680962
4.44568873446867
4.146845023354478
3.7012920065203714
3.7122746099668893
4.786839794868667
4.109931400345828
4.824228324306579
3.7290014893104857
3.6226569138718134
3.681492584279106
3.275541991656966
3.42361028935215
3.919605463291344
4.935817633652986
5.3267114771821
4.630910024411751
4.12983753549874
3.6958563330939964
4.024038917938469
3.42259886333129
4.79053115053872
4.379445703962434
4.461486237339591
4.187178375821695
4.6995658024321845
4.317838145751169
4.428851947328914
4.494951377113722
4.790889270607387
3.591633925599559
3.672153431476115
4.9896563210256675
5.5960740804983145
4.244526352070922
4.386401347824667
4.368133606840194
3.965039195218624
4.56582660281337
4.10374537754003
4.884567334929708
3.9515916885713667
3.8130295295806937
3.8091524259879304
3.761935027777021
3.8086584590827868
3.6916305049582467
3.790514118960461
4.149700909741239
4.506728145549285
4.634426674428181
3.698532908637063
5.844742029331877
3.710733928119577
3.7552208921363746
5.036597227726426
4.959482783032554
4.9435561652640585
4.98626950593724
4.98626950593724
4.983574555649031
4.9868627620151695
5.0046735156396815
4.958765273356702
5.022287186813804
5.079047542448013
4.616725161991625
3.9095250961800727
3.8553641277094024
4.739844861295942
3.531904142753022
3.648023648371955
4.495314260899377
3.853581004607503
5.043270921010786
4.1831646564546405
3.860503105591302
4.438797066414993
5.131352107365161
4.010255120089895
4.38204669679216
4.726558435176978
4.311321146571716
5.087943372748584
4.331514062362444
4.564353015247297
4.9130808477668
4.1470840131579685
4.69120297700358
5.855357891582567
3.5770445475825148
4.931786398942745
3.7885439080367966
5.180902324767721
3.8571897587127726
4.895971864677199
5.534507050238569
4.637755123895855
4.547864743380738
4.11641749904426
4.086926826206819
4.600280854112472
4.471016615681283
4.007716735845389
4.688510727261792
4.198508708890251
4.333598844826083
4.5275355268978625
4.1188102588202264
4.476119020328193
3.5093216976747437
4.31039181821477
4.378777484959258
3.7267674499294343
4.757576429243575
3.974830528814183
4.5596266855055845
4.51952768310343
4.366568771737362
5.082567146518441
4.009456996923127
4.577884796867549
3.9927530753938436
5.1833162384003995
3.5957895681169516
4.793868649680603
3.7362185995696278
4.632518406676821
3.9590966435671375
4.247048505675473
4.704647494435438
4.701552697883868
4.439698547581847
5.528067786139482
4.669404288315178
3.975257316024934
3.9758885460717646
4.4570775273233965
4.79129662707175
4.525488560590182
4.484403637285736
4.104056221525462
4.255410359548907
4.552490689971995
5.000482096999145
4.116272543638342
4.2513719205684675
4.406038326550163
5.3561235717114535
4.118021153219413
4.488740607307897
4.394860172223181
4.635493299022622
4.720820034027774
4.337536344761979
4.6494161274504275
4.3178050244314345
4.716788779086873
5.583734342954532
4.276365353239519
4.673927961372751
4.773695671489073
3.870887108167007
5.103477881844111
3.7501181993356205
4.566490634788258
3.9794631318557396
4.926487567255025
4.656728470283132
3.5231457609628083
4.07695596480532
4.756029573770145
4.3125086980271945
4.823218756713495
4.230182103003897
4.1807864193683715
4.046375895643904
5.490153877819197
5.79193993563816
4.095151728639686
4.0858027962625005
4.646257909712347
3.944011689860808
3.462378716892576
4.633076816212941
4.23592749542706
4.767514324821792
4.312467962304492
4.42564735893965
3.853217392646233
4.252175009142681
4.197220533434399
5.249522088303146
5.353839983309562
3.2028357548695805
3.6530296009946084
5.121257233770031
4.591369127172221
4.745386347431037
3.950155974676293
4.963432332519432
3.8346377126458147
4.788054342259508
4.1319922486108505
5.056435795619069
4.954407471247548
5.361599424480566
5.614699525688066
5.652345418238023
5.08406703616099
4.590814010422015
4.639394508644522
4.722045614131411
5.149488745355056
4.714396521349664
5.793961560441458
4.212586720794287
3.938216556113931
4.905262188750712
4.266711440297734
4.475032669441919
5.008020875161027
5.578359971230386
4.892017969630309
4.9352160123057605
5.338738369970913
3.2833204316472226
3.599471294905367
4.621059446652002
4.819758683236989
4.869896609239524
3.9565748622387775
4.751222055477182
5.302965501061349
3.976028003611802
5.316290386795243
5.854776600610045
4.358263359873665
3.9578615515729045
4.5190017727293785
4.720146244979752
5.3122067337895205
4.615010486808277
4.217189175848401
5.7681220691022315
3.601231539398145
3.442281648559924
3.853860557670364
3.8334931667362526
5.434196231259301
5.542904874781403
3.826035963345136
4.781459320370094
4.625965097331635
5.514318503808445
4.256728839179768
5.470876913834761
4.717843938981406
4.9312727133281555
5.307732052084971
5.5602564945218065
5.377900431882609
4.214261349034475
4.948601522032421
3.827768720825665
5.583072867309764
3.4157932130109065
4.363981768797379
4.2403309845236175
3.9518757189250016
4.501175985131841
4.325567424800786
4.400205223009635
4.239523274767281
4.929347188735434
3.709590647216411
3.982453767725477
5.051483597058751
5.531196235793955
4.687596019909597
4.069673521089821
4.605926649435232
4.096186701473042
5.172770364318909
4.283421912739991
3.9742672654879074
4.312748052543247
4.473750541983302
4.771774557626563
5.037720689871217
4.977277449846688
4.764685135533377
4.197994368455427
4.334008266843864
4.379966560108941
3.535624342936876
4.357589840200843
4.10828754547935
4.0792136416186935
3.7731553794189305
4.75964746556804
3.9440703843390654
4.9615697476225
5.586940161405506
5.351874171410999
4.519939405560427
3.89603435592588
3.9259165858032685
4.164369578499351
3.6336738503875448
5.718867712649475
5.362186930568778
5.342310330748194
4.544536369324053
4.033228729407637
5.859727658317307
5.607515879161619
4.817803645662214
4.542858547495536
4.351680446803287
4.827840902665861
5.177887808337522
3.9830078772829856
4.980426836467376
3.468594847448151
3.449093770098619
5.691424970518636
4.941498885078724
4.447726771015162
4.492362093070077
4.532020710322529
4.704072700784713
4.542702408372531
4.485692091056818
4.259006161102335
4.704202113745206
4.383443904152531
5.137140472989074
4.360496706274252
4.468521423787362
4.589619869813974
3.81491340874685
4.02878922659252
4.528797396256219
5.193533706742645
