0
3.787137125034883
3.5138376485005964
4.61672642113612
7.003246825718078
4.268802418908256
3.4211421585571866
3.848708048887899
3.661180472056619
5.557551083259305
4.576432407724753
3.5837433064162263
2.9765757669697397
2.8753355163665866
5.400126843775767
10.414974063599356
8.891494006818016
5.44252167407006
7.842777947875969
1.3590494493150154
1.4071895380007353
4.099651757141721
11.146623838698027
8.040951850404026
1.0064902089622314
3.2520072180300246
3.7918816052533657
3.0261045934358233
2.968266042065833
12.637148162567975
2.2774147503551707
5.962421699308042
6.023412637693145
3.408369467158409
4.402976302662153
6.092391752070786
4.856783198170251
4.603315534090961
2.666589103501923
5.792030263103484
3.114621280822206
3.8280002683709586
2.8356379310113033
5.521174159397942
7.839367505108441
3.4145944564651023
3.174489091657073
3.440605870674349
2.302607904336642
6.205133576362019
5.30433180352803
2.7315978976011186
3.265131142071396
13.34629245005345
5.0133386383721685
3.816386782444657
2.720194144577618
2.1769499937205943
2.475557609694593
1.5991298901315196
2.208887415603345
2.436710983693747
2.406250711878509
2.317153790826575
2.1842568004391967
2.1783166290854963
2.194804772509754
2.1512197735949785
2.4403454534025943
2.7964959941286196
3.3783073879411467
3.0342326689296155
2.7325758447272244
2.4136914750954155
9.088520905064753
8.859108232774735
6.851144712890514
7.769238338731707
12.11894401131622
8.073128233045976
3.1075701526578947
3.310018785064787
3.6034376958940255
3.7234059952893634
2.8834093505702647
5.231091548493841
1.5840946362698451
1.7954981744076488
6.951562721048802
7.0754058296605615
2.1193467421692964
9.956873119475178
3.611600054180054
3.8096881387500643
5.3348403866443554
3.3680874356512627
2.553764422223311
3.149856897559553
4.654664485012945
3.4234787988384947
4.624537708928548
1.81186032203885
4.861906891373937
3.2570135906517215
4.181981821911244
7.442498331990371
2.5898431104363255
4.053426639120364
5.980207008882986
2.423347538212993
3.8178205367334117
2.1896362087641847
3.9160716960835518
4.381289002198181
3.4760882598695795
2.665463467504714
3.553191755862203
2.4938518815171227
4.623788559142473
2.509846064907013
5.548876668012776
1.982008082198692
2.325504941590924
8.106512032461033
5.140157275058112
2.442853598473207
4.5815954638280445
2.0797343567451203
4.878479499826966
2.189265615320555
1.935275016704696
6.701417313190268
3.3917319314014063
2.3490975055234293
3.237949771219253
6.468881784695105
4.305947005859961
3.326196441264478
4.149515941217138
2.6693540839845893
7.1288853401337855
9.916209995240571
10.401330096836293
8.40984221521855
2.5495161312385353
2.0497566645836205
2.0441840049982223
2.0254644580708026
2.02009388202692
2.0766414681638174
1.9060270637805488
1.897296577602058
1.8139826495285734
6.034783003688817
5.315982069241751
3.365955673747117
5.945138263091529
5.655587553640302
4.0848461341477185
4.918863726563103
3.2818921750010372
2.1749141768554767
6.575574430737937
5.719810782633425
2.7525050896261023
2.709453511905569
2.167477748987596
4.636538043307071
5.648514411914126
6.244738832685664
2.125021451632102
12.738975471472731
6.386246496398653
8.019512928130208
3.8304530533098333
4.969957802649572
4.5941871560925085
2.0042580359997686
0.9875203273718767
0.867750591183807
2.477901328571762
6.255553918369265
2.7006241429795614
4.655973165105499
4.6335136272277335
2.9531963465146878
5.40720429724289
7.137303481714021
1.7255172912497347
6.515216129043786
1.6531695041035888
5.063116133703654
6.942493353829293
5.390524289572283
7.627352049158352
7.657973551211437
7.628311896615881
7.414786332849855
7.438787587258231
11.31462192510983
1.718778383921399
6.241256872286055
4.44640652562073
3.550176607908474
5.505349169705331
2.0203202253965107
4.068926053988065
5.265700311123329
3.372997111643144
3.279392707218918
3.494984470930345
3.1771511826052983
2.7790496014023267
3.7439700904609103
3.546762255093922
5.757683973290059
5.210804010207146
2.158500689684683
1.3935580443753366
8.698472338012737
4.5357832926589365
7.589541720258065
6.108507758144009
2.0061920443356493
5.677148862428608
3.207462955566726
2.9980111778934773
5.867121459660643
5.168797651352367
2.9962831767139737
10.058634298596633
3.7836129052264282
3.9241983917769048
6.789995794088873
9.129131506072046
7.795513112966859
8.675931515103198
2.603714058005549
3.426139305635647
6.723790448008633
2.0894155547864695
6.486682347096965
5.3428442885929845
4.583634050403558
5.358457469472726
5.213868594336625
3.4317903659211173
3.9310133197684527
1.9852258340136164
6.134651713929772
4.438701713722664
4.387916523859316
3.907598000248427
5.310040739818053
2.5143255138196494
3.8916339667299904
4.247068713221407
6.424112756610571
1.8563248624069744
7.913663300169298
8.087796969405543
1.7650502492679863
8.65525848873412
5.954890771690839
14.141965997599456
7.627115495793757
3.4176037903009036
5.772904569629171
3.9107929237787395
3.6158262992199512
3.8295580876015447
3.7765095415337084
4.307765777405449
3.7878667099556176
2.7388874202499154
4.2437750055534345
4.677740858049968
5.405367621229526
6.4133660440649845
2.286964107493107
7.51966742870493
1.9713542487434785
4.731811036445499
4.300593139380851
3.8145300001390883
1.8925343371951875
2.9752453355464907
3.4397265343007146
3.1965172835310396
2.8135116519921106
3.007129541779662
4.128711768111713
3.7450444314330102
3.736409419680493
7.333598731200545
3.0896193441447877
12.553690920609515
4.253074749788632
3.1039156325800907
3.184037600823738
6.764347590568675
8.224208249878181
3.7569479696456782
3.4692156827687968
2.727796969303625
3.1682326695870398
6.304357459636245
4.8099590299426005
6.671456462972323
1.8513398882498282
1.3333085353379612
12.221911660106072
13.032098542604611
3.3195997756603273
9.978268185335189
2.623663479584797
10.152801155398091
4.983148860394518
2.374051663257984
5.8450647900733514
2.30700709042205
2.732216785193743
6.560737895243639
7.398663583266771
6.703777707447993
3.096439838326424
6.9212859527373345
4.333500793108627
7.098517683169631
2.9267590227377958
5.578027450827523
4.588548194585375
1.7951808037512818
2.5737545633192487
4.894163795644176
8.481679841581837
13.931679123578125
11.99482757960205
1.0128871939303719
4.284874191143311
3.5066146107472127
3.142752980888377
4.073253000950013
3.7943593792434247
6.069401340619388
3.8925173526802994
11.236573637494788
10.287005223915445
5.975028250099853
3.480057193278949
1.9537265501426577
1.412565860138156
1.201173497509489
1.1573622902497696
1.1534457879816569
2.278892146613679
8.233956618515302
3.971057991029466
4.596556529081265
2.9387025048975035
2.7405951665609614
2.9787982097651877
7.384982864551544
6.835643842746584
2.3548889003984836
2.887425609594826
3.3226583035073443
3.828373063838256
4.559944526407753
4.268082841413499
3.9730382646928857
3.1627178810657606
2.7267875369063024
2.807924166231993
5.687974188007642
2.5694307385689847
4.042249810394711
16.091346280072326
15.739843945038832
16.26713289610598
13.316353692194074
5.490274658097235
5.163961871815874
4.390387558387326
2.317294858568623
6.099265210096138
7.262207155010834
3.6747164008654933
8.602190693334759
2.7119470053107975
3.1413766012719724
5.216784768445552
5.438619388919038
3.835847691242954
20.660521299639402
2.5899984513450893
1.9167073239746826
0.9161288073342007
4.412080345357153
6.853215334267803
5.4554398244520845
5.039977556704519
5.659079049801706
2.4492962817592505
2.424567765648453
3.694389121086044
4.126654543103015
2.7999091931040323
8.499987309426096
2.998794832040788
5.426840143952221
3.6858805167913995
2.6232282180423523
2.0034118114780273
2.0344729333483715
7.868425282389451
2.4389202221494384
5.282313800905991
4.1927291317978765
3.820603358589766
4.090117735907378
4.619232396523679
3.051840934235677
6.370437666924875
2.899947666451369
7.671749674166453
2.157836118798995
8.512404075462992
2.471745839720958
2.208650668164066
2.114986206017771
9.385247871930018
2.6643590481306654
6.288335475199741
2.9511217238997003
7.044583708236794
1.461012855173715
2.0644594626824224
3.47221142719122
4.664153817371487
7.076902029405257
3.1113369765036816
1.6303226019753865
7.402660651731117
5.415997778793404
2.8787000239687917
3.0975373923721015
3.3106427299935124
2.8897292376430137
3.3795219417320146
3.4331239206116133
4.5205510468055
8.548318632696793
14.414954260549779
9.205572438358574
2.859707653214184
2.984097487201967
5.361479711245529
4.7031951736324
5.227115319131544
3.293940854488624
6.836277109436284
4.73959000613148
3.7630207345999995
3.2057038907530493
3.6029626746570598
3.678549235809919
4.142132876844938
2.070671897871977
3.6180568350067333
4.571996938949852
2.544910030276732
6.739334303685746
2.3869662976966706
7.358781427855329
3.084273267179695
4.578972710627034
3.4992390877153063
5.0364123221409285
3.315788265237394
1.9580490555255092
8.618585402983758
2.9685757528460828
3.114978276795781
4.116112439969211
5.820966673612014
4.862598863566216
2.661382315129583
3.99695727913525
7.151103006496178
2.2847580329159514
5.909088148983017
8.540195944756768
8.438370316816057
2.6312850754676145
3.1071746316875872
6.113799841006166
6.32416296711313
1.9615599808054205
2.8019950209248465
3.539070957979483
8.26988671983744
3.4610298893385556
3.724796024174442
5.831879777402673
3.7365544777573776
2.58539346975374
1.9579516550640883
5.011117862485326
3.5756763520224175
2.5531781597924805
3.0799208815437433
5.67350098453042
6.4643854135314465
3.556625953601995
2.663471958026292
2.6051589982089363
2.9785991525088558
9.543144669599881
1.5612380385803095
3.0021157217541354
4.7817676188205676
4.085319408952354
4.176897320789065
2.8027605408895035
2.627103506875048
8.220038320737462
8.847810789352874
2.04985418728044
7.29367618164649
2.0066738251721734
3.4916602280319955
4.407786132946909
4.062061006264109
3.873022931676992
2.801280557715765
2.1342535509477316
2.205180491836842
3.337467825943572
2.773612142262114
3.796763232472171
4.278228835991417
3.223555552479436
4.108487370181549
8.591456614860197
2.138925330535551
2.2909162821830122
2.8204999337707255
2.3120341786399004
5.097049013377969
5.181000193835672
5.64989696399357
7.385162221475067
4.25694146557719
4.5644059268155095
6.67504294730423
4.5523335137631005
4.2713504759831045
4.579067200835221
2.961727322778555
3.7432949588322044
3.387274773818076
5.435406763888044
2.311539283078577
1.5666446604644906
2.1053952031535754
4.716768416754918
2.375228177748584
5.259910993403162
2.4855848718409135
2.758176274625528
7.074516632035441
2.7832731644289894
2.7377330926419656
3.587425913763196
7.914749508409688
4.250640611149644
2.6630246912326125
1.8205650487244873
5.680598162014452
1.8328124764904457
8.714301499674844
8.399906644370507
2.192570930976517
6.988438531637532
2.0107671875935256
6.143718566840754
5.789138798393226
3.690300791628024
1.963663666824329
2.565390911862363
3.731158061930958
2.1635877798865546
4.241649547260984
2.7537925592450967
2.1580294196365806
7.463117568100902
5.142630304027535
3.3713251859161533
3.4345309282589316
5.725459891246094
2.8481339282115266
6.6538705642922835
4.004064787192145
3.774408288315192
3.8454270005871667
4.522324769618384
1.353548231737282
12.023008485356767
3.6132563411014327
4.632985911017104
3.6173191299693292
3.70021787807935
5.133680000471006
3.632461425798328
2.9550221862307176
4.18279841099405
7.412719539381631
3.6505910446634005
3.9487106733960977
3.1669570594943828
1.5775072245604254
3.7474357415002246
5.431100904187054
4.446576797244103
4.3422924172124135
3.845365815247409
3.5837598317000703
2.7996130300944735
3.6461684932055154
2.6424908978411783
7.826435211403679
4.140252576361428
4.133435822401958
4.351468349838495
3.0643346346445144
2.6836002007611914
3.6550496402247985
5.2980522976232
4.945017380915687
5.779564713957461
3.893234400564575
3.9599072798446766
4.350808745399697
3.33158712100491
2.5245796108537024
4.366958213446987
3.7638219215056505
3.169362852311876
6.492215637221959
6.521762629971469
2.895582005840508
3.4901495454583973
2.163120876207764
1.9816442261886997
1.3848423981484799
3.0615849907202333
5.340898065275254
6.220205272350583
5.095820979146851
1.9238268233896147
2.033325300131627
2.4377502450248603
3.238519354133132
1.6451785732690785
2.294799750571864
5.568121501198775
9.39937941533367
3.2143808188828125
3.0059892336178784
3.7948820930369624
3.205416605068345
2.7803274748172218
5.60997563033489
1.5497196614504551
2.193350563808463
5.269322753542547
6.699050061420392
6.935899794875304
5.886711580680701
2.7668211594403793
4.403224584683931
3.746191958668869
4.085462410675301
4.08651026755208
4.549057462246453
4.353878494191114
2.8165955794937876
3.107969956297104
4.368715112851441
3.3201935954831856
8.379926800566256
1.5621415569051107
1.9743842419960664
3.3736626345008673
5.371587456037962
5.528258466086179
11.110691876955375
11.830306481866373
7.965813955586473
6.351972636137448
5.45457855855283
4.539092709786495
4.3644979953129726
4.080923942809938
4.125970494703449
3.7730271217562317
6.433126093045126
9.142289084199671
9.380041562235514
4.411805553570735
4.772045431335712
6.207477006194952
3.87531596882685
4.1651898199661614
2.9380767292242864
4.451921274966711
3.881350262051605
2.743592326395551
1.2133378685932386
5.472903589538316
2.3369422649224343
2.299266036228825
3.1290949758693904
5.680356138379735
5.110511715944611
1.4540854168731956
11.137284628309725
1.1254389555798148
1.6588433032884617
1.554987603521984
7.601225011354369
6.747762953928736
4.2827642824947505
8.023552734860326
6.617271756239936
5.098115027946609
3.7608540619350297
3.8176818115066378
5.254543079968835
3.515798340252532
4.449903920415609
4.566843178581548
4.163820012165357
2.3228704408413616
4.166784776621781
4.845033222011273
3.537827783359378
4.245127202414967
5.66291955375479
5.66308966064183
1.899209711985815
5.796922937623128
0.9853818669750681
2.1418349926766673
3.563997718863261
4.499827584965023
4.393054826605681
4.396637905972368
2.463329780113129
6.75004231743871
3.739054281281161
4.531441087916663
3.7332745827449165
5.407229340553053
4.018184687922697
2.9143103869898384
5.432824018048206
2.511401559500271
5.104125967657643
4.543369114636209
7.599323177637451
3.55465312947882
4.755324270703984
3.0616783406249075
1.6055319070930176
9.073999577753673
10.8553676713638
10.727062942178343
3.2252055366126124
5.572795804157743
2.270676128775709
1.426334158268888
3.946432689439674
5.5666933934574105
2.648015435039901
5.449986983011811
2.4338474357552986
17.539540768995877
13.77689021065748
11.961746362326629
1.5236175669472123
5.7139270224400285
3.047825199167335
2.747262122527261
8.192967177653875
3.8206732180324665
5.426503276284741
8.291686670230282
5.2808934711366335
3.5497400066125775
4.317658466731274
2.3208586868174463
3.0191173399675386
8.123015847723659
4.365120494663304
5.256685330749428
6.1740600085310025
5.461100204441789
1.3441925486380866
4.911089922762772
5.552615344137741
0.8842774695958663
3.01118829516936
2.987443149480442
3.204287337307081
7.7473601938258625
2.3804180576856306
5.885639738468689
2.13714407538017
6.332330903035264
3.3200303418677226
2.141338581789178
4.008778516426751
4.6622192763438415
1.4706550903093916
8.554410835815835
7.727061329117044
2.9009568225139395
5.087535413089352
5.296384363437299
2.4506982691781674
5.518992265123242
2.611562941201267
1.3969019613280764
1.9671548710890878
12.960873157943155
1.7769514333236667
4.314227628587785
6.406835548807366
2.1865118029145636
2.9486619945603754
3.5829956871111315
3.3374210575886822
3.869751678322234
3.054784014042677
2.3246959104535554
5.388680899702495
8.91987339585738
6.704529529831994
3.4547187298914537
2.6827688175134883
5.838062343061779
2.804279740468769
3.16160954435733
3.7228105630234345
9.468215587507391
8.859369165814888
2.0587998251709214
10.001084205243751
11.874016844847043
10.384642683589208
3.761303564828924
6.864945603218833
6.2245983584408515
1.659469209990263
7.053790020211951
2.1617911775083076
3.6631611854878297
2.1477884826885987
2.3484189688929993
5.822006470739555
2.158390660457902
5.754019202922482
5.2687460203218395
3.676629630160701
3.917067146322461
2.6530916993750537
4.668486725715283
8.239561708211122
2.646279492986045
3.7732251523638545
4.14909795220259
3.470844720546678
2.7941613254718893
3.373318758228172
1.718666819641573
2.027685439715392
7.489920137608273
8.321871350047616
1.4602553155788776
7.415427811791594
4.288319923346797
3.3565121839606284
5.052627695702395
2.5397876739149243
3.9095868372377254
3.360479633633812
2.73452495851956
1.952334049769992
6.066096203628062
2.2749610733359895
3.0632976867830775
2.963194686179015
2.3484798286344426
3.6293810325423514
4.020209965059617
3.5091684151329203
1.7788008911388513
3.94400260238235
3.383967907226931
5.623473063730362
3.399242106699297
5.081555676607699
6.4159877206900084
3.773068269822792
3.9359652776248675
5.089949365527742
3.1771474974345457
2.1673458119831035
2.0720057019009057
2.4943149010050547
2.0439530567171893
3.5063808391733997
2.5610234728062475
5.569489966443379
5.311227347794505
5.183864783892687
9.06926984216994
4.659739037688244
3.462753273913699
7.025572641319861
5.04366081474983
5.571385916994952
4.350940226346367
5.98345737624005
11.07780124383402
12.283006742371809
7.307418134965451
10.424604732016814
4.366382777518008
4.230462566287846
4.414480976564501
3.075066389039098
1.6793134331209105
2.1501124926871964
9.949021262358782
4.575411155902477
5.749803745632775
2.237198491861823
6.63215847668091
4.967227777887763
1.8236183605052176
4.924871880010655
2.7092630260201944
2.9086929747688526
6.745434793042282
2.4297160845928487
6.0465955289053595
1.7702534284183447
3.8932413323300974
2.6608157814102107
0.8041325499452141
2.5257184402384776
5.9606622430819955
6.524663100353903
6.524747076444481
6.661557195854084
6.220677538739578
6.11192499032392
6.124634300492585
6.108202344839109
6.0962143714373145
6.097546777312273
6.1163108240840565
6.101797351283938
6.220316702793361
5.800043599192836
4.325497774879129
5.782564781152991
5.833496214130637
3.077703292522726
1.3561061331295434
6.803402694940979
1.5819432348171336
5.765385539086527
4.950527318870527
2.2569000378161626
2.0097156064528736
4.249519781715046
1.5791185563218442
5.336824518539398
2.4560348867053614
5.620752660279318
3.9785322139343875
2.490556520045756
3.504386282320706
1.6402244162427675
1.831892680312917
6.425853105277009
7.758475861466163
1.9188512553345103
2.7593059246789338
6.618039399947967
2.7944821632747927
6.803163355308292
1.8212883148910841
6.280121501528463
6.577659939234081
4.458034124399789
3.4256769517600816
5.045036200443231
1.9864244198476078
1.988447899915313
2.1414598709787267
5.805614255853056
4.013710472902421
4.626943752668312
3.323987451889144
4.8060460535817064
4.554685347260782
2.044388071112327
6.136661818646212
2.5762541177510436
5.643945331815833
2.6330610704379422
5.919701965183496
3.2634321490090588
5.007962641104752
2.732463161222767
2.898258101532149
5.467355520033129
2.4346337418113837
6.039808813936855
4.559715215773219
4.7107598558051444
4.134309990375379
2.414573367965745
5.488198636367379
1.7040777297047556
1.8339424513972924
6.358691548403078
4.284540132269575
4.11529649315992
3.0549551976562714
7.184572709514476
4.59948728277486
3.372823284644424
2.586998104183236
4.88322926881763
4.516311176494014
3.2377160759694235
3.3693232586782513
3.1980115830463625
4.520722657422445
4.671805695376963
2.168230390625936
4.791650334261816
4.49747385810323
3.510744560187746
5.773792796989576
5.426294168052414
5.764269834961808
2.860627410214398
5.373991035587934
7.426603445531304
4.762115499407819
3.4850689988828534
2.543833027780451
4.916378640467735
7.232116498878359
2.011312477009613
1.4279451983843297
3.0753873913932406
9.170729936427447
2.586289339249694
6.251109222735429
2.380309120700937
11.099243391490019
1.41670099570822
9.716532820817438
9.70534586613957
1.2893377364846128
3.3114240816438167
3.3351516728778203
6.9061146975874514
2.3373735235605566
2.2617933520107694
6.025852596498736
2.962507442701328
3.6227573850812766
3.3505397428130714
3.2967563230476076
6.806480168830005
4.995005005344709
3.4373726378195126
3.5463414333742556
2.9071735914170107
7.824776237623856
1.9646072543240714
3.2721134123348765
3.7391921232160956
3.737218990194909
3.727047783245081
7.1111583002942576
4.25468568830034
7.117746362710574
4.105459946589856
3.6940314733617314
3.7571989582724235
3.577977284082248
3.439571536327478
8.441685450829526
1.2464869708152417
7.351714157756841
1.5410897103910055
4.711780779359603
3.6282445322904517
3.596996363603009
3.4647280042573727
10.045641179765855
4.021873513728489
2.161087055500537
6.615593352300492
2.037802076104458
2.9070089895348383
3.482660261786924
5.0796260901251875
3.710265650197546
2.235097103147136
4.920457992533686
2.447787430680518
3.201580927794208
2.7840154490659277
4.12842480476213
2.9782255109001166
5.897340895486541
3.8073100814841743
2.9375351363781723
3.4894700817277085
5.863538425535985
3.4635976415822607
1.748316388220279
3.941704737763622
3.2242307384513453
2.4015076245911584
1.864340275453747
1.6400086648416543
14.496281527044212
13.666789345140346
1.7918738672769376
11.01085661887881
1.4228212307182964
11.828980236848011
11.467664293942216
2.6321926977632235
7.37892239886139
8.437165600305004
2.8212141192724838
2.491918529996482
2.6350401906573016
3.7306742406088906
5.945568730247072
8.832704385502803
1.968066065670733
3.5156038875642546
2.8100639162007437
4.422126401015429
3.548322546364459
2.587370376430561
15.088973093859897
5.2603219738914175
3.4047240899040525
3.3166519342935232
4.051063311004028
4.852367299505946
3.8540483469245057
5.382897912831211
3.6212203372560356
3.596586528299716
4.077802601685605
2.5433622007086907
5.842943759111825
3.5405486289027115
4.809758319804469
2.599137997849846
3.4679356582607954
3.698008798756819
4.4406676357991115
3.3899275491009466
4.235595084318458
2.47149308501867
5.985091917954612
2.7792934010129544
3.5339661931942263
5.563189156963526
3.8217864256887073
6.689016426004676
2.8259146650283027
3.896375841012345
2.559836117990041
2.761601293833004
5.0078596945390945
3.7070860116951954
3.0694114891707835
3.6697954084446396
3.9105746397241727
3.3287519266402925
4.941998331754797
4.110340320734671
3.5612270545202684
3.2611592791228734
5.935511646519627
2.4742519068385707
5.424434806869246
4.456683748151985
2.3936464009028207
3.160139908611462
3.818856269172731
4.758678368808506
2.873733198550445
3.024094506225177
2.4237294962383755
5.714198942587389
2.9977659796693317
3.448615952713359
6.664350232070257
2.269307435591959
1.6915423909507525
6.870365235074735
4.383001573746115
3.8772876051104013
4.14511848634639
5.5874968710835855
6.258556331670466
1.5316541256912464
3.702028393515544
4.206334321156241
2.9812671799964523
2.151986901468968
3.1743946795672873
7.797735444671833
2.1406317074620387
5.798389351829654
2.5401973385339414
4.815928707745808
3.2131565339392756
5.232075880679647
2.679011608795827
2.557340119743087
5.391920576351415
3.1634335315340065
4.097533586098217
8.382845979776965
5.848671930563574
2.912584362258272
6.266781434503903
2.475445169429485
3.000266999381125
3.352181806349911
4.760395416456374
3.982038315861677
3.993769120946109
8.403602433636479
3.6445458174666547
3.809020506077194
2.289329866342691
5.441948099011195
6.709420165589001
3.6813982959802636
3.9835540847547617
2.7508163664507954
5.675574240350942
3.1152413225889726
5.81765488640896
3.7546795035132576
3.676633954461752
3.925841171693338
3.073178211327743
1.2915610833723454
1.4603179690251291
2.2607079638452197
3.9324409021119218
3.3750762584163305
3.6399314089355563
4.525433467387823
3.263896117309872
11.593522880796991
2.531249726060541
4.885746901987583
2.265485231286553
7.200287497857336
2.0899787666974055
3.122706537602936
3.9400928922692615
3.3871281281355614
1.721925558962198
7.90347497570562
7.728894721274404
3.15799718747136
4.3920259631423395
4.259366354987084
2.531605101641
2.718240261378936
4.200278311998288
3.4657985454943296
5.868680787734151
4.927380240843678
4.318738875244121
2.6475356221314974
3.716901171264495
7.82810266656412
5.945886173868276
2.3887519222400364
6.242366076275744
2.409600473673035
2.260117345603901
2.1881591894604133
6.564314891878699
5.047861617781942
4.311250596904861
3.0269304444285834
4.383642096494593
4.697097875218057
5.669966979626556
5.230569021793857
6.1285646495876644
6.17215025216865
4.382616113540989
3.75014936161537
3.081884102631484
4.043750957726139
4.057568389519711
3.1122186015333235
5.433490007549942
2.347813572376857
4.599488683477254
7.510558359822709
3.28275909989469
18.307098665013218
8.529685899311941
4.571269748398163
4.50374143510724
2.9591911025926376
5.0547499100282485
5.8025897091207685
1.6901146309977761
10.263818302177297
4.401009494260093
6.942551186681589
4.791712899920002
4.920523424256485
16.237330650484687
1.819976181478336
2.5069857958716923
1.811821836550539
8.309583559367264
3.0002140859428557
3.6120405563073037
4.8998692664376655
7.306023978790792
2.3139320785196893
4.404238370384604
4.542881804125518
3.498420340990197
2.746273030906383
6.392576411924762
3.246607069201586
4.546949489952771
3.622775450632592
3.418624904953824
5.73807882465803
2.9700174786281086
3.5547268301883497
3.369106159221846
2.1987217976135485
5.355212459897895
1.6939052414586513
1.0408464218700646
1.9690569578480168
2.1896293097219033
7.377939052129443
1.9213645401847719
5.52181299493212
6.3703044465918595
5.175287501694198
4.960759502191207
5.575316724293524
2.7585706349054444
5.870239669123767
10.22777075254733
10.44391298422216
11.019467715736223
6.135552600564699
3.5961886304273705
3.836783821082007
1.4012744300964852
1.270972121423801
8.139717985153228
2.6583407621731707
2.6542331744180134
2.638848866670782
2.6250144533642987
2.5878241309051506
2.3971416724903154
2.056585540128826
8.664911363924002
8.538632303451873
10.113180683753797
1.7306501080442698
5.668686103253236
3.6769410915773584
12.61801113994102
1.5128944637544397
3.1772817529036677
3.402249344826429
4.285468336801015
3.520054946161441
3.1609198259534708
2.5900577766213675
7.498759773961015
6.555932437046006
16.085546120716636
2.0342895813265884
3.5711003438161204
4.318935871342987
7.669740877323339
7.7214486657617245
5.199087613126983
5.569627228371572
4.511707133389566
4.420893980508314
3.001960938527585
6.654544439503096
2.4329249632402314
5.786381517609166
5.5747415830820115
3.2127778560107108
4.661913962261398
3.9723117713597915
2.8620745715090132
6.068944206478381
3.855080280453594
7.317107759233457
5.6325449622200106
4.080677047014067
8.998245437923055
3.553824360584801
4.334822418252212
2.5298654358369497
2.2501148529515285
6.648091101747021
1.3519806967019667
7.036076768047579
7.302297201581239
2.93853701024866
3.6226508828575295
4.238237119091353
1.7094163022066324
9.707369837600297
1.9583796410552459
12.175507949944153
3.244530298549125
4.4177861539620356
4.18507229767093
3.940705884688733
4.72008076554988
4.578861864749678
3.4366851184656735
5.340196553664019
3.5845964137814814
3.8466846147052816
4.304593892927149
3.524524937131089
5.700075120602456
2.8419942103268734
6.574038561200525
6.675727070404193
2.8851971837215427
3.065088151544686
3.958277509146827
3.7319509282221754
2.4554598809250656
4.46620657553012
6.454156534742547
2.398643834312019
4.285948808734004
3.912187801557075
4.026762759600937
3.479275855387304
2.9093207541791077
2.834490786518239
3.5811853852137157
4.393380742368234
3.2144184710182904
3.514628250785668
4.524817406523898
4.9848723878098395
3.2022406336087417
3.8870271819110984
3.576066899341309
4.427234377749091
6.737613463163482
6.384240965785853
9.101951316872775
10.832767279958434
11.255703208795007
10.23004795673538
3.8231184654410946
4.386386412561323
6.047649444857677
7.473745674496475
1.5641088679999664
6.902827379241307
5.445151452358673
3.8519771672070595
3.8795628232996218
2.023327086367711
9.836427548593402
5.777966002304682
3.142692757638948
2.771636998731019
2.352897060864016
5.200102591993016
2.015499791135804
3.7208415299476467
4.4037332891455785
2.026745853154578
9.204787832857747
8.895514363718451
4.027228614662066
5.28839827847371
2.115327259194511
8.144417031929573
4.917958110963461
2.653202250937134
3.9621767377452364
2.8598036268040237
2.500516857231652
2.5977673401430437
6.75356595385135
15.070301375471372
1.070877723692385
0.7949974669079707
1.466672365604
12.61547048754708
1.3806075064838783
4.756623939757667
6.9226781103074
7.860519392674163
2.100279371540909
8.302862306579856
7.639845582349598
1.947388351805612
7.923826068037896
6.49810195873574
6.301773082907612
1.2683568345611385
2.2997443877874533
2.3937276059925794
7.425579479819495
12.508696943767323
3.3057974539018478
2.8189004102613744
3.3395510929931156
3.6115213248043334
2.891184975626297
3.9914669154020515
3.9536532496540713
9.205028378707674
2.008097072766609
4.442372561412969
6.498567513989832
5.713621608686765
5.997999493241218
1.293673404967148
6.367887185006929
2.311904265634153
3.0260145805171077
3.69786128176767
5.266100484219351
9.54443495740632
1.5639038427171714
9.841381101958115
7.208081565280038
3.180887622409976
3.780268854624911
3.7325922788759005
4.947076769683184
2.0228038885978012
1.3537522105289717
1.8127213979622183
8.173272089919701
4.149383005077072
1.8779757330399462
3.267451442539551
4.505239300529299
3.4425415243122885
3.993201757144623
2.369936583947505
5.810715008156245
3.4350090128912596
3.9002907376532465
5.068977984909847
2.8023171218157983
6.139597996812923
7.882570205192632
5.127519109702719
6.3281740999838645
3.0407962189897364
5.044916177167669
3.7109851042453137
5.342079110853249
6.464891005047168
2.3770867383796164
2.7719748776997126
2.8278343636432006
5.0481497239022275
3.4503196118005843
3.063428611226531
5.376868907510462
8.825256699823084
3.529341844720729
4.318477776639898
4.46360706456775
4.1450274832369844
4.871112614969561
3.166822218045602
4.890764034204763
4.480227158045939
3.1010070701611894
5.064867774713401
5.306262635138947
2.9986060211511787
4.269623937051738
7.096008372836649
2.309726477597168
7.577351590916523
4.59923396651213
5.502594442744172
4.651116454267789
3.104948356788306
3.973068189221506
6.429474101408725
2.168008946065464
2.9905579246179967
9.014004597539799
2.3937162427546923
4.396900680925009
5.990854275437641
2.849775734293675
3.14860900688221
3.8651961826248926
3.4022128905233515
4.787695001980526
4.289242095656817
2.542979145458751
2.7634626473756034
3.7893664700893477
5.1931903453111605
4.873326872405029
5.216979792182981
1.8096386850637542
6.223738533171069
1.0793508425936493
1.2644023618367237
1.281333265981373
3.4967691688264497
3.9685522394584196
1.7009332707192664
2.676232979082542
2.8487680954211316
9.166341268984882
1.709828101799894
4.296582390009882
2.834683161062998
2.4141485339076234
2.7207953133775526
1.1530249179772785
4.078404416868744
7.202961619610266
1.4548486891611816
9.448208695528438
2.1118641450273294
2.109827241948171
6.938368566913483
4.849058282544591
5.080293775256198
3.343220493955835
3.6142521605864832
6.072330267520556
2.6290197377176625
3.9676946707372527
2.9308901233370808
4.493183883637963
4.894134072448453
2.937756540125621
5.29616338799287
3.28156281806762
5.634038877123454
5.645759264521814
5.226790868916347
5.7675927953527895
5.484300006109687
4.743581964921549
3.019459776894351
4.218911887155067
4.0407731659995605
4.700490178890297
4.609563590170511
4.845147261917295
3.5811059431270404
3.5235249367332946
3.4318599221069435
3.4347009998085904
3.4347009998085904
3.4904751918653028
3.446016307392059
3.44064079303489
3.4953442374982258
3.900823954353174
3.7444755700369803
6.037275965523525
3.8707466811884195
3.1368377975875723
3.84483064133572
7.391833199645643
8.799824566891715
1.9362427922485006
2.8378789670655564
5.194993454267603
6.22858150836979
3.0189881604493105
8.087006038356575
1.6786575285976215
7.067750374737883
1.2862309370476246
10.511392771621281
2.216084742781299
3.3523332117193916
4.568511681136561
7.302547934676702
1.8290619716993362
2.1041310305933196
4.437651952298048
3.6683262028045625
3.7573462415312107
4.420376290504713
6.003996302752962
2.660355745884898
8.536734934496845
1.3090073891904492
3.031695708834223
4.695975927627743
5.214145670108321
2.1904729539495973
3.1886383307023305
4.3365908037649925
3.6031540459433553
3.2562232103982325
3.4649523979744474
4.650887241637685
3.2802417677364932
4.328869451006151
4.207739072620203
3.0534494157118854
2.7108146439769145
12.255366011982714
2.0014776538073678
6.264572878290784
4.205808898932731
2.065803408653884
6.5568442324996985
1.9000847444940483
5.570061645077708
1.480125563853732
14.224398986010717
17.561428452360445
16.12351836325431
2.940047893630105
4.5178309847797005
3.24113179237632
6.379540716628267
4.283369866889134
5.691071977242518
2.863515148748004
7.164010893264701
5.9328947614206475
2.869718222491751
6.784043110531871
3.0184692778242903
4.65374679716748
3.885691612307776
3.8828576366112912
3.3302528349189027
2.0056564214304307
6.269631649230309
3.0007060211242886
3.84587871934628
2.7908902474063533
6.27564582943242
3.0672385922185303
5.783489532442072
2.2507154491354275
5.159001035549397
3.3914502717389925
4.658139525330326
4.846536283239658
2.546971146710651
7.078905979866773
2.4850769719264716
5.137469776103475
12.526584974896748
1.5148492609487958
1.6719496245239924
11.58500469036193
1.6656376511135846
8.905187092754522
3.3297830377083186
5.500455220421661
2.8462712400396244
5.248047993306117
6.71627494492526
2.0107843756789503
8.139357188819067
5.338108644433211
3.026750266317442
3.7354531730341347
4.342044095868138
9.592065524780514
5.656458870966437
6.945097137724364
4.545345833922775
12.962275291605927
7.862610844735625
7.905495104551482
3.9318007875708596
3.58392033577413
5.415554071788377
4.372658076735516
4.105897996669738
2.801973971030021
3.1438870312243887
6.456432669132073
4.103112311080114
4.932952167658499
7.075678591448703
1.8397015702451762
8.383366566304645
2.882318221431005
5.932485976479987
5.042917052872614
7.8213956164620635
2.076952211572628
6.87505316708984
5.304208960729579
6.320818385299052
3.2223575956282997
5.5382561493466165
3.019658947899965
5.114289679007747
2.7546877385102833
2.59214171924494
3.775358642718474
2.8727351404405796
2.6240499968659283
3.813036975848926
5.698848491303112
3.482359562493667
10.237226426865071
7.4840021234188905
2.5065613798359485
4.588625414802603
4.27385602405121
3.2799123224131996
8.680076303691735
9.210902127758917
1.585281204686874
2.7050492952628393
3.9461435304075185
2.4564273411684847
2.963299087274423
4.1816681659795005
4.7354344304497324
6.867376897368185
4.415020494881886
4.081672121488366
2.8828215177129235
3.838666372023172
5.219844124163167
3.9136379047803507
5.280484770144084
3.9479549243660195
4.548737824341952
2.621556766209731
5.455288270197189
6.92695097400583
2.273654031678459
8.45106007179093
1.9472583439663593
7.370146909371015
2.313791140501919
2.976571602287824
2.3228221509412865
3.8944356036305923
5.353512622222955
5.1193309623955905
4.239983393017108
2.4682050054500255
5.22078076216524
1.4716089271944475
4.829030366946259
5.751242583154925
6.633003123935042
2.9025411985385086
5.426028595382458
6.159175061737308
2.7404680172236104
7.335604038135371
2.173852697942895
7.978250038800493
1.835974870097883
8.908216029608402
3.6231795758010894
2.4820198361456343
3.0976642317301324
5.71234752756975
2.872764247892213
2.1889600745358466
6.79446653416681
1.7309703684723203
3.954910473698202
3.6017202059325366
4.506863706829371
1.6793987596222875
3.9938952528785117
6.253873874257035
7.310722866153083
6.040543446067223
3.7022563932472474
4.235787259263101
1.784553196725864
7.169031876529148
2.1732207262066736
4.301078277848984
2.247272726079071
1.9775474262877257
5.037114951315684
3.1142627477720417
6.431438543204482
3.821472439840679
3.080657426708469
4.335118245621481
4.111013911390666
3.8524218568793716
5.249431993075938
4.3125167825434145
5.104157036295223
5.613360991120264
5.442836262903904
4.905923607301961
3.3717234703567835
2.244658640253911
2.4295816214481154
2.270874360815406
10.450861118696308
2.7571145274929325
3.4475354181794824
1.7149055792389287
3.2508320746741326
2.829134254030573
7.593801394607328
5.569178391458975
10.047430509253033
10.188061429927698
5.726503230821913
4.725006759040443
6.300117758720446
3.685642661353443
4.4008172742647425
2.8492698707131576
2.1634384889320177
4.892807260851952
4.818168397954264
4.045380002036491
12.60856904691041
4.302266945726252
2.871325858606104
6.732704223799931
2.7607441575612026
1.3725976327176437
6.243831358151184
4.047041114773058
6.0167860856057676
4.656219375263862
3.538960532197253
3.618063962344291
4.904974211958427
4.63822005347207
2.417039249425313
2.9131639180510067
