0
5.169383945337213
2.224755404649885
5.163900421870172
2.3195266892148845
10.613200710972519
1.1311967792861595
13.529660083924945
6.772934566652932
3.729255311255993
4.308955859315044
3.317678008406642
2.5275598389479725
2.630240582308655
6.1399619372509555
3.7833128711400095
3.6795032389944065
2.1952409742665586
5.759455700314267
4.505514550812248
4.573033675521259
7.514864082996023
3.688394451718731
3.3301222322154236
4.098537704838316
2.4834698935979267
3.5374240152778955
5.19288724295788
3.824907924360158
14.330608662195628
2.941721681970252
2.659393429711517
3.479720510661686
5.861275706775745
2.397805630968627
8.049401463594682
3.1327317245360002
6.505167983645242
2.7381233823676148
4.866657444095735
3.926109193391312
3.9767456668393666
5.76449731656149
11.339514357017455
0.7837296430916607
15.897651379363554
6.331178599221623
8.090371166487548
5.356465132151628
2.8227950197558878
5.684484658564562
6.163962981199101
4.395013345233201
4.485780349403101
2.8998149499899832
3.9497144187309305
4.10328946547286
4.717492369813796
4.653278870199437
5.550605785354076
6.227344036109896
5.643566639154097
5.706517531788968
6.636728188641337
6.255826724170997
6.256676125050185
4.621116222897091
4.600289920047992
1.7826189918979745
10.01532360251998
6.44772388554565
8.779978399001285
9.969677876608122
1.8267287953858111
5.664915668698993
4.789412306707879
3.282057117949728
5.572807064496577
4.5001276571656
2.6334198521587684
11.130300818260297
11.146135778848834
10.763933041081044
8.700804408746498
7.09891106254792
9.39537110834413
2.7612604062127084
2.185920802307838
3.756125210834334
4.048146301363227
5.294678678916578
5.033437603088189
2.712877656002818
6.327294717857032
2.198703655648262
3.304920384620077
7.53783102827504
3.7178087897921297
4.55511282861509
3.034545360971226
10.523589641396697
4.750252161375761
8.45953605248755
5.303983950421407
3.7252736583313353
5.29920632077713
3.4607569199743287
9.806348351967582
1.540722211323153
2.733566302684873
4.498164502314093
5.808017209583045
3.2298124029590887
2.7647131967490477
1.8820838583400008
6.219846180576624
2.487605351720753
3.218962406268031
7.82268970581689
2.6376609479588224
5.446261266860975
7.188321769561014
7.520563921853971
5.280187183262584
2.7249469400572264
7.321182502605115
2.4248920031003607
3.7970284544762225
2.0784931266940907
4.388753617833239
4.775379240601531
1.86720791657551
6.668350366038818
4.638064063794383
3.8956705239016585
4.710295080257814
3.6035131846131723
5.853208929354537
6.124180082510421
3.817344798610402
4.506486803878487
1.5709110956303176
2.4569684158460228
2.853914262753311
12.0247472134396
3.163208233780112
3.1733163967007636
3.2010649127107595
3.1791642131774993
2.8202597584744353
2.9132484687204636
4.0513225909863655
4.3842181037063845
3.6097263495183047
4.432667793317321
4.981434733015736
5.106747544536349
4.062595899232659
5.300119060996949
4.976080109138812
3.998691177758783
4.69094365005453
4.676539882143795
4.917622005236529
5.593385584102379
5.87028489667797
4.58719880003309
3.5361190463588463
6.823689681380749
2.9936238380834417
2.2307323365036953
6.792508675752229
5.255016203112546
6.85082104304027
2.820794397198298
10.250417101679442
4.855632801453097
2.1372427705960697
5.61211821733462
5.431467627533725
3.5498199730270508
3.6963127859843845
12.278536915635936
8.619294538436076
10.918762382985152
13.152992457103618
6.553435988368911
5.697271974378343
2.6993621695587744
3.8534816685362117
2.9377570946676035
2.9290444030873712
4.227416678073319
4.48465375175886
4.2766514542195475
4.213943104778899
4.221518457485613
4.324711057342277
4.68795580076296
3.147127538337965
5.115454755488334
2.284608812543522
10.68598847537598
1.5531170835534331
6.262409388444842
3.2619116933151115
8.757527575869158
2.579369081132987
3.4131541072714002
1.043489141631445
1.6952649579300725
2.0929789315289704
2.1222312551670126
6.30332314901955
5.855338874674092
6.783005680719661
2.809283107458023
5.283031720835203
5.663261704780909
3.1177442758028904
9.778221138683206
3.191063935150026
2.6004238170766807
6.030057730348453
2.7456660766662435
3.068679392788733
3.1769830515328965
5.307648246780863
5.1996897832149696
2.8370592439170803
7.289541190968958
3.288064807727928
3.5266168460599
6.171098483668288
3.3628866663806702
7.37574674492513
5.466590306449801
2.6261987637354345
4.328352650389769
2.431414148239925
3.6441729470181303
2.6279930686949773
14.603353393089742
7.2967455060488975
3.729812289623718
6.164095981998785
2.0245621239010787
2.831063959909085
4.331944974059216
3.4970087511910966
2.729946035056918
9.28356972364986
8.615506008579839
2.3852367119436235
4.278485347368453
3.981886230392759
4.2162269103142656
3.0020396771949955
4.373945862482415
2.848716030902065
5.689628357088239
3.034619757076303
7.447411412437923
3.825534631738805
5.016898610215417
6.684513428477965
5.158654197239719
7.501870965509609
6.16417360526256
9.379632560685373
2.0305006215128074
8.09702449746989
1.952549980303913
3.4025234245037272
4.628856654333613
2.796058591562693
2.24386655105659
5.289798845114638
3.8024385585443103
3.996886689300621
4.729235378901858
3.446927041818078
4.833095372531081
4.1885959728511954
3.6798202244178415
1.9856168733566357
5.7127597000093635
2.4274472408585543
2.708935373521921
4.863303610942944
3.164464972933847
3.058983732574109
2.943787656780682
3.0766590573561916
7.615153674616004
4.733702964317173
3.812975605277677
3.6555312053215725
5.198491860285467
4.238960280045552
3.76079207213887
5.619341277322366
4.554326817546476
4.9805099382786535
7.792746368608071
6.381346780601526
1.8189189695027717
1.7712923658257713
13.210754736144876
1.9200320947219511
1.1631277187171094
7.377926917162449
7.457215258067218
2.0996557859781086
2.510322579117654
9.333077223680009
3.00132060910483
6.86680255858164
2.956262652588142
6.50814691283186
2.2806735007255248
1.6810500057118616
9.136343545260463
6.460989146125216
5.982644309135026
2.648503797364482
7.199397673342826
2.4917168985529496
3.505053335137129
4.112152419104943
2.2690521644953154
9.546645482854876
1.2016558027777238
2.601073166886486
4.544588193907536
3.101712750558236
2.6486349400444444
2.7435433694469085
4.4651207468428
4.6276008690089485
4.3511590746765885
4.32226302891761
6.070750084140628
6.381433432672207
3.062943954201303
7.039024977814237
5.518905874593912
4.347483409345329
4.03551949000198
1.7682486912118316
3.313558063890826
4.060441730886226
3.1285506322587437
3.1463425911369596
3.2496377820245232
4.844686258326728
2.8917632132077604
6.006960099322008
5.562992625355888
2.297040106250284
1.760928004528849
8.002875284984773
11.233849784155996
7.108559143699762
2.65074568872227
6.731391834415453
3.9885683659636926
4.843868276725897
4.129732957824347
11.058051283619623
7.197393909366871
3.7364182693596018
7.104115962071201
3.5438558086148673
4.605319875549936
3.1810174614001987
5.1309885732914475
2.834453965361638
3.3400136744041546
3.6173805299674893
4.765371031701147
1.68689905000009
8.284106110281796
8.280972032343856
2.8112971528968993
8.728671222318338
8.753104077274902
6.11876034397813
4.991865719157255
7.583846203086896
6.631177282098752
4.096613109511845
9.984629170740824
1.2820325469954068
2.9374795540799825
4.6884486763274795
4.683062213857926
5.498485225486909
2.2746144934845387
4.165622721564387
4.6880091652704845
4.386108003686996
4.614407442171441
3.1123930410101908
3.5360170001105953
4.551913252681505
5.29732347593609
3.2351413644157
5.635496778474148
2.899219570649702
4.953243826851778
4.14081972495545
3.5115883079363264
2.476145842952391
4.4116635277217275
3.7383252472456285
1.8233130617527116
6.169693010155846
5.026225929402661
3.264824561600628
7.659584819569134
2.7800366306299815
1.9492621497055886
3.1236886421418655
7.892098763664183
3.356543151933741
15.428831917908122
6.211785126127351
1.308210406681466
1.706348293299839
2.112550664639373
8.065820962981068
6.895098901654425
2.6250991887640756
6.409461446627221
2.700321834568202
5.394425150140695
5.137387946229877
5.530736753782716
6.4105323763307425
6.742433872223469
10.319500673708745
3.8339491048747183
4.673057913663318
2.258347198126273
2.0942416657688634
5.69598498670377
4.81718791717761
4.012845869363271
2.33860794167071
3.0745542200229603
6.31796509133355
5.9804260153350235
7.911538374590978
2.458890530334411
4.511466777869359
4.188757576662598
4.222925735567668
6.869445222330046
7.437170126114335
4.664961875299923
3.372443090792225
3.3152738472237253
2.0204499096315174
6.288654110220461
4.09718542396331
3.470592116312115
3.8977628485385134
4.2141447792884925
1.6003517626751549
1.5998178730198835
2.5175094201141808
5.884362221159351
2.5085716549695163
1.9766087971784463
4.703182295485622
5.509174944637391
2.802865710421106
2.7020192343441214
10.176895841790632
4.905757737241946
4.39577865149938
1.9851566495478985
12.682989908065691
13.387330551232244
1.2264333054243926
1.866236606762456
3.148764939426691
4.1387030138918375
1.93020333915053
12.210191017032368
1.6961582089607004
2.2981174495344665
2.237263543944649
9.163962771695537
9.626937608026532
5.443764090053996
4.1765604873649345
3.6228209463486984
6.010194692393774
4.8043690938373995
2.9482654549950453
3.564040723457774
4.329249715538337
3.5625976858080097
1.4187526535391104
4.786449747581703
3.037859396665186
2.108348100123269
2.8565268314947225
2.692185356753232
2.915054003717335
7.044206186674222
2.7130555170219477
5.6260550355118015
3.464817665832442
2.481444766971634
5.117108240563813
3.6822985314663215
5.932353518002698
2.1810971053526322
2.32833405845262
4.929109302700953
5.110673414852782
6.857815117233747
7.125453734219855
3.0577865723307958
4.590494556571074
3.8112722768274794
1.4736890499078705
4.757377956120494
4.031450865574797
4.690338876724169
3.9199345567039705
3.498688632217606
5.347359351691403
7.523618211415451
4.783204203327611
2.3294869674671523
8.383168143848243
8.884009411040731
1.9673628921738648
4.577733826232245
5.073194585252339
3.3831649515068385
3.592100697921418
4.492205820125643
5.745012977805064
6.879940749420125
3.1753248789406006
2.835390552808199
17.844554867224236
19.41873304879514
2.8222211177792245
2.7740413278934617
3.125349694628062
2.9691101247167717
8.3723519360943
10.931001042590285
3.11205969250994
4.863060723610685
2.191509338868981
2.006370377431901
4.123708610055036
7.604117386918004
4.48619111087454
1.6694967392523477
2.086227321885082
5.430697694672135
4.608592024268801
5.983247722078006
7.573243000999333
6.8019793165003595
11.488693111542673
6.0207743066529265
3.4403385114930294
6.505601124845019
5.856874613607943
4.735179084024056
2.530315266760916
4.221552265162797
3.226117851887277
2.9304371999595755
3.487748337251495
5.033512392106844
5.848950103506613
3.3031634866429926
3.8006972408052584
2.20125362095955
3.8904726123612208
4.536203118600965
2.267144630316869
2.690151361168986
12.901674507466142
4.443145847915809
2.6121156979828104
5.967609841713526
5.722046206560344
2.58146025838781
3.744565187609696
2.9405316608211507
4.11296404002757
6.8867747125559475
6.661195024720706
8.607170980901802
1.8158395812385224
2.4212457474255986
5.304423048535358
3.0578146057693867
1.3028510628442378
7.187563498661358
8.694508112149332
6.410670472080654
3.151406632589543
7.688379038743423
2.0202211920612054
4.284391624411575
5.083493565781144
9.335134275357083
2.9630123997423
3.4345282146126683
3.1263341041996378
5.551144331537584
4.963417414817124
5.876694499792099
2.281052201198542
7.187144694792494
5.3442249018573
7.091414811596004
4.881895130084847
2.6975159923917977
5.9009300528758715
2.524179972743298
2.4639666992474987
6.306432552926893
4.545092619804263
3.9978077360765667
5.622116364714129
6.612511560744265
12.264388418733933
8.72233761085552
13.344401957477375
1.584551774410029
3.644519646563233
3.42542476186789
2.544771240298762
4.493930070405652
5.988310586064507
4.125911852290826
4.533673926882477
4.257212724020614
3.1848658978482822
6.300406244952963
2.630177606257551
3.3567342957898094
6.518467582964931
9.495077199985579
5.752897146025645
7.564354440981284
7.4006559961990765
5.194717949266934
6.323747730854236
6.363391012610126
4.098041729910246
3.4671177149215704
5.25042055777329
3.643660821828668
4.75145747584162
4.553934405966107
4.8031774367147015
3.7589787909521033
4.302316062453206
1.9187180123073784
7.366300603925058
1.4989268039838464
2.2349561222835113
2.3123949360015237
4.339631463867537
3.7556755765726817
3.6090648747252017
3.2797179845490194
4.848119771815838
5.294217002886802
3.718035102679865
3.1096127371743534
3.975130172672872
2.413246122919829
5.325700926249051
3.5413752366891287
6.115090879896065
4.825280175044478
4.5369509638031005
6.598845937802964
4.440680427980432
1.6030113429020456
12.452888558332724
6.306609920519569
15.491202921844938
16.969695764836292
18.435056074229333
13.813501108757164
15.1616046071912
13.604089970925237
5.245911777393974
4.5339645900983205
4.330847731089543
5.689952317511691
2.592740967855564
3.1471584557831935
3.3718438354211475
4.365369557238986
7.435625754616472
2.668727065292595
1.8801003454393552
1.648411563954747
3.9301816217213243
3.306265884026605
1.896984751776107
1.6580650387596474
2.193021814672157
4.179740780693166
3.462897346099281
3.535426690164653
7.526403398097544
4.363380746635761
3.5133373827943486
2.464797700224635
14.674536912802322
1.4401855121168106
1.3022034089947603
1.3720678877781733
4.482625432921141
3.657023504465377
6.685309851309349
5.049973348086769
4.820465912444347
2.7120939330439215
2.4488138777973227
5.487460713311311
8.586482828609087
1.6579872721418392
4.236433269184131
3.5224640008270374
7.894041349004393
14.034527147451138
1.8956268798375124
9.935181576468905
2.7628218780396403
6.2692719137011945
5.741331316114332
7.126638646722015
7.275701657893521
3.217561322604582
1.6224541275725497
2.902086130854986
4.884407111646227
4.666182712611343
4.6384009591717845
3.378489956563394
3.321293191257281
5.909793124146154
5.9208917368188425
2.9317529250304952
4.383932077968078
6.223540324390338
5.150755962020213
3.6340128007153516
2.885200290769493
5.587432925235302
1.8878884170307315
2.327006781267732
2.20156151886477
6.37223588291046
6.847039408752508
6.8734753860687094
6.0431086992117145
2.8528430954079567
2.3821403260096856
2.7057966336580592
6.51251570564803
5.151737855692329
4.013434234599112
2.52147748578162
3.871683120560571
11.372102507594224
3.118121126745513
6.523025412441344
3.923580503578938
8.494496738670513
8.10935404902106
8.59794791894785
2.241902942593796
3.0847444420019907
3.8172418654985427
2.962554069916479
9.177023318120298
5.432099268811383
1.6421784466179496
6.394368665180679
4.566317179535428
3.469135983650208
5.392036703029215
7.377255550413122
4.2956993256145495
5.601498731154298
2.8408798212502586
2.9027107294225543
6.216054357259259
5.646018050033359
13.51275469032363
3.131030398520185
5.636566267503443
3.0790425533765116
1.5402261304090747
1.6841086238491567
4.217305379178945
3.856527465601236
2.986062888537319
7.962179981266127
2.5309226315474422
7.174759711409066
4.054881053826798
4.388408079007412
5.71001027670668
2.931041387732646
8.832171616476394
1.629990939632055
1.5956662514878674
8.357418945762795
4.458149297590926
2.5430126661498353
2.8560708510405615
3.8149700915801645
5.405157530937413
4.454789998755922
5.116805599083258
9.668729321234906
12.357301841260899
11.538162471980126
6.17821137506371
2.4612176004246886
2.504382851401277
3.1152122604878127
3.1971693763547813
4.687764752828407
4.898442102613196
6.768665054308309
3.278355752484784
5.488552923340807
5.895369296677907
2.6370748053987607
2.636250761643623
2.176732316934395
3.5663072233134616
3.381134596121438
2.932837775502969
2.8486256039657767
2.413453130041258
6.433210965452573
2.22981089205488
3.4890186166104997
3.3645472182327847
3.6390027762543373
2.7008576992459874
3.645482072149229
4.587168028652848
3.5263321374000416
5.1535333356713755
5.919896327112843
3.633837940351578
2.0437362344036902
4.267414326383482
2.4473883149136375
4.71749610725469
4.907028266740396
3.567649717071276
6.039613201422471
5.07946565755586
5.0774536281411065
3.783673685593343
3.283497429297556
5.354476060606867
4.669324355886128
3.968199961076865
8.379443412346449
19.889616374220445
11.832360246484873
9.607157702096767
1.5085897280311815
1.37885010465311
11.527882156734638
2.9058017299332315
3.854207566006056
3.015331295592685
3.1572191411635875
5.5419563537353405
6.680133379564565
4.149746166026313
3.319965806282876
6.157638362811521
6.131543430448983
3.0486125931075696
4.918413571878134
4.766771882828884
4.9062175838922455
5.290441128207648
3.509315704377526
4.555080998606299
3.3738034021764323
6.056392744155474
4.850107737109201
7.2038768234234
2.176520934964567
9.051850900310646
4.631965070510551
5.0828254436116636
4.069491887531843
3.799885787918019
3.053337569002834
6.078358891449855
5.828512389430149
10.662853067580354
7.14055930169469
7.607359798870304
3.8074351273622553
3.4573310204751175
6.095670873938483
11.34453128072966
8.024855074303431
7.0621688565737895
8.95971680440945
7.102513738009442
2.327743702336867
3.0931663172833317
6.716377829112944
3.46567720628352
2.535903513003496
2.162464182956882
2.3761616405775343
7.637246836803357
0.9220130077369879
0.9353676773055604
15.79135352481299
1.0786569258099437
1.7872893036088788
3.752944609119388
4.879717912300441
1.902594315542465
7.96125619188121
2.721975143333143
10.72043105531142
2.09898032066735
2.23852324379484
4.959414719917398
7.294893528256889
8.762726668362854
1.2961155137937375
11.869232967092993
2.653539892124786
5.329921610376686
4.576331033541024
7.788653813011678
9.119329583133108
3.5666960313042773
4.814325577498245
4.459950926555812
4.47723332581257
4.5237558515466665
4.294269694044552
4.314910338730319
4.3924939739122415
4.390635800747242
4.368830651342928
4.374209894061053
4.3759163215797585
4.437059206829407
4.267892228042907
4.180580864974614
2.5107505423999035
3.6601191236709876
3.7412625251468783
3.8344193792853125
1.9011503821488713
9.434177722344392
3.1856558348015476
10.114979819898664
9.16691322278528
2.8166175571280267
2.8297231659083195
6.493243454862435
2.5941896134666305
2.5532338760918303
7.640542839573779
6.9414858615243284
2.517791888673711
9.75000968981399
5.271468916787806
4.032050639020886
3.5930159361079084
4.18424695856801
1.2532256340687487
3.4687822825427013
2.2049432033247034
10.43494623495471
2.086547753700115
7.950350898204498
2.7126548003226643
6.69556536026133
6.427720816751097
3.835682658672433
4.231140897807523
5.001188907349796
5.0276051691110615
4.986706562954491
4.278896028744083
3.944129542460486
4.2100110167790765
3.5232776278156974
6.327131434285656
2.2750634583783897
1.4335710261504078
8.141074706204327
3.278785713844894
8.708720120057578
2.6589169619047808
6.343902330695249
2.4069860673001795
3.5165966352073452
5.617095490944637
2.515188548470865
3.6287219064344303
4.498454960020592
2.624063970096209
4.67425419171603
4.522016376913973
5.1157742040187
4.3391722627415845
6.637768929150681
3.023512485385421
4.358601639005403
2.4517209131004267
9.343397400374027
9.57426217949677
9.761192013776126
8.57923736458306
5.511031799201728
4.129090171796122
2.306544650873796
4.229381987368736
2.9422668464897788
5.098264040504038
6.507133870351249
9.628271560521187
1.394062202964169
12.57212906267814
1.584824232152102
3.7656887410553868
4.153523361868678
4.690421748225066
6.097758562865532
3.1954812952749707
3.266514787202782
3.3253504549920314
2.349506087480471
5.152313420638388
4.879958853021517
3.6712672151527967
6.083191255707427
2.187995829028077
2.9944761642181765
3.354985836390522
5.632322762316822
4.670096957120096
5.658990856388556
10.030562155219597
2.6647894104490413
9.34220159673437
3.6662348309210246
3.1487430630783253
1.5346987534185716
12.147484002146864
5.2840180430677375
3.2825621699588834
4.229838271178894
2.837418772426793
5.389217671624112
2.746685449289903
6.059164725010306
3.1989008603487012
5.2428934891473915
3.1392370347404412
4.556659079777362
4.898390710879667
2.9650582315971987
3.9471683877305948
4.431415464927341
4.337826923658971
4.413332595505551
4.0650322044469425
8.2624627047124
3.8269518635684707
3.2900256620524124
6.789816264117305
3.336946270146357
2.9517299074164693
3.4362982881978335
2.267883912492606
2.80119084288113
2.9445887690262764
8.990809823485357
3.21690300174178
5.157015251116589
3.0398277041134962
7.113434532146995
8.315156399853047
2.9628567524392904
5.061382136692118
3.1582875741637872
2.7360189497741416
2.1930217063978894
3.2510655777075756
3.547830542066382
4.884729436825383
5.923365183403287
4.031258765382836
4.611265669261958
5.871538518098998
5.061909720467446
3.198549300209122
4.966200770972808
5.070331908842671
6.258693607840582
7.038060829073091
5.871275295666592
3.3973797697216432
5.091023555536296
3.236370580085661
3.9405001344336688
5.874593548552092
6.042944184242912
2.1128044607139946
6.270858081694714
7.365997198827686
16.117232961597853
7.65194453289561
3.084660362686919
4.016608087131765
4.177696205682212
2.0553462233243063
1.981862228305605
7.387514386140698
2.397760237979081
8.239272585167267
1.7341711500247086
1.7343350761267686
7.598168685487728
4.263172222621978
9.53932044914278
2.902870998528766
2.9797525812005903
1.682917218574244
4.591445770128392
3.666697687745605
4.033895983121184
2.666221947622028
6.6121004232184015
3.4422148847099074
6.204511895137649
2.8484694001469615
6.130462528292501
1.2211946601685253
9.261846069907438
3.941870485540473
4.1589676866801355
3.3991452679040295
4.76941484086707
4.201263189227725
7.5641387255863854
2.302272124643034
2.030411386479786
5.524141557306578
3.5164996691445083
4.831947531805837
3.8311210706746697
5.556473430005009
2.500022334685898
2.984952059492151
2.915172181712266
6.432404858105339
2.999509595308633
2.850069303567
7.605064320610066
3.3664064560341727
5.1137733768504
4.083626070471677
3.588321505530617
2.7409744486212717
3.833595821510999
5.150564880510649
14.476140681782494
5.861319473609188
10.437727364383246
2.5049710673425696
4.322851171110387
3.912344935979927
5.675593865306509
4.426596848176007
3.1580279564371327
2.2969371530238467
2.3737067951755733
7.487033972435061
7.568206163296306
3.6532078724892756
4.3841022759565575
3.450817285952523
2.4650155146736386
5.476385291461119
5.729741726793137
2.653939139148122
5.845289562957235
3.16192096743952
4.184434721481566
3.1668075461531893
7.654077052942026
2.6255383199583435
2.567068525759635
4.931537231514724
3.133209434363542
2.646453572883437
5.3836830798596615
4.451585523705705
3.7502406023151003
9.412696098451113
10.652537284118626
12.257170481877868
2.7180280817509868
5.89968441807647
2.8513391663146344
10.832100298393314
8.909560374152427
1.5844827721148835
6.212437978973278
2.397578319488445
8.062537301681951
3.58173080336641
6.694265639525516
2.8465441231974036
6.300886702758115
2.9873208322832845
4.752832884622082
6.6730742209003155
2.301269002258502
2.5381942125052595
8.90338093316898
6.265386006955452
2.288272236060969
5.202863273276727
3.9209871760595747
10.49218153773394
1.1753255187042986
8.26780264750881
1.7898047558768138
2.1054739707220413
2.538148131888376
6.168863452163288
5.87379881448656
6.578817494823349
5.527563026335639
4.285873492467483
2.4292364058168046
2.5936046781521567
4.768978890663362
3.357233634408589
4.452043038013935
4.648632131796071
2.413729468043168
4.282580903761737
2.074041457212576
6.515199312353295
2.9916320967301337
6.645942443741237
8.132871650583109
6.0213014133718685
2.599877568572498
6.157355032764362
3.3238798841950485
4.3317322835224275
3.0116330014751327
2.956053233838716
3.6933090150891394
3.0190703941804027
4.989975050431943
2.8582777298654682
8.081528336885865
5.2572163788220205
3.053277571589162
1.753900107985825
8.145849713660382
7.778544039935079
3.731863360503607
8.614709310436394
9.119101604760832
4.386003108528526
4.1048084744734785
6.884346884980294
3.4304048067917954
3.7124621666231836
5.08988798288375
4.253274585484106
2.018404042726674
6.4543844591633714
4.937325137336784
4.386704635161409
7.1406276279372705
2.687936227150156
7.735642110468514
5.929126632079845
5.730536690880903
4.568119584910184
3.5415822807006543
4.75566919875963
5.5186770352994134
2.728071756344996
6.140906945438592
3.5342924342404367
3.6747063411154186
2.944651815412949
3.034270918115349
1.6315310792435167
1.8171173129160205
2.340204913075752
5.947063552362589
5.676198227553671
3.43695664865807
4.746223437624606
3.7159011145497916
4.372798001633703
8.560416054998283
4.408856395171493
7.763076946764185
3.40540437277876
2.9105425971366485
2.7627937912343308
8.017030313519554
1.5219352269654254
1.8396830409447726
8.400746614208176
2.2669150052861453
2.735517549708651
1.2565925022255025
2.0150325951539303
2.2070982536391917
6.497032382063476
3.387155471193447
2.597897059735063
2.269587296994277
7.8525847321187205
2.5250280509354224
3.2602242882411607
5.141796249119427
3.2813861905360504
4.637698307662969
2.9082912132079968
3.867317925570716
5.392883184934464
3.60804697804967
3.1492063768714527
2.4658371344282215
3.5305010903134404
6.36504185984705
3.0699681737873146
5.0759535343434035
2.4275199364108717
2.5633818483097524
2.8732023301987915
2.4809966847659015
6.271425524292103
2.754075482983616
3.0550569544634314
1.9173500288490601
2.1459976805319143
6.1906850309917205
2.1965290340218955
10.134083567353258
9.66704956698384
1.1390690906154268
2.6969199684397984
5.567534397472067
2.543244127029923
5.33761978068247
2.0234022392557995
1.939492614765306
1.8724113208940998
6.699659462681602
3.3691102383958236
3.6559057539146003
2.9420115246964396
3.9751370343067283
6.452090150458912
3.930987034966008
3.9419874620360176
3.9634333224981444
3.9487751116843497
4.035020772118416
4.0421742295043614
2.6286375037685055
6.944432536911692
8.850787032756074
15.834128094130143
1.6841901708304523
7.717947995806788
2.6843929153803088
3.4712266041670894
4.308074465528969
6.896681998960495
5.165193580798197
6.336154856919342
3.0215724432656823
5.79217675989267
4.4652895190079125
3.7078846012490567
2.956272300611325
5.559142106540771
9.42696544219189
2.4974018352211442
5.126358740198017
2.4339789531524687
1.5341627560884077
2.564280929819195
4.790703560693109
5.66428138033822
2.8786294749755736
4.760181309669452
4.929267936389388
4.148604317412928
3.6810517562018124
4.291996264911102
7.3005117950780365
2.098038282235065
10.045121856500176
5.157232249009372
4.4896380191276
5.167912948333991
7.364364350779144
6.494379003972531
5.244416779616504
3.8228982010801573
4.521481627227263
6.273190361421453
13.404218489544217
5.7337313531576815
2.654440845874815
3.1799541755859866
8.767039060890992
8.096685223255063
1.8038720464286435
11.740626788272037
1.6838727000603737
4.194713735512361
4.818934411879988
3.9257826391622763
3.531612397170465
2.942528745723881
5.7632578829214225
3.274673148055445
3.143336563559392
3.5517500718477
3.0805113479891046
2.5190564672265676
4.5346267273701235
4.301176122683686
2.374686243936223
7.085427155125003
4.56902484474405
3.9235222659356634
4.948104890592668
5.4782666459845615
4.155825065233469
1.814139941845342
3.824411189208218
5.33668893015761
6.376261879012196
2.7999444415951373
5.720957709991041
1.0773980545546487
6.687291270249273
4.173946065312965
9.186721867733288
9.768710922814497
1.6847351996153377
3.414901000203975
5.014305602034274
2.4757893346262874
6.652925180427221
2.3086544550023715
3.2072190851677744
4.335203260043472
2.6578719634773056
4.95499976526103
3.3178639508084355
1.8877650304197304
3.1149186095724426
3.4877636831290095
1.996452120799695
1.820055133669678
3.6872348892062745
4.5917372173171875
4.9780530403363965
3.035838739686073
5.682476913914109
5.879302442205878
4.091869262847068
4.113309888475644
7.149842011670582
9.244298818039626
10.30395815059369
7.810022737796735
1.483004465328854
11.940914650854223
6.472518825348231
2.5582415700863206
6.793660570089356
6.795390978902229
2.932598884757324
8.477820239844169
2.8401773904936007
7.116263350402287
3.049558650442903
6.160776862591339
7.11290211488671
4.198746245060746
2.8043804213002166
3.1617084944310907
8.706125506796223
4.478591858046648
4.8855719964173385
2.6167145161395737
2.111962521780398
3.322734952939081
2.8986021029356026
8.126689531289236
5.296514861302559
2.3370566578997973
3.1387093177285275
3.704723626783261
4.473921052581285
3.396164578327973
3.9113882887696305
3.237234450227483
2.916873594428697
5.276213493129549
3.6254737265811863
3.328844088228742
5.890196239807663
2.226579798899704
1.263868216995974
2.9195533310198836
8.124022837737247
9.501454650400666
8.592679475369254
3.815719678576194
3.769774008068211
2.7776403851437337
3.8188098596601407
1.5522323094794752
7.238758075704355
3.12951971638486
4.107540431146124
4.245406408941163
3.688499102233312
6.764052351181051
5.666177665302975
5.465284855358772
6.001582673129542
6.112072140793699
4.732008945688085
1.634708325342795
6.242463815760168
6.275904503444059
9.340024724353286
4.595689686730291
1.0924359284746952
10.35139096171291
3.2516805694576436
2.4627714288062945
5.939268225433993
1.0322566700516016
1.0819217678879458
6.1082008378227535
4.674852443470657
3.904324946944347
5.622245188884246
2.2191565626688496
5.776390119861427
8.630743793989902
7.140544423105915
2.3550176319909086
6.336433835427001
9.28272168471555
9.938407191761847
1.5871153449924928
8.99097185183146
8.930296561758096
9.678032112232584
3.3224882314355213
9.828207650064849
8.989471441120015
5.405760307818649
4.1750305224800215
4.5809884893186466
3.6377161837271514
3.5818812339831263
5.082592403211091
3.8992783514063643
5.661838183478044
5.392649105602735
2.907603213081983
4.981713750410744
6.665619000140279
5.710261497817589
1.2140498629757523
6.896838013864017
9.268569641578978
4.987380143246684
2.8510365318132163
4.822418675423527
1.1886881080767624
6.4917207357112074
4.781265791006366
8.736865393305807
5.843730573208318
3.7285593661381338
2.901399489060646
4.213772046294819
4.307541924558617
1.6776081066534236
10.578131650350818
2.55555422958383
3.9141536468235762
4.079156382807422
6.775572741280145
3.299311145570378
2.3773946466630753
6.545468809660889
3.159133533554792
4.208705931726972
3.3925032065825937
4.203022572649718
1.4769025744930333
3.039579940787324
4.962418855675111
4.265067854970264
5.377185822080586
4.387582039369673
3.63036184800323
4.681135626664937
4.2710492729044685
5.594686099066993
5.43026392251198
5.190130802307851
4.589387996675034
3.904397486668742
7.136714125875596
4.134374398335775
2.6784324339577625
2.3968607136413502
2.3769378264856087
2.8275897040856415
3.4245738254959615
2.797423638665504
2.190817701115539
2.5490646929292433
4.4410162864693845
2.469331978651742
2.0317093719289563
6.567048408041856
4.017918613337233
3.4752037334826062
4.075028172043027
13.190251130324016
4.423988120312452
4.144110794239599
2.95013285296109
4.139771873260445
3.657631782209966
2.8854926629029993
2.7531532478025205
2.7730153767359074
5.713819836010261
5.488235983482265
4.926416182605658
3.2425117066164617
3.8691111648901937
3.6823680527734304
3.279955031743509
5.267993253963146
3.952580957958663
4.421936157309069
5.776156893367523
4.756638108018298
4.735235021524914
3.8857816810740777
3.1492366280436044
3.30513232177783
2.2670136092302102
2.2666649332700777
2.723487865712571
3.681287319741863
3.987460921048162
7.850323378601724
4.4596542057378254
7.804642330929943
7.8371123745205375
7.269667279943888
7.3881149406591184
7.3881149406591184
7.908837166470679
7.872926917334584
7.185401561231883
7.0996016968337745
6.935165439935772
6.69997579284361
4.272978686870811
6.446888103187403
5.391234175393813
4.869323217385096
2.0385989240444498
1.8195310416532542
6.803104440763978
3.163129556836878
5.190062737294951
3.025212713175573
5.190321415367223
4.215580783155352
3.60342519194813
8.062203693400235
7.747654656232893
1.7084551044648983
7.32894773997932
9.073627013783094
5.691083204684558
4.981430039809204
2.260947118169026
2.2402389265121787
3.397341140802479
3.5316119764994585
4.2301057870304275
2.1193619963917603
5.9791749208473055
2.449368226941976
2.955583413586053
3.183960160695446
3.1229292289196864
4.588464333516855
5.203296272039202
3.7025127774823674
10.714853814662312
10.343339320140906
4.31214490213445
3.847167553394825
6.488649275997178
2.2057106902790697
5.6847070612370745
4.4926896498361995
7.327804583243708
3.1428713005398863
3.083980428705039
5.186591959880535
3.6569932828101797
14.23129794136056
1.0887391791591554
1.1267452448371669
9.887441587064819
2.1207752972564653
3.1916963328376897
5.698139034962307
3.191577881674757
3.531195379714011
2.8401995165003666
3.5715768034750712
4.796753663778741
3.693632741760076
8.481302691862115
10.111761355750236
8.769320619975973
1.979010389018344
12.79244588057885
10.849263579276347
1.6830071520026242
2.773174749708847
6.817086410877162
2.429076587279808
1.1346318316811395
12.070711057974565
12.947985384316349
6.74590796487637
2.282225641886586
8.83103661756432
7.701672934161492
10.306326633079456
2.252330560517934
3.8486541423551253
2.035119789691747
5.1428919664050206
3.3676429953204434
5.6503696207415794
4.036571171361925
3.389550528850536
6.218325737289231
3.36521095683835
3.5800106453998213
5.412971709379678
6.6662464218849085
2.2608383720771847
1.3633235885435755
12.669419155263128
1.3027917783070928
13.808745219510804
3.9517438535099094
5.233785234644446
2.881198779084763
8.53319946948682
2.5708449209618736
4.950109889331689
3.240014287812458
3.602262988101527
3.432938653546821
3.7432749399671184
2.4314489127478476
3.9038024466948738
4.183319450384105
4.911473658330828
11.022781477824175
6.002181584982619
4.939432133825889
2.6837384347079203
1.9308500711127745
8.411451952182825
4.181380240181863
2.2470234759590793
5.546908637287674
3.381748932026589
2.2810344620446337
2.3982405723707614
2.617455904561312
2.017646221033566
1.6825910793415875
7.426159487617229
2.3671282420212734
1.5491383144167779
11.450381005809362
7.339980279994011
4.277537209288316
3.2900655244741044
4.618543922463068
3.591494440046803
2.816974360380754
10.149322647007782
2.593995575573978
6.4853236392262
2.953786532073975
2.0864534750922434
2.8242724150210012
4.890343676140409
5.0137419976128985
4.286306540654911
4.802797445993784
3.041701172000973
7.492591928258827
2.8690763121896574
2.86386662782724
7.568924766425928
5.989039891539168
5.008490254467779
3.1196332630541583
3.9609543439972423
4.230107213549638
7.51782046388922
5.628377707874476
3.7118429841955813
3.7417016767578133
4.159394086391001
4.369660448605113
3.181357217693184
2.7549978296154776
5.652469617769353
2.913191105428752
5.59231031366792
7.6774479331681915
6.5868493136433965
2.2887467447666254
4.875037191006667
5.1657368123782135
3.998726555500707
9.930728648657807
3.8666044073356725
2.5749346125373678
4.078313819099818
8.39707374570427
1.7921207363077905
2.9378220178135823
5.822214330583671
3.890668302544967
3.2747677749870854
6.877577349333526
3.220837532150152
2.971357760673437
1.6498059255694675
2.3448324317011626
3.521693152729745
4.055446804181385
4.421337054003412
4.839703821332279
3.121768626985813
3.872233218614776
6.493159144703157
1.8934467867118032
5.12517072461395
1.550674430489617
8.877320222897248
6.8959287799494735
2.796437001550532
4.8810885814214515
8.462218448928066
2.2698736133705197
3.243503239609838
5.193973990901795
2.6260945720789213
2.035144639343246
4.83163880792276
2.287954778939036
6.642782133854187
5.9061832194713935
2.520454556519022
2.133835925890694
1.7866857247767747
5.681298772990935
5.266633227727347
6.967511283092646
6.405928561471464
5.157247466553703
4.369147851667893
2.9785543887281256
10.589001064178488
6.631380350909747
8.282672763181775
8.426919345696053
6.914259816754993
3.0879675792144248
5.5008811624608684
1.6297714944079595
2.9344847372008958
5.390005132464329
3.2022513397493793
3.0993318944390724
3.4885594837342913
2.274718566223124
2.1303665191770835
7.662127500207292
5.548238277482946
5.079333023674584
1.9885983456372494
3.0205998844600477
2.7732253391570354
2.3989751772974035
6.50746701024123
8.711430214971433
9.149174781487442
15.98970348824299
11.641881350735073
4.514389359310126
3.012034501750286
2.790739565865378
3.892450131205565
6.202886705342902
7.236094074017046
8.77916719348829
1.6774324788997133
8.114495475724217
2.008480275132055
9.717582156035153
7.208607694121284
2.5027588063898345
2.701475001947929
7.021025330785405
2.2648657095719127
3.1148700247618932
1.9466267733160088
8.370974516507133
3.2006302094219183
2.942344076329751
3.7334940640203476
5.266222406883402
1.517129689505153
6.520270333268075
4.9328322986644055
3.2170451013875723
10.246886618991292
5.955565537655851
6.445197888226894
17.29599113385642
