0
1.3002134809874253
1.3595965261874363
1.2582395407876812
1.2386510798157677
1.4227230492772682
1.2436395040967108
1.3962879551226626
1.3471550879944933
1.30430908817647
1.319066928611105
1.2806521250107075
1.28161924209236
1.2834598294079118
1.4451203181648102
1.349160647606284
1.3415435858623335
1.3954836930377974
1.2807455317228122
1.2568978392435148
1.2277849034576551
1.319263894216749
1.369799494333306
1.337690648634971
1.309595442563698
1.2569483317864554
1.2835051637663515
1.2804763235855867
1.3998185953523175
1.3522854680593233
1.2483630526227953
1.3123609422690417
1.281928463147541
1.354669103771898
1.3732178278912142
1.411859895536896
1.2244070085667713
1.2901703461991743
1.361985135383118
1.2655005959068106
1.2366319637121133
1.3188390411941566
1.2473529162335164
1.3803798650920418
1.2788956242919187
1.3478408761556238
1.2897928488151347
1.3003016328586692
1.243465022944731
1.4031961563523971
1.3909370736352085
1.3685107884668741
1.327538773576701
1.2418506575711126
1.312608858711064
1.3251447725984327
1.2864643511637046
1.3206824559744146
1.317792499286347
1.2975261642467173
1.3465054373077234
1.351149906995838
1.3504941197682077
1.3513542476711353
1.3404828950537193
1.3404679611102097
1.334148190707163
1.3376351636889985
1.318691296989724
1.3226636759994586
1.3312217276814067
1.3312486242284736
1.2826487955034565
1.1923373827411416
1.2546912906249585
1.3541029669764997
1.350309565164525
1.349881690493394
1.304814893431264
1.305820088727004
1.3216890446146154
1.336206818678194
1.3367826504368003
1.3433162414956212
1.3062174550766152
1.3616510184343285
1.2377669040985315
1.3184975547488713
1.3018543012918538
1.3191186446991878
1.3988001129057885
1.2671497091330721
1.277260711638494
1.361432551744592
1.2489284022927374
1.3165857144130755
1.3825382518319504
1.2267104974514693
1.397181331686552
1.2441947431041422
1.3593024885745892
1.2687117615485004
1.2485096221740875
1.3275972489021324
1.2216190952073323
1.3206147445252183
1.311416019685079
1.4315637897652718
1.2504774742605425
1.3589850332733664
1.3515889577916702
1.3915401744662803
1.3308498915304052
1.341358279414435
1.308151870629857
1.2601951295364728
1.3837160433680717
1.2032154844763552
1.2953117117129391
1.2979918738985095
1.3386891410934056
1.287097953211289
1.282556391443578
1.30160586145001
1.3822320003428612
1.2607986438299559
1.3959194273681506
1.3601649087030958
1.253189490641427
1.264556247872046
1.2579200865697338
1.2984978227223525
1.3148487541639549
1.3272418411221403
1.2621622047252696
1.3087542881954188
1.2947882185706283
1.3406477389313083
1.386294545565994
1.2570780172273577
1.3624676761246262
1.3166739773590805
1.2659997044259397
1.2557630650354397
1.3569062069115112
1.3475403062389506
1.3477094158251068
1.3476157184409885
1.3490249098720666
1.3419293858906416
1.3402817313827844
1.308376774692725
1.2995974641323678
1.3439141302056454
1.3543397891315676
1.2970650036934295
1.249872840270222
1.2674909459121075
1.2955129032001513
1.3628442578191575
1.4327717176567565
1.3662158759923522
1.2431712435687587
1.2612021620547638
1.3669129690330757
1.3484861588021702
1.2894292832852485
1.274484909073522
1.3953984160192108
1.284067764696336
1.4580269916670174
1.2759230054939177
1.3725391057287464
1.409893960753437
1.3769734088995886
1.3777254707076112
1.2681820246259556
1.3396873517567929
1.3175723837316555
1.3428396835236298
1.3823659459709814
1.2818016158400045
1.3258543413634123
1.2398849227764863
1.263916670467956
1.2369679418223307
1.277779116578116
1.389307466150605
1.2713509447238687
1.33516808832745
1.3238988426597254
1.325435810094297
1.2662595132545793
1.4227313951858673
1.3500918229940628
1.3539035780034812
1.3541148508633862
1.3579851991523362
1.362863378379931
1.2804624344477555
1.3040348068761651
1.3300987078173576
1.3046617314060045
1.3425240899431963
1.330109826938503
1.3093375240343725
1.300172136074648
1.341507652597515
1.2804249268974337
1.3324150932474226
1.3109403924244216
1.3139219600595742
1.3025146197953665
1.3110085776500509
1.383604683948787
1.3753355600648731
1.3629804969058215
1.315439282175207
1.291276766932627
1.2955409414200614
1.440786221279283
1.4164475921730424
1.2644502186130928
1.4496403308412247
1.228805105016338
1.2911232945799456
1.278307826116413
1.3159911211089246
1.3140487082109373
1.3391356886314731
1.3298058357173865
1.2545941274511334
1.2722022653773695
1.3046113339022625
1.2397629484063981
1.3114136519764221
1.3513055071981654
1.3554222692018572
1.262302624096679
1.344851337179285
1.2940637546592173
1.3483944500360494
1.3878757698859445
1.1821776822060501
1.1937998931376173
1.3581310417192416
1.2510683850859463
1.2862231771426325
1.2797179629884523
1.3458423854884005
1.3163525873743087
1.25951733152298
1.269933472912241
1.3722118701885135
1.2891842589392746
1.1750849594282602
1.4525869890778553
1.2452157719387358
1.4049783622859617
1.3794014184688361
1.3074472645102344
1.3464985250531194
1.3273746044260095
1.2830263902151542
1.3311925755936764
1.308991769910178
1.3603706519345786
1.2610840586489398
1.2368163731575668
1.2718190790035973
1.3395578186423516
1.3188806690762584
1.2650295262875404
1.3161900612146171
1.3375037647214154
1.2844664321535277
1.3079893253327066
1.2754037167608272
1.2863757637764603
1.3615762550824508
1.302502938077961
1.3419283511633513
1.3550330407488202
1.3175830865934985
1.3162391276910588
1.237696883138724
1.2748584129935867
1.2515546604237315
1.2721381308334518
1.2595572572311322
1.3097146703366165
1.3803138907944734
1.2285387441068836
1.2053714451661384
1.3497116581340094
1.2656543822998123
1.296370416432158
1.3483807140820672
1.3399920638407694
1.2460372246809224
1.3016074509606665
1.3755453246358347
1.2266012915157558
1.2747558926884164
1.3359127051606332
1.3111458187618092
1.3119538212380037
1.2900272174676262
1.3111521743486825
1.3135860874499712
1.3037902759150326
1.3132011863569129
1.354501799955955
1.3646943028909948
1.2286294497424606
1.3618587726186822
1.29651468575922
1.2633241131433806
1.3626857657852305
1.2774392144355327
1.3582976549935968
1.2304153601092898
1.4302706722018552
1.3631794404945816
1.345941356608297
1.35973784424754
1.2258492585975982
1.2890855596600896
1.3233451306400228
1.380328472170138
1.3096852615357342
1.3741120184735223
1.2161137898645922
1.3266807242384278
1.2931766919678223
1.266457126057914
1.3253363069103015
1.3512971072920292
1.2527164322540985
1.3161060302472025
1.344294254957251
1.349938326697612
1.3575675979028545
1.3748664214784674
1.2859100673802897
1.3884944397738337
1.3972324489292862
1.372325404707382
1.2877746220400368
1.3377118429159125
1.3007543208586605
1.3077909175617155
1.255794276195652
1.266448609102273
1.2683798967240523
1.2838897235559659
1.2202475019380072
1.2558595254857785
1.2587173690498903
1.4836966528064783
1.3927381679093858
1.347046848642233
1.3683116400029358
1.299154221714885
1.383131660414722
1.4094856684723283
1.3544042966654422
1.2831339835835534
1.2257189659107814
1.1991015189902487
1.2155177433079298
1.3136283940621754
1.3165211141617246
1.2548166657257949
1.4079529621522235
1.2408597365413716
1.2490441982760598
1.4022352912940488
1.3952095589655054
1.364118165196505
1.3587256007016377
1.2801440007496607
1.4034874521252079
1.2730324924475127
1.3586982854165874
1.270323842122412
1.3512757937070734
1.311867464845284
1.3042839984689905
1.2475155153369168
1.328608201661263
1.3101243457282463
1.254589903019095
1.2322007832822746
1.2620327768005715
1.38598166784916
1.413956523012538
1.4275757468857189
1.3149802928478382
1.3073937687144572
1.2515858739078578
1.2780981849141793
1.3482626490988052
1.3188462657355586
1.347336567280033
1.2683141694705844
1.2595160815548938
1.356111994115221
1.322956054950587
1.3147145518658387
1.3001263222935204
1.2822530958167782
1.2993173030244989
1.3272526115925025
1.3503762760265343
1.2748945006292065
1.3162915719824397
1.2542257326062962
1.297693342016683
1.342868506604822
1.2303340209298004
1.2945124330680846
1.3406289014453834
1.2248437277407644
1.2610309214279238
1.404991862653789
1.320215638633374
1.2908900306379238
1.2914795347021164
1.2768925791226389
1.3025390108972728
1.2434245520508262
1.3250784371322313
1.244163915612062
1.368047094153099
1.301057191325643
1.344970769088413
1.33868639097537
1.3257334239560137
1.3477275820817325
1.2879208528988926
1.3206382460315698
1.365853120273571
1.357953163983474
1.311065793480868
1.4187807373556183
1.2035560492423
1.3249143839437603
1.3266763603760474
1.3295014744513929
1.2895370356473712
1.2473040642331907
1.208079521535559
1.1850425024766147
1.3926271139733097
1.2994169940437585
1.2633514207846248
1.4027468549686086
1.2665346119847531
1.2691856948107836
1.255217525859558
1.3910076893751746
1.4008418668885436
1.297538295048662
1.3116152118469637
1.3482700597932396
1.2530851335924278
1.3111938304091653
1.3717760175753195
1.2954439172603727
1.3027006787249107
1.2743304967088562
1.352207554484897
1.3392593244834377
1.3153419829500332
1.3431266174495167
1.354830055718267
1.274240075831156
1.3875038941874018
1.2519325234455474
1.3187347743744662
1.2807191998721397
1.3274421624132202
1.3172277337923326
1.314945162878212
1.218627663615077
1.2679342414744774
1.27502389839137
1.2769312334775575
1.3705134429852635
1.247852116282171
1.3321750003981179
1.3534713664857378
1.3358955938270773
1.2846051769268982
1.2871125759640198
1.3458404106308515
1.3275892024220575
1.3104915263790788
1.281609660313297
1.2768519337995392
1.2643716390370767
1.2157081893539814
1.408354496516761
1.3033329681785764
1.332718202726498
1.2784495003864282
1.2698952333923166
1.3155231140668242
1.2891879690991441
1.2979391834662968
1.3328912597274445
1.4112217287936761
1.404953992416811
1.293751814005231
1.3512255019912633
1.389260472838236
1.2252424829434607
1.4070301901654407
1.3396205787793558
1.3152145107891537
1.2591406445100386
1.3826852524815392
1.315705504111224
1.40814337986766
1.2712582368652423
1.3066751922214757
1.2621750406992585
1.4001331137541557
1.2256502665193014
1.1933119898902196
1.2104894588183654
1.358218202444827
1.3781062847066445
1.2391992818886353
1.427763626536524
1.2759704417596935
1.3364222964936563
1.2658262751237364
1.3539662310907692
1.3534124790317088
1.3701966223108537
1.3352253684209392
1.2909415245896694
1.2124408467166092
1.3333104528823023
1.3651886858353333
1.3223873986202561
1.3135713828581062
1.3644837688380316
1.375250925165058
1.4201123221330456
1.4357731318871676
1.4147186907636453
1.3195177572613843
1.3596437816420848
1.3215062801739013
1.2980288688032773
1.362511070545202
1.3308687232299512
1.2991491183297799
1.252414482360915
1.336661247349267
1.3160629994886504
1.2868111598144116
1.2808649144399513
1.3456313723530149
1.3641071196008099
1.300039920674904
1.421077353661537
1.3495474593482482
1.355685092046791
1.2894251113186046
1.2523535924082287
1.3136673549927342
1.2566339481932547
1.216954376177986
1.225725384184587
1.2657349704226741
1.358797713599344
1.3434779197000033
1.2492386959232842
1.4436818652616135
1.194799714851874
1.4161533145709748
1.2993824179098306
1.3411334679386582
1.3932928388344075
1.2674153128947376
1.2994808724714133
1.3312410938924337
1.3145713770207474
1.3106544105830755
1.2610729778666179
1.2997144809333285
1.3384966393678819
1.2904829506501485
1.2463994853594909
1.288090837952135
1.2141151049265468
1.3452795662423633
1.2992675643790792
1.3695889992787318
1.365678658794851
1.2679483424935767
1.3688104296294954
1.4202020996331042
1.2634172604407177
1.320157524114805
1.3356593044612481
1.3337750869066207
1.3112003572714084
1.228910109398947
1.322449700241073
1.2744677261069575
1.3784321252406153
1.352810630272599
1.3164407376406528
1.3002584431049222
1.290731693231149
1.2830382232375772
1.3381940954669989
1.2705400585523774
1.2390928241480466
1.2934517689690916
1.3705193883946605
1.2622671971670525
1.2478125595490508
1.463538812495771
1.3314030757900301
1.2670031853965982
1.3651721849337075
1.299191892259764
1.2640980545710891
1.3728254812337752
1.4243802120157965
1.4425413603824278
1.346766811662168
1.2343030899966732
1.192331726720593
1.3406387765922743
1.3118946127204625
1.3194233784348486
1.3094632726779944
1.3433989179543397
1.1771545698050467
1.1725279315089747
1.4732720358769034
1.2188715885891286
1.3235126101411245
1.2769706257125444
1.2883396531294766
1.332458780068972
1.4043587520992162
1.408870022691768
1.4062145701887463
1.377448221869765
1.291869086846623
1.337990965771198
1.330373256558155
1.2975414143829254
1.3810180778669936
1.3693357860810167
1.3256879357197218
1.3340683729803027
1.289953076706368
1.3943586744235503
1.297823547854082
1.3394994326557583
1.3859081791320709
1.3236490903832585
1.3323379077973032
1.3185931837611928
1.3114590973169669
1.3291550956978806
1.3165402338997834
1.3330014479350414
1.4569605531437326
1.3651158482855152
1.3366924174428716
1.2912207225753676
1.3846704219084398
1.35184849990425
1.2748043031303686
1.2667246044950746
1.2268306514473406
1.3247007405722961
1.3059778905662045
1.2976764359526562
1.1486770693631476
1.3743653033014516
1.3274658920868028
1.3188528249584084
1.3712866724357422
1.2806186410332838
1.3220255540790777
1.3323027924991988
1.3614212706144626
1.365569889911232
1.3918957204102864
1.3709305850575917
1.358005118695404
1.3578699309398239
1.3613472017967356
1.3437634069354965
1.2601865214917056
1.2512518634921888
1.443012087548245
1.3987952898561398
1.4149392481716636
1.240524761229819
1.2898317628333733
1.3359856251864104
1.3963058223299192
1.3731676565493878
1.2467957884875387
1.3037296106705227
1.3884356250523795
1.273968904705369
1.3898058420645183
1.2662554021472332
1.3768866360492031
1.3614670444379728
1.3283351637496805
1.346486722423785
1.317515669855508
1.3170905011814233
1.3481869941976132
1.2958155638513924
1.3370394336017484
1.3279732926794756
1.290664017513351
1.2954533887279607
1.3285286138549168
1.4211531188524769
1.4133859024941238
1.320775193959904
1.3073830088538734
1.3238387633506592
1.3292182294090689
1.3184961835181837
1.3534860827950337
1.300951325594427
1.3516536868325804
1.3454077014176558
1.363122794201033
1.3041933569027417
1.3156179269837232
1.3344540073218225
1.3130259350837885
1.323130986148036
1.2784198278542434
1.4282904974659782
1.374841355070707
1.463502846963266
1.4582070099147868
1.4863289633992482
1.4856258231601631
1.4342728255605575
1.2796015708278776
1.3079718106853564
1.2936444494357318
1.3757086506799276
1.2698994548206717
1.3411895316040086
1.2835751013911314
1.2875777965751403
1.3754675372129845
1.250034716828016
1.4060559796495509
1.3684481352737192
1.4073042719545166
1.2278358132332572
1.260523543809244
1.2799997763001294
1.2834506392138707
1.3218474985120259
1.38320941066099
1.3516342269687243
1.2442651526177875
1.2509802445586116
1.4185942035296757
1.4459985090476595
1.3714206654647068
1.2862139722537393
1.3586548754267698
1.2451957873583175
1.3341161715826406
1.2914402724151317
1.3051970822398806
1.2545597815107856
1.3953526386607116
1.3509302360232125
1.2784890934051023
1.2459793262274583
1.3352956704743562
1.3926344509363626
1.2157719545235761
1.274516870931086
1.322596744845482
1.3013951422385008
1.3127950243111297
1.3409176963832128
1.2756175604855777
1.2770711771580423
1.24216589369574
1.295613276443985
1.3872307949769214
1.3650828050473005
1.3661709918219336
1.3625009677660571
1.2815107104382473
1.3005345336992729
1.2813676705226937
1.2825530199991333
1.3846004609074183
1.2339384916323106
1.3376624710846567
1.312132751483364
1.2558768381368912
1.3544423197757918
1.3365191985120173
1.3466008560225495
1.2714875695686347
1.2550989320090769
1.3943018466157995
1.2288898392861585
1.2416664134791349
1.3863718332629291
1.2008463065159811
1.307016448560326
1.306633492047808
1.2837700461518982
1.3146250963548036
1.3253898277443936
1.382732117992153
1.2610500396926796
1.3565633062610365
1.3450344178822176
1.2380685306183365
1.310291332828176
1.2386582212999206
1.4527659338624623
1.3936045657544178
1.2301034999620049
1.3187877617237553
1.411249267565834
1.2432713203549886
1.3071503007775713
1.3027720811773322
1.3371273747774584
1.3213834839898522
1.3260184046182246
1.3798136110785262
1.3241126676175237
1.3322841627012978
1.2782396363701833
1.2612741832564718
1.3801596009157306
1.293953983722678
1.3171449820481331
1.3359464101468015
1.4124698379015277
1.3291746783226708
1.3313225681034342
1.3288870137171718
1.3582858118984644
1.3267322677905058
1.3239180126278667
1.325726596711829
1.2503207817284492
1.4621259138849663
1.2366059325853969
1.3862882356056923
1.4151819595914683
1.247682301093039
1.2237806902311483
1.3735264466450046
1.457098560875463
1.3473150119676103
1.3061064023047408
1.3223299536783988
1.3433122418929642
1.3471095066240473
1.3339683011369432
1.2400893089336558
1.3866792464150401
1.3400785428950117
1.2991034349796575
1.313494251000049
1.3142101512336362
1.3106831593664572
1.3181204549287626
1.2946648197265602
1.32453485692895
1.335530245340682
1.3077704426695398
1.3508664792968241
1.3553722403918158
1.4062522141756084
1.1768152027247833
1.325555290436323
1.267844898899369
1.2642191604691193
1.2936782211315516
1.2795810921083661
1.2884567241045293
1.2538234883264794
1.2876196291468935
1.3551387285256489
1.296049924646578
1.3800741853948795
1.2980671656052718
1.2522987784285409
1.2801127386361524
1.2163530932872455
1.221804494975549
1.3907892868823306
1.4682955191399107
1.377165689233865
1.3769375143671154
1.3434419535007678
1.2415620768683988
1.3098049209547815
1.3225442341591716
1.3158054024223829
1.299801114328197
1.3775651322827673
1.4301318089138753
1.3188025971691633
1.3426756864088147
1.3974415032255523
1.445532675015524
1.449514552565849
1.2758049664615203
1.3362944885961676
1.3514634218386612
1.3375852402732429
1.33636754835662
1.2615507907816157
1.2918735995410269
1.2971709271739074
1.3059778859707754
1.2504533744798574
1.2616883847438733
1.3025234081422672
1.3150364761917068
1.3081875136079033
1.3689042564308287
1.240481501780075
1.3855186352695827
1.276177733859262
1.2777450196780913
1.2088043661688705
1.4089111807916384
1.2710938948227037
1.386928378915963
1.2549052485068732
1.3939694606024744
1.264966129494677
1.2431016023732746
1.2555794592056535
1.3584821759394607
1.4317284633983496
1.199609843004081
1.1861717514340437
1.1862858235239397
1.1963979459632972
1.2007801553490174
1.2009537719026777
1.1993360995286384
1.1989251804695762
1.1989635523567026
1.1986956738012526
1.1990173646922853
1.1948535592299816
1.1960755407175545
1.1744337628312378
1.2439300644237026
1.2474980792282997
1.2471674380076356
1.3763802502782725
1.3090707862712174
1.3008903204030235
1.3055049291178245
1.3242200716814891
1.35184335765378
1.3223417759342073
1.312800417430344
1.2991807231148114
1.291188278917057
1.3325734959096471
1.2922057428846354
1.3484206904464162
1.3343845756131627
1.276442839797363
1.3398861736035899
1.2947138233695246
1.3557350496221903
1.2719233272935646
1.3508036343748324
0.7142052319038551
0.7042715177436725
0.6844742144342894
0.7240713504658485
0.7180329916410239
0.7196806153237434
0.6807711259954871
0.6782653189148242
0.6934449871245006
0.7043396667919822
0.6900483326757877
0.6962046367681582
0.6968553729752965
0.6857355075774405
0.6993010476377186
0.7001994558265192
0.7071188145688321
0.665827149322102
0.729127649693913
0.7296538387242384
0.6648917085341152
0.7032873466272873
0.6591635707889142
0.7456818389838541
0.6717017669788771
0.6932413805893252
0.7373636446525021
0.7237582279771272
0.7290874878361424
0.7502017184838891
0.6766330947548023
0.7208877809466655
0.6535131597542416
0.7134178490215486
0.7137682579922563
0.7309122463449639
0.7159241469172736
0.7143995638172801
0.6827668930427296
0.7057714302246809
0.6917627215338055
0.7022720011810035
0.705263211035078
0.6809070067047489
0.6863101043673209
0.6902273727396603
0.6961287223211037
0.7050470290097837
0.6842228084275143
0.6920038875988024
0.6748892347680157
0.6969926985683268
0.7260791596510756
0.654443948547794
0.7205126443703045
0.692488420096809
0.6652950658833198
0.6805843959074612
0.6158083537514866
0.7426134916925994
0.7410744226918597
0.7302673848624511
0.6992907383961734
0.6781804884119034
0.6949278682562978
0.7422011135020897
0.6706991319621514
0.6910865759100202
0.6772279181993984
0.6614373069631636
0.7240690453821405
0.6671517591564983
0.6744914063656698
0.7015494894779695
0.6768393141704686
0.6943501201009558
0.6916003893755274
0.6758731922558229
0.6879171782756403
0.7085602438177206
0.6982355807271853
0.7064715917323402
0.718489394241155
0.6913114275418006
0.6997851197550395
0.693776399033593
0.7308519294865118
0.7054381102322361
0.6880800867884032
0.6679310570352078
0.7366382978681676
0.7351296903377978
0.6561788147107893
0.6439370670679553
0.7462512974897065
0.666579370186747
0.6817827052440116
0.7025295605326883
0.6840595738771229
0.7034456558643428
0.723015600741535
0.6970934567239319
0.7089814750673645
0.6816400271331285
0.7229917105455816
0.6320381837688345
0.7239984846807552
0.7156513357024158
0.6828502250566686
0.708710455279428
0.6765091097315664
0.7148583171132317
0.6780181007982542
0.7091056243768622
0.6941822770759349
0.6888795339853905
0.6973118737929459
0.7174611238419343
0.6853310939619909
0.7638935176549552
0.7374824836479971
0.6679581409792018
0.7179216750847979
0.7030554816141518
0.6701605270725762
0.7196550476360751
0.6544641132702724
0.7292851518592596
0.6519096968330362
0.7017847858920933
0.6770902267894687
0.7139859599080397
0.7178792942882933
0.6900469844270811
0.6809783640342968
0.7056282691784161
0.708350410351387
0.6696718470306037
0.7081882049354047
0.6804036072896088
0.7232434724521558
0.6932713293505792
0.6899554022363595
0.7171913170526677
0.7360651827730923
0.7288491060130661
0.7283435707767215
0.6838692034438442
0.6618405550619992
0.7371355266625959
0.6342609370267426
0.7550600816667439
0.6375371369814073
0.6454448493198179
0.7338981792411837
0.6475250189408087
0.7474284372425609
0.6657023134374057
0.6933338375719811
0.7020479245670136
0.6709931252399834
0.7388800050446489
0.7483247772373183
0.6369352853271674
0.7394968979633588
0.6591936802821496
0.7012234973658239
0.7094360064942954
0.7334527525266868
0.6925107388971293
0.6591858957217293
0.680915399066131
0.6510968212776447
0.6536461400573748
0.6543957459128437
0.6815963630243758
0.7195599694589127
0.6780772649936231
0.6654105356188375
0.6838717091971173
0.7161585526044923
0.6783439564942052
0.6996931837266311
0.6895650391244736
0.6685335598584397
0.6641611029926623
0.6645124104031082
0.7413218060783523
0.6438696315227331
0.643600527261445
0.7374652647496589
0.6569004908568644
0.7145392826449319
0.6823541840061436
0.675146024768271
0.6832911265546626
0.7101110818005228
0.6929984613621497
0.6839801803613896
0.7251283555697577
0.7357859402656618
0.6480809996288983
0.662697474954379
0.7264940321091606
0.6731491159426233
0.6577888004074872
0.7350117900266055
0.6968881422845757
0.6951235520779367
0.6922102749537417
0.6881299195052091
0.7011886706061565
0.7092789795224118
0.6818489590068327
0.6514568702456819
0.733927513984212
0.7300792804997466
0.664788012281894
0.6729965676937263
0.7460161512383172
0.6917794886694688
0.7145893740871778
0.7098242650328579
0.7048829244838605
0.7081172900665486
0.7316423525407038
0.6571523440245042
0.6646008234531507
0.7295232947011197
0.6862009347676598
0.7178352797110087
0.7452289306791229
0.7187048262373945
0.6725985502201833
0.7686239783880378
0.7407886628160073
0.6677417384388276
0.7196791750846754
0.7093840562649084
0.7333185168711753
0.6554639050528667
0.6891541733871729
0.6888852614348643
0.6847508059498021
0.7054834609562334
0.6794444464950065
0.7167233510745662
0.6719993504555306
0.7170537277719963
0.671622523681265
0.708916488847552
0.6730648339904431
0.7412079389518687
0.6682942710574385
0.7194756647757912
0.6906717540313176
0.7053514331004556
0.6614748605236934
0.7454401369220305
0.643927709427178
0.7057263052808229
0.7096357868215208
0.6755355444548897
0.7093913019784984
0.6974438651407687
0.6935301326675967
0.6979309631007696
0.7033226297330197
0.7234603598757803
0.709399942697246
0.7083895644641618
0.6912665103173989
0.6864331820376411
0.7319550598835136
0.6497460039071189
0.7351794558726673
0.7254237743537183
0.748513027735198
0.6617647215924386
0.7049923930737169
0.7075592817977179
0.7085459905775584
0.6549607983279525
0.7124928741508776
0.6693464942427194
0.7424372318040426
0.6378662516211566
0.7707476306806111
0.6556546593823741
0.6549513769623421
0.7349942831015829
0.6594788624529597
0.7288240601364453
0.6812127258288717
0.7208739255180872
0.6836776324169699
0.6868067096796232
0.6878910121793691
0.6828984072387545
0.7175971228208389
0.7207630600967851
0.665957267921368
0.6588614982129098
0.7907339161024078
0.7579874060302131
0.6927675465859274
0.6586717979652439
0.7307652747936778
0.6803799087894433
0.6497584415985099
0.6770575964576886
0.6841165689020972
0.6917132899470096
0.6508891855551487
0.7517499391151968
0.6902718568972207
0.6922002280949237
0.698648584652158
0.7040188143571674
0.7049778153535262
0.6937784724792043
0.6996266559659271
0.6881182044291551
0.6915583705824997
0.6924652988137371
0.6911632685279581
0.6912441519844338
0.7109902158183604
0.7005045200451421
0.7278071519672308
0.6659891467627056
0.6655813463404905
0.7589802473922995
0.648690427938441
0.7545356003331438
0.6670043389169845
0.7731286291449749
0.7194281111015959
0.7289269834308587
0.7436695802479406
0.6871223023731655
0.7026393844171183
0.6594333447957735
0.7348505569142272
0.7692143968204098
0.6852855764031369
0.7526737696601166
0.6386960288306281
0.7016182446229757
0.7163310455281453
0.7104891528200706
0.7513725892831803
0.6542475943014456
0.6493190152454547
0.6129741688970421
0.7144907650362695
0.6924515365693896
0.7285252259527502
0.6712359141082114
0.6867283410893577
0.698334857704288
0.7040385989085465
0.7224588487111951
0.6827878466035455
0.7074225900914376
0.7239689716320588
0.6527853614184079
0.7146763789260789
0.67617162066252
0.6805392929334579
0.6727935446355524
0.7039852184335147
0.6471183792167879
0.6398352122026992
0.7122116900924065
0.6926911027038558
0.7014229485698635
0.7063158793356373
0.7136455702354917
0.6794532762003643
0.7032895256421613
0.6678703803774126
0.7084356491206725
0.7127308410966463
0.6922291037685823
0.6894335291232347
0.7095868931606626
0.694003986457832
0.6780604611564118
0.7056481391925804
0.7034830306460328
0.7001568641734696
0.6721433829999143
0.7265468684118553
0.7263446571938207
0.6886929507999742
0.68085564287016
0.7213030110009012
0.7259368160783901
0.7257752945710437
0.7254885741538273
0.7250805898427634
0.7253453044121823
0.7301262031774665
0.7183539297003737
0.6799598617452732
0.6429765429002177
0.700097818786928
0.7014331465803767
0.6647782398685699
0.6974524154566142
0.6857584576690515
0.7233949614859653
0.771905972777245
0.7337485495582734
0.6619435602350239
0.6966287609731229
0.666890066580177
0.6798507971874482
0.6946934608721371
0.7030648946565389
0.6908912981987679
0.754983055339988
0.678167374242647
0.6995715420278791
0.6976822189201962
0.6719538306269119
0.6888333369042657
0.6899960702495882
0.7220442678288778
0.6724213901736295
0.6785460881358347
0.6855205942844715
0.7119496403667428
0.6798245053972809
0.6634416521422121
0.6190212633154406
0.7545537500839035
0.639296526556019
0.6640562556518459
0.7024254928710013
0.6604989542560787
0.6833583407610686
0.6848675127303555
0.641870776364017
0.6797776159277417
0.71680823146021
0.6747963311036809
0.6875833604304585
0.6621229165887551
0.727992777114669
0.6709213782990637
0.7413564858195908
0.7304512146809266
0.6387978653563698
0.7375247542230304
0.6580547277480115
0.6914081310484641
0.6636178799898733
0.6931565847116415
0.6905747808687013
0.6584273204583275
0.6961515100751292
0.7341355224489359
0.7355086269136673
0.7239381412165303
0.7257056774624892
0.6770514968189973
0.6546046060002022
0.7424686179265574
0.6893228625821206
0.7147051854198456
0.6539859559045194
0.7081575425979041
0.7058102330629048
0.7286309004686605
0.7163963593106117
0.7009100250234631
0.7088949225614236
0.6702516070818156
0.7219110727849795
0.6648810952450726
0.7007000612305712
0.7105254575693241
0.7175763452180316
0.7233027650646453
0.7177294038254907
0.6951456057685104
0.6322128675947921
0.6500412186122756
0.7286646885387873
0.6364603021743489
0.7623463482612353
0.5882258732500724
0.5934250515270254
0.7183282327604756
0.7056873909290948
0.6210147608112693
0.6381781387407826
0.6642268749721274
0.6769537184779539
0.6471314420678719
0.6946760792663272
0.6817534488209906
0.6454512223278498
0.677209491354594
0.6802401181652847
0.7033586797320454
0.6838454656978695
0.7054694787703676
0.6761622418916157
0.7116880703845222
0.7069205072147171
0.7164220535269799
0.6829497568509578
0.6708050813626137
0.6757449865192685
0.6773479032018421
0.6676252394701732
0.7359917816649599
0.686420305409408
0.697032592297032
0.752284868089459
0.6703542252990373
0.6567991628834625
0.7393382650326159
0.6509715663663027
0.7637862504521629
0.7383721333365489
0.665702665530942
0.6463821597271653
0.7475872612964303
0.6389120905391412
0.636695628666592
0.7593648445289264
0.7104258646347174
0.684885029940277
0.6859721084078542
0.6784618714134316
0.7379895689158511
0.7176674186414583
0.6795152384457093
0.6742800385358666
0.6587490836154937
0.7368466159047617
0.6858683793052378
0.7172474538058908
0.6734137870787197
0.6873165503775711
0.704720000823713
0.6824322095509798
0.6716031079475929
0.7146502682752586
0.6807917787288092
0.725845912564003
0.6301979134950837
0.7531130559505177
0.7165020063012913
0.7166607551326164
0.6793359053813218
0.7138023587054115
0.6769827397213845
0.6924055131137151
0.6753928218837655
0.7275954441780568
0.6679731180550702
0.6648414808628812
0.6825341720991047
0.6921051258313025
0.6920769084932189
0.6929455491938098
0.6873352848009934
0.682475197749169
0.6819367042704183
0.6660916909833728
0.7500860096936238
0.6829731507843197
0.670149697723372
0.7276850245068377
0.6603751595033341
0.695211538087767
0.6894290816413123
0.6988412972239002
0.7351647766385847
0.6405094751562476
0.7176339040488573
0.7319349496216193
0.6784948870147612
0.6739116977360328
0.6765591341528813
0.6472884993580774
0.7338427550492276
0.6824765471858701
0.735945619969196
0.6863501679612659
0.7030490236937099
0.6628873730770454
0.6405037893308436
0.6839580980995809
0.7019199161788297
0.7553745325966293
0.7613432625734643
0.7468472048646395
0.6756575248725241
0.6737485985657204
0.6533942880257629
0.6425836297923854
0.776163112429182
0.6181517840250363
0.771641573176445
0.6789103022151203
0.7212296744939278
0.6466411264534685
0.750191236172643
0.7240580694329333
0.6805561574982859
0.6898422495992675
0.7526300578664995
0.747538382580159
0.6867280391631424
0.6597980317845548
0.7138688195085415
0.7142037743623388
0.6942855845362588
0.7106934571596571
0.6994063149533394
0.6886094284525569
0.6694390048636307
0.6047838190484519
0.65332930746125
0.7441530424264583
0.7234726009678688
0.6678028989232672
0.7323228515700797
0.6703008337425707
0.7220896911976729
0.6670797234119653
0.6518358280705937
0.6138535799791804
0.5945686982828814
0.6299136226814722
0.6343068165528079
0.7268625563497275
0.6848052433281162
0.6856515318179986
0.7233705491038748
0.6794133576692618
0.7142905306451142
0.6944215623682829
0.7173344790634698
0.7208639576631046
0.727624473551571
0.6765201149549489
0.7143747787561144
0.694264245680142
0.7175784839785995
0.6942323035152447
0.7291223014363256
0.7527522518510649
0.7523176609204236
0.6462682170914771
0.7224664521339249
0.6545859230119258
0.6603565388007308
0.683314476693474
0.6814832091341885
0.7038601936064907
0.6886660942642068
0.7175688291767132
0.7353692112482151
0.7352819135451498
0.618325436850177
0.778040388055469
0.7110997796157277
0.6739187734557722
0.7179137674704668
0.7067033934203354
0.6815396378615001
0.7179666132272032
0.6664705365828466
0.7274090643113883
0.6707116776568464
0.7358662932383055
0.7519399120645512
0.6085745231063124
0.7614909850295651
0.7558838876546695
0.6496147832403094
0.7227977229028087
0.694838807488631
0.6930574283274985
0.7156277469525277
0.7021040429788569
0.6882448014028251
0.7102727424679749
0.6766347126391039
0.6848828931114479
0.6796832217637231
0.6586785619893192
0.6603470293636713
0.6621975166988784
0.6608941466307194
0.656195184314473
0.6933120342446504
0.6780914149487339
0.7249083748159659
0.6507418739142888
0.7139508287067264
0.6860987003385217
0.7236620440542144
0.661090007442069
0.6621364386966992
0.6663083373819306
0.6675044171961549
0.6675044171961549
0.6732892896106134
0.6729307209950421
0.6702431728053277
0.6691083076160865
0.6723247174187739
0.6732275582238987
0.7337378923067103
0.7099126764240266
0.7159528505359761
0.6691457173822292
0.6703921405593719
0.6953872470387433
0.6966474672466831
0.6808749818221718
0.7108683009038966
0.6650003405976612
0.7326721428773545
0.7166686906519762
0.6870653806303172
0.7257547748229348
0.6832180957774195
0.7517203749796325
0.7020428850969319
0.7007007174150616
0.6911757822585277
0.7482857063463615
0.6369575880718766
0.6314542252551218
0.7454467051958658
0.738358943628535
0.7009628416839452
0.6926708215059224
0.7094553295187055
0.7021013271629302
0.6982539828243679
0.67850498365873
0.6804311742716657
0.7110622387532887
0.70866946933161
0.687078552923432
0.7031192844789318
0.6835025397683633
0.720696029492844
0.6837525899081148
0.7030639875964153
0.688073011436752
0.7050143792394417
0.7165857874810455
0.6543002806039854
0.7516552573489491
0.75951485442926
0.6368422457636954
0.7383968652996727
0.6470106469043593
0.7010226802729806
0.6513577796565337
0.7685061581396153
0.6368898991532048
0.7280395389503158
0.6941336679053651
0.6847435653679748
0.6920479822748824
0.7069801209403538
0.7246940183137799
0.6810448493337573
0.7478149285477212
0.6910029920566564
0.6951247027202987
0.6995906306909607
0.6856053513785233
0.6635072821300174
0.6599359961258934
0.7292623585184698
0.7411563981528143
0.775487834900115
0.7392041974383854
0.731577591170747
0.6567714135418008
0.6368104227444811
0.6669663496385393
0.753213986294618
0.6465090303587469
0.6807524927924494
0.6867902600274182
0.7125000368785634
0.745302411594462
0.6514616768879655
0.7473356735615987
0.6674093146399209
0.7155007085086666
0.680546755794024
0.6775532844185107
0.7302315188151803
0.7168908968351586
0.6970637698596764
0.6782858348303968
0.7393918946366376
0.6519848861860771
0.683264323219907
0.6934432406322639
0.6914964682447675
0.694309598663837
0.6852369482797653
0.709859233862956
0.6796918334189456
0.7146866565151312
0.6534445885138125
0.7523909701342819
0.6194684304877611
0.6961707901569999
0.6858046629537266
0.7165818436365149
0.7793833459072325
0.7357474906296921
0.6820638081834581
0.6742303906131423
0.6747802880863101
0.7247777520905907
0.746433877734177
0.6571870539741322
0.6822576368110276
0.7047431340798602
0.6974538575505594
0.7197224705559551
0.6914862028873359
0.7166428516977632
0.6994870735142545
0.7328019059845247
0.6922319387690906
0.7046162391208999
0.7051493727971401
0.6944852461457827
0.6917956081934723
0.7008119245361686
0.684284808632223
0.702361730973556
0.6993744181338202
0.6756332231211661
0.7176567788601415
0.7249019062286455
0.7042293110989298
0.6460810916075154
0.7201641928996547
0.6632375291189154
0.727278125047811
0.7180274555804445
0.6966024276685493
0.6604297085844818
0.690255235388451
0.7056367607911034
0.6870531812082178
0.6972898658825983
0.7359987174273088
0.7065765377603456
0.7389186565745378
0.7289010932654704
0.6843303738251053
0.7025460644419527
0.7114570106716892
0.7039075554311784
0.7224769841126031
0.7209660121462499
0.724821342147101
0.7151066326852973
0.6923788709052612
0.696634040595536
0.6915164986523924
0.6832125806103482
0.703995004115045
0.7227068519425855
0.6987075009008008
0.6946876419607737
0.7269538681785525
0.6450512740807789
0.7513413186823524
0.6218347980927272
0.644226404525874
0.7118988638369881
0.6792902437530932
0.7113029988086578
0.6846480617896422
0.7024028340076137
0.6725460358581997
0.7141679260085337
0.6431870814808454
0.7494876934370355
0.7517663244464766
0.7330815542578599
0.6901021802335356
0.6913490613356945
0.690911723034953
0.7409480258084427
0.6808690410253694
0.6296382159989473
0.735912439021364
0.6164950214393191
0.7862357211234158
0.7397717039635239
0.6948744554771159
0.7110262499785767
0.6977249275260392
0.707939341132248
0.7266723944570876
0.6684661740343067
0.6906657571553279
0.7530741538252235
0.6468755215788933
0.702707505386837
0.714937612063386
0.7036799314744933
0.6882652350551103
0.6907330614079107
0.700686327622777
0.6932626370537657
0.68190693244099
0.720747515292838
0.7021063195364634
0.6817740574022071
0.6753206229648938
0.7154785067168434
0.6811920582104216
0.6998348654901152
0.6405707643872276
0.7331885483462212
0.7186278414346391
0.665916708975609
0.7260608114961512
0.6518914796680874
0.7030182077488933
0.6983102450063424
0.7022509797081188
0.7010308898915365
0.7239457272069492
0.67858361460521
0.6841233320609079
0.6664886678117412
0.6710702854652056
0.7105267592537281
0.7154589712343006
0.690099606147749
0.7240257694191315
0.609788084499971
0.753039362776855
0.7563259494256613
0.7479181032838597
0.6518631704188309
0.6829644438802865
0.6999426124855593
0.6959639016703922
0.6912307828607474
0.7162022849183659
0.7382423659114872
0.6998079458253399
0.6907359019261197
0.7096482317939521
0.6454610573749604
0.6507924959612587
0.666350225842749
0.6388679616769619
0.6209306046567157
0.6964116585963362
0.6686505302564435
0.7190900779097664
0.6874215247526618
0.6978399054657134
0.7014782887070224
0.687533347335633
0.6832590830336626
0.6811458488536865
0.7176148722377758
0.7180775578983964
0.6172345503855562
0.7926045429212797
0.7100747572346184
0.7741851452721427
0.6737224041131851
0.7156882923430399
0.7162885818560897
0.6540397125353321
0.7435854714670004
0.7317024108863878
0.6708055871334943
0.6579989791259587
0.7313001747139752
0.719947962241139
