0
2.3866215678786973
2.4699056822459378
2.765087225426878
2.2332638671886453
2.471579937675757
2.3735549280221386
2.391887494736663
2.230941483246564
2.491250706246955
2.621036556183691
2.600862056453399
2.5835192052931064
2.685053226087321
2.6392041582689436
2.43278842990637
2.551386896538405
2.5256394965423254
2.435779426568568
2.2820503164792814
2.2582266675521034
2.506840919607847
2.4070541296424914
2.8267517921531766
2.2932504669446714
2.735670297885818
2.3786242088550127
2.5012222365157397
2.3371487851932313
2.4141682393322106
2.313380834826025
2.3225167617231524
2.051637751322319
2.679511698012884
2.3234321528236155
2.566247546845481
2.6418574175043243
2.5800601009823665
2.7735813356549066
2.7721583736903144
2.261834373887518
2.2518861867229285
2.2955844959091927
2.3357356054744
2.5795105406345233
2.396683434474235
2.5496321940325983
2.712440819924567
2.2625026738321057
2.4247052479751265
2.3826113876187986
2.512542400620744
2.652178157641589
2.5485618309850016
2.229596585558918
2.247590086829848
2.2686638123558516
2.5660192490954254
2.4377701261715714
2.499873611467673
2.356186911771359
2.3985425071730457
2.5854287638556253
2.491329392380467
2.5387214851268105
2.440189769226687
2.6348419716663543
2.7162932057116844
2.730841553012493
2.695653615023487
2.67304270742154
2.5907119080406793
2.303266264879368
2.3334709011408643
2.298479456207845
2.511765823832667
2.209428300382414
2.5053173838433738
2.5535676861010037
2.5397545216229167
2.5510447591933327
2.621440751019414
2.395938333956452
2.586959062261783
2.6200023015336225
2.416029322411367
2.444087968639407
2.5614334249103243
2.1875043288954408
2.5643593586281925
2.4093295595431963
2.386021799013917
2.3797321490307146
2.2945243838306553
2.310833853494073
2.4638313766737348
2.4754329419564987
2.0855961151819398
2.181221615955791
2.4034603224609
2.3519944581445564
2.3221481553068575
2.412682744361982
2.523348209492787
2.503345684444024
2.4989939435567425
2.4028094923499883
2.3079606552761898
2.4644319535518715
2.6413450427949026
1.9481101409518624
2.7208716331503275
2.559586653827814
2.668549711708171
2.6025443312762824
2.04086562919618
2.2885832268301285
2.3385969714218833
2.458335392660619
2.6051703816783323
2.6528461465093516
2.717390401576962
2.829856809064919
2.760109153862939
2.841078347807392
2.7550623281119013
2.6814368972929863
2.325979455656139
2.311916331303295
2.495351653893585
2.351753775094888
2.314822001300766
2.2703797316701912
2.453528480157855
2.4504582545108113
2.198826584152549
2.617759899086994
2.422258044950363
2.5453219963869667
2.5865435235203917
2.467037405951378
2.712658405254693
2.656687262006988
2.544319989533191
2.4761366737808883
2.399891136912406
2.5887480866809045
2.505488774890653
2.482324191315787
2.4889249312843122
2.4402275351511555
2.5468137957795265
2.544151803381728
2.752104704814912
2.4365510330119515
2.442482317048058
2.759621845774756
2.449254107213472
2.5447349485794644
2.3110911214917347
2.3899428185695277
2.4779540795156363
2.4955552600445925
2.4633559456222263
2.512975745703102
2.391922837729359
2.4740494634305685
2.545298430842725
2.5971568732596606
2.5465947861251603
2.105168848661321
2.086743791487118
2.458655899877739
2.3402125594201215
2.360882345499768
2.209846799132378
2.437537007274623
2.4567820894598484
2.270422830000129
2.504426119912967
2.3319792065447387
2.4204099670469374
2.4371924125404445
2.367942554913474
2.511406109840786
2.5181989693308133
2.6796585647301914
2.5964629877705034
2.7140205443498346
2.494186652345335
2.574863731326246
2.5388938652974904
2.539736140031573
2.485916656778428
2.4480076699243356
2.4420100414099832
2.672330494879255
2.5706169824517344
2.4848745362802918
2.3679898681934892
2.3506221209228446
2.362584179187103
2.875424329070308
2.8053192923971553
2.795953347322514
2.5936508180635913
2.7446280889925965
2.5836139702981065
2.572202431042923
2.5449873705082626
2.4575511243218418
2.410347539435257
2.4621647762495953
2.5291481105991225
2.1553397375791294
2.161250642778068
2.3405452478418622
2.580733728269723
2.460462308155262
2.187860699965024
2.0251401674232117
2.753806181851886
2.5892683016829108
2.1883168926289986
2.20792424069417
2.412025665869452
2.3308500815594484
2.329824282055537
2.3800940029531863
2.376255658046948
2.369314996103787
2.421538778845946
2.280255297104313
2.4970779698073624
2.4908747883029316
2.601409471287295
2.4186302417846774
2.6128503699117
2.504774542004778
2.3157174391884445
2.4571250005544534
2.3656113084905677
2.5605858258285155
2.275585832678643
2.553812975769985
2.6572365178815267
2.3256340904487094
2.322827063743387
2.551640191637862
2.773791731465384
2.3623066572341433
2.374017003817478
2.55089668123925
2.3039662527723634
2.2382615635615126
2.5438709361239282
2.270453877220951
2.643314556305744
2.4375987825214325
2.6564027242893395
2.645357268698073
2.4355560064346795
2.4871207501175787
2.5259340345188
2.5377062194984408
2.4891938379726577
2.6122406890582126
2.7024452733044146
2.7048777020591346
2.4067166740533765
2.701260565811971
2.1482241568256413
2.4732734323211
2.3234715432552324
2.654952193911182
2.574810163088991
2.4453952228590916
2.8332022901613407
2.4219145326286307
2.5648983362366975
2.542400792140652
2.900155326982747
2.7476628666285356
2.3560734297876023
2.415204138968685
2.5443061863775394
2.484073777452528
2.56171272453956
2.497338899426278
2.2246909100913252
2.321044601077129
2.636908376386581
2.329937991911743
2.666030748670563
2.635501079501436
2.5750577482743595
2.545566038318944
2.363829213826543
2.3587163653145784
2.7742994248824013
2.7516399633111273
2.7787413242976053
2.3866797829822715
2.3609922474353575
2.438386218499028
2.6619655913777684
2.520531296727433
2.53133367520021
2.583560773994975
2.452487597649598
2.8804570347661422
2.742107708361459
2.719140477025933
2.537368433395719
2.4522871984745054
2.496169735056434
2.33412256475413
2.415911999377149
2.731932624064886
2.4086425783183913
2.476027600215571
2.5444937355452777
2.412656330302291
2.7284010796047915
2.106302203422303
2.5041973167828036
2.3073706529287157
2.4636214826016283
2.3496096655212337
2.422531893998313
2.404654446482317
2.455132216436605
2.673252110952719
2.3864486860453034
2.796982445334661
2.323318587747785
2.3512508198588686
2.4428667714863788
2.4781614533526395
2.446176409382647
2.3372363537696432
2.3685785929551297
2.258861259134601
2.524127196267011
2.4464898839962417
2.514086284381451
2.5469696490570533
2.5128140845892597
2.2589430679323077
2.9205248042678957
2.325030317618759
2.338692413736452
2.414109211856687
2.742953416247618
2.737571952251721
2.1821473175890524
2.4829069844725433
2.458639006659737
2.4667127217258624
2.1906042503874
2.426269550624317
2.4301802721332297
2.5465810746276833
2.5325934668172208
2.5468585726215633
2.5238216174004897
2.440891886731886
2.2840242698421798
2.2144440969944355
2.36619248667192
2.563651734239967
2.6965154269528675
2.802707577836345
2.3271071531877823
2.4003163972744974
2.4905281946809454
2.4530846294770523
2.4611704611841647
2.4434728112059685
2.6237451674078875
2.6587714903503468
2.4459975511241843
2.389205781757385
2.241613223424997
2.1362960562888538
2.635107588795556
2.027442748798354
2.3215618984060558
2.215794010947164
2.208178596860853
2.7160472289051008
2.385363127415566
2.5663089620380863
2.3422408298570767
2.490191971445058
2.4811613542627335
2.4713161941017443
2.3748890361642765
2.624409448105506
2.5824609420962874
2.46638043944162
2.571434394035495
2.3329056566752713
2.4887598373816906
2.5310365159655333
2.6325377688522753
2.6397926032846484
2.6803805218046572
2.6214758664769744
2.512307684791049
2.3170294605253203
2.3452858548096587
2.4284289424062497
2.5692673170104676
2.5569779393723673
2.5215702847085146
2.635249249878382
2.7126966445641005
2.393644730417136
2.482101344027131
2.481545853871892
2.6382004005241897
2.6190734123101067
2.4493126118327644
2.6615706836896194
2.408011886411245
2.447773388864504
2.33864444078176
2.2425796702212284
2.0314382156604855
2.49658852217561
2.392064122883875
2.1049665145467564
2.000950504539567
2.2773861344211452
2.560270587591009
2.4168284204191006
2.655640885729112
2.5596545956348944
2.643742399440609
2.540453400525702
2.63783288502469
2.324570201285579
2.385082854469728
2.417874962342585
2.2387127224852477
2.4419080699366114
2.56791468689736
2.6417781866958854
2.3010565823455575
2.638321582641266
1.958927998118466
2.7291744950366987
2.267075543068423
2.8504159889229728
2.4967854512510113
2.47475184775999
2.383237533462275
2.469952622566966
2.5703562553677295
2.5575642365459745
2.1652298781033674
2.0974434353921056
2.869376204513928
2.638120113033479
2.523501231394435
2.4712641080802515
2.294011973187316
2.406022291585622
2.4293336928230844
2.6044003534679447
2.2230210395602366
2.4645899131859883
2.5803606270288157
2.5562806619017535
2.4844127705958408
2.204957542255804
2.7056850438932414
2.7661180902540474
2.280654947894476
2.201410022574884
2.407851150954033
2.520339281197037
2.4346506060693844
2.500684517682347
2.501656578293211
2.4779926192503314
2.363804648646176
2.4083634849546227
2.6990096203157434
2.2600330256627084
2.6966578600170226
2.2006690489897425
2.355393953468932
2.6558468805587125
2.5364851280274676
2.667775017104906
2.351815648068242
2.3682859502084512
2.4926358742828363
2.2994282931522756
2.5282758296546173
2.446645198134816
2.3864562834400314
2.5750498201943497
2.280366928852574
2.5290324260191244
2.786307422363229
2.4269242303753544
2.6269501456094444
2.5568389861326986
2.561931325184493
2.8078621667732837
2.5945368342036286
2.680168953522548
2.327608008793268
2.3901652868471532
2.30369224616541
2.495019573104932
2.8257525096192166
1.9174676659018959
1.905074082638729
2.0957489939446905
2.6231805607422323
2.48543797258722
2.8237192772420387
2.5608281067610332
2.513111022565438
2.7264269201260136
2.5006059256770086
2.4735986850311855
2.451505197286331
2.559891217613012
2.6420028948136522
2.41963971735875
2.4185710071072326
2.6602140395262537
2.5511488085194713
2.427358190208698
2.3864457277308806
2.387814664876543
2.476863851757683
2.553623426104771
2.43704154566221
2.3765477192233835
2.3932798818159817
2.611663965944112
2.4827185953671216
2.17922703403924
2.3114839861689407
2.3135417960653024
2.1661743247081224
2.5364258201237484
2.1467606589072505
2.628636418313726
2.23211002858133
2.131866723753305
2.5686658786513616
2.5014114813984993
2.655456815941794
2.186828902735493
2.8844473877126258
2.6366324771891017
2.716277333929184
2.6616713579743765
2.374550843878363
2.318263490522566
2.654261137574547
2.3344298459326396
2.142955336109123
2.5609892097422646
2.566340110804146
2.3649690334185296
2.935937645009246
2.344348015798577
2.765668547974575
2.7079687416606935
2.752523647713522
2.687560108218264
2.265183338530158
2.2458535613107315
2.305342105645519
2.136115504887013
2.2513488499328944
2.7159008960636037
2.6143628323444585
2.507562104161614
2.75863598473409
2.555678538072963
2.5459020828502967
2.5080205098307835
2.4191313560777585
2.2622019363511994
2.3864148850387767
2.526853526393291
2.658656341359096
2.4427673779624706
2.39755427582271
2.480856950779919
2.384235606004928
2.434709025555114
2.4741870297485122
2.619831130656672
2.7644139417471982
2.530335141126527
2.6903308741229095
2.6698148913241724
2.7113991165886904
2.6765495805246067
2.5814387740188676
2.5371955928852077
2.160807528031284
2.6267380288453435
2.4918997370927323
2.5449157771358375
2.3790702084461763
2.3523054793496976
2.321028728787875
2.6787185778013427
2.656782449662725
2.63116258057199
2.586604832399815
2.2246431831468385
1.9146670730355826
2.7820784251601776
2.5909160236118347
2.4205957061791676
2.7162813345211996
2.3413809096494815
2.0912843776829644
2.181158269286038
2.55220404809248
2.633090858005342
2.1690626744037074
2.148025451990532
2.2826995377172516
2.5099329927488427
2.445108067535473
2.4617536775013464
2.601250418103686
2.289685997962081
2.6799531457235815
2.313523952466342
2.718955415938146
2.3818301762178327
2.6942885957500597
2.688243645975609
2.417904495319776
2.5997478510978813
2.6435292385902023
2.6213084796398656
2.419321315164672
2.5094660792591217
2.265023064786807
2.822226114958543
2.805895818666006
2.60893702006256
2.615972756295061
2.5982074037290044
2.362017381448208
1.9993505004929215
2.647904961941798
2.247010097404896
2.2370101373293507
2.4937461659067033
2.2147563072807888
2.6028671969995867
2.4354749561117788
2.7049056883976488
2.4328490269379763
2.5607019101058377
2.2685172602929464
2.2086100990670836
2.4674847280202763
2.3829234568997144
2.369616980213215
2.458882719913085
2.2182830869937846
2.2073207517816984
2.433849015388516
2.4336923207322845
2.4034292492917144
2.463048361282763
2.5900945970846614
2.4989927444267788
2.7347820231433126
2.3284361492029193
2.3683034478764853
2.4765953193275596
2.1437546629242306
2.568971736358606
2.2545293679928724
2.1749277984543935
2.5516174717700544
2.446905887948361
2.6217095536499935
2.3433412714225876
2.3368383392218814
2.233849331501241
2.28361646279335
2.301137208079054
2.2584513712359366
2.2551687597274945
2.761476231748793
2.4256298364505806
2.140536492097814
2.741298601823135
2.4408351119039375
2.349403728527964
2.3247197126224206
2.2740930170643763
2.2452780455786217
2.5278596303200036
2.560016445564314
2.190626062287403
2.9413755929035594
2.796097574255466
2.498687759175292
2.3922025912398555
2.3669315942599014
2.509242691781947
2.5737219119792147
2.8414541284292767
2.8334660500122126
2.8298823767908035
2.697606533890428
2.432998553243949
2.4211496088668127
2.759259864061294
2.69249791639716
2.711966857130597
2.8171586635318597
2.3928918461836672
2.528026789633793
2.5824409786746867
2.5611969421393117
2.3747501192518143
2.5068268086769483
2.257375089856111
2.447653752288739
2.3018291616673943
2.202994905764217
2.3209466177568343
2.412504094415495
2.307202685439153
2.555243305229417
2.524863958704912
2.55516486479629
2.2380823728184622
2.238595318311136
2.3357815699235838
2.677850646135299
2.299327076529656
2.2440001307303263
2.6176088863203892
2.57503257289602
2.760079623564515
2.6203754816066214
2.6366362524685965
2.5735463573894903
2.3959509492639413
2.301421307712729
2.887936328677637
2.6915956374333723
2.4025129484855183
2.7631259995551987
2.7367621852551927
2.6566710962710545
2.5745429555309243
2.6120902365451424
2.4465748858939067
2.6998128269309443
2.49553499779762
2.4861623650466926
2.5072171883225387
2.4843429121092737
2.4194493984405674
2.5847747141326898
2.4754539157431097
2.65504713965772
2.497154379161027
2.7700373184285625
2.8062582715389826
2.7490060672083416
2.7839687963366178
2.387490052218279
2.5435848167705943
2.384485560020633
2.6024964890853526
2.4504366057737803
2.4758088643437293
2.451354374023065
2.6318010991009477
2.8015398392943776
2.3342185707871446
2.535975472562987
2.5726455926884735
2.8330338174416347
2.5268999436686905
2.514816458913509
2.406767257676616
2.1134608617631914
2.5757550438626198
2.2932265618745538
2.3845740227103764
2.5122164742375404
2.184335534057616
2.5047776543720595
2.4247431933221097
2.6365648224658185
2.4411426493356085
2.7297672116409424
2.5720546622392617
3.038211123365079
2.9407860774574024
2.1435644715069073
2.327354826711209
2.487762589447691
2.558013923812303
2.486267569980665
2.355481921437834
2.3196881386926282
2.070906337631672
2.4724740035090775
2.4106952039419816
2.208342768977118
2.425241599148786
2.3187161658116864
2.4594989559579106
2.225719039666072
2.4063491764081077
2.4230078960231074
2.327206210708002
2.5132132709227277
2.222018785924784
2.116780215577332
2.393324356910343
2.364609612214081
2.434731319031613
2.1825527581295354
2.2302677134377102
2.282186431318357
2.2881058995824257
2.6544139819079877
2.6375997971748815
2.432165772322199
2.3638188924322017
2.362078914115143
2.344659153226111
2.3060270544128425
2.4277964145501167
2.5299136944532403
2.2869387982382783
2.2411844855513916
2.431137256808379
2.391477767558183
2.3654041510417314
2.5641537835092105
2.4713875141676946
2.5373208731416548
2.596739834954681
2.522098347235469
2.5462217274969396
2.872134219555306
2.1935429488423086
2.4571806036002815
2.3415543378854884
2.383532659954944
2.633611956615965
2.3917295415148527
2.389160679792348
2.251874052101115
2.2034938559866823
2.5137430590413254
2.4345646618335937
2.4768391194646395
2.554221152717805
2.322798073594108
2.6162252619670956
2.475566721218405
2.4152158600599907
2.401259452500076
2.410551987463371
2.2291776233787166
2.2998056179413675
2.3297025403640714
2.429708374054512
2.3593433563540125
2.4819843529660477
2.1601048612538243
2.5688946611351584
2.3774562969556454
2.478742636395431
2.3811739489797046
2.496149987211377
2.5249468580926706
2.422005941816167
2.4936956784322573
2.376903893893323
2.6033395825861425
2.5907398383980293
2.1811941882856636
2.4429529313776914
2.23527730373009
2.3290348983134335
2.7333745879230684
2.5441848372183555
2.521643733872257
2.826831546327831
2.2149930204988855
2.0691625011180617
2.088866624055054
2.329522118212102
2.300693137099021
2.4830860150191314
2.4599367218092496
2.715289320006496
2.319982073513757
2.2423209784856755
2.504718079159878
2.48846333406214
2.565611472415992
2.6880783873446203
2.3899852269505786
2.5139606478913046
2.423734080353542
2.5353330770518014
2.433689680183878
2.538498341697615
2.460724078095915
2.4493529965598437
2.7493768392673346
2.3556608629025013
2.2687797265358114
2.3542012818103535
2.3395246132363283
2.2130922794467605
2.269972668097357
2.726024041930929
2.7152698740074572
2.2440118096262034
2.6481500198152186
2.408321922284969
2.603645776109251
2.4936264023470227
2.431918637054067
2.2772522844272163
2.4818033447340064
2.5108754207509913
2.5887863209423965
2.4565029581182247
2.3474109159628105
2.2134958206301607
2.730899253078225
2.5034729152008044
2.359103033989105
2.3671135180847225
2.3693238927715767
2.3676638350027064
2.4717410600293754
2.240148583337878
2.3194555147689395
2.3489560916502055
2.2807656224493713
2.5220671425212013
2.513377496987986
2.5414631238670142
2.572972322149101
2.550160654276369
2.4970774613673985
2.6053793453484007
2.221269614201331
2.5966945598549307
2.8496053870249534
2.551643808852674
2.3572976563508417
2.1320638255802713
2.333718945946444
2.461825252889527
2.4622852027313016
2.1791954535289944
2.8490985867539034
2.5581432000216364
2.5604273809475564
2.5638241051684054
2.6054450025728113
2.7609930895515826
2.4866686058948573
2.662395742759545
2.4685669476131453
2.6367850288384465
2.2268078897013863
2.6078101513311096
2.5761429107608214
2.6195323015904144
2.4377789239277323
2.525015020967939
2.401578448810164
2.55529993754341
2.590183625007554
2.366028736825246
2.4351345780838707
2.4196234777516255
2.572393778635081
2.3292329894959765
2.2793419218181263
2.322984322984007
2.2587472586130146
2.4668651186843156
2.8617066244694676
2.609503003826486
2.4886941572267864
2.6345942192194536
2.4406646949960207
2.459420735699779
2.550236359207291
2.792024185631542
2.713093383111083
2.5317505591965066
2.2887218986971245
2.4880203263244134
2.4357214362715776
2.4925524850103504
2.344103500483983
2.394282193935427
2.4469384982962326
2.4704240966072226
2.419265427316281
2.205910944459675
2.4405074068049903
2.4007851561246127
2.411885450847403
2.35162008212554
2.4138201895652105
2.3147565343177385
2.414573726750928
2.695540361085114
2.4350457214723797
2.4257346011524
2.66049053506936
2.5893090697654704
2.5416161173003715
2.438255430466821
2.428881606213893
2.6604477850242274
1.894689972125107
1.9005754181729524
2.203755279468079
2.341464496717891
2.371840587703062
2.6715986596610177
2.554496141872859
2.3363363716559253
2.4456769828381884
2.3810697241881678
2.3348502299753773
2.5232576337928294
2.3611138113535945
2.306424065949778
2.444765911649044
2.4617896226435287
2.650232852802072
2.272559278412062
2.385913553793013
2.6009750821277176
2.409748933675256
2.3595543765240086
2.168848062505686
2.7695297536783134
2.1667544194448496
2.505016868896094
2.4930352286274218
2.4445846752033247
2.503790294296515
2.4229401920166977
2.6972774141290348
2.532531477813936
2.5713390542919123
2.6906765307667917
2.525860081070227
2.6257967866532557
2.4737710251126304
2.4051726858918556
2.411760198764779
2.516268713405487
2.513163579752489
2.7020378778950036
2.6919810273751326
2.611864722429442
2.604997364692674
2.6574219115863773
2.4849808853247506
2.6035862600898287
2.624274213935463
2.4210013484231143
2.5841967180626204
2.383792682037136
2.2816738100645266
2.3196536940006456
2.3803449097458844
2.362887707337195
2.508097945374909
2.629391856641041
2.481530030934991
2.566709975071441
2.4788634553698894
2.369144088313328
2.123650378372314
2.38860732535723
1.9636314607036538
2.077556941958948
2.1763937000788762
2.37401119153902
2.3234333020678988
2.4701898870345373
2.5485225025783067
2.5039443322785817
2.6672055518537334
2.6048912768311885
2.38585673480436
2.8314824518482333
2.8370446663350113
2.5732651162438187
2.3121005535833308
2.4326398654979107
2.3263598620531205
2.320239712913886
2.4579404685255892
2.4943920683940215
2.542510500344486
2.5592817042348686
2.472298318528662
2.4727277564328
2.3963981664747975
2.422243199478427
2.5114781993625415
2.461143806049756
2.222075798611365
2.567783038525629
2.2143146143816232
2.1704216897254196
2.262103345365376
2.5761828361670505
2.423345981739351
2.506578223006078
2.442814572270573
2.714139250205366
2.850690236358491
2.5040594732892116
2.5920118285831815
2.593517340753746
2.785857078131379
2.464978805450051
2.69907107418937
2.7138447132566266
2.672424376678326
2.53019093396097
2.543918693588953
2.864439180293476
2.4300818495986873
2.692757773278181
2.5027413646563623
2.718213265478938
2.25343379057816
2.3644935032764716
3.003033860782503
3.0007583890852754
2.450242558668413
2.3839737644031045
2.0947951507433964
2.299961261355129
2.2667847529376637
2.2661711599902947
2.3828458231461256
2.647532571148153
2.5376692040295405
2.4227330988375084
2.307436378422835
2.6424116305627345
2.4406475953780205
2.4328476294398653
2.3828834161527914
2.5409199704540835
2.5811575924815333
2.5909974494896697
2.4527840481359844
2.5527550396259207
2.5275728779936326
1.9790611816295811
2.7032844325515297
2.4325709428755915
2.4357898525655757
2.727814437981115
2.636110968966764
2.5879384512186707
2.6869369271305814
2.6356146782033867
2.5209146689376
2.5923541761622504
2.6219799594624806
2.870135849191387
2.571399910654717
2.749530987171084
2.442964626077586
2.6896260028436063
2.181800301634841
2.3206711112979765
2.296427730875406
2.4088066401952264
2.474659567585228
2.4200398212308682
2.3589697670106915
2.617222702100221
2.687976144768391
2.7880025927534366
2.800117841911664
2.3795410157411223
2.146344819922275
2.854634219630707
2.5277059025022734
2.7256102582257538
2.733903209025446
2.7415101890441984
2.7033658858496907
2.918768554082633
2.700015581533509
2.698794605904629
2.9435771415643943
2.7677556258078146
2.768033938533783
2.5717771737172503
2.6289067202247036
2.7715160739600706
2.560504735745215
2.922454819871474
2.7569299305153487
2.834233274891817
2.278450544284174
2.2416795727818455
2.4381308521283795
2.4630097685703713
2.526836089641498
2.4607177191476737
2.329879777076149
2.48365206899373
2.4545019828625194
2.578171974067492
2.747277113255512
2.7797319254723667
2.7093376891838408
2.5825655883400613
2.5381002549105314
2.5054071484645353
2.436334642029845
2.431437053854209
2.4424688807647716
2.6859982978366244
2.4188646202014263
2.4986860062342022
2.539028096134783
2.2011633281878296
2.3613815694453204
2.182259859810654
2.382332008353289
2.40072811570057
2.3513483447014782
2.3208047865601147
2.364705251133125
2.6207356949080944
2.1132356008519797
2.3532039918590564
2.4833119011904574
2.5812347394236834
2.382581398503484
2.4635989431058922
2.4383275983533306
2.4232606823324234
2.3591408380141585
2.782939878699118
2.6702444537696137
2.3334435667686706
2.408618303758149
2.4119219442556896
2.367029173548795
2.5537313770746595
2.635137631243572
2.6182657327273677
2.5724058035937114
2.7776231959860334
2.749375007283514
2.601337060954941
2.3355017915397815
2.3043411229738533
2.6978430855661757
2.2995331469881677
2.3199756052674676
2.731714841785799
2.3095280025961658
2.5963878671406566
2.713412412539877
2.695355926131553
2.8640857916556306
2.7871360534740774
2.5510028198296166
2.672624591768974
2.6066391134751306
2.2821425274265543
2.8613721947972834
2.9327977793598863
3.0345698930612417
2.650309869137673
3.0114553144282143
2.9420327985191967
3.0536632991157044
2.1010723682632944
2.458421164676585
2.4966113370261445
2.2575764583009184
2.208261190010032
2.1175318337929117
2.6760352678837895
2.342872236613185
2.7793949882577507
2.799316921694081
2.8913613045908475
2.783474652354919
2.4728760797316496
2.443904779626258
2.058138481164713
2.2647755000691046
2.3617480678638403
2.1842142762360144
2.3131587342408744
2.214948981319797
2.3247041437297997
2.6775708323080005
2.2837392347504903
2.415059888038003
2.314229628695751
2.5546577934169994
2.450364961826305
2.3608399673751395
2.5745419221157517
2.310851765571653
2.540468797356514
2.7142428008212938
2.5708735475253275
2.5014435085655515
2.530575630679452
2.6070629646864747
2.598203383247878
2.640477778122506
2.7142945612929927
2.5046511847868684
2.4273191687720943
2.552277481874902
2.7725759344614476
2.7200859395298886
2.856071986748453
2.776306300673722
2.384047514616885
2.6554028964031313
2.5970256686501823
2.3485938359459677
2.3170490098585983
2.7032063688352865
2.0679080954481015
2.392389977809083
2.545310314869231
2.5261561445524627
2.3261271869122373
2.5113402632318502
2.4912387959470736
2.584124118203617
2.3901054200002463
2.521618824409664
2.629063346267936
2.711537128945245
2.5857924805586077
2.5009167069541047
2.4438752014572116
2.4854997641073764
2.297704069336971
2.267022525982523
2.526129753464651
2.264225480243964
2.2427511621277945
2.376536640577008
2.3713467806856388
2.3727191029714376
2.398677738992046
2.4771568470371808
2.468662475036878
2.776768633815222
2.655245816036444
2.399027638880317
2.1777236086344
2.575864321703992
2.137338896292194
2.4571673627247717
2.5632919947520296
2.5293430779251
2.5614804163205
2.60157976736841
2.636237537869632
2.6733009162827717
2.337765030495057
2.409220123646459
2.7110457513867146
2.650528853418154
2.7388773732063636
2.4325277095295728
2.6547551370215783
2.601351271848639
2.639577628255175
2.4736376362497023
2.664109280339482
2.250481040492157
2.7538910206830276
2.3753885881539696
2.318519471254997
2.1266725773729593
2.715890811492915
2.071385970592932
2.067026356417877
1.9727787576273945
2.123836642210723
2.705886695160032
2.5550014099220535
2.382547623955852
2.2676316510373056
2.4328846815749277
2.784355528277666
2.2253957566078113
2.371714896044772
2.7323868732915613
2.7584953161080192
2.92884635434712
2.7498159767588723
2.327970357136959
2.330051679762611
2.269884872006002
2.3860427258026626
2.44166093526087
2.499470899759582
2.392241190254018
2.1299647934302546
2.48978636494096
2.345908692501772
2.384125339332714
2.31053237904253
2.4580795499784442
2.1410839608231576
2.5795319903923892
2.513458723828385
2.4113627523280847
2.5533214643506956
2.434928018724583
2.479206320840414
2.5018745193014116
2.4744649617580374
2.6726671948041005
2.3370310820826448
2.335736218183562
2.3328475618027373
2.356308491643401
2.388893238159557
2.654398192912138
2.564411323336227
2.40352283449197
2.5512898698943225
2.269928140509821
2.6288644406346093
2.752960552865081
2.53535284770818
2.039740368477926
2.6620834421724595
2.5797220653750026
2.5597687879535855
2.375281983450151
2.4550241293558113
2.340397170451943
2.375949646395746
2.205428790688461
2.230643792316732
2.3277755525148964
2.537070476397287
2.231729720620208
2.3129896853739838
2.4933133810268915
2.359571582155859
2.228734283250089
2.186679114197339
2.493838317036772
2.634439519920338
2.3536001393179933
2.5740070714428724
2.243397513328996
2.4086591641527284
2.3027693726407974
2.4511888897270224
2.5037660794600765
2.292529072325468
2.328081237288936
2.348976034593706
2.2498095906269735
2.1329347836079253
2.9729440861586713
2.437742940091185
2.560747931107746
2.599480872465798
2.7337126264458336
2.714678663854636
2.2578968693254406
2.3778943403796475
2.4138862964513956
2.448406892630713
2.278967393293978
2.3266048753723982
2.242022357301454
2.575992279858735
2.432424296989363
2.5681226488358893
2.5085563596281606
2.312560193017591
2.391563587124612
2.2824566263235835
2.53739357297018
2.205940206631148
2.372614812051836
2.3097424384174663
2.4580968560517413
2.305373848936981
2.3431869334651814
2.5065393874474062
2.895169961062124
2.656968084668597
2.5174157986443357
2.6338844754272577
2.547094896351009
2.5731880448474485
2.7184436727265022
2.254311977148323
2.102405538955864
2.4610304838956814
2.460354303332986
2.5764694926611087
2.6155882488240265
2.5365112690357132
2.6013183437818577
2.634052147705113
2.656346563961851
2.680873885603422
2.6087018796232777
2.532143423661744
2.6545583088604143
2.6073255017676886
2.6843069310136345
2.7929844755416293
2.704182589716102
2.8816066458341583
2.1869949879328985
2.411139539923424
2.3622315046528737
2.7049938397995947
2.5742013024607644
2.5484162863043767
2.6061048708182897
2.540188744977878
2.5935218325708744
2.654069427725518
2.5756166973658954
2.616297149566151
2.7175014500065546
2.4267753337580844
2.5299423758054274
2.574706810759587
2.2995699068618407
2.3847140686362973
2.370446707747385
2.4185635100735725
2.285513080075377
2.2888188511929037
2.215694232670477
2.1732303171531404
2.7171445933452816
2.556250139791137
2.516804597221247
2.7678489539049114
2.690523477084082
2.6429719933537106
2.3761467235871563
2.4100266672694532
2.4193995992553345
2.317543927736203
2.317543927736203
2.964295567528571
2.7910945347016343
2.578836060654498
2.55320125639858
2.7517168652787283
2.7833794774123004
2.4535533550258593
2.6301055793437325
2.48782902776646
2.4240348798573192
2.540559885700115
2.6407795211954683
2.564661833945366
2.3469823924649194
2.3448749129417146
2.338242637402131
2.3595134414863583
2.411603340227667
2.1495750547377384
2.1456262812086146
2.492202136022962
2.5537284376637053
2.607642612973399
2.4978058868934125
2.2238332204117857
2.280610366983729
2.3874460981995047
2.3230462431321524
2.3013450862740314
2.6725006576509767
2.6877914293056127
2.562992625532945
2.771481516325556
2.4527436354470047
2.6400358623160876
2.3686975143047513
2.216218183317398
2.5033131850718338
2.2406291834813503
2.6889115564544133
2.2728109233574236
2.527049153477091
2.6936926030772326
2.8608066511481614
2.5514656231515365
2.5303561640524963
2.491074401674259
2.5712956634567914
2.5261644078536643
2.457712721741005
2.7501966434222145
2.8257403903941873
2.312357165322007
2.550249070103511
2.2805099479940507
2.412863058782095
2.4193634789571714
2.45502442237995
2.1909813475988225
2.865200973168515
2.882018824684479
2.8401551315521796
2.8499144133564482
2.4083290715907646
2.481338307170655
2.693961612409712
2.3832068253813916
2.1322350786493796
2.8139646379936702
2.6967296942692456
2.565809360442378
2.5219188271574176
2.3052720227618506
2.5621054925093034
2.540001530549051
2.497897398761745
2.649328541997813
2.3137340476120127
2.471726257638058
2.6112150031014334
2.168582788973644
2.0914283306073966
2.6802677757049045
2.5785594304944044
2.444644977414261
2.534281477454072
2.3778476909523825
2.420452707294246
2.374572345760459
2.300766436752164
2.5870483443166967
2.521327129071927
2.5952724644189162
2.586155948578152
2.5662513390360253
2.7470699917253896
2.622726294299469
2.22012047471544
2.701828829301032
2.453574748934667
2.5445168594905265
2.41612989275955
2.620224052230604
2.4896850253782845
2.509608017760638
2.537992048411166
2.3554243068567566
2.730927360668879
2.4410746767348397
2.605163443079931
2.4469233651691638
2.665854713198431
2.378229807516899
2.6671454017923684
2.41143547369101
2.0767500307443436
2.630058466293144
2.4715461554715654
2.457856638170151
2.4605131967176463
2.492971930452036
2.5125273232779426
2.56263397520526
2.188399192595749
2.265465266398422
2.593787735744012
2.651207523448738
2.578725487660926
2.7712691800882356
2.783197442245322
2.200605832505243
2.362597432893923
2.1816478330718327
2.0932816039993
2.4665333145056123
2.4951748192813605
2.849315499156545
2.5722705123321234
2.814775225326074
2.423052986782815
2.5796625894301197
2.424833489362768
2.802603363072324
2.7975769223319453
2.5294522228666843
2.5993730825141226
2.630594291063229
2.62347818633016
2.4912492558806654
2.708108243878715
2.5200246286859262
2.50404860953269
2.6364415376297337
2.3708406383673175
2.812191281134165
2.6993149650980017
2.4784853673103164
2.4935124947044156
2.5538133246230252
2.5790162649173203
2.6255449926995085
2.1880392106241238
2.6902599637424958
2.804323528434114
2.390801226462436
2.393286280608974
2.6689021853220094
2.5236725876578263
2.407502858326835
2.3833318977167637
2.898767177845123
2.55284306964895
2.495646831744618
2.745343349723583
2.3378357113899653
2.3803812962046518
2.6210093126634013
2.7890782484076797
2.707747236450371
2.7695819478787502
2.686019071983911
2.3374989454084614
2.3074331492526357
2.6672776398556266
2.443786408092545
2.4888329521958044
2.838900177383169
2.6891858568058784
2.5145369749916497
2.5097763644986606
2.771825331583865
2.754432705553034
2.670668923783449
2.607624981078652
2.414172181549084
2.491492026970758
2.5702402592571953
2.5251638413246633
2.369214128231806
2.3819258129696146
2.441041110264561
2.3348980176861516
2.515658763699604
2.34551484555011
2.3601758862284177
2.359445220706577
2.4212363564933894
2.390491476420451
2.429592200622223
2.3388792884574516
2.187283387244975
2.417940603280514
2.517805339044634
2.3776945083163112
2.744106271850194
2.5140284156843875
2.330836583799001
2.309727187356987
2.4018832590417483
2.3826005381376163
2.5825774478125574
2.6508001805894796
2.4380473832073335
2.5048281612478687
2.475164098256347
2.386237420778229
2.6264069991966794
2.3059661585342637
2.3258261246519503
2.221463584150126
2.5020989383320824
2.5326686935542
2.313063312078706
2.1386066322912445
2.1296289535108044
2.2186103062944786
2.4668786806916594
2.5472936760855367
2.43516142795465
2.5703425530132993
2.4266381717769216
2.396990152285418
2.4059503766775028
2.3424387188156532
2.33194362949276
2.747843810915922
2.544417399827852
2.615336654229247
2.7682046277067296
2.539084103313629
2.5305051088537094
2.3678476322865323
2.592736484718889
2.6796203234111533
2.4842867171216763
2.6088028232495595
2.7269898732892988
2.451481957071731
2.6378701572726895
2.310533932523571
2.5250531091425596
2.3518320310059155
2.5092462024505244
2.344219508943311
2.438139538095075
2.378244828343864
2.4418055412457322
2.4013897338304537
2.200507355099396
2.2311748579692985
2.5960051518304925
2.682047642701139
2.8189096828380924
2.5155887988863106
2.558401363831539
2.5285888415473
2.5514801921461507
2.5585853378904826
2.6057361687840856
2.4572484455059147
2.808779993300268
2.887842052964158
2.512114332202485
2.6288618144935976
2.6903314593494105
2.3296909057533233
2.3404820036899228
2.863113084317037
2.5319382428221395
2.573064804548405
2.6351791462534213
2.631401220881351
2.53858278964921
2.323834447375579
2.492520656509322
2.489986432318895
2.4131526999596273
2.480440238758253
2.217409322109483
2.6586257461283296
2.2996842779996984
2.558000421319988
2.4851107298048953
2.2245695112322683
1.9166406497161455
1.9771260154042538
2.1926687687349524
2.1994915371285346
2.2000104866674017
2.2067228875043017
2.2158461928606004
2.223151553137697
2.2402771697609225
2.3132699712845186
2.307416598959505
2.306043512109571
2.2481209917631326
2.5920000917610713
2.4885108262898297
2.8105627810458516
2.7897321306542815
2.8327309945421955
2.2975366508558395
2.83146172020638
2.224816834812177
2.2469811669402318
2.5837104325250104
2.668962808205803
2.6276128350630064
2.7776918215006017
2.3103643082981145
2.4473295402337087
2.3749879392188618
2.4874465803834234
2.6178590396663823
2.3269113164323225
2.50796151254674
2.5731712245500233
2.2109764459047723
2.3509475577275087
2.0542762967770924
2.410434597007844
2.6027360330748412
2.4649919579158333
2.283681804788356
2.493101655238901
2.453639682505287
2.3221202790915387
2.602194945756191
2.375676613204127
2.5674009515687195
2.482551085263385
2.5405452042778083
2.420313197567104
2.3211443845831194
2.511891516524467
2.6495554971572335
2.334605842469792
2.494998527321343
2.3821383203004807
2.6445301049720955
2.596622060256874
2.4724011001624078
2.7717804709968514
2.6589349926875077
2.633969101217016
2.3120145069066487
2.826153032605682
2.692093305362726
2.733611633840988
2.3621069754618165
2.4688305449390437
2.325911826808085
2.3287972365395317
2.5472553791890644
2.3244313228832616
2.360296592842194
2.65241517895766
2.492502556663076
2.2391219614799587
2.535939860096687
2.5313240241840207
2.590496896624369
2.563604747510274
2.938505227693851
2.402146088694992
2.4239880645239653
2.768891920703158
2.5236928964654672
2.4538958149345125
2.466709658098832
2.5611788224543743
2.445096302641584
2.567432121108901
2.452263593105249
2.446589318534707
2.5033278599033775
2.5587437185188726
2.1536795118741634
2.174518743007512
2.1448550443937333
2.576015567142232
2.600765041992206
2.145795703892484
1.8563994298156983
