0
-1.4070453943439865
-2.129943040291922
-2.6379158871531225
-1.6547798375093246
-0.8365295510456834
-0.789686175769401
-1.682751864329473
-1.9172106209592017
-2.2274013063521485
-2.2670121883987586
-2.703679981812147
-3.727236781388811
-2.9926122773318284
-2.8393591811362104
-1.3181918984230818
-1.0849922004976815
-1.2476787534119478
-1.4391199247914077
-1.4087450250605538
-1.5153913113101016
-2.7338906776886933
-1.9331316646392505
-2.8832572406880073
-2.262030000151036
-3.0702197744054085
-2.1481478433446064
-2.631085490329473
-1.7924659363598334
-1.974683268624956
-1.9706548873386787
-1.9228088074650926
-1.389041363769344
-0.7297656042690279
-0.3661628244332729
-3.0488211907311977
-2.5385534863889685
-2.4656897909317625
-2.496888979801348
-3.308854975181214
-2.4578182582400996
-2.314678777796931
-2.3807749590157306
-2.5015041078479245
-2.4423097369098343
-2.61933136903825
-2.7750083992536796
-2.6614782095951557
-1.386009318225283
-1.5147982515296823
-0.4781371759708832
-1.5411032966188811
-2.544575061315585
-2.0728310353296067
-1.759218192337334
-2.1652312499362636
-2.312242685894048
-0.2098947290775102
-0.5875998006052561
-1.39528483583438
-1.5945692832600746
-2.021075318689768
-1.6626785051786146
-2.221076251309837
-2.2281613298391707
-2.500746090340034
-3.312721949999334
-3.326139023254702
-3.2597207316333674
-2.3327803389118644
-2.1949996098332463
-3.651858151486805
-3.1363399226336997
-2.969861988854752
-3.1080012944383135
-2.598478732270883
-3.3786015901330777
-2.982435000112389
-3.564995714637164
-3.081377253186364
-2.691643341639115
-2.936200599678577
-3.564660216399552
-2.34130420713838
-2.1317674964660345
-2.5149170616699346
-2.6133568083251193
-2.1432164750652527
-1.2197541596228973
-1.90859092926879
-1.9040983481925613
-1.9250284104497366
-1.4484571911586628
-0.9895775663097904
-1.2123774985949447
-0.9284999601083167
-0.8250479053906764
-1.363962335607694
-1.4628111555630308
-1.017245353252738
-1.2859999766648547
-1.732818462115089
-1.6701627340761145
-3.3804196106870235
-2.445109584003042
-2.3385395670086804
-2.2411079535229126
-1.3172998602794534
-1.3612548159154638
-1.599154962143512
-1.435087473795253
-1.726714559627314
-1.8921307786929455
-4.603655883193201
-3.349647815796513
-1.4648850383904133
-1.3597555839046103
-1.4593377902126774
-2.127048297571215
-3.020972462393825
-2.921342333649749
-2.3951700400196745
-2.5761062619411272
-2.640723009209568
-2.604326782789643
-2.828996096205403
-2.9627452025207788
-1.7120725190761796
-1.6656752071178735
-1.6987226751293676
-1.3544641346451276
-1.7155917947590884
-1.2818161505169803
-1.4682162937008496
-1.3225507446487845
-1.7812709679424403
-1.1338401069538746
-3.371763864934145
-3.177329978343325
-3.091715892377399
-2.1631199045970466
-1.486603844139551
-2.7654927561793685
-2.183018466211701
-2.6421177632276596
-3.2196173274714477
-1.5944872079703012
-2.2685087147916323
-2.222108325149638
-1.93285418944066
-1.7667592611929797
-1.7762074259221714
-2.1868843023111726
-3.0150413838691796
-0.9461472746520256
-2.4030307224609873
-3.0625149992036174
-2.516302325258131
-2.933044486599987
-2.7042404525246364
-3.4196636296838627
-3.1608022953494346
-3.7775352895988537
-3.4976324769646463
-4.03965680339894
-2.128568074066849
-4.206724449732678
-4.23146435300579
-4.342849767221124
-1.6947387393320186
-1.403241920441084
-1.444189635688419
-1.3197783305027682
-1.1827620231006715
-1.2940580774577586
-1.3935668420743268
-1.099230403009102
-1.6584310298624276
-2.0387191815541525
-1.8825159075469486
-1.670470542855065
-1.748052500989055
-1.7479726944819511
-0.7442275802912274
-1.5557374825140116
-2.0498357368273754
-2.1815264431203074
-2.451970291337207
-2.7569487945552447
-2.747102417397937
-2.14755072856061
-2.386338745654392
-1.5286335051244282
-1.1349303431142668
-2.3752407458571074
-2.347064448576945
-2.6185677794076114
-2.689034321218598
-3.2081891083437766
-2.9530892273445897
-1.7073415238877507
-1.7017240932511495
-3.125264576899927
-3.1602257420478854
-2.972336833738315
-2.2937597576759097
-2.582534397210207
-3.364463703953987
-3.6865058022758066
-3.491423261065282
-3.3045535066640315
-5.1165767516272584
-2.004416857410999
-1.7583724482157341
-1.5581731565019281
-1.7065637692354496
-1.7596825189171217
-2.0115954534041403
-1.6837625362520356
-1.3711277577184298
-1.4725492464805523
-1.3843939322752932
-1.48121494033186
-1.0453883803158133
-1.448902977491297
-1.5000471007515797
-1.4203031342172643
-1.9476725824378587
-1.8477957527669715
-1.9135968307380868
-2.0548335356150162
-2.036051554585427
-1.1273889279998164
-2.025607864589621
-2.0967475404656293
-2.0394279763508427
-2.5523043283484386
-2.0415808913584508
-2.0693511035123606
-1.698493897935249
-2.064383734774126
-1.8458469076066855
-1.9769767748769522
-1.3175278971832907
-1.3269204132507597
-2.431590887134621
-2.1439148404173665
-2.1453465434754673
-2.307085592209428
-2.6188132527636854
-1.5930227565257693
-1.3887649493655196
-2.1069360088671094
-1.5776927764872475
-1.3504554748575222
-1.4494967878812517
-2.3026779963704764
-2.302892644499867
-3.4574316549018396
-2.575373219317784
-2.5768507026437772
-2.3832806406702387
-0.7010130425353449
-1.4138867585069852
-2.072875350549359
-2.2821790646724054
-2.450154260439574
-2.6154776302199525
-2.436199349264997
-2.1804422745594847
-3.665141491868907
-3.4078935344963632
-2.500716801883262
-2.5080336952899347
-2.482087089772617
-2.5638774431975695
-2.455186307283224
-2.9497713376785666
-2.3075591155687647
-3.0234978657801865
-2.1298149573965586
-2.792020190945832
-3.333757930406535
-2.2774762002999123
-3.957036393832893
-2.7742588370924177
-3.5413612936810894
-3.10879811034022
-2.1656697340967073
-2.277244683318423
-2.3016417833686322
-1.488706883765454
-2.7509058506178126
-1.6167011773980782
-2.3328293433164378
-1.724638924180084
-2.234856574486254
-2.420413389367193
-2.0739259977671436
-2.6702632630573815
-2.8237451378075735
-2.8704740995123945
-0.36744088365504757
-1.664499833777828
-0.5919148336881317
-0.3263020988320436
-0.1823797604139806
-0.4324023198377731
-0.9917619007771677
-1.7525688156710864
-2.6774154147495324
-3.075816513478737
-2.0170116503038527
-2.3833010409575497
-2.194433719012741
-2.9581171612595507
-3.2766032813940327
-4.0821010480792745
-4.988989052010506
-4.121192170691863
-4.383798488577238
-3.855357959016797
-1.9844077798884616
-3.067409308190212
-1.3805667678331055
-1.3666327616029468
-1.374242059381089
-1.1256657801785592
-1.8730249315492487
-1.6773616471107413
-1.7299393889889905
-1.527313462352311
-2.721880606005955
-2.2686598557366295
-2.865265130382476
-2.8118693710861167
-3.1122053167688803
-3.863786401864147
-4.1241003684411215
-4.304580606004494
-3.6115537951721777
-3.781423588316613
-2.1641840131644687
-1.3156616011103124
-1.3865297264992023
-2.3945392136635517
-2.6042448999510013
-2.4442996137931603
-2.9044242240832983
-2.567303551508849
-2.8316653119966855
-1.5696260038323968
-1.5962881051796578
-2.38034759085651
-2.507433181790355
-1.8113502339853047
-1.4944371662498943
-1.5816616719664618
-2.2668091739452856
-1.8610871405973526
-4.15050512955354
-1.6857680870655913
-3.8121417970187643
-3.083987759185346
-1.4158454407239274
-1.8872452369565584
-1.508063825707516
-1.7571954143887307
-1.4246693603645664
-1.3361367995054003
-1.2361941236711838
-1.9222634390759414
-2.1218661471227134
-1.364559746827124
-1.9521864278197718
-2.8496497280079627
-2.7230596719322113
-2.1097633718386173
-2.2645759530739755
-2.582372170825881
-2.3921071558041778
-1.7485490682064437
-1.1008170235008996
-1.7991342939684658
-1.560170748323862
-2.9788337439026416
-3.254977405736685
-3.9032706913709023
-1.7299601908085527
-1.5067589741323948
-1.8634975319783524
-2.1711493162635374
-2.05984157193452
-2.2474174825497313
-2.424454425005824
-1.2755442248263837
-1.3554606631838058
-1.9100415767329586
-2.4926407241221025
-2.5631909783896973
-2.644647746030615
-2.6276481381614145
-2.4838249186432426
-2.8985369855678638
-2.574947620747663
-2.5612098390903713
-3.94409776214844
-3.6658652205682234
-3.2968325018530797
-2.5613533808175806
-1.1141649650291847
-1.464120767047574
-2.151915954662731
-2.390563013687714
-2.1291171519052576
-1.9188144623931502
-2.376863279473221
-2.328544374772386
-2.255163544457024
-2.1338862604545428
-2.134391270164705
-2.616888435693639
-2.871088093487782
-3.2140324066921204
-2.2291609942719415
-3.2456557403513444
-3.8690279486710377
-2.307476004120724
-2.0011623001366714
-1.6867612180396103
-2.0143910461170025
-1.2460090428482133
-1.465385472882018
-1.4133002201066118
-1.4902243296164226
-2.954010750221726
-2.0959828763500044
-1.5483598858204868
-1.3899051501649977
-1.6712331195937
-2.0234087081407983
-2.019986646744584
-2.10251161013305
-1.3519346635640292
-1.8363409305807112
-1.4742574566313775
-1.0379499750865158
-1.806655615671971
-1.0377924793348545
-1.9767562808305292
-1.638196701047677
-1.6852747765255698
-1.5216472571874853
-2.6960800885284053
-2.5314208614594085
-2.3954060947213622
-1.553719520281176
-1.6448435861456814
-1.2836270291705372
-2.339805791793928
-2.255657522249793
-1.1601227054049335
-1.4472670245343728
-2.8569673115914496
-3.011223993064766
-1.4910487834767852
-1.3902788000187492
-1.5371743644973976
-1.2429891020680985
-1.3124887826061151
-1.8998820530303073
-1.6453502866619794
-1.3621657269079896
-1.6674707008587746
-1.4963842464481047
-1.4795734161292884
-2.6768254916252596
-2.534051782911891
-2.305787605189476
-2.257447951666148
-3.0402956419681146
-3.2309661835745263
-2.2135899482892984
-1.7948152868293477
-2.4791926111666798
-2.119673381631675
-2.324180747945115
-3.217246434105181
-2.2502085310066944
-2.4257036847608333
-1.8557586989308856
-3.078860879812709
-2.2449080483260238
-2.898247879293602
-2.5856005270682396
-2.616406761531086
-2.6067337878048438
-0.8806461567122061
-0.4742994138513257
-1.5298847957342425
-1.5684416587624959
-2.1873658037991675
-2.2651274587234242
-2.080503885733102
-2.3599866338435493
-2.226235494883713
-2.5495815244478988
-4.017498924643517
-2.1996524934891686
-2.4488491852649457
-2.3986418273443424
-2.305941641428456
-2.6482533468298315
-2.277132401883169
-2.865232633094032
-2.096448479487646
-1.7522523732275572
-1.6509968706034595
-2.413063161335804
-3.7629192715827853
-1.4946826192679847
-1.5986486238747555
-1.4766399117898066
-2.565801540198575
-2.1522550898876283
-2.6237816819564213
-2.260593722512313
-2.0870015711345467
-2.8966216773191755
-2.010255182166516
-2.477162152461382
-1.9083996944963635
-2.2573986694341484
-2.292802396242453
-2.1153160820951524
-1.625278896345011
-2.5573911714503885
-1.5242818484317724
-2.045073653715452
-1.7204844130757577
-1.7372710598880925
-2.132578430494827
-2.566778154965044
-1.2781508214922968
-0.8883157159498847
-1.8061087403603306
-1.892721899960352
-1.5350061995998605
-1.5868758236339366
-2.6440711331077527
-3.966025915292498
-2.99240409461633
-3.5859515250200165
-1.4342809884962737
-1.7603552689694009
-1.6153736638753085
-1.0967805325909232
-2.386328383395575
-1.1401351273218236
-1.881973429024536
-1.0305842205619837
-3.0248186050012604
-2.737189077040494
-2.5837524015454436
-2.628770490145241
-1.974604744542742
-2.1222507032886533
-2.7916355824645023
-1.7447054522227554
-1.9760032429395165
-2.3991728946664086
-2.0750334034435536
-2.4729245714803394
-2.9317128169126367
-2.4621455063005744
-1.9386785115019392
-2.2327346535486368
-1.754584241631526
-1.941103044704941
-1.3159887135968336
-1.6751115328854467
-1.2754745453939051
-1.5261748070308405
-1.7400055090478703
-3.0327776865008342
-3.458230524957382
-3.2060823367350393
-2.443270792608656
-1.6590080125873528
-2.5664850678639612
-2.1053427455326927
-1.9012389555399727
-1.696581413178412
-1.7296893692961408
-3.3363194655402943
-3.7031589718125137
-2.680759856824232
-1.939066896853128
-3.87632965035074
-3.0838968164592693
-2.13771713567405
-1.869674915336673
-2.42645060441163
-2.5911881504791463
-1.2640700315482385
-2.751452780740938
-2.0482133269142544
-2.1457284948322206
-1.4872277124312205
-1.6811697025930705
-1.6127700884926988
-1.4958189235438855
-2.366720751963818
-2.302029025515621
-2.293746421873231
0.7398487634146784
0.5542376154244212
1.1444157258957377
-2.1998178606373426
-2.173784521509596
-1.3942599910404532
-1.2805102210921837
-1.875876715744723
-2.296117967520627
-2.109129379963511
-2.5471003252983553
-1.9604293561920516
-2.512585504435626
-2.2559516223345213
-1.7535798293878198
-1.6453503885593252
-1.8464329281871052
-1.3336210803703823
-1.8123274220301957
-1.5679011356563741
-1.5895135035001147
-2.1755849421389764
-2.3645719446319196
-2.3117028972024567
-2.0122854094984484
-1.3026554195490974
-2.8476008645577484
-1.0664827646887143
-3.324110876628606
-1.7203601505863304
-2.088292794656931
-1.8473281024795978
-2.109134789058147
-2.088771921823029
-2.5397157898014666
-2.681566442766098
-0.4911943809175485
-1.8865098614907887
-2.2184628181728017
-2.951483158456279
-2.9256160615529856
-1.759281576057898
-2.1561639451363384
-1.7473264806664799
-0.9655384715956582
-2.0287285963095862
-2.516969601242104
-2.936919238414201
-2.5143927466713505
-1.232141418169453
-1.691776123393305
-1.7742493609858534
-1.3234681161565558
-1.78300992684049
-1.567293143072727
-1.416201735011389
-1.352902328128017
-1.569543897272282
-1.378084369211316
-1.1134001245188996
-1.5840960759465534
-2.0431128532969955
-1.5718878054976
-1.75208660217882
-1.455403524867892
-1.3180964386211758
-1.5495528268343823
-1.8466703866792524
-2.9249039770139174
-2.1445778327904934
-2.9084862675003964
-1.5825937285366092
-1.4365571537232678
-1.3324952626114828
-1.6918823906481812
-1.5973365242879756
-1.3478468282428082
-1.4889971168615435
-1.3011273001702088
-2.3462268787817155
-3.060230960617762
-1.4930030308447122
-1.5933450237658384
-1.214722288009612
-1.6336376597480082
-1.6043829415137332
-1.0979411775806447
-1.5138789246980942
-0.34811089235814957
-1.355979290127205
-1.463187843428665
-1.4705208006063684
-1.5980979826151431
-1.5693133725123374
-1.5819583954832206
-1.6124158477353208
-1.5723401840112998
-1.0375338888912158
-0.7756883104252963
-2.0635170465908907
-2.758746300167904
-2.5605417288782837
-2.66751521513443
-3.2706110318477437
-2.7505792703535765
-2.620950694930461
-2.4008147531841706
-2.931016664897002
-2.9354397929468963
-3.0506680356937506
-2.4411011771346742
-2.4140641662308893
-2.343095357026944
-2.5894349182054732
-2.3587593798003557
-2.298679761877522
-3.2677752899831742
-2.355490429244026
-1.946793040137286
-2.332243940886092
-2.3883101335490946
-1.658264236886115
-2.7082965427438297
-1.6634083926189154
-1.4269993337198617
-2.245026862720174
-2.1575931434593887
-1.8925639898474855
-1.4309727237860412
-1.7239185341769105
-1.3427432292263994
-1.4114545046286004
-1.3497044001438003
-1.485561303227976
-1.4329191154284437
-1.7305668305485646
-1.7420636429168834
-1.4747536604112015
-2.0069113316901532
-2.819384412501191
-3.1975670961634677
-2.631273461803464
-2.1678567736883396
-2.2761200735354357
-2.2787941145005703
-2.297707232424709
-1.683677152028507
-2.491642815027369
-2.3203552163579646
-2.361280583467444
-4.455599798443434
-4.117233572225098
-3.9933980280579924
-2.327499515206426
-2.3714163473546743
-3.9034173816773365
-2.8531607610837786
-1.5624426953746209
-2.3463118382230617
-2.172356676114797
-2.2182041563874226
-1.6901404972948904
-2.6353998870146413
-2.1144588861222755
-2.2341441384675913
-1.9474879342511868
-2.9794852489112933
-2.294395990253061
-2.3583504278495027
-2.6648363559594292
-2.4927908058112602
-2.357451897330148
-2.464663945661388
-2.2319897472059775
-2.177080596785141
-1.9759654175497379
-2.1024822817626614
-2.881645574467893
-2.5393265129087417
-2.591083934553714
-2.2392532134370295
-2.0730737993772927
-0.9605235082178043
-2.2240765583248363
-1.8949380804809015
-1.9220730870954195
-1.9450582957540208
-2.538420808946146
-2.101899545887519
-1.5017036371880117
-1.1173457215332447
-1.4639913266019524
-3.325867923547614
-2.197266155452765
-2.923486272341531
-2.2682836583369217
-3.4030971712182225
-3.5530283502353743
-2.698976878775557
-2.550431338831388
-1.6193320874391464
-1.5765335514328367
-1.6023821143527917
-1.404619827587385
-1.8000909679102213
-1.2455838584205143
-1.8298250180988231
-1.721952566079503
-1.5104796571626267
-1.425324197296972
-1.4611046337029474
-1.4243654008764475
-1.8658307693303515
-2.0974711304041693
-1.97409738061769
-1.448144894929674
-2.0531798880604355
-1.3926203815908706
-1.0909785403657315
-1.6614297117851118
-1.5211427748922108
-1.4927705023051872
-1.587859185054507
-1.5731644570756962
-1.5205918007232793
-2.148386644695494
-2.069598881577227
-1.776985001180262
-3.3995838172142467
-3.1967971881063595
-3.1735125336498218
-2.083297819884565
-2.2902577493846095
-1.375198532926075
-1.2058382894698696
-0.821629260247201
-2.4573822956787
-1.9596369421965838
-1.5276492833245365
-0.8318238371774204
-1.7303191675838552
-0.24726541698586918
-2.134758878982269
-2.8109838763658614
-1.1733758956410905
-2.052992073839034
-2.61640064379003
-2.2037965929014254
-2.5108994574441015
-1.9147273672517755
-0.5629814018044301
-1.2569867594665811
-1.2013973446824753
-1.8906633042457908
-0.579125865356712
-1.542868263317408
-1.592881536160472
-1.4883830699312155
-3.1031764824778993
-3.0966161347999437
-3.0353241433950537
-3.344682440411942
-1.5553181700773826
-2.568528015726987
-1.6833623300024292
-1.5283405670079728
-1.4025196990939552
-1.5802016556948277
-1.4985278131020394
-1.7511227562915288
-1.710328693064483
-1.558425475002855
-2.865304542938789
-3.366906640883004
-2.827533715356395
-3.655799921993134
-1.6901441496122076
-2.1141142793898675
-2.1603752693406877
-2.2816896320685367
-2.2158815082858347
-2.2158317713062963
-1.9196916359700535
-1.6798928085615679
-2.0547401399367304
-2.154459983089235
-1.8631538607158296
-1.881902931446328
-1.8737840801860002
-1.658391583362007
-2.6011761204106483
-2.0073745145398427
-2.3074823863221474
-2.648161985393961
-2.02465357156353
-2.088588833267624
-1.796099526804201
-1.5560006813390157
-1.7242232378617663
-2.3232755359311317
-2.363950271045339
-1.8708841719822569
-1.2946372829993615
-1.7376640837106565
-3.837218039810386
-3.1083971875753527
-3.4665158752074303
-3.3379651325863584
-3.8485134183412852
-2.981792387685133
-3.147344783588598
-2.8570661451611925
-2.137874354825423
-1.6452841573323926
-2.395728382217871
-2.5902324952829745
-2.352483511609317
-1.9630215770654507
-2.362290402431002
-1.4229622048620074
-1.284280151813331
-1.8666582143969666
-1.3568873643160324
-3.380025954769563
-1.230875458982511
-1.9851655423211254
-3.5403015656404198
-1.7250889061070263
-2.52098169638316
-2.7009071514113967
-1.9999776489634746
-2.6436568204548547
-2.3968392652782873
-2.332188942846937
-2.22368975305098
-2.525025404422147
-1.989394618975408
-2.24736702029623
-0.8801383941150877
-1.7059369795223174
-1.27735655740784
-1.8514095745410168
-1.8517586075754664
-2.060029400334575
-0.5171266751099941
-1.4036482750065813
-1.3051263789945542
-0.8918302105088359
-1.4434911245304607
-1.393902092372306
-1.3110333390857938
-1.31267136260084
-1.3766932816407804
-1.5738352292410305
-1.7074860494392305
-1.5248976999589703
-2.599364928927698
-2.203509111577722
-2.544085084119995
-2.455467035544746
-2.006465432146102
-2.2149848053595225
-2.0299187713665607
-2.4798762631630167
-2.4258926216402177
-1.550354688341361
-3.1707554454679707
-3.974112727996281
-3.0041759038930613
-2.6556676275011903
-2.243908870180282
-2.788703409339399
-2.1690214220774124
-2.378268277330275
-1.7560668311312777
-1.6294081482447835
-3.6129507335286517
-2.8391740881481344
-2.6396870669189476
-2.7202788915137046
-2.078734212845803
-4.36924263636363
-4.915294251139966
-2.128182822229647
-2.1947638820687576
-2.69217204278117
-3.605353828323501
-3.4284023681793068
-1.9624610852588953
-2.0641156827023046
-2.2213649952376127
-1.6877815695004152
-1.4727534112421428
-1.8899970039073224
-2.646782620663438
-2.3567260326258808
-2.0419098446939135
-2.1351743179578215
-1.093979819959978
-0.9861428422158356
-1.2446295886621876
-3.0835885068815245
-1.4329598936798809
-2.016884214247305
-1.790055395011637
-0.35778476591333624
-1.9078230956946058
-1.980785611719514
-2.184339050366412
-2.1338183213807262
-1.8462873913477043
-1.3325764275418315
-1.6703091429381136
-1.4443021808217238
-1.2827813490706537
-1.2838099664277882
-1.4181464406261322
-2.1090370886556036
-2.0082917790708508
-2.0655107443382006
-1.2747981954444736
-1.6973583717072391
-1.855611573353889
-1.4267397906638906
-2.591685246533103
-2.0793373046036994
-2.0472683398955365
-1.0782302809138102
-1.4559086217439339
-1.5311251157466637
-1.73557008702183
-1.9233701895135213
-1.5538322977301833
-1.8704414742104796
-2.9639956298561665
-2.0058279125682237
-1.4542783625302944
-1.5758002364911412
-1.9493039528226517
-1.7660660484916866
-2.051615610089265
-1.125613969252562
-1.482116470254089
-1.5963671029595174
-1.917575658251469
-1.6139620533740362
-2.006601661264969
-1.4282232076784966
-2.084606576819923
-2.0583171755326357
-1.7382959896687435
-1.7688521624874893
-1.929392718189367
-2.612749249891887
-1.8574432095544005
-3.106257340138883
-3.3714644258320203
-3.4563344028966188
-3.964161027890329
-2.882726912867443
-4.129960213166093
-3.861829097987794
-2.3899340296669007
-2.4127211565379674
-2.286804401554716
-2.171815825803967
-1.0285230521693214
-1.9123624727094108
-1.1879847461415327
-1.8694480327705236
-2.2564711319604838
-2.1807868490215614
-2.8219793787572693
-1.5709860358531949
-1.9760432982669363
-3.7868693657294465
-3.064035258427468
-4.5211686121758285
-4.48234147038673
-2.4726182827263177
-3.7349892785784973
-4.0419531061843985
-2.3370608188261595
-2.4006844484804897
-3.1686700708799207
-2.981170396574149
-2.6037434132666113
-4.431360412396101
-1.406532744829143
0.18501787422513138
-0.6084750617582676
-1.1939041396290573
-1.4778100209131708
-1.056261027968833
-1.7232998747262251
-1.6427300614115246
-1.7919875788743536
-1.8589825180592272
-1.789362341498008
-1.837501492593884
-1.4652988932231783
-3.4185928112674073
-3.2397311095975607
-3.8295258430090926
-2.0512548425296604
-3.0799400433077744
-3.0354323004248243
-2.2372265012529833
-1.2449306635659128
-1.3981742162155464
-2.6468469741752543
-3.1109920216511204
-4.167691907836812
-3.8390799811315492
-3.247800632167202
-3.6817864844000736
-2.8168611211156653
-2.878411769896862
-2.714628689740591
-2.8168978853788573
-2.660084706665355
-2.037905667308098
-0.842638070835518
-1.9449704730308701
-1.5908396131583475
-1.4169072333909916
-1.52744821510747
-2.0439555345420133
-2.0922657258757082
-2.277007654337626
-2.493634058957144
-2.666861653422156
-2.627177924304087
-2.5996442304546665
-2.5086699922815736
-2.790281194942978
-2.3005646674912157
-2.1259860690103722
-1.9460849236797872
-1.8938974428366115
-2.8396658110143544
-3.2308730014995315
-2.774699071386434
-3.593943122474238
-1.839378019896313
-2.4771270058685495
-2.508063156314241
-2.3304144405336356
-1.398894471337631
-2.1596157894647976
-2.8747873769794876
-2.9263131351901763
-2.5585676934157124
-1.6346096404452093
-1.6657292124764427
-1.3767515546384148
-1.583650298178797
-1.583581578747183
-1.987853305312253
-2.0005191637152113
-2.35430295694594
-1.9844003925951974
-2.309968074461937
-2.053693698651335
-2.5879122732113307
-1.7463507265834868
-2.6126572986301713
-2.21253966254202
-2.554671112885413
-0.7805651733298763
-1.8147967865204906
-2.815053086155929
-2.1084134660945173
-1.5727323176455095
-2.266633774808904
-2.4250352542036535
-2.6423039644363704
-2.637566744184452
-2.461106777506965
-2.665429753905085
-2.6561174070810005
-2.6361012728689603
-2.402234035212018
-1.766464269303742
-1.3397305409555327
-3.1176247931018173
-2.106609557093229
-2.770161804225381
-1.3074193163186083
-2.0145553901030993
-1.4912313593712228
-1.484733339255856
-1.5003936100094797
-1.45884133261644
-1.3466113645725193
-1.497938295400236
-1.781144867318285
-2.7743686842478033
-2.8585364287573403
-2.673633376067486
-3.512388164140189
-1.4940362352630936
-1.6948339728041881
-1.7808463067793847
-2.829949593317812
-2.749961505737428
-2.7220155722400254
-2.723825990425273
-3.5245552399520568
-2.755391376451083
-2.86311569066084
-2.7468489974517176
-2.6149624568135916
-2.7772078790030195
-2.830943867707219
-2.391044295495185
-2.5298991107777447
-2.962150056399372
-2.47670416732535
-2.8746879982508573
-2.861094489320615
-2.6526483161452576
-3.7487664900793183
-3.473009075306244
-1.5588368360801337
-2.220918416244199
-2.035824862226062
-1.3300857351606699
-1.8791807866012702
-1.5869475658976466
-2.153504239462187
-2.3247310705482627
-2.719633059539134
-2.648057979416046
-2.6580825631054923
-2.4784365191586297
-2.452917112715793
-2.370932245744535
-3.0390989379872786
-3.1174859129979473
-2.826594834122055
-2.942647133054799
-1.6180066472398578
-1.5817321474393782
-1.7744725843084783
-1.4215174811945122
-1.637531304290454
-0.5667464560527974
-1.2231422745873337
-1.3640682114036091
-1.5172103310490994
-0.7806131540227433
-2.0843364987314708
-1.7885999332204254
-1.8220903665917512
-1.5782258006376246
-1.3060491746341907
-0.9933074366394791
-1.7663182121170358
-1.4774658402055345
-1.7361216253426064
-1.4666128681025798
-2.3078148045325415
-3.0245717084587205
-2.3590646541161413
-1.758240755201021
-2.209304941822637
-2.2187414283904077
-2.0572820813432244
-2.494604785338539
-2.6138476166596316
-2.762413217731664
-2.6021403887333925
-2.564221189343783
-2.4186523197173275
-2.113945951854157
-1.335625855576993
-2.0263775474910815
-2.388306283965444
-1.727308316461586
-1.4278641265943883
-1.8924639583896352
-1.7193887919636484
-2.514953123172394
-3.0339183133661165
-2.0212448170079225
-2.591913280522228
-2.5725385683855526
-1.9671330217174068
-2.05678725572256
-2.145764136120487
-1.997628175734664
-2.7964010028670243
-2.236621321356833
-2.336398119532844
-2.645312256423877
-2.6707229204594256
-2.794152700785676
-2.770553111366519
-1.6369890208201565
0.20392579898352714
-1.0093402352997247
-2.047086845534752
-1.867835647194805
-1.995380120029649
-1.5415585255859348
-1.3535984051292107
-2.7539902648863697
-2.9432092679929442
-2.8181351423813057
-3.1690084179947284
-1.8337665054589267
-1.5250920773104566
-1.389078506090088
-1.6041198050169414
-1.6697759707973567
-1.5794591871638424
-1.601698975843005
-1.2947730696146253
-1.3465965928193244
-2.802388085567277
-1.402810939662137
-1.915822234175213
-1.4538827731724968
-3.736943071703701
-2.477663418427979
-1.9329983013611867
-2.2401314369490533
-3.36973530982232
-3.3568138226165116
-3.169876068628287
-1.7757215458193245
-2.328497977700579
-2.3211092710794765
-2.22683672699434
-2.478646995473878
-2.4308109204121644
-2.9171194167361763
-2.179988810988629
-3.690335870052799
-2.0982259327867876
-3.117143036201599
-2.5467233113075234
-2.41458447861045
-2.2550954774959
-2.763108975316318
-2.028597962058913
-2.439883032355223
-1.8540887716785126
-2.1527011326913925
-1.160305520955685
-1.9845491698783664
-1.74745439453521
-2.168125965150873
-1.979670106531251
-1.6487457135665458
-2.272473148731368
-2.2970638609030676
-3.621507158927711
-3.0951487211276008
-1.7871399738244615
-2.3895295368962084
-2.453351132118031
-2.7626796397030193
-2.2047368987177896
-2.015632722895841
-2.6107894864112136
-1.8390505989696748
-1.6865581251033526
-1.5758179600097486
-1.6365804933021013
-2.2795953809149543
-1.6465355148009688
-1.2118760623800615
-1.2242766996408594
-1.796936887866206
-1.5464576101310898
-2.4667492025881494
-2.694225812541263
-2.592206017957526
-0.8643196404433646
-1.773700235377015
-0.8979929092327066
-1.929068028505457
-1.572379048231306
-1.8580390682492904
-1.9514463608681263
-2.614269310439405
-2.5695878605803366
-2.3597864508931425
-2.511046570135408
-1.677448026812491
-2.1237884270262057
-2.5074631362292066
-2.4874881366560357
-2.6150954821608074
-2.3863202088427284
-2.5853593245537994
-2.631374340107923
-2.6294507235536626
-2.4650147170625454
-2.4451271744475886
-2.082197267794615
-2.0833466911851315
-2.581984778172471
-2.4014003299950564
-1.6556323882164592
-1.694665598254357
-1.6245036716014791
-1.7777677373065721
-1.4872923306660033
-1.788183511048496
-2.134113014618949
-2.1226314835337603
-2.130983300966274
-2.2105419865613993
-2.364693825736784
-2.470770194147052
-1.8740684512743329
-1.5942858469519858
-2.5596886215679993
-3.3225516240162443
-2.6262393810963993
-3.063472224028215
-1.9089116832763207
-2.4186306259616113
-1.5128469396117241
-1.4611674717078327
-2.6029137475188433
-1.6273973519511729
-1.411281072335281
-1.457120810781343
-0.7697391538947216
-1.3349660320106556
-1.8040591592007271
-1.5365965283480072
-1.1739406139051027
-1.389367265320326
-1.5390268867774497
-1.9911293033955746
-1.1480762290414768
-0.8089260083416424
-1.4158525265019133
-1.7698931590143037
-1.7535689030165382
-1.9274350296843177
-1.994455781967859
-1.3880972701860854
-1.4694142835324056
-1.4381344056494934
-1.5658031427909382
-1.7003960454452254
-1.811241482814981
-2.470998971361448
-2.2592153033598135
-0.28624577512974114
-1.605902453327821
-2.1767735235312813
-2.006296861899365
-1.881107033731631
-1.4505863913080956
-1.7575930842948757
-1.9682666334495786
-1.7439084964358087
-2.321025869702971
-1.045189674573321
-1.6383482329950148
-1.5522365914693583
-1.4240496198319492
-1.7920700056213306
-2.2455537263017598
-2.277113672844067
-1.4843864165468057
-1.7353340453452761
-0.851521603506594
-0.9305386880467801
-1.7227488118296062
-1.606950731890778
-1.2802419661843203
-1.7927378844410913
-1.4100100124007156
-2.216369735911564
-1.759550076353579
-1.2840902194369967
-2.5186623221865325
-1.7111143932788715
-1.3119475189655576
-0.8597980403929658
-0.8846039910767436
-0.6969104653709005
-1.3234328623669322
-1.2938632877412575
-2.8118260928560654
-1.1475560019037516
-1.935588635415664
-2.662926720424887
-2.5501619948469205
-2.410421874026823
-2.0694354354267097
-1.6545713550529195
-1.7741203136731492
-2.214516063488976
-2.089614766880554
-2.2220202544135184
-2.9990463157508986
-2.800779361488237
-1.75224856142684
-1.4126883277194542
-1.6020855167786947
-1.4154308467853398
-1.7631749158495649
-1.6415162086839277
-1.413041797134704
-1.521217638840085
-1.8258144139133787
-1.9716849979360749
-2.047984992807245
-1.5199303116016376
-1.52249516871823
-2.2523053211819555
-3.2385943724820128
-2.1981729762850852
-2.1693064666695636
-3.030152128898761
-3.7945377892494316
-3.4715767168532334
-3.2503774268571304
-1.9407977578852387
-1.5989495432509113
-1.0865765156270377
-1.4393653498265666
-1.5304899013690225
-2.4525735802932296
-2.061087119747747
-2.1609135905059103
-2.373151716852314
-2.3392349302548516
-2.2612088879339303
-2.2451210061537505
-2.3012628588801722
-3.1190437932774673
-2.4246645309066857
-2.592157966166696
-2.5548588391258993
-2.1768854637862463
-2.405356401018679
-2.0699568908840225
-1.1334747309013116
-1.0447974706106378
-2.2983353272589016
-2.4459657738697165
-2.4565189955628517
-2.507780113099793
-2.375808234572003
-2.1695438336600783
-1.9703923270886148
-2.7597480755173875
-2.773147201969379
-2.58596130675399
-1.6446778049913222
-1.99167785118983
-1.7692510019509757
-1.3696883261535502
-1.4332907932924275
-1.288335983549132
-1.661480335225559
-1.3787209571114885
-1.5189713845613986
-1.647992292215694
-1.7277247586248932
-1.6244197192995198
-1.75166905000445
-1.7425465268954006
-2.3813312559975013
-2.4088505382310488
-2.218528981744896
-1.935314032814003
-2.271249350450358
-2.241641411575347
-1.9831599350100646
-1.9831599350100646
-3.313652373095303
-3.469908871903331
-3.8786992160865577
-5.133032547899667
-4.429720840994233
-4.971385976269671
-1.0255305669844614
-1.3745557320834239
-1.6406664899582342
-1.1627825663413913
-1.3012199878842416
-1.4798477178458738
-1.5694181580697772
-1.706017482441828
-1.7410233951089746
-1.3332165694739986
-1.1640397839494006
-1.3741410363604807
-1.152712843327325
-1.412181187102533
-2.1980501232242644
-2.470533359710778
-2.9567441877369984
-1.6520890529919505
-1.0374100502327364
-1.1800811700680067
-1.5574685564892958
-1.5999420430029683
-1.290566142032267
-2.0464440073003676
-2.0237765336113007
-1.8841158199446582
-2.2376276343313077
-2.667350872133972
-2.6055276010758717
-2.0937472961479537
-2.0737992550881064
-2.04685505574983
-3.307925302188546
-2.6877434583454827
-1.882536233055592
-2.341530862688793
-2.7019675197519923
-2.8484045201751518
-2.553487086599933
-2.0129357148064084
-2.097170772495291
-2.0841752037835506
-2.3855849873523445
-2.230406792521919
-2.638328985804215
-2.8291140020079997
-1.543534345683452
-1.4146968155784936
-1.8436033503952856
-2.4059106338584866
-2.027827207474182
-1.7799443367023136
-1.8403167900943096
-2.9041161335095813
-2.9390349862178313
-2.833273218748256
-2.7732128934470763
-2.428571757071222
-2.3276938800608957
-2.6958788985206588
-2.1008966265468776
-1.698649755227172
-1.6463839025538038
-3.1485857804489816
-1.6672612076959448
-2.80507740031416
-2.1064269987903708
-1.9444725736389525
-2.1398594282679544
-2.2389558003553383
-1.706466375939538
-3.380641019812147
-3.6597808621966283
-2.838255308499463
-2.0029779684191924
-3.0190404330847054
-3.01424089313222
-2.546724120379599
-2.170217937877589
-2.248480057121228
-1.6861099513213205
-1.273764644437719
-2.060167378957766
-2.362655193956647
-2.2106843770367823
-2.14975152782025
-2.314198852934714
-2.4606055755814484
-2.4840549887011307
-2.8429792635990667
-2.466048972972359
-2.031472711832181
-2.251219261159037
-2.1130845262840183
-1.737258490662752
-2.000720218414382
-4.069105044371629
-4.129477030382967
-4.173452276431292
-4.833146993092558
-2.9508651246990976
-3.8579082211390023
-1.4409208956414081
-1.7857057720295686
-1.7105259098289496
-1.843934442524701
-1.693932803035688
-2.1266375762594887
-1.5876267786276477
-1.729028880706875
-4.003929920847292
-3.7060147461484947
-3.468936737943004
-3.3975078185551704
-2.4723584598381887
-3.1370298787845456
-2.314653175800905
-1.8235243928338916
-2.1809013035272673
-2.4641276978097695
-2.627906132483933
-2.3639888021526936
-2.738909378158692
-2.9153440391543155
-1.8602423803236738
-2.2601287150527125
-2.0286701439266834
-2.1531540813997134
-2.0033215520164274
-1.9528467510997611
-2.4883248950015955
-2.135536643887193
-2.707017627904624
-2.2616302538091246
-2.3740095166677313
-2.2050131812021134
-2.6133974079134763
-2.582295574618082
-2.1530318865080473
-2.2031158266755972
-2.5653803497259697
-1.4792025914411573
-1.7261622690794214
-2.320766198433891
-2.0704448551310954
-2.113014018153682
-2.521670820449589
-1.5700780939331902
-2.4313579819015625
-2.3987535196374834
-2.0642602191394466
-1.912946990268297
-2.1072245571459183
-2.4020601514013125
-1.3940760771290641
-2.064070952280519
-3.1674541445239486
-2.512615493673223
-1.5263079045260732
-1.525660560504288
-2.340947944582501
-2.25124617853115
-1.9054662855889355
-1.4648436581038078
-2.880237713021724
-0.5659869817872476
-0.7919565915785971
-2.3814026666551196
-2.283991034221839
-2.4146156780702914
-2.4863367752276093
-2.8736977996888906
-2.267068820810472
-2.4921854974567963
-2.534818443425001
-1.828077866018807
-2.0284053939584457
-4.832041391250997
-1.3675610646438376
-2.1419439425921776
-2.4323767705441774
-2.1890116414785687
-2.169260184305744
-2.133483578133361
-2.331859334047521
-2.1403068245270442
-2.1236391707488766
-2.1998403466406495
-2.017934462970183
-2.5504460729166873
-2.8547788261882987
-1.7085631891817714
-1.7205084686176286
-1.9804676358797644
-4.785630705712595
-4.502757930326366
-3.162538709580695
-4.326961760422238
-1.4393235368980215
-1.585261581666113
-1.591165275354096
-1.6273398582910423
-1.3290394810226562
-1.2438414778410942
-1.5181581178304073
-1.6711148202854984
-2.3877833207686368
-2.1746685656871625
-2.4924033533225773
-1.757872154231244
-1.4212063545903038
-1.5272927952952156
-1.1934681222174863
-1.2634567991761183
-1.910494913200337
-1.6370266296223726
-2.2723347394809745
-0.9824777578270923
-0.8959833656337226
-1.7834628432846733
-1.3734821089989047
-0.8234933744667465
-1.0218867822009479
-0.9584260215955454
-1.5684451176589638
-1.7256994817992166
-1.137248275312789
-1.3723733561350668
-1.5010940079781467
-1.4649132687424333
-1.1608853648788062
-1.5967665881860895
-2.617072441867368
-3.711422232255961
-2.8650757318116287
-2.2936144467230815
-0.5087237269407198
-1.834676764917805
-1.814967416099752
-2.589404454049892
-2.340913118435377
-2.490422159854136
-3.1285527147022276
-2.4382885099080784
-2.108884004495582
-2.403247650012999
-2.6892785087493056
-2.46578025239304
-2.213039366033857
-2.1580402454946035
-2.146858184967285
-2.0888832010050984
-2.380695176958215
-2.034310090403636
-2.2946488154916667
-1.1365587017849843
-2.7285579138470015
-1.1713110298477836
-2.2448994240361873
-1.9831177572421512
-2.239985575368631
-1.4436356476411367
-1.4971109661806872
-1.857803859007177
-2.553136673684335
-2.3084849591541006
-2.136970452028159
-2.79050927201487
-2.7151628794866687
-3.2649978965072486
-2.1601146395261397
-2.1819576826101206
-2.1499719207313617
-3.036300107049096
-2.1321967419458727
-2.192676851143269
-2.2755961593715908
-2.4061038616560073
-2.1830115500102343
-1.764517229139913
-1.2324008859935252
-2.7578223422846158
-2.1739115918583383
-2.4034422669927653
-1.6036559077849881
-2.461721089914731
-1.3328638809810767
-1.6781511189011271
-1.249065166536147
-0.6859275829560028
-1.4997802796336586
-1.5331994738297454
-3.095086062705524
-3.580775664783392
-2.2521091649991316
-3.4238782787319466
-2.4305945836558824
-1.3621195601159415
-1.5725322260008716
-1.452754795973041
-1.4080067894966952
-1.3728519347848898
-1.3793328034640266
-1.359283309335381
-1.3338314303375245
-1.336936867008381
-1.313334894557274
-1.2964723729438037
-1.2883679089307216
-1.2865048553510432
-1.4605537808409597
-1.2949112732535093
-2.3547226492162654
-2.4382023787099287
-2.507358977608287
-2.5646497109130455
-1.926903605823105
-2.55408187228173
-2.008171725229356
-1.4537529613995004
-2.017652088921575
-2.08061946213759
-2.5201850303246545
-2.8854812859539343
-0.5965803678468292
-2.0867663661577227
-2.3986079651469545
-2.2013427302051554
-2.3408803637860482
-3.799546575056247
-2.5007235625430924
-3.0687750412414174
-1.6040288888801852
-1.1068252586297882
-1.56520300464645
-0.7987292772239418
-1.3914375415167841
-1.5513450415351824
-2.1924904025104337
-1.3759351902433394
-1.3495770724331615
-1.7655289932336256
-1.8900035451712038
-1.9781229852150843
-1.7669195914981521
-1.1494595385475024
-1.2180618616824146
-1.9006254595855807
-2.9218147258169203
-2.15491312702726
-2.121201891920082
-3.801905059194447
-3.458869769888065
-3.3300902326150874
-2.8987353608380757
-3.1970373345302354
-3.291646991364669
-4.772968241040531
-3.054471587842047
-2.7055069461628216
-1.5951790632894594
-2.673090625891935
-2.2608931150787503
-2.394164685984043
-0.3904445979475863
-0.26385590370539663
-1.4515627007654548
-1.3933011678289149
-1.6892742350398278
-4.541422399713207
-4.72468214233613
-3.618566612839299
-2.1507260107889956
-2.611689926412991
-1.9760922561443546
-2.3186567832716305
-2.6540915184728067
-2.5128128765593507
-2.2426621674238545
-3.5560227284167545
-3.737237765853296
-1.997909082448272
-2.626269028302208
-1.8062599938724802
-1.6767893047237212
-2.350947688680415
-2.54104007735112
-2.250062746191417
-2.060504053867905
-2.4922493560931898
-0.5503308188204024
-0.3741356461137099
-4.387001464635746
-4.361255896936171
-4.29593430601738
-4.7998191846572595
-4.8792453909503175
-2.123525827880959
-2.174355082526044
