0
-1.1246338155565156
-0.9633647558387213
-0.9834591035481481
-1.0523067459170699
-1.0570208083658972
-1.0403528027977282
-0.8256762826840314
-1.1489392107237366
-1.5475682611709316
-1.4196184411660842
-0.3222346345867196
-0.4463087664703392
-0.7354735489231712
-0.7740182270135247
-1.0553049395495562
-1.0527525448435588
-0.6570968326638746
-0.5097915322077569
-1.0497831756473834
-0.978634913835628
-1.0163870722956554
-0.7135067208044237
-0.9478451942352148
-1.0463925690559988
-1.0015071166571796
-0.8973036352924602
-1.1518972290886742
-1.1539735449468156
-1.2606156400505482
-0.889948694016572
-0.9453267862709284
-0.8948583347953626
-1.0800920326508032
-0.9998710746406219
-1.8904281348518734
-1.4152824800266623
-0.9215947702094555
-1.0306806223739102
-1.9431291656246688
-2.3848578561375833
-2.347664193572883
-2.3110399530966705
-2.144475825104081
-1.4091174100094264
-1.115333967138789
-0.33977438916499
-0.25504796340445807
-0.9587654232530521
-1.0470770538553043
-0.8184552254541048
-1.171351704738453
-0.8423556598283178
-1.0000732410133097
-1.1286071336428007
-1.2537072534573588
-1.1650473538870323
-1.0472452049685899
-0.9494484365799698
-1.023598259864353
-1.0992347312917792
-1.0611807690343011
-1.1618277498032679
-1.0144760614359172
-0.9435598110893796
-0.3418195751902241
-0.6114823008400384
-0.5012036642657366
-0.5208960910677682
-0.5209245575488797
-0.7786479484023403
-0.7585820560997707
-2.3092269415762106
-2.414020745497406
-2.410811836906187
-1.5907744167060882
-1.886478625121113
-2.132421911734356
-2.163994004030632
-2.2350937116241276
-2.3878301188284414
-1.2558952792238223
-0.6285492473563198
-1.7215631839996692
-1.495918219143261
-1.276273351565322
-1.262541212661994
-1.4098967814064898
-1.9628085624714402
-1.3835979124021345
-1.1619112038856505
-1.2663159221459084
-1.6064377381417012
-1.7204703590316648
-1.5457549889906574
-1.4651324934955978
-1.5006593292398096
-0.9256613165723021
-0.8628967524317025
-0.9288108666882468
-1.1691644689251157
-1.2678495653547923
-1.0678025894721264
-1.0165231273405981
-1.0193266576406628
-1.0309599260714581
-1.056557851810072
-1.557496448483986
-1.6806100320609938
-1.6367058636961471
-1.9196787795625818
-1.1093022800778087
-1.1383390318564324
-0.506568968651304
-0.6485847542904148
-1.471628926248303
-1.7369414856105942
-1.6465838694755992
-1.8317834410542568
-1.8836894201048342
-1.7378386006894746
-1.8663333117271759
-2.219434421667144
-2.4205706017662703
-2.2327055450652185
-2.340891981596803
-2.111850097112121
-0.8732523454695426
-0.9504818283545952
-1.0946397897827351
-0.9908672166782913
-1.1157769548285128
-1.1089829522211863
-1.0128313012314534
-1.024546419485142
-1.0647999661966072
-0.9764573345053202
-0.9969723037965486
-0.8885510659554479
-0.8827799725244252
-1.6214648149364432
-0.6617628733104465
-1.032322488138883
-0.8655419987247442
-0.6691609346150582
-1.1297090993896608
-0.38892425807722947
-0.18501632231763646
-0.9245451776420727
-1.0431513406815216
-1.0521627407846956
-1.1433598767055944
-0.9905545891001379
-1.0305835638509797
-1.080505906646257
-1.2724191406312366
-1.4584529448305932
-0.8341592135337292
-1.5440661951132906
-1.5852446350747869
-1.0677014411378525
-0.9930945399193558
-0.9772180763612641
-0.9190704962601667
-0.8517424809149495
-1.0197538437617308
-0.9643827200159546
-1.1134671522281545
-1.0533971444560362
-0.9410388016240623
-1.030336064101456
-0.596263071619232
-1.0330607465217068
-0.33435434480646015
-0.4633738284731915
-0.9571874469547916
-0.5554040767704714
-1.125387291539764
-0.8011945736573435
-0.1918342691500134
-0.5318393791774392
-1.093168897195661
-0.7301180146971872
-1.047190104154438
-0.6472742630511205
-0.2420528410562004
-1.1616725207888408
-1.482682654846685
-1.0979962447987466
-0.946230141627033
-1.1927148721680714
-1.1910890327120038
-1.1253305384938381
-1.0185176291508828
-1.0206103161507343
-0.8541208552728349
-1.9628006829885418
-1.067499950007331
-1.1172777635517774
-1.1224391760807262
-1.2772217834084572
-1.3440690081183242
-0.9642182302533105
-1.0591080716495804
-1.0704834253706503
-1.0716818768193521
-0.3911237313974784
-0.25461424104248215
-1.017367136053098
-1.0733171055275204
-0.9849252333802514
-1.083730517885948
-0.7430579297608857
-0.9952923640808
-1.7653738044546374
-1.3964565297218032
-1.010227208141112
-1.2951427606312025
-0.8865868369891382
-1.0659247220625088
-0.7414646434866138
-1.036627504675192
-0.8325640662397183
-1.1407102129129936
-1.1718429922231788
-0.7432289899232748
-0.8427216816129703
-1.0786143588136305
-1.0863613653257989
-1.0590540919877902
-1.0276229269401012
-1.0112393224038154
-1.0523831395658505
-1.0284369645710727
-1.1556810829555866
-0.7963983537014518
-0.9373565862769095
-0.8262709540167846
-0.6888018564147403
-1.3010504976925241
-0.9603232840198859
-1.0797178340386777
-1.0435854156179396
-1.1051440083422268
-0.8473218093317394
-1.4031365462944707
-0.5147486697005029
-0.5306955445710433
-0.06164013434534357
-0.19547563611745905
-1.1063281696123395
-1.1742559275265958
-1.4950644028139835
-1.2511150694248945
-1.0445443934778613
-1.1952854989213608
-0.4159034397062718
-0.7813011184591586
-1.03801966740623
-1.2202764988284591
-0.9094608857274233
-0.25704882396468465
-0.6608916570491264
-0.28870842004308944
-0.23363620204606672
-0.11805974456769669
-1.7026476463377183
-0.4978391518398672
-0.5721963485700922
-1.0180602369003535
-1.039305474286889
-0.02306017756598605
-1.1975514263903348
-1.1318486729403905
-1.0553422855402423
-1.2180318159765753
-0.6163392215950191
0.24446578192601173
-1.3515372817831965
-0.762995533943443
-1.501525364796294
-1.4748616950384816
-1.4466915321987008
-0.9259547535429434
-0.9971993395712363
-1.2141942934025804
-1.2690770172570751
-1.5298516325099867
-2.277830298419204
-2.5076389676345565
-2.389640785084326
-0.8208667974274263
-1.2533699472488167
-1.1699626019627833
-1.1102412339427512
-1.0447545710851702
-1.0504816216842545
-0.9928307496818685
-0.9750947056395498
-1.0191319169578816
-0.781078665139585
-0.456351767763436
-0.781902565537627
-1.2003353220979123
-1.9493244526028113
-1.9614996178963278
-2.1215878324677915
-2.195887787157617
-2.85615638578928
-1.3905198109695802
-0.9783054315944549
-0.8993422935213999
-1.0422233936463687
-1.0801180449575023
-1.020501355531091
-0.993037516271655
-1.1219586992498845
-0.8518718090806489
-0.9757171124653525
-1.2231343275745652
-1.0638257805165285
-0.981065080290765
-1.1066124067948997
-1.47175110507807
-1.2317457093808049
-1.468683353926655
-2.3542332804419352
-2.4354242041301064
-2.379505372776209
-2.3304763608317556
-2.373829182597773
-2.2079623883179775
-1.898515687839438
-1.797908044854952
-2.6497752447222416
-2.0302449219236296
-1.7648578534634336
-2.0574874480762433
-1.9565885729190993
-1.9615606554991682
-1.4414386926068201
-1.5332992696027925
-1.6740611705672908
-1.2707315645022852
-1.8832751148820541
-2.423203019321727
-2.2314856931750575
-1.6235727150888073
-2.2937307040959345
-2.511830233094248
-1.9113547084107265
-1.4072509029715983
-1.2543057234659842
-1.0910985461909324
-0.7339550067417345
-0.9038991794992021
-1.0917149639865402
-1.1033733651248014
-0.9489217452896562
-1.0785787036261374
-1.1291714460393754
-1.1294863935940964
-1.1620919042716795
-0.9879714801815176
-1.6407809281625776
-1.639228019611136
-1.9494502678942882
-1.2572568612553765
-1.2676606844741964
-1.114435198516673
-0.8532965404698466
-1.350214758642574
-1.3161356367986714
-2.335428252986073
-2.0477498796975735
-1.7437623213095392
-2.23984171535037
-1.4582038027442912
-1.5180872025958982
-0.8406432166803479
-1.2555155865064442
-0.6955077993917629
-0.5449418196188428
-0.4368861957761005
-0.8753247021885459
-0.9739894500406527
-0.5386656011197308
-1.062847583994346
-1.173354433236783
-1.3025543143953346
-0.6735401748808536
-1.2505105306849666
-0.7185800366789127
-1.0966498025044302
-1.0985460527574284
-0.9025855193402618
-0.8821056575999369
-1.363789472484428
-1.416115354493261
-2.1100455714720683
-1.833311574855787
-2.4851762701677362
-2.0691359810766152
-2.0912066645949037
-1.7313625522546041
-1.7916484149714722
-0.9154924890450821
-0.8409563020033681
-1.0214347968931738
-1.1040748597534285
-1.1200381249701246
-1.139709248824514
-0.7196618704130877
-1.1981414259220142
-0.2088437537528872
0.2566877670787121
0.5556309011567341
0.15924774420461815
0.9491666324696628
1.1237092733567013
1.1252326491936648
1.0479303181747013
0.439152597002276
0.4225905981824308
0.6979246285308512
-0.04678855472364162
-1.0274121760620771
-1.1768455215841052
-1.0752893214957437
-0.9852360539110839
-0.49056766065891766
-0.7759742182614734
-0.9931475676725933
-1.0184810445969883
-0.9705583357402763
-0.512664586908277
-1.1101084677884416
-1.0520604521294892
-1.1150953590549597
-1.1614386771029628
-1.3548119413752706
-0.940091448825421
-0.9695400342064336
-0.9945950474105091
-1.1189249642502155
-0.9138391809785312
-1.0660019451783072
-1.0911284229852143
-0.9733268229109533
-1.3584734860570309
-0.9637978029674965
-1.1410489968908775
-1.1128929408549069
-1.0709184376151477
-0.8768287684734813
-1.0389344071498838
-1.0033240423522374
-1.361884068277884
-1.0657585530790834
-1.14129207219344
-1.1422808781712457
-0.9514245400449538
-1.2356691719379416
-0.8336981851065478
-1.0346344633909066
-0.8934397388355064
-0.474337848084006
-0.17541810930601467
-0.7657160741695674
-1.1359662170273734
-1.0195229381631945
-0.9585158085417786
-1.0380191408623698
-0.939503744000355
-0.9045132054103013
-0.8842678372522502
-1.1850390289128676
-0.7734521139040653
-0.5943954025616172
-1.1243238467013108
-0.9454435047254577
-0.9791613184024014
-1.2996359297483147
-1.243776728160744
-1.2018905750238995
-1.2397495224421895
-1.0518491231705736
-0.7693940734239587
-0.71833178947071
-0.9212657977593969
-0.9088530358001596
-1.1887692758184738
-0.6451292276465813
-1.0479151583983561
-0.8449317082739671
-1.1594235629462668
-0.9529030335032009
-1.0949780686134472
-1.200723282984064
-1.117871593118528
-1.0186412896696357
-0.7314592385108959
-1.029982540355614
-0.9804279618872437
-1.1919639125504817
-0.44875206059417105
-1.0572964038854253
-0.6836004670911228
-1.1754855774799002
-1.2603398737039166
-1.7358451426164456
-2.4646878723465373
-0.8074767152457016
-1.085674246737171
-1.0330164319714161
-1.0219081506434913
-1.5218592735264398
-1.284462398128186
-2.4642572948852526
-1.3688326643988207
-1.3644640297740294
-1.3432999963800238
-1.5322505621902425
-1.0366515263427236
-0.9534367185994368
-0.960982859765556
-0.574080388870163
-0.37807591196910756
-1.1423351075609256
-1.2864537640925569
-0.6975344181065228
-0.31822529819415396
-0.41305716921823876
-0.10902032215426784
-1.195777710995784
-0.05588001620064225
-1.0070635501134526
-0.5878869667311737
-0.7235496589725796
-0.9788266865384568
-0.967027497634116
-1.0733687740735485
-1.0584642928899595
-1.2474368632159007
-0.6853995555866803
-1.1447695000195497
-0.9971024728621112
-0.7478512648345688
-1.1134881144811162
-0.7091531249704188
-0.9505148454559059
-1.0565496287729612
-0.6605855367773211
-1.019742181082968
-1.0693490660355058
-1.2187065144339633
-1.0811984037081315
-2.131226064695713
-0.8680373649627089
-0.9166625550148922
-0.6611408396640394
-1.241742168261253
-0.9641860437457267
-0.7968407298517874
-0.3103752515826576
-1.3355415709491454
-1.2175615004603817
-0.602158125024976
-1.0232277775239151
-0.5906623172781882
-1.0433561306339718
-0.9892855066588732
-0.9440192110758494
-0.6687635352841309
-1.1150230664959708
-0.9326495141972626
-0.9613101751730095
-1.2496901661824606
-1.2502763839776863
-0.6872825863487176
-0.7008457214184449
-1.1988113029319518
-0.7184770972550583
-1.0595081053248299
-0.8901563308259773
-0.8800926766325852
-0.7347712736611737
-0.9620339774900858
-1.0713139967301109
-0.9678224722736154
-1.4971659215371336
-0.7404461744755005
-0.9181386792829228
-0.9018503900498385
-1.2847258675226234
-1.0022961525494036
-1.1092840329965479
-0.7801634761666234
-1.0414546713119153
-1.0147336157047526
-1.0814949634029205
-0.8569334578718635
-1.225311310037695
-1.2265666164996978
-1.1451420944349697
-1.1727333378735454
-0.3379758876448502
-0.4615221104161166
-0.8095463450140461
-0.8984793188773649
-0.7617804626856759
-0.9089510856218515
-1.0142353385208602
-0.978813587249515
-1.1324693330969533
-1.0253142988869868
-1.0293350636104703
-1.166034180547646
-0.9626642677674729
-0.996523440197963
-1.2608123794914725
-1.2065344903030353
-0.948872076486067
-1.104184870617434
-0.9226248034514131
-0.8524635183180527
-1.0381828292629605
-1.0814504599784207
-1.0373743746659516
-1.1111850442183746
-0.9882365052175789
-1.0406939180010308
-1.109971272265277
-1.2284319434538848
-1.27433302204419
-0.9485213314028378
-1.1415115636933924
-1.2270822379712585
-1.2403159106732056
-1.720916591809575
-1.8284274135475658
-1.2396796244110948
-1.8946299151329422
-2.458843064759987
-1.5655719623070452
-0.9487811363385636
-0.585216537695346
-1.2519794071987778
-1.1400045524836824
-0.8286039121001273
-0.8360489939117433
-1.0967815893882789
-1.0850799064853989
-0.9711381904078986
-1.3892581483768254
-1.245722804709177
-1.7854459743833755
-1.5250053892354842
-1.0060072752965108
-0.5791350662304001
-0.8009192885889671
-1.2342743458051426
-0.21312429324812124
-0.8913929120330242
-1.4849434664113335
-1.2488712014120174
-0.9191434512050054
-1.1844773290033206
-1.002538284917373
-0.8924182867430421
-0.9305046194184434
-0.9546093092186883
-1.0024138715942565
-0.9167094588442916
-1.3343052666896904
-1.1218003198174151
-0.9162510099732126
-0.5282176686060558
-0.7150000686831918
-0.35290652452018445
-0.45838480564636275
-0.9745979600271315
-1.8417609444869363
-1.0518341850684432
-1.0963222745041479
-2.259005095890409
-2.4027358082701507
-2.4711616163765697
-2.2751463716718776
-2.162941366982168
-1.3393222074331435
-1.079131969885274
-1.4658906676018395
-1.5216228815620008
-0.22026103341498285
-1.6564569345545994
0.22621397827132156
0.25872943873340687
-0.2714797582096819
-0.22920863131649954
-1.132480379559907
-0.26515081760194154
-0.7262858354142363
-0.7140450950149003
0.040968182968910805
-0.35013150451545905
-2.891538507156729
-2.1479911742345883
-1.1799898970771714
-0.8300763379643461
-0.3972974222637936
0.07233810724307056
-0.15799515845661147
-0.23640938059880345
-1.2970940923246466
-0.913025347328162
-0.9981690801485086
-1.0675490140703403
-1.1686284786031862
-1.478042872743956
-1.4633271485660932
-1.8257650289009573
-2.498805758168709
-2.470252300686075
-2.4281374787505015
-2.234411945454778
-2.10844454783449
-1.6315707889582578
-1.271453905709896
-1.1689783014852113
-1.4132905463031233
-1.2674932195696156
-1.4117307300790285
-1.1901084682190346
-1.1601279263919289
-1.097226111967395
-1.1726109382807943
-0.9162285238550817
-1.153081600949941
-1.0340539700891336
-0.6361223081287808
-0.5732985393178829
-0.7636372986141868
-1.127611096683983
-1.9878349553921923
-2.3147917577941692
-2.3233390368176305
-2.341362042565192
-1.8866196767173895
-0.9114586345754875
-1.1037525092919334
-0.9173576170657451
-1.4154795856262612
-2.137075129199731
-0.1512882980173187
-0.7182937282698987
-0.46202900130369023
-1.133470900839669
-0.9335189825190146
-1.0509974362230634
-1.155035360611611
-1.003033326607052
-0.8246690218445408
-1.354543424803742
-1.0130503169834457
-1.391448029184719
-1.2174141649349097
-1.688458917404527
-1.076402634155028
-0.574500549626194
-0.8572978944707547
-3.110058723814087
-0.3520954041259053
-0.27911040107161356
-0.2156237381061925
-0.20923787339440472
-0.612390610842355
-1.0406861363835327
-1.2474068603880009
-1.2146051446666501
-1.2563907786293464
-1.8164272703308604
-0.19506794084657547
-0.3031498890434358
-0.3259191835675888
-1.0818746740592058
-1.2018187984880682
-1.0302779069286465
-0.9663866259562881
-1.5770917333990186
-1.8401861943323805
-1.66017487835099
-1.1490299733707805
-1.4293868748272114
-1.9705182209673255
-1.8543913469736164
-1.7513073805180412
-1.5624335907364817
-1.1422979694556579
-1.0755923321669145
-0.9457255371470243
-1.0646589908275235
-1.1240883199276366
-1.0918895147392125
-0.9611425382068816
-0.9555470788376549
-1.2841357230741226
-1.2423713710064417
-0.9696897073648273
-1.0457634425277704
-1.0182964083444885
-0.9895536459676595
-1.6090428495608597
-1.5487775330178593
-1.5478245225030731
-1.7428541708847924
-1.431333699082683
-0.689310945110043
-0.8025758790624686
-0.6764952242216408
-0.7354118107950204
-1.8328726859558642
-2.0821544826752714
-2.217575074659816
-2.485502776676425
-1.1577519574910546
-1.832574792517679
-1.3561976173178607
-0.8078115121372088
-1.0005000383871485
-0.9688832752146066
-0.956186752139704
-1.1366387345805313
-0.6537921433286557
0.07992615468268224
0.10798337746470957
0.03974720259690246
0.0556279800948547
0.6304288890569588
0.773127731540434
-0.01356648324108415
-0.1386244530982437
0.18090579590891107
-0.6016647424501729
-0.7430684041288703
-1.090202467989216
-0.5237428117953047
-0.7771349575861306
-0.8769347902989537
-0.9190736967994143
-0.7738485177837005
-0.9580475381831899
-0.9960048337148283
-0.7997307918283691
-1.1080105758585834
-1.0855674376893973
-0.968945364303995
-0.8937193863826228
-1.1761612016137306
-0.6408938435170313
-1.1493835680365063
-1.0174135811473541
-1.0799604211309166
-1.6971949435266136
-1.047061144745567
-0.9832784479500933
-1.0242472035396937
-0.968517846288668
-0.7178867632960634
-0.6134881917477325
-1.1273306168332244
-1.0769495505264428
-1.0254789204628536
-1.1106343372288359
-1.0822783671132046
-0.8744152021907606
-0.8539393151684737
-0.8415021790668766
-0.5655243727894483
-0.746628432785377
-0.9954744204763363
-1.3432356047732972
-0.9730221916386985
-1.0574648322921512
-1.1580791319195527
-1.0333721716529323
-1.0799818828279777
-0.8327596880288685
-1.058012052903516
-1.2290968373873683
-1.1142516252008647
-1.1703916226699493
-1.055677222666589
-1.184545389642575
-0.9829539169356735
-1.0487756723167279
-1.1495504464670252
-1.069614251582552
-1.1744233491889329
-0.9719517082193344
-0.9637565610642743
-1.1130122725598872
-1.085641277315209
-1.0017592552509296
-1.1020983985323993
-2.1709608810925536
-2.240904583344195
-1.4210195545453805
-1.9593216099542072
-1.3898424819346307
-1.476331465137094
-1.6600673862884678
-0.7932864512006953
-1.0639222820233203
-1.0151883903827221
-2.0742690365378365
-0.8366971126399042
-1.0365400890906726
-1.33366716971137
-1.3811894848234372
-1.319511328242993
-1.11632725866027
-1.5026917055399167
-2.096786748916239
-2.466267656943702
-1.7494973422223559
-1.9722375972113515
-1.006257503300663
-1.0148369802204014
-1.0467486547811384
-1.1508546556903771
-0.9598598545525211
-1.086527042420056
-1.0560950112663787
-1.0330129510176695
-0.9464703888877106
-1.0363527735323306
-1.0674991809480374
-1.0963096076568626
-1.1833932674373997
-1.1256695421884935
-0.800675405880633
-1.1240998373516908
-0.8051471414862776
-0.9685123425144725
-1.0012319640374838
-1.2187863448435279
-1.1217115037197474
-1.0725586045179367
-0.8999563353922759
-1.0140997001650758
-1.1275773819914554
-1.1151946071096377
-0.7481965016425676
-1.6398377605247427
-1.8330268083809689
-2.3006976570564093
-2.296222836656863
-2.411689190468224
-2.418752784664078
-0.8646265731927458
-1.0110297796891579
-1.040432808505034
-1.3996240238745272
-1.37869831899267
-1.7236563949745702
-1.8168613091763222
-1.761231439762497
-2.4538965084329702
-2.3412895223863175
-2.383092634493096
-1.6983142221515626
-1.2694947470022115
-1.5610031895225283
-1.1915659881953424
-1.265185614961037
-1.081473487263962
-0.4236720738726378
-0.6779468884009859
-0.6823734254807983
-0.8852846289946135
-0.9347532043565944
-0.7376036132621179
-1.070451411547233
-0.7185309318996821
-1.2205317101616555
-0.6245917959035506
-1.0436886570791717
-1.5693174522443059
-1.081914750888361
-1.1770448895560799
-0.9988250704894983
-1.1081628770421252
-1.202798130648444
-1.2555676175989852
-0.8902606707111625
-0.9951506110213167
-1.0588168136329226
-1.0171448694618495
-0.9894686381219246
-1.256652834324471
-1.081090769110272
-1.1183180247967077
-1.290187674575522
-1.0013856657346745
-1.0121049869065484
-1.029272113474017
-1.192691872340702
-1.1299213944370756
-0.5058965353748397
-1.106245752607499
-1.1644927657101578
-1.0899927854920277
-0.223154437504768
-0.22830085335630962
-0.6609364428553977
-0.8821787532308565
-1.0584906937511234
-1.0267173315925096
-1.2571887071981225
-1.1230952490409845
-1.158848666675919
-0.9738254181550087
-0.9233007955140802
-0.9336572075496522
-1.5051667319165716
-1.1877001005902217
-1.1336253126148383
-2.220079742222365
-1.5722090572711176
-1.7672275616991038
-0.7871911754923121
-1.2784345648316782
-1.8622425141815149
-1.33731998203345
-1.8104412727078814
-2.042611783756549
-0.47689279707385684
-0.809007053123016
-1.5653831510626408
-1.48674455299537
-1.2771619030209878
-1.109194156503953
-1.1100635671477919
-1.1504152659270237
-0.9711714720719344
-1.0136320702455632
-1.7483294486263845
-1.0202358755359875
-0.6771687553219692
-1.2324808133160807
-0.9499955641504619
-0.9420798305639185
-0.9234004703569113
-0.5286099323642763
-1.3654924622505118
-1.1521641931043143
-0.8695847155081037
-1.041186291158907
-0.9857016120635254
-1.0666726419283548
-0.5332733810392717
-1.8928617459920047
-1.311875458240504
-1.7498589623737075
-1.4704616356742213
-0.9582439374020816
-1.0660867130138971
-0.875928315358832
-1.0502445799870566
-0.930168673633286
-0.5207456728216555
-0.243928133001391
0.10830960736778525
-1.2780183331627424
-1.0270984351045218
-1.252726363245566
-1.033872057684204
-1.108312656728958
-1.2320615126089216
-1.3400431428363897
-1.2241838344488165
-1.1672698377885182
-1.0460551789325976
-1.1175242608024465
-0.7002340525932942
-1.3250980920769129
-1.3013450738864238
-1.542657901935974
-1.6611157592465964
-0.6239326369959862
-1.7120624622094338
-0.12710788362624997
-0.08796786264809771
-1.026970277541371
-0.8845932052322487
-0.9047236073782331
-1.6265805418783268
-1.5632458718453253
-1.1797069615556068
-1.6453642503963237
-1.4350754154820504
-1.5467322214023715
-1.6183489781523515
-1.0046867416335064
-0.7606686199714848
-0.9093312235182659
-1.09841046678874
-1.0704470741489602
-1.7647896496134379
-2.2281048381015522
-2.847423869879301
-1.1120055244782268
-1.0662108780983108
-0.8493677265213839
-1.039595377093591
-1.0531917094815197
-0.986099946112458
-1.2945951996162188
-1.2305659637308963
-1.5886328387193351
-1.553543845972041
0.4084898973568502
-0.9949992152006899
-0.9408477328543815
-1.0577202767769116
-0.8829098214502863
-1.1319321413582581
-0.7861488361919828
0.12025653352297395
-0.7320596938139688
-1.1244960539582471
-1.1335409232121847
-1.0676385630534788
-1.0994329549350492
-0.9839444623766131
-1.1545083118878352
-0.891796490809951
-1.2831692318906982
-1.666999662606229
-1.3763079394781368
-1.2385596846740692
-1.566658294517627
-0.5892528661099355
-0.6852137735545132
-0.4729561979777505
-0.9625241396638294
-0.9406496981495029
-1.4583620732753906
-1.290851011394838
-1.2521973060119824
-1.200679923299696
-0.9930812048888693
-1.7982750641552967
-1.8409548103423763
-1.1105643603053692
-1.1508980403368578
-1.0608684724814612
-0.16003203128423915
-1.0225843779687953
-0.46697109062312153
-1.1874824511765
-1.1319355411940808
-1.5348743361358081
-2.134927227273034
-1.874487729539796
-1.8877270046244297
-1.1983929755855247
-0.9517909863258931
-1.8511263001702807
0.11458715961775325
0.1327750920702507
0.1326920454625252
-0.16604622940054276
-0.7983534537830739
-1.103751176554206
-1.0392074047629258
-0.6130486096552319
-0.9339398737206086
-0.7462895644584132
-0.579708116300566
-1.2109085031087325
-0.9002264826936557
-1.140307826257495
-1.353808553889163
-1.1231919727891457
-1.130000239891292
-0.9976208554638057
-1.1676589204955887
-1.1122854646286597
-0.9941502349984445
-0.9491605362334321
-0.4229882819480787
-0.229742823551849
-1.3371278470688537
-1.1713160735423613
-1.2080359983570592
-0.8837659729611212
-0.7682694189160523
-0.6992080446277467
-1.016054106460053
-1.1303978129813586
-1.2126350817035076
-0.5963165224070273
-2.323152833365352
-0.9008054966168998
-1.0574005293836692
-0.8236363202126975
-1.0758758151004832
-0.99031649914781
-0.8376000064284763
-1.1770060068240906
-1.7300232951651193
-1.9736625553594584
-1.5390358307758074
-1.4419096755431717
-1.3169600543560103
-1.2142183192658673
-1.7727561197963007
-1.8962502972422
-3.0293527527832462
-3.0315853445167638
-3.022880348228149
-2.1664248380299367
-1.3382759820303876
-1.1733782590672022
-1.1474742187473281
-1.0316687551953176
0.008141069794212166
-0.1991915088399737
-0.30548724210788364
-0.773705895854382
-0.2219384399772678
-1.1880563728434812
-0.13428231206279753
-0.9188875088544656
-1.0747844576323182
-1.0702629570809827
-1.2662274675749194
-0.7618196379597494
-1.0724257862776538
-0.9831164931588269
-1.8365399219209844
-1.4742417906186516
-1.1901916413109277
-0.9255283981659495
-1.2941383546600662
-0.9706481696616347
-1.0563552530611742
-1.1108088081837149
-0.9332548007663538
-1.153492850184924
-0.8795823625970378
-0.9703717266181626
-1.0154813655700685
-1.1141003351528118
-0.6313237076801703
-1.0329199499898924
-1.0578977858908032
-1.2830899507343703
-2.066077451896723
-1.566456874998845
-2.5796153929360113
-2.0950104465597907
-2.0961570451729203
-3.077265676058471
-2.8576830434900473
-3.044237406301025
-2.695793320887672
-2.2201675113524124
-1.5043957745322156
-1.9501488978070565
-2.1074939015301313
-0.7791535839192804
-1.0095257153040875
-1.0422007940308282
-1.0161105499154706
-0.9735085219931076
-0.9868576800471105
-1.7319303882219192
-2.0047467449304803
-1.9494842420353795
-1.8043982016914548
-2.1771358484049235
-0.5041400834787736
-1.126468366841438
-0.8651684986246968
-0.9275122503520713
-1.0792763258092553
-0.7763559473940478
-0.4268355972335532
-1.037687512296391
-0.9808880432094212
-0.9520767426410744
-1.1181847899577992
-0.8470868996203762
-0.8774824751890885
-0.997224712447627
-0.8003275114168813
-1.068524106202543
-0.6531773156481916
-0.7539472657438362
-0.8176454572015076
-0.8519614976755203
-0.8871173606860733
-0.822651954180704
-0.959333516174221
-0.837989643457048
-1.340779728274638
-1.1964197936346925
-1.2952906961588526
-1.2831911601624195
-1.0101794453698085
-0.7686398504348776
-0.810901804188863
-1.0611731097691939
-1.056288406028102
-0.847337072476087
-0.7252228536715417
-1.1013743754013618
-0.9382406764578126
-0.8727305796858018
-2.1963510352603297
-2.328666039451932
-1.1688449127279203
-0.9342720692475224
-1.2578207642678783
-1.1368807863020387
-1.8947497663757251
-1.9354494101620308
-2.092543913754838
-1.1609533608199416
-1.2580592148220964
-1.3883720958606622
-1.2454243480031018
-1.021041535045473
-1.013009864406811
-1.254863955625537
-1.018726437613037
-0.7465007482169927
-1.0222150136928316
-0.4527070202207181
-1.2194482978189047
-1.061169170771418
-0.8394687774809169
-0.7099480881341356
-1.0990537315741855
-0.7652709862559681
-1.091704652438139
-0.9865930590124119
-1.1734017889906858
-0.6119748164039565
-0.8931646678194477
-0.9336777970794213
-0.9629691889959707
-1.1275008812532756
-1.3299884526904988
-1.4796386752301518
-1.5085155892350157
-0.3436141801968703
-1.1168544403146348
-0.3825729100635365
-0.9951648470418897
-0.9808140804757435
-0.7977694440682722
-0.8699931026732821
-1.4486456082849728
-0.8271112669754365
-0.8526504088375825
-0.8991840710014787
-1.0877176897462242
-1.2178692381980483
-0.9764036744352494
-1.4257758231461466
-1.6382769792932672
-1.7500792803592353
-1.207417595752604
-1.6276004178612051
-1.461182667834862
-1.418454949886687
-1.7997135296678453
-1.0950022806527986
-0.9737720214188493
-1.0675007200736522
-0.9618114629830435
-1.084082844576122
-0.6589894447849964
-0.8017824022491488
-0.9991376609369861
-1.0119515086739934
-1.000914580654676
-0.9214531235388032
-1.1355590667684154
-0.9305837592213356
-0.6779692720343282
-1.033036038721577
-0.913798627141068
-1.0482589700958618
-0.9655160282736321
-0.917325715086712
-1.0087525512816191
-1.2920882635761965
-1.1959010075660326
-1.184687348424344
-1.269194395747176
-1.8113971686895662
-0.8672148899946015
-3.1638885059099358
-1.3109869591296872
-1.7262817456925776
-1.3558845586651178
-1.440028612201387
-1.9340660808606487
-1.7816353270398484
-1.9926779248092974
-1.1030154565296497
-1.3044851033431835
-0.8133423882053038
-1.0058340985415202
-0.7183723916609774
-0.9529390345116948
-0.956288631624296
-0.8217486916869653
-1.0466266709014387
-1.0254265758339765
-0.8481290031504527
-0.9029628639852719
-1.0982482973882954
-1.0735091201254487
-1.0431693697853162
-1.0534988680518103
-0.8795871477169559
-0.8921123756075364
-1.0058900580193852
-1.046240532181765
-0.6033328759989668
-1.2076229485402485
-1.2650811784246245
-1.2133396805317986
-1.0611575687669557
-0.9006637234673718
-0.9750596292922238
-0.7655841978722111
-0.953933657217307
-1.0027657430005263
-1.1354066767473128
-0.8764247010615687
-1.2129964618608955
-1.0391401582705857
-1.513696093688698
-1.1238801483710612
-1.131013864672705
-0.8628260790634226
-1.0695363323109914
-0.854697085509345
-0.39663254973651546
-0.2052460262657788
-0.951451763846011
-1.109166951548228
-0.9649857618172974
-1.2334269113070462
-0.7026318644715429
-1.151978208247802
-0.6004355441790175
0.6166579887670548
0.7583463524191089
0.6580444433586201
-1.0742295288653294
-0.9734653241100154
-1.1609112065906915
-0.9626423649146811
-0.41483008257420684
-1.2013602536212835
-1.2631657956538964
-1.1639420993737992
-0.3308228615088154
-1.4723787921052538
-1.4066874982116013
-1.706098175749429
-2.254939791200624
-1.1098950938376602
-1.751957602668112
-1.1612273220686196
-0.9638056105843743
-1.1642194747546908
-0.973560136991542
-1.2099682245071368
-1.2136846840892956
-0.9941271798916707
-1.1594429580395516
-0.7961793002205944
-1.1840402271448833
-1.0264361243694264
-0.8356928456399804
-0.6567991359739987
-1.903362358283842
-0.9116414708710736
-0.7806699546731414
-0.747287596157408
-1.1404244214472994
-0.598313158772003
-0.8945553176288903
-0.9849400889564863
-0.9639273263928746
-0.9093980637870054
-0.9436207844514722
-0.8698951946158394
-0.9356921746616922
-1.0023264029095642
-1.227190079318167
-1.7475351079788264
-1.7760903561258095
-1.3713916655248783
-1.031465180711921
-0.9451997115784762
-1.0301126708959951
-1.012489225835919
-0.9663105538634612
-0.8836867032335349
-1.0757152155883085
-1.0399306366938827
-1.1444840866634485
-0.3992129500552565
-0.2768238014475971
-1.3925558089022334
-1.1120978288127772
-1.2208320578475926
-1.2799808472430445
-0.35585026557256294
-1.1900962887141806
-1.0339182348170548
-1.0518827371560153
-0.911900711037127
-0.959811178101526
-1.507837667460005
-1.5457758754310793
-1.419686928280859
-2.0926627416109818
-1.2279930824266114
-0.9264691968871402
-0.9331162048813414
-1.3147849948316679
-0.7599616058824171
-1.0896114621667419
-0.6875733940681864
-0.5686970609811943
-1.1222975783263678
-0.945597058977109
-1.005575067418689
-0.9502309864496149
-0.9378423399227807
-1.0421290812349877
-1.4119677817779785
-1.3962009405725044
-1.5051939766762539
-2.4780833398756426
-1.5570753098693766
-1.4947728919206225
-1.578444322509903
-1.0631147366920581
-1.133189867272897
-1.0838932807929458
-0.9712122011703619
-1.1896891254312256
-1.6858511396199696
-1.3775415173355454
-1.2608355086563483
-0.9228943141627103
-0.7697679746871642
-0.7542902069439402
-0.9055491070864725
-1.0374853111831321
-1.1495556740936141
-0.9311680049671147
-1.7822223867110816
-1.8012672392453541
-1.5807354433752319
-1.9591973135518748
-2.0872900826538623
-1.5921979981435028
-1.503319395380484
-0.996322942533773
-1.227778482357753
-1.16461349581922
-1.119843542472338
0.2965931277022115
0.5420065264024057
0.3061962356218246
-1.5569622823239206
-1.5432462011457322
-1.463153733033198
-1.7656626422365431
-1.8814212267893649
-1.8814063801938377
-1.9493056771046513
-1.9493056771046513
-1.3440754340010397
-1.1761775879309986
-0.9712187913803381
-1.8367440443810532
-1.7923022739776926
-1.905982497096531
-1.5688035333745893
-1.5997290722370543
-1.1009739007226758
-1.0830122116906518
-1.2927510737209709
-1.6624711217715014
-0.9958442166219473
-1.1724631989865542
-1.1496696595048437
-0.9601072349179027
-0.9186920011232526
-1.0115566561261828
-1.0302676690538548
-1.0438530555959862
-0.8816809240804019
-1.1041555102852953
-1.1210748084562157
-0.9657509921642217
-1.1777283614283653
-0.924803823637194
-0.8920270062222294
-1.1442700865891728
-0.25223726441540484
-1.1746681394436613
-1.221741524987857
-0.8272237308160716
-0.43557755068714804
-0.9595187475708302
-0.8592807163774211
-0.8616864272367876
-0.7310151249911833
-1.0122962381258196
-1.059792208525424
-1.0649006859738324
-1.0794753154273617
-0.633583977918125
-0.4072371623447251
-1.0835098768018647
-1.397936865812161
-1.4731986300217677
-1.6435962045477677
-2.420635354765687
-0.5483316219896024
-0.17999758429827864
-0.9752890949122903
-0.7026749460843956
-1.1854219898405292
-1.0813365357546814
-1.0149353399335173
-1.1891443554297325
-1.1567845295597439
-0.8928147338207858
-1.037944633200979
-0.9282494474855708
-0.9711989319537921
-0.6688462627959477
-0.8530006489015336
-1.165950939898271
-0.9396531916327954
-0.9437684122474019
-1.1288001600237267
-1.2072416894282407
-1.072740200253501
-0.5954127358544445
-0.8758827397574801
-0.9938155512045751
-1.0949737170629756
-1.1697445683972574
-1.0720806237661877
-1.3166151451800236
-1.1542486842105655
-1.1112043020856317
-1.0908830204754325
-0.6603507224180253
-1.1081153310958645
-1.1104593428753524
-2.1281215744094655
-2.016493767546721
-1.826617083453263
-1.8169840854139034
-1.3309512201499143
-0.4897877867100679
-1.175329921937938
-0.9080084550879851
-1.2008517822910774
-1.0404529277868186
-0.8839153539851928
-0.9814838048326857
-0.8801942003413152
-1.002691061405096
-1.040815238314959
-0.7025532420667114
-0.9594915068769129
-0.9201460315256387
-0.8999012057023676
-1.237228065143762
-1.103015024787611
-0.9858766289403906
-1.1402963242503965
-1.3124622918261188
-0.8340028518782999
-1.6078237002558435
-1.4293639198341446
-1.0173299200283425
-0.9497454134563541
-1.1322664743721105
-1.296966941665515
-1.092186594256805
-0.7875787326775013
-1.1270259486121175
-0.6425462871510181
-0.6906645933875103
-0.7613719281930723
-0.8467964446871601
-0.24765317247578705
-0.25389583954557604
-0.5875525215557329
-0.5610552226786569
-0.5096772673565964
-1.0704334395885629
-1.2819952992666097
-0.5964144085975327
-0.8883143563462673
-1.0851428370996583
-0.3872485013984994
-1.3912862625417626
-1.1630998152864642
-1.426609227706618
-1.70443263260884
-1.7613298219571658
-2.2407973372762995
-0.986010541584497
-0.6408021103463899
-1.3747190159019513
-1.6869339627463082
-1.1531604290473252
-1.2800746347188754
-1.2502358696455356
-1.5640644672317996
-1.4197728708985156
-1.54090857251993
-1.560892729489558
-1.4584256951023997
-1.7238188977093551
-1.4523938618945467
-1.393782403005496
-0.9535905322188021
-1.1668909705673953
-0.9958405375852266
-1.3037490069474502
-0.8834690240631299
-1.6069542050049823
-1.590286246065479
-1.647710315994523
-1.0791340767824864
-1.8581023810036457
-1.1025994808097876
-0.7199334908460707
-0.26956242830934746
-0.2640707511013551
-0.14073780542931746
-1.004926882395639
-1.1131355895410717
-1.132959443989289
-1.0097907482134012
-0.17938725671161865
-0.08695211464402164
-0.9463706735024475
-1.1967801419066146
-1.091077057674779
-1.0713973836482127
-0.9373787230404453
-1.4480041459909214
-1.7215344425280694
-1.3297296451916307
-1.0399584917770117
-1.0689154630401227
-0.9770661915961972
-0.972227097285641
-0.7993494116601502
-0.9240847676958441
-1.0150607172188952
-0.8229426323983287
-0.8139924188392919
-0.2514197552275687
-0.39054707641304226
-0.33776852743107255
-0.26206468402897937
-1.0098955423774563
-1.0068177330544918
-1.191901766089172
-1.2463744724964498
-1.08578348823525
-0.7855623095757771
-1.099297137728483
-1.0764350254526904
-1.1442622707786747
-1.2121157509233869
-0.8699303674930552
-1.4220675230260917
-1.3343191104189074
-1.367538083541334
-1.48924261136599
-1.4421018733019246
-1.255399704421172
-0.7985242604659784
-0.7252220291185086
-0.6079379474306627
-1.1753981612979978
-0.935120187280627
-1.1731634323328928
-0.2656777503636404
-2.0455641340809203
-0.7940993418753544
-0.7228206719442961
-1.2370296086754125
-0.8538343074456816
-1.2354679568872216
-0.3206270669010719
-1.1133844024920765
-0.9874949447941024
-1.2160894491380556
-1.1496871600853749
-1.0205661387034954
-1.1062678848299716
-1.3102917476368743
-1.042639657092862
-1.0607182341904506
-0.9641007724244984
-1.0593061704436897
-0.9361240553612887
-1.2403140537659565
-0.7612568533584568
-1.034970087083689
-1.1964002235983167
-1.2911757824979626
-1.0562323994399727
-0.4621671082459155
-0.7109336329451829
-0.8809391498163418
-0.9657942115529576
-0.876302209935906
-0.9043991033039045
-0.9958242561390138
-0.9733328332858295
-1.5032696813080508
-0.9578069570493474
-1.0339633937343333
-0.9834208647447404
-0.9163224199714203
-0.7604430208932063
-0.9418329581839981
-1.3997131161061829
-0.7563101806160392
-0.9005046107012842
-1.0195925896869695
-1.4121865458419058
-1.025056701604404
-1.1929905856760858
-1.2293731926049418
-1.2222429151486363
-1.3127230713661737
-0.2551541088210541
-0.9218204931844237
-0.9885513918748418
-1.255114607149821
-1.247442631830308
-2.4115449130704874
-1.688897214979441
-1.8000200580017944
-2.280610692752365
-2.3003551949539847
-2.4450593890217465
-2.5955348289020472
-0.7507265564396132
-0.657203345614206
-1.032013016559912
-1.2785038815581866
-0.6645576898965414
-1.0813585952711615
-1.064028737561489
-0.7738572767923863
-1.1967493166663996
-1.2501304277867382
-1.1442242094685267
-1.2165892117618504
-1.0975583327552678
-1.0531775820091382
-1.0876214957490298
-0.8838989487418957
-1.050667032092919
-1.0813567949844085
-1.14338715912772
-1.3482548284868288
-1.2191468264263206
-0.9467076682039482
-1.9148350374398235
-2.820622149474107
-3.1008424519016646
-3.271392237634776
-2.9824444333674998
-3.0232685277223728
-3.022594372164161
-3.003762643265109
-2.9439202074834427
-2.948639428784521
-2.9613474008057152
-3.090208444504631
-3.1028449662677313
-3.1045260158374983
-3.3276672294388328
-0.5201963632852344
-0.977365483796515
-0.11922009405904982
-1.0214584479034148
-1.0318194455573861
-0.9649032543663227
-1.0213144750621066
-0.8798543417959988
-1.0649468226867205
-1.1869445926030462
-0.882138284110649
-0.9819310802814719
-1.033447480502718
-1.0291634007157362
-0.8047545012195689
-0.5629101018548127
-0.7010115017485249
-1.4586470327784935
-0.9785032625791629
-0.980043920207024
-0.6738559071742963
-0.5346522435574095
-1.148731565292377
-1.0248018052424799
-1.1158532227548048
-0.23499149887091822
-0.6091814761545478
-0.8541535136280364
-0.9307271647215741
-1.0751600295711634
-0.6445398114512769
-1.1156998203279611
-0.624523157946487
-1.0532618595151209
-1.1181137482665424
-1.175441628238371
-0.989750706393409
-1.2294676009057337
-1.474332232350093
-1.3804205277951245
-1.8930201086358103
-1.8367609379256422
-1.9203837265064168
-1.968287704320348
-2.5050090152988176
-1.8010807876261872
-1.9291513307996146
-0.9544116200967425
-1.178398042635487
-1.1298691340919484
-0.9807002192659695
-0.8685612713534074
-1.1597339571957277
-1.041925916972738
-1.0400394825884856
-0.49949244036063456
-0.5174091433649282
-0.9962353836938089
-0.5312704241946226
-0.5537158450355937
-1.6840909208809898
-1.8587740023238075
-1.6575738854326114
-1.1416979625790888
-1.0229384549789895
-0.8309740937634155
-0.7900171927920112
-1.1544291914856526
-1.4400828586444487
-1.4785181977324198
-1.85834966864836
-1.2836802442183595
-1.0417732447692076
-1.1000192247442655
-0.9911083193937504
-1.1429750815619475
-1.011053518586664
-1.1068869287403134
-1.1346572983945038
-1.0235082649727325
-1.0955975389085382
-0.9407127627464824
-0.867627508356598
-0.9692086677112064
-0.49766795439765055
-0.41624932747700505
-1.421903914007518
-1.6082711897141182
