0
-0.6590031854914588
-0.5249844841303412
-0.4929963987432573
-0.5257459259941073
-0.6737498125765078
-0.7059678473207875
-0.6923570427981895
-0.5065621363330576
-0.5806307644759857
-0.5568335917180073
-0.6458807367290998
-0.6771851274752452
-0.7179302885816284
-0.7149417891813379
-0.6515493143539208
-0.6264835526842546
-0.7113700170002188
-0.6753456728628883
-0.7025182456524357
-0.8606636426402393
-0.43967158329584705
-0.6477629775411331
-0.7205459332761327
-0.639519535110968
-0.6104106615937342
-0.605221384005591
-0.5785583578110239
-0.5583301476719118
-0.6217359784980802
-0.44548281488182107
-0.44456440413863185
-0.5382041086173437
-0.5745014679277736
-0.6395968026305167
-0.5794903048387192
-0.6639201497730601
-0.6289124848953379
-0.5130514009563343
-0.6760381826326765
-0.4541007240606431
-0.4629180686416784
-0.43078676344405387
-0.4331259494182508
-0.4346758748653241
-0.7591125054938616
-0.5914151436759388
-0.6744744685301481
-0.66009131811228
-0.7442624138848162
-0.4811078304485012
-0.5517564455537892
-0.7597257651047122
-0.7615791108027702
-0.4926960777663606
-0.724911131318043
-0.6770160514686954
-0.3849515426090926
-0.33875988954826175
-0.3555021475843499
-0.5181364605587551
-0.6969719948725617
-0.5100565949600506
-0.7457778045342003
-0.5637340366675517
-0.6127746313207726
-0.7679781051376559
-0.7853361747045731
-0.7809679003367178
-0.6582844706616682
-0.5620368656639405
-0.7346788223855059
-0.5671810761356842
-0.56169528463453
-0.5237334581357784
-0.6791947862567314
-0.5023898631601497
-0.6502193534944258
-0.6440752643179105
-0.5306342929260704
-0.5179091443754942
-0.7980479841496058
-0.7911007179601809
-1.0087209159855919
-1.1008917655425299
-0.7259451404555155
-0.7182203353580694
-0.460829831678768
-0.8040074549007582
-0.5321859111460605
-0.6641321838471717
-0.6958191810046828
-0.6683510216768398
-0.6457313112371195
-0.6740076054578873
-0.5301860190643702
-0.5646791109713222
-0.5823336846293199
-0.6191310433122919
-0.4395504942198934
-0.4701958120602768
-0.5369379070469006
-0.6144122440432433
-0.5888377065024245
-0.6102814542541519
-0.8073520641177195
-0.5057252921742058
-0.6574226014214173
-0.8250437875266918
-0.787934631593562
-0.6998644595003999
-0.4466812997895865
-0.5113749433389221
-0.6344122762821338
-0.6495540356853795
-0.6379569117742465
-0.7541657858228155
-0.7654635988988053
-0.4297071582202478
-0.8273218710293101
-0.6291211567658029
-0.7003782397381445
-0.717261145739555
-0.710324518904818
-0.7194320733232683
-0.6527764304857211
-0.7362012294347222
-0.515636454873388
-0.5016252341418839
-0.7272901706937723
-0.6836687166807754
-0.6043340109052718
-0.4448973500549161
-0.4488462409823454
-0.4962696415845995
-0.38447843168354406
-0.8238889015607398
-0.3285167604831618
-0.35228796296608933
-0.3666967419712317
-0.8184361345342729
-0.640638562380271
-0.47603163408834764
-0.5464902840060937
-0.6796212906174809
-0.464575876959374
-0.7319051047677566
-0.508105494243962
-0.7139950081265272
-0.5403011219080148
-0.7266618148696463
-0.7099762099504219
-0.6134093120030503
-0.6000952080773344
-0.6344677489034697
-0.5471176268563894
-0.6300609737424128
-0.5540052744685164
-0.7471746365495215
-0.3921736282031825
-0.5166537412001516
-0.6496165888142195
-0.6804292742578395
-0.5963690904167169
-0.6198489658338863
-0.5082472733232313
-0.6054435917567399
-0.5278967785735236
-0.39779692558486773
-0.8494014061030756
-0.48332300601825157
-0.590243236885027
-0.6924594855315781
-0.7069674803361679
-0.6545583993604055
-0.5559195682246083
-0.5978624163541927
-0.6947771599872826
-0.6000547857537876
-0.5582814007818486
-0.4807067711761557
-0.41981798362926276
-0.6662626131700864
-0.4917635091648708
-0.41037506360366016
-0.447407637705572
-0.7655688235822852
-0.6644178580443121
-0.5594599637815226
-0.5786311015036121
-0.6031735002495313
-0.6316954677130588
-0.5249857082851332
-0.6722369209756635
-0.5517644348767176
-0.44007680087057804
-0.7134731393036005
-0.37002818356171463
-0.3175338871680643
-0.5073371359221961
-0.5346144189686081
-0.5331320967752985
-0.4778562731555131
-0.45259592159822953
-0.44138918108615754
-0.5747384643632628
-0.608604630885444
-0.5360786557881951
-0.67591584369158
-0.7012327258456162
-0.6722604716901306
-0.717717214319005
-0.3584967858335484
-0.7643269550604134
-0.4468842720017249
-0.547402159194953
-0.5136700967632833
-0.7149661238128288
-0.7079772103394806
-0.7157562124782918
-0.8479998938073618
-0.42377809186663207
-0.48336082901587674
-0.7579220184980483
-0.7448755213747362
-0.8868835534896561
-0.735412613462376
-0.5689772365920029
-0.48957780458381794
-0.4980350464628582
-0.5018421843684508
-0.4841959522009717
-0.506351838489911
-0.7362646567658434
-0.5281566320405957
-0.7286828791272306
-0.4876331980839244
-0.5792511363607078
-0.5752928360607574
-0.6006291101897493
-0.5528349612940804
-0.5169750042268737
-0.5347927340937795
-0.6323828367440709
-0.6947761136203434
-0.5050342031168705
-0.6329765557609264
-0.6427691233832133
-0.635913208014064
-0.4689367121517351
-0.6851506534255009
-0.5092857674964367
-0.5566263076404598
-0.6093522315005401
-0.5572276322152274
-0.5960742992385338
-0.7042453247372356
-0.6253280964303454
-0.5393877139256544
-0.7745159551926292
-0.6267221839512807
-0.47191655443614805
-0.7496929799341249
-0.7635620831683904
-0.712747162593847
-0.7032019370260603
-0.6095514653856523
-0.5853025404405225
-0.4342805167662229
-0.7964812289182414
-0.508819254822769
-0.541405043191064
-0.8466554128156466
-0.31621541417643806
-0.6347333757362299
-0.4671637413138489
-0.4586474183369323
-0.7219678345557303
-0.4905925777344179
-0.6224157855909206
-0.6191162032647403
-0.5415155012567618
-0.2895003881836665
-0.8813102283558932
-0.4879248343476526
-0.6079697783699284
-0.6305824376867522
-0.6187704154888293
-0.669777757807244
-0.7061737441289968
-0.6834397100679022
-0.6002584682123662
-0.6482174750614262
-0.5585060655411727
-0.6417920842740854
-0.6303642962644117
-0.480056099321123
-0.6685951782587987
-0.5782067291331229
-0.5389770436880974
-0.5585453852662726
-0.5480245928604703
-0.6051622936899891
-0.5217015157914123
-0.7272745956511565
-0.5761910545263915
-0.5854831944421685
-0.6136762420785152
-0.7282547212568439
-0.4671805415333452
-0.591122080216703
-0.5417405745186379
-0.6938153992547662
-0.5724510894589734
-0.7665233459083705
-0.5638755306710992
-0.48282485766997657
-0.9012644545105051
-0.6646016627877546
-0.62235240177627
-0.518020124389155
-0.6619198667740971
-0.5680704727117267
-0.5781649061684577
-0.6857612369665924
-0.6208865978398976
-0.66472597927703
-0.8717224015485319
-0.7466108850856679
-0.7727371923770456
-0.7715866279403231
-0.550217835843735
-0.45636069666110307
-0.5711209284999108
-0.380703363263417
-0.805326839531529
-0.8790633459170493
-0.7745962935989039
-0.7608680436578589
-0.7319593846776987
-0.6457945751795272
-0.6411426848200261
-0.5551779490919515
-0.6446224859487143
-0.7594167739676586
-0.3610276579287759
-0.46636022019027823
-0.6821848774793009
-0.44247483216377403
-0.760570887493772
-0.398129966983877
-0.5502184445372698
-0.5078911118572202
-0.663548792271242
-0.6211489569913488
-0.5714944584614248
-0.6090761855646369
-0.5030102438906361
-0.512718888813608
-0.5136271930845883
-0.5461760664852915
-0.7289886988203985
-0.6887775943034772
-0.6086708566247473
-0.5950783938234628
-0.6829071264362079
-0.6595859038337886
-0.5149198612462751
-0.5171696032852506
-0.6677924440382283
-0.5778958947548015
-0.546068172636698
-0.6024884049238165
-0.5179479606178219
-0.5239514920646247
-0.5524931141518646
-0.6818155971496414
-0.4964704632999785
-0.5866874575886358
-0.5791391093206467
-0.6989205309586903
-0.6241027874657187
-0.5345209940567243
-0.612718477210673
-0.5489884947230891
-0.6508095415676516
-0.5754059090210492
-0.6190861223187646
-0.7988812157834247
-0.7065500528802452
-0.5273868715086371
-0.6719236872891627
-0.5611727143047524
-0.6209783860554821
-0.6000171037923393
-0.5292933848936036
-0.5473532479324116
-0.5833631364842109
-0.6490754735905572
-0.5373141958380853
-0.6972360515326415
-0.5759259400176934
-0.643919883992661
-0.5859835256387431
-0.5671128402607802
-0.6056649798908555
-0.585547315587706
-0.6693411313097571
-0.6213832664219898
-0.5539996001327431
-0.6157265509058438
-0.6003315256080902
-0.5179687086769845
-0.5777947135517054
-0.7591449163839024
-0.7167065199515493
-0.6235297439568872
-0.5799132365368908
-0.55915835515513
-0.5527186331079939
-0.5540622419115464
-0.571593878993235
-0.6149601492039399
-0.6278353830400148
-0.5474187387338815
-0.7407409399936001
-0.44452477544766456
-0.8017201074321989
-0.35221596065604777
-0.7203464990373221
-0.7864439001175496
-0.7431424222983934
-0.5109068974619928
-0.4893309004115643
-0.43068240933684243
-0.656659468428938
-0.6049358671049009
-0.5929225246475289
-0.6296205183750206
-0.6598724453950374
-0.5316550655119308
-0.580468700881414
-0.5675871583397323
-0.6351902058703809
-0.5099615485078989
-0.6492592342117673
-0.5959056998138835
-0.5085121153658446
-0.5531338218617481
-0.6700125310255545
-0.5547105966801151
-0.4644363403969835
-0.739212987667886
-0.5883086203596462
-0.7674821326782816
-0.6238264514826567
-0.5167276577665064
-0.7076530788265127
-0.7528089294483634
-0.4208318407784944
-0.47164357540947677
-0.7206634650905276
-0.7095198854509137
-0.5763119227001439
-0.6510685767330863
-0.4106162419403392
-0.4356549629792623
-0.6807355066247639
-0.42621102955034934
-0.44440862840096557
-0.5402628288816007
-0.5834072277407747
-0.6217956581052455
-0.6007821926008516
-0.686669380880548
-0.7120553796481206
-0.46644931006859625
-0.6383959439540664
-0.6581380928867135
-0.6774493796540927
-0.5529701027643338
-0.6201245568314147
-0.547117361061186
-0.6115737157199268
-0.7075166519562073
-0.724440370693711
-0.47466592420350606
-0.5871112223409053
-0.794701401022101
-0.5797724638115038
-0.5989024623884266
-0.5439984908809735
-0.5465359637332325
-0.5788435514235373
-0.4581887148785978
-0.4550280107694493
-0.6216310049370469
-0.7937711096572305
-0.795590275418873
-0.6025606345064192
-0.789582653594436
-0.46878779088934375
-0.6390590897274142
-0.70437188207877
-0.6496208822922678
-0.47430599762541176
-0.5566454941642104
-0.6306718091955303
-0.5576481984156952
-0.6132480437358074
-0.743868490077748
-0.7688637953008004
-0.37271547107180636
-0.6490148090136524
-0.6149606181852775
-0.5787564009712775
-0.5739150494168169
-0.6507402085917372
-0.5068517652258132
-0.5981517016013933
-0.6287657343457468
-0.6392354118821607
-0.47394880888873975
-0.7631017192816281
-0.5222126570566429
-0.6892002052820443
-0.7783031279492965
-0.712790403401289
-0.5820075276560905
-0.6067258562309376
-0.4769204542678966
-0.39841292166039977
-0.5214490666735033
-0.6675512409493066
-0.5074105683289586
-0.67962474721097
-0.5987313710801192
-0.6268082128220809
-0.48284086579596
-0.48673548098543656
-0.5067694304687534
-0.6786365826615621
-0.7099904019987626
-0.5101589421479228
-0.47368943502014327
-0.6733947212000155
-0.700204479935939
-0.6628545284188889
-0.7493593522063496
-0.4992744313038313
-0.49315017883144097
-0.7439337551740371
-0.5025431079010774
-0.6573799558574531
-0.5001841290143731
-0.6480350033867402
-0.6608931354152925
-0.6097426650919593
-0.7366019903059341
-0.595613717529719
-0.810230951846313
-0.5130379831275141
-0.6752744160411165
-0.35005128860593243
-0.7798319441084445
-0.53138843850452
-0.6424848860104365
-0.5494126662034275
-0.5608769951666707
-0.7557976013684389
-0.4419228258969166
-0.4709702648508342
-0.5564666104073266
-0.4951692137954671
-0.7990805518414252
-0.4087920478744433
-0.5327647824710614
-0.5574235126273402
-0.544753775216171
-0.4798879154328698
-0.4788506714852081
-0.7491556263181156
-0.45946373551567804
-0.5476925826395707
-0.6852134494523558
-0.551891626461405
-0.644760626467033
-0.7027789703565712
-0.6927568146220425
-0.4578957014010258
-0.40432281908528983
-0.682376631261434
-0.7100074388955038
-0.5226569470647299
-0.6664218034285748
-0.6695841021195699
-0.48550399694071106
-0.7300706630528564
-0.679318826397369
-0.4071649615559944
-0.8367227850561708
-0.47137029722914175
-0.7244465792346041
-0.5781130134759394
-0.3816101098901232
-0.7357299737852555
-0.5426031637925062
-0.5798301082259707
-0.454172648471323
-0.4364669396801494
-0.5699382312978694
-0.666503414794591
-0.5478266103785285
-0.5195438251040185
-0.5703059885762256
-0.666373548000221
-0.6802758884266366
-0.7394087858391444
-0.5364043317934123
-0.604024176998724
-0.6147623398114019
-0.6145573464141949
-0.5719360434535832
-0.5795729884295606
-0.6156375204972054
-0.5332671779523026
-0.6286092275458847
-0.584306028358793
-0.5722860124412635
-0.66202842769733
-0.8239128398075164
-0.6166325921450784
-0.6575202949381801
-0.5984424821311192
-0.5574570051983938
-0.6921258167671338
-0.6522304677855609
-0.6198029891045475
-0.577666179041416
-0.604181644941961
-0.6137408826945034
-0.6389391119710901
-0.68546523835588
-0.5543547536524204
-0.7442505469753812
-0.7449581912086581
-0.664086814345373
-0.7270669080583648
-0.6187627351441738
-0.7085152247485199
-0.6434590068257376
-0.587704549661277
-0.7471257146801557
-0.7268768420931745
-0.9859896392056684
-0.9214921456480856
-0.42747742314341514
-0.8181927129297404
-0.6246782018771243
-0.7081694269650232
-0.7453929263456337
-0.42208358683290725
-0.7013647736682708
-0.37835449279301586
-0.7682120037994667
-0.43238311611863184
-0.49614271480551964
-0.6060839199046818
-0.7031674972939521
-0.6430173094688326
-0.5975026259565729
-0.5165805006720752
-0.4845482598103882
-0.6852313501840358
-0.5861729337836918
-0.6357383585252059
-0.5842241850848733
-0.7413758350510311
-0.7582076411906863
-0.35777127076577214
-0.5907358952534962
-0.7199442951756742
-0.4920917430535186
-0.6176039553406697
-0.621194746582176
-0.48210894630145107
-0.755993442114021
-0.726244978308352
-0.6571615720329579
-0.870401463900965
-0.5575337327421263
-0.605732017300739
-0.5844745948547955
-0.5043769367255121
-0.7805045375435203
-0.43236311214253487
-0.6694735119718289
-0.6298914657471867
-0.5481883863974616
-0.4936663365568739
-0.5721260975538142
-0.5891927825285167
-0.6520002129739104
-0.512134692682255
-0.5828202687653037
-0.7166403294273521
-0.516274272103861
-0.5713122943541279
-0.6653253323113374
-0.6916843072708945
-0.4184906054039242
-0.4274932842516782
-0.7282457869714183
-0.6958159171297763
-0.4851017897425105
-0.6841840736504747
-0.47527392728269474
-0.6067067419562345
-0.5953106463261209
-0.5758852236141869
-0.580966760163414
-0.7589973452254766
-0.5135618772534809
-0.4810052876771102
-0.4936106329861135
-0.5484448946176441
-0.6484465807483293
-0.5274389693761846
-0.6817495264506536
-0.6979751928725526
-0.4816754929113945
-0.6916315622066701
-0.5490620087369612
-0.7744605265752887
-0.73175867276086
-0.7541593108322857
-0.5304147342631961
-0.6680132185390394
-0.5413387848595498
-0.49479374347672433
-0.571251500363454
-0.5028868824071723
-0.73768504950016
-0.591705922307439
-0.6641914836176096
-0.549231530856635
-0.5727924434219219
-0.5726610550163638
-0.6172433301758028
-0.613841961899451
-0.7729803770837339
-0.8596343565045728
-0.4790832727039192
-0.7182130978619431
-0.4493336912922423
-0.5055691361055413
-0.4642800274653801
-0.7771104361126709
-0.5691453421062265
-0.5811908889345366
-0.5416558986347505
-0.4928813231120974
-0.5089686804442826
-0.7068863510936259
-0.5082622940865184
-0.6838780383267516
-0.6697652684930502
-0.6503635112809754
-0.6000407799800287
-0.6042827015631373
-0.5949950782181296
-0.6384262518566807
-0.6268513857103465
-0.6134010458510649
-0.6488876689498061
-0.6751631436380593
-0.5579991959783269
-0.525169114963821
-0.698653135829418
-0.8450750361332912
-0.7436962180001611
-0.5110794005625543
-0.6589390714208468
-0.8084896774498956
-0.7897077734951534
-0.6327116739814511
-0.801738047791738
-0.5809157711252221
-0.446499011598408
-0.6684485527093521
-0.5801555959072751
-0.6175253782590189
-0.4198776677655369
-0.49423333054899854
-0.6799568284443315
-0.4986552177811344
-0.6395094777574293
-0.6202344772665432
-0.6677002252673284
-0.5787551754269756
-0.3686429255337858
-0.7923790810028588
-0.3896214714986408
-0.43434998219974924
-0.7476502282687368
-0.6367273731982541
-0.5339556129291619
-0.7353946152944151
-0.40693831620318
-0.7620935896266325
-0.6085420110041303
-0.6648246168798332
-0.6832906792874649
-0.5617678726544926
-0.4365825648120132
-0.816051356878723
-0.4091520883930249
-0.746424576549936
-0.7181984191628954
-0.7711752741743289
-0.7692074674381215
-0.5763221495298225
-0.6994807602680462
-0.9175317813088798
-0.9256907528065169
-0.7093607907117957
-0.5820056511707354
-0.6163975597596472
-0.43500248072884845
-0.8107354965848468
-0.8309523472658747
-0.7854133029836675
-0.6256428244426229
-0.5787583179253588
-0.717846139703209
-0.7783932527481455
-0.6636627028580135
-0.6766959598810555
-0.7807894299094245
-0.7029350655940385
-0.7055188758886788
-0.6397923239658677
-0.7108601155524575
-0.6135288781478883
-0.630364995321628
-0.6737439452075326
-0.6925075131885607
-0.6761665504110465
-0.47630250948437985
-0.425171038784624
-0.5177465362067022
-0.5968972420331109
-0.6471956030702404
-0.6715007718080379
-0.5202199201330144
-0.5014584621135988
-0.7752324852758193
-0.5626305169948659
-0.5472315494617236
-0.6920682672662342
-0.5886487399424061
-0.4431842519212429
-0.5232210223217132
-0.6864205857338052
-0.5987375693823759
-0.5233713351617297
-0.6483669886229771
-0.6439661121827269
-0.7400611163787888
-0.4923332891834041
-0.5595053566322199
-0.5049353184760772
-0.4851273392532167
-0.6959144229855755
-0.5144545855331752
-0.6904805318165316
-0.4773267208697693
-0.6950392455198744
-0.4945042042276334
-0.7177194445785141
-0.6242789853808629
-0.7831818567684017
-0.43388375875626867
-0.6455911137954834
-0.595714790312148
-0.6265462732410761
-0.5617893237355901
-0.7281800887898726
-0.5637513785049205
-0.7016940138942089
-0.5219571255726551
-0.5882352020949653
-0.5254593706330101
-0.5439868573069486
-0.5268129247843396
-0.5165651656883445
-0.5008203603159446
-0.7895507187218271
-0.5846229204372478
-0.6050553080750516
-0.6867278169647897
-0.649705611824341
-0.47695851569990844
-0.6050047036182659
-0.48899297476251
-1.0650005159638658
-0.47336376842683914
-0.44937969953568757
-0.6781171519095627
-0.510749273493031
-0.5049963797218251
-0.4743469614122228
-0.7582408662144212
-0.6530245647810015
-0.6649352330637187
-0.6999494471972957
-0.45974142644104826
-0.524766926167528
-0.6303143072501618
-0.5634878561402666
-0.508438702689713
-0.5605287191086505
-0.46492590023241886
-0.4972486028944608
-0.6475964177774524
-0.5459163289793421
-0.5982905799941713
-0.7450911387220744
-0.3814726488833464
-0.8642028691412215
-0.8473687179613368
-0.4974158063267272
-0.6691096835787437
-0.5892335831015678
-0.5935799268274305
-0.5527169683676625
-0.6435645371821284
-0.6134748423708922
-0.6315488252516115
-0.7144418886955026
-0.5395844552975283
-0.5795522096216842
-0.4900452405272894
-0.5617473839850342
-0.504418631287514
-0.6847708257007499
-0.5826185081746236
-0.5955775963527062
-0.5559370358071759
-0.6369575844736398
-0.583175302678568
-0.6096262161059278
-0.46579305682651745
-0.755691689564271
-0.4810428031243432
-0.5144741179234898
-0.45726877876219824
-0.45740986387256655
-0.5575348979126774
-0.7143910153104932
-0.524862602043078
-0.5296755146306125
-0.5254575493869713
-0.6621613720481755
-0.6803346913354514
-0.6256052410630352
-0.6079228632332624
-0.6105041741436403
-0.7608064208638857
-0.7839139541024186
-0.7626520736756196
-0.440001977675155
-0.6456724310112921
-0.6083875200380711
-0.596564256720912
-0.6962403806124491
-0.5561072762123476
-0.5454442178033684
-0.5443654004562474
-0.5584192328720705
-0.6596564007339901
-0.5666542929721932
-0.5305731606092859
-0.5642644904287074
-0.8001838986323708
-0.8597924765228872
-0.45869178889013734
-0.80598782303811
-0.8312483495316094
-0.6978735991545988
-0.4906057582834852
-0.3833230772303503
-0.5552794088336362
-0.6305137577377644
-0.6561137471448879
-0.5472108833078186
-0.4963485034513098
-0.34199687497394454
-0.722758550811983
-0.6898098648668161
-0.4452012126049978
-0.6421088683447247
-0.5354728653859748
-0.6769277620545919
-0.7328900604567297
-0.6226848712453615
-0.4422273777679491
-0.898164799142515
-0.9338458527138788
-0.6510282660997444
-0.3517014882266006
-0.540268051909536
-0.5156309692440714
-0.6361014757071621
-0.622815497294781
-0.7783952090797484
-0.3656877428356617
-0.6818356606559435
-0.5976809179164918
-0.5267333301687499
-0.5657108510368464
-0.49946706212729886
-0.5530655573152058
-0.7571836595304237
-0.8113644705060178
-0.4594210453491296
-0.40821720799474037
-0.583294271599462
-0.5689977317822895
-0.6413788432907856
-0.6197808147632069
-0.5729335326412326
-0.6009390955974391
-0.7316490434051873
-0.5770085079344079
-0.5902528818044047
-0.5410241611369615
-0.6567244460565166
-0.4840519058203181
-0.5747882377141951
-0.5990875508146287
-0.5527345817531344
-0.535154906765458
-0.5668485327942537
-0.5700578317564097
-0.5574865258207642
-0.5550476061931984
-0.5839051370447091
-0.7491362372770376
-0.4508885142150352
-0.6882183575240577
-0.5725305684064832
-0.689149616131006
-0.5177257817026069
-0.7377220916788393
-0.44837372355499305
-0.5904167985069729
-0.6930238194107308
-0.5247815745203303
-0.5320101403477847
-0.7302466102694761
-0.6149958616461976
-0.7458381214200022
-0.6055632925897253
-0.7269365035424175
-0.7111017182708341
-0.5672309615561777
-0.5485437895750924
-0.5959045793846167
-0.5990245526273275
-0.702932174872196
-0.7309234750766912
-0.7606918757371257
-0.7927229244928508
-0.5139776793030206
-0.7131144146771181
-0.43650335745120544
-0.8146923752197862
-0.46109298636612545
-0.8270273616309289
-0.8513755734658044
-0.5931320746998068
-0.4000380985029625
-0.3426144576656472
-0.8164695574323318
-0.8259784895173831
-0.46366501461906245
-0.6561685854795687
-0.7338417387088513
-0.4839442666151918
-0.548326116986541
-0.600505772836523
-0.5405388827347659
-0.552765230642367
-0.6500666009419466
-0.7193874869681577
-0.7149699221773652
-0.5432858581533132
-0.5384271489806126
-0.5618671224471828
-0.5410499290465506
-0.5829698419989259
-0.5864889763095347
-0.6277963145455839
-0.8190584000432451
-0.8028341229731351
-0.6568491567220013
-0.676431536278916
-0.7829466342272566
-0.4853803892008243
-0.496678643525319
-0.48300255187054814
-0.6061039143058282
-0.5626236499736293
-0.6273475953661445
-0.4068901347375173
-0.7927258292289407
-0.7253937360633055
-0.6811816041583767
-0.48995065869297194
-0.7099187786541639
-0.6537734598773761
-0.562984615316605
-0.6156943464013234
-0.5214096634806434
-0.7709629823413222
-0.6059605880335256
-0.5349275510432995
-0.5048414994079775
-0.6444623425520856
-0.5617463144584302
-0.6517773163408946
-0.6526697210164503
-0.6210184715217502
-0.6126112329880519
-0.6671637965057479
-0.3502524592564439
-0.5803285664910468
-0.734662752769725
-0.4571396112347184
-0.733669151490355
-0.584626140361645
-0.7008189255527612
-0.4858673256099805
-0.47751569422069906
-0.4509976770366941
-0.5624335725444664
-0.5619831497370923
-0.6221519316240054
-0.6447972553855232
-0.4861774269010352
-0.4813751708145709
-0.5721087938130092
-0.6214903255015575
-0.5969123302396055
-0.5620283513106998
-0.6289198659718332
-0.6355944715583032
-0.5357513298667969
-0.7224401385429151
-0.4655945526043052
-0.7210549588470954
-0.5654127137468821
-0.8322761675661053
-0.657655825288342
-0.5746886247828696
-0.594128241958279
-0.6045100180857831
-0.5893487673361263
-0.45536397906094783
-0.5946923522864654
-0.5535422830166877
-0.5723350479021159
-0.5311071929286438
-0.5794775506567975
-0.6308177807872781
-0.7918938034700088
-0.5557929509796481
-0.6944809005289465
-0.5339834154418293
-0.6830284416889385
-0.638530835079826
-0.5393343838469769
-0.5877460307386697
-0.6089742198185529
-0.5680743722787058
-0.6086811861691206
-0.5194510924381047
-0.6169791526801206
-0.6694443062669645
-0.5132381796478033
-0.4954296050440079
-0.5047671189015601
-0.5974946999106601
-0.5812764637644952
-0.5590712316759138
-0.4887393317698641
-0.6829028912246768
-0.6636933868187437
-0.6236516374712329
-0.4366587185025807
-0.6349880540821845
-0.5986891516670569
-0.4843256242321786
-0.7167899957564301
-0.4191641674793408
-0.4239227479370675
-0.541338505920866
-0.551195052674288
-0.5333659833564923
-0.650954079279023
-0.6102996975391453
-0.7191949814820585
-0.65187109236755
-0.5742941990963742
-0.636408287075498
-0.5792780653743408
-0.5738753728242311
-0.6446812727159817
-0.5820907770996161
-0.5136699876880088
-0.5116140107325644
-0.508019023083829
-0.5661649313256524
-0.4473712276608455
-0.5360270583728326
-0.5565918505742119
-0.5824779203340711
-0.5421514155437517
-0.5704375557460968
-0.6333691081015073
-0.6066672645377675
-0.6370792269676038
-0.5327651806464552
-0.530251899272741
-0.3995728599718322
-0.5227734365045102
-0.5688640924083095
-0.5505866189042489
-0.631343329801082
-0.542950570128747
-0.6044126631859584
-0.571202449598218
-0.5324398941071776
-0.5019904373659474
-0.6553020163220444
-0.5272118269484514
-0.6060895606972099
-0.6745096084631292
-0.7972160567086347
-0.5979911836898971
-0.7014106823206274
-0.7283380984731012
-0.5032216941139394
-0.5126548010429228
-0.5698867159172242
-0.8193796458262089
-0.46148014950684335
-0.4306767769804778
-0.7322353910501462
-0.5113334355261276
-0.5867074688109092
-0.5345116366934206
-0.5569560264275498
-0.5770961971084309
-0.5751684849227925
-0.6130359877479733
-0.3634624103973716
-0.731720903480496
-0.6007730880929214
-0.7627908515689298
-0.6314747143299464
-0.6204656509629843
-0.6468021043041648
-0.5022073029816739
-0.45130682154577184
-0.4529313270739096
-0.7294756342351193
-0.4902345184833549
-0.6028227334982056
-0.5721138170833419
-0.6833939456444734
-0.5035791055628632
-0.5122508055319644
-0.6997855031422481
-0.43800253163162917
-0.42721831383816966
-0.7727950659108302
-0.6962802902796675
-0.6875427727807567
-0.6622716603139694
-0.6098921818121895
-0.5844168099166166
-0.6351576437019693
-0.4877095560301009
-0.7384751571819617
-0.4665282314466503
-0.5913205547951998
-0.823857876689004
-0.8540750341357388
-0.6565960922775854
-0.7380216256676712
-0.6117630271194451
-0.7426129406682201
-0.5927572857535337
-0.6069714911701717
-0.4403092727699657
-0.6947962392428502
-0.42254164344097844
-0.5394828913796381
-0.5141641989097746
-0.6374973470262524
-0.5188746017842136
-0.49909214266681856
-0.6922273357404662
-0.5109292809967446
-0.5755687636917165
-0.5139913785231022
-0.5772276271109036
-0.6279401967639887
-0.555567178338395
-0.6847765706176917
-0.5915856793057538
-0.6373119906146124
-0.7350077329373382
-0.6931009667163598
-0.5610422275028923
-0.6204532697688954
-0.5582240533068241
-0.7153236131875882
-0.7113940544524529
-0.408604474087403
-0.7783909154683363
-0.6959196037444484
-0.6611509137700212
-0.36379311811160386
-0.8411471478013794
-0.894484544974156
-0.8057650529751748
-0.4442081792449081
-0.6754449598324858
-0.5182560012445359
-0.6409219690930554
-0.7230411889477232
-0.5375222493871789
-0.5435419046791078
-0.7366578316085379
-0.6384152976502905
-0.6138149144761812
-0.6716799131319782
-0.5703509384945783
-0.558155443021553
-0.636523381004176
-0.6942612380312325
-0.5090674497630711
-0.7256590755327089
-0.5164339700393369
-0.6501174373784961
-0.5235411856306169
-0.729631237559689
-0.6457251535177748
-0.5496103204848412
-0.6228183582582105
-0.47508959666457623
-0.41851238206001495
-0.8667419315670833
-0.6262887273808282
-0.6035002019573406
-0.5901680181583612
-0.5489647311366322
-0.4492245578642425
-0.8654383102274102
-0.4130378468992379
-0.752788097795555
-0.44400398969761495
-0.7444117111511204
-0.5942990454030088
-0.5964872203223314
-0.6776591732151563
-0.587651683052281
-0.48707279106554563
-0.6334211187024489
-0.5857859291465236
-0.5133964541359038
-0.5379586744883743
-0.4445399037786549
-0.4842230781345206
-0.5462891639623932
-0.5707893624524659
-0.5792141051445555
-0.44412240793071833
-0.547295066076997
-0.47060349819674946
-0.7628641761429753
-0.39863295074753846
-0.7210600528966602
-0.5593786791218968
-0.683964181006475
-0.5619137330160647
-0.6252507430194983
-0.6899539855606661
-0.6967100689395281
-0.7088614246736475
-0.7301611704395856
-0.8235949663140348
-0.5816128039685466
-0.6325043280046306
-0.5609020699237731
-0.6326240759414689
-0.5780742287975076
-0.5348983827328958
-0.5662024358551947
-0.42867347039554415
-0.4354825717804417
-0.6494814489071127
-0.588926352844656
-0.6996759851446765
-0.6394500240535708
-0.5645855960231035
-0.7182933274177361
-0.7482213552192508
-0.522916567463119
-0.6668703896419145
-0.5278683178865634
-0.5237239527757098
-0.6046777117569387
-0.6180678153078584
-0.52041721629857
-0.7197450556264497
-0.7821779724549782
-0.7931907726376106
-0.7824779915868693
-0.5256242502111106
-0.8483759231309058
-0.8855678341765523
-0.35479924537261587
-0.4464555141202225
-0.8404363799790285
-0.6930580573698957
-0.5469410154096175
-0.6686373238522139
-0.6103974098634445
-0.5813078806801152
-0.5867764958769364
-0.5784016278760821
-0.606766982062386
-0.5547498036087924
-0.6175444254356192
-0.5354876197701
-0.6663745537329523
-0.5663340635002307
-0.7469510018319908
-0.6729248588371289
-0.5617782356311906
-0.5234830469348603
-0.6547664171549364
-0.6800451595637266
-0.7553391348609371
-0.7394124796894415
-0.44659198822908247
-0.7805930733500437
-0.6738701015898168
-0.5202759259639351
-0.6132366594842404
-0.5931953287369847
-0.5986137903629473
-0.6056820259751915
-0.514732951565863
-0.5390711967886663
-0.5251212267149087
-0.7231731474306947
-0.8127886853440958
-0.6363175887722374
-0.7867330465767475
-0.6996374445672344
-0.49650156515683613
-0.7166849379678119
-0.4057808715099116
-0.4251630957935367
-0.5505362011370477
-0.6731937332868264
-0.5331618272919528
-0.5340302004466894
-0.6491285117352098
-0.46324847967488025
-0.6190213007694999
-0.6396623685812093
-0.3180650724714483
-0.4529672128298065
-0.5543295608267608
-0.5674107993897606
-0.6292517042253711
-0.5751042183021265
-0.7469074447728182
-0.6653842073611511
-0.5691584684934085
-0.6302086155036228
-0.5270740733353318
-0.6408486451700048
-0.43942288643249977
-0.725477892195521
-0.678609898689651
-0.6166554370310158
-0.6158498792696119
-0.6135889812509737
-0.6137893404768239
-0.46820178859324285
-0.7067571226283913
-0.44634823652698224
-0.6033662704816377
-0.7302026052955152
-0.6138979978031588
-0.4831670972043155
-0.75340412879177
-0.9384533757126912
-0.7843328007315039
-0.7358327943043945
-0.8354565231741388
-0.8341736332320469
-0.8829037568145565
-0.6002555970572006
-0.5586121408712886
-0.5699055428474037
-0.5751874012516552
-0.6243236934365178
-0.5300713408732218
-0.6516767819075798
-0.5017153154165123
-0.6280718870613131
-0.6398783603760418
-0.7346222948965706
-0.4960917621867366
-0.7070013669338471
-0.5137204717074516
-0.5148564048528361
-0.47155047040207526
-0.6482371290622495
-0.8397117958470461
-0.4190507829442697
-0.6863825379718552
-0.6854849327684737
-0.5342447905365691
-0.6763700621533671
-0.6322236269090402
-0.5910300454961853
-0.49915952221947996
-0.6996910364625194
-0.727798692182001
-0.824577825394716
-0.4554793867429503
-0.800512287278563
-0.8284485120238743
-0.8356031666911612
-0.46839194189536176
-0.5725393963121299
-0.8060452078169489
-0.7605621032112853
-0.72623371091473
-0.5415010427196474
-0.6344373137289282
-0.5953252217720939
-0.5302743832556743
-0.5541428338743989
-0.6930704639379431
-0.6921699286717152
-0.5447718314646204
-0.7111724581936115
-0.6999548727635773
-0.7173312355282148
-0.7062302060381831
-0.6971927427777093
-0.704145820959981
-0.6684522507884018
-0.6365560401299882
-0.5504513909696245
-0.5986593979719217
-0.4404999186155234
-0.4567281141601189
-0.4528997428074058
-0.46548532715623975
-0.7965249561938681
-0.39326462436209547
-0.36346188107451405
-0.7031493967885204
-0.6366589011067978
-0.5993721476828152
-0.6246365258824279
-0.7119795594515488
-0.4584315335311619
-0.39762724201462374
-0.6337789402378525
-0.5381701248780675
-0.8190699716195702
-0.8181632840503789
-0.722217469272947
-0.722217469272947
-0.40815177386150925
-0.37639361962933293
-0.5265648041030436
-0.6463785779162049
-0.6740608607778756
-0.5562389555663144
-0.6025978984183619
-0.5331943457020027
-0.6034423555605146
-0.7175205817519412
-0.5679451847053876
-0.5858579103497819
-0.5256271554759754
-0.5911656854847235
-0.5855398745354438
-0.589608878684175
-0.43280017951676447
-0.45252617037169146
-0.6128627316734124
-0.5465060150731025
-0.5608386564688003
-0.5008495221970208
-0.6680538099170255
-0.633070996263079
-0.538442661551007
-0.5079109655902806
-0.6054167833417889
-0.49016471351607194
-0.7052297736275014
-0.5234853469157787
-0.506950628086409
-0.520304048804441
-0.3680492784038512
-0.9391693960389201
-0.8827356427910709
-0.8382621849082503
-0.7043496618359004
-0.5471324307831252
-0.6527563851162878
-0.4994495571552251
-0.5996021356125276
-0.5019583499529104
-0.4675931553542229
-0.5653985681093757
-0.5819477306713073
-0.6360376153443312
-0.5682392555564698
-0.6942579258359786
-0.5956334252420805
-0.6833268418757725
-0.8041789049138524
-0.5805211364291504
-0.6299901332695591
-0.662969555936475
-0.4633263812252686
-0.4933126184779561
-0.41887028285590383
-0.6573028007332664
-0.5632394241204531
-0.4997213374593809
-0.5039122551822446
-0.5712340396634986
-0.5590386513681274
-0.6404271419688473
-0.6734627813534982
-0.4268847125966924
-0.48730248117011565
-0.3177548782839651
-0.8578391919002996
-0.7322768036205227
-0.7443677607159008
-0.5470464089104997
-0.5679982030197844
-0.597175880911652
-0.5597292927348537
-0.49025355819144756
-0.6560558794935993
-0.5628307938262429
-0.679450018375601
-0.5232709651677808
-0.7256206208094015
-0.5608574186090447
-0.5895591036788198
-0.6057521140456493
-0.5593003815004249
-0.5195222691807307
-0.5719758081974075
-0.727773636477857
-0.6003904092080596
-0.5337546088443753
-0.6879960260849043
-0.5995641442886713
-0.6041824630775247
-0.6258762127150855
-0.5807120836190096
-0.5059204178537087
-0.4112271040683976
-0.6527150341715556
-0.4857943486322979
-0.6062783993522919
-0.5545574532785545
-0.7283082723475
-0.6096560229174838
-0.5291791773570175
-0.6372498540503589
-0.6167039719868042
-0.48588840166020925
-0.9514008067151266
-0.4502849170590281
-0.5146417439060086
-0.7185584742674371
-0.7073975486193674
-0.7806097611880349
-0.78463012417677
-0.39890032177240997
-0.30347671589805625
-0.8752532466997305
-0.80434382125736
-0.8063861010838392
-0.748806671338222
-0.48149775973850223
-0.4931902586145064
-0.49117744870706376
-0.6506007529131256
-0.6704205243447242
-0.5245954045884691
-0.6764729706704256
-0.5112805685238115
-0.7140201656014322
-0.5013321768912414
-0.5538754982181447
-0.6738882357461274
-0.5454001459222108
-0.5499007814549559
-0.6678148081014703
-0.6819942589430162
-0.9978818391546586
-0.83409021339264
-0.3581804305901922
-0.3442241947249354
-0.365543846395938
-0.6547053572131036
-0.5022277268157473
-0.4834417100649166
-0.7403289170624556
-0.7336542883511565
-0.6123828257579297
-0.5748789111005279
-0.6371829687970876
-0.5352843915674903
-0.6757269821929849
-0.6577675868750515
-0.5842185800893197
-0.5566086691402709
-0.6884086328228057
-0.7232292429065027
-0.7973617401835911
-0.5890174366752582
-0.5864045769063135
-0.6972552443403353
-0.5325840319218443
-0.7438052166623105
-0.35967960792294246
-0.4296337134970281
-0.6550560647688622
-0.6520961833997619
-0.7229842362463255
-0.41499363401715245
-0.7239889135768108
-0.7122719257513476
-0.5468541428743371
-0.5736658262022191
-0.584707100182253
-0.5774481810534585
-0.679923215711291
-0.6313152299375494
-0.5489235918291002
-0.5895940504889441
-0.5612755774870091
-0.5808861729426774
-0.57230017395518
-0.5738037672175118
-0.7171035570812351
-0.5067757599306298
-0.601455574907836
-0.5469766549016898
-0.7077222123332502
-0.6429059629639813
-0.5138830759254098
-0.5161455773666798
-0.7415999620553416
-0.7122923826439518
-0.6635917325606082
-0.7061938215485402
-0.3389169137428724
-0.9035628416641804
-0.8746189733524075
-0.48175465459802164
-0.5625165535228925
-0.6640401514481039
-0.5963525493358941
-0.571555350063553
-0.6248435203266299
-0.7018357371966781
-0.41147276664562554
-0.7700200024827702
-0.7497826806587893
-0.7453825381094367
-0.7384661149136901
-0.7074254040865735
-0.715154348719267
-0.7592129912906211
-0.41433608462859955
-0.4119893352093233
-0.8591062285669986
-0.8741820136505689
-0.8530103328776765
-0.7584075068925088
-0.4673479423645947
-0.6752460013949612
-0.6688254824341369
-0.5798973248658063
-0.5838170492614242
-0.642830794887904
-0.6295101912578965
-0.542755875283699
-0.6630566501006897
-0.5910273582079812
-0.504882022822073
-0.6597134295833778
-0.6532831268349515
-0.6201290329627758
-0.7089804919091758
-0.5688856524095807
-0.5667739042407989
-0.6557194984960821
-0.615353047126841
-0.6702422953361257
-0.552003726035602
-0.7079318529547645
-0.5196691444887783
-0.5146854589706833
-0.6979805050946052
-0.6214675736394327
-0.7087593713512426
-0.5775041409261591
-0.5532272642021308
-0.6419041644553343
-0.6300637789369756
-0.4757995571230025
-0.5394020006455412
-0.7238311358644423
-0.4840717844223719
-0.7476206856903325
-0.43816919297336904
-0.5284175615750026
-0.5538319769921715
-0.50938109855232
-0.5514463770606544
-0.44015740527059444
-0.7353199249967283
-0.7801295057739365
-0.8769656124435975
-0.7584043226607604
-0.8769096559698439
-0.36443417423934593
-0.44066542211820625
-0.7201479510956302
-0.5018605779085942
-0.5272791062551816
-0.8539373496062888
-0.4219937077287396
-0.4200871130057458
-0.632291649837594
-0.5138312316006612
-0.6675536934679096
-0.6241204160383365
-0.6251130066278182
-0.6652679830742405
-0.7944673482199794
-0.5409422821556416
-0.5390143151984272
-0.5645596980533599
-0.5970457792025708
-0.6604319247600706
-0.6792866230250807
-0.6946868951263729
-0.40206476567591404
-0.5470005661015209
-0.41583180358186683
-0.6976797200458876
-0.8079341658345857
-0.9419405885915912
-0.4809740977117412
-0.7285938117797888
-0.7187135733036801
-0.6635694914898548
-0.46501293098596164
-0.8244407705227291
-0.7693293190450029
-0.44289106728124666
-0.7918186645679381
-0.6978675835021362
-0.5319455763801627
-0.6250260734511205
-0.6606513909503325
-0.5855947901189844
-0.5757578476508991
-0.5761543501005508
-0.569287473915827
-0.5703553521678096
-0.5692508550175459
-0.5630510393398522
-0.6180909450384413
-0.6146668056429405
-0.6147206720010374
-0.6958208657224535
-0.5152667429129595
-0.7084231117252496
-0.6662538292308532
-0.475312332724816
-0.4889846595599602
-0.5088868554642155
-0.7029535064923104
-0.5386252473554586
-0.5082996474661637
-0.6944154567392664
-0.7648923988134678
-0.4151579974406284
-0.6750330470006848
-0.489618075818189
-0.5569801554026278
-0.49592306158049004
-0.4111885967907273
-0.7541541582866558
-0.463488744524191
-0.6520438083920042
-0.6405407580567641
-0.4992676318120211
-0.5211057096826798
-0.46640495533556997
-0.8794677238684386
-0.6660896930818084
-0.8409279593424029
-0.6801976957731986
-0.5946845001647971
-0.6681810421731988
-0.5388489890719825
-0.6254791399554178
-0.6570691995697718
-0.5580344887130925
-0.5646353001606901
-0.5605855688979052
-0.4649857478307002
-0.6455341937066711
-0.5496573767444131
-0.6839234619276044
-0.44877755519521445
-0.4071240116077588
-0.47069228345750497
-0.731175274698366
-0.7522664572011178
-0.4880507356688032
-0.6378934738128891
-0.7421121174271116
-0.6078410685005046
-0.558723394182721
-0.715151324735562
-0.5068493271755399
-0.6068107484184926
-0.6346504178906708
-0.6036127991959802
-0.754368129940924
-0.7556843640760931
-0.5694474631597272
-0.5569401670569432
-0.5590350564412304
-0.7419639766758299
-0.7137744258457065
-0.569744438800751
-0.435094241553351
-0.45557996289901004
-0.6005573612612964
-0.6121071538320314
-0.7175503884749987
-0.5857364555337841
-0.5677121882630415
-0.5121102401697356
-0.5517854163455518
-0.6045482458372198
-0.64891552417621
-0.4565692846316011
-0.6007563374521743
-0.7335981988353639
-0.6415300843551364
-0.7002610194634049
-0.7752630545191813
-0.7239875396133465
-0.6164271403999532
-0.6165720099284158
-0.6252678881095927
-0.5941639593847485
-0.6082823341674286
-0.6638214611321233
-0.50944409056486
