0
5.691665431113233
5.811960336153156
5.840672774454432
5.811276867534486
5.6784288895944846
5.649510049232847
5.661727078803602
5.828496196867962
5.76201235171502
5.7833726440329265
5.703444113578643
5.675345358152016
5.638772587065974
5.641455057854891
5.698356010200802
5.720854985263104
5.6446610730676055
5.676996448751099
5.652606404449735
5.510655428056613
5.888537016872608
5.701754618176537
5.636424789878358
5.709153914799079
5.735281978569369
5.739939863240326
5.763872539587561
5.782029338549934
5.725116397887578
5.8833208675986635
5.884145231154029
5.800094428961275
5.767513995431459
5.7090845596357145
5.763036025891635
5.687251974294649
5.718674780808702
5.822671446562909
5.676374853435298
5.875585450408523
5.867671020419966
5.896512012522568
5.8944123641020205
5.893021154273981
5.60180751560597
5.7523323155812776
5.677778439931531
5.690688725556746
5.615136926664288
5.851343928402005
5.787929879773129
5.601257055066487
5.599593495858035
5.840942341932928
5.632506597278378
5.675497120420609
5.937653610537077
5.979115141369384
5.964087325697761
5.818107107737186
5.657584707508311
5.825359578139152
5.613776715198167
5.777178819130072
5.733160084304291
5.593849771974367
5.5782692051652445
5.582190159068936
5.692310548035889
5.778702196260595
5.623739138278356
5.774084763738724
5.7790087986756244
5.813083254460004
5.673541492647976
5.83224122051047
5.699549780276731
5.705064701825286
5.806889079636913
5.81831114626615
5.566859111689145
5.573094963238639
5.377759530270243
5.295027169172184
5.631578472846941
5.638512241688241
5.869545417534718
5.561509903251687
5.805496350379457
5.687061652954781
5.658619470816393
5.683274832974103
5.703578237586604
5.678197495245259
5.80729144931426
5.776330522418695
5.760483814159773
5.7274545822426495
5.888645706173021
5.861138533203229
5.80123096883318
5.731690166561909
5.75464581777825
5.735397954806175
5.558507789038791
5.829247346428433
5.693084160056896
5.542627735241371
5.575936835715782
5.654988437329573
5.882245110061042
5.824176231401457
5.713738179603835
5.7001469681456465
5.710556522226214
5.6062476807996635
5.596106787496475
5.897481063905393
5.54058293227106
5.71848747737577
5.654527269266585
5.639373208276505
5.645599509963564
5.637424588234086
5.697254553336584
5.622372628906473
5.8203511075929235
5.832927549912329
5.630371176528266
5.669525702090019
5.740736367472599
5.883846379598418
5.880301863390578
5.837734718550496
5.938078273910802
5.543664358460334
5.9883093525181526
5.966972371064621
5.954039081273263
5.5485587506980725
5.708149478270962
5.855900311600073
5.792656775324803
5.673158663228989
5.866182975153699
5.626228821390086
5.827110882046603
5.64230488654242
5.798212154233146
5.630935187397099
5.645912151349938
5.732590396256057
5.744541107993817
5.71368838749536
5.792093673699154
5.717643899630216
5.785911335659504
5.612522921713129
5.931171081666794
5.819437993521278
5.700090820588497
5.67243341880934
5.747885663384962
5.726810176494167
5.826983621442642
5.739740410029303
5.809346266773787
5.9261236217401505
5.520764387933226
5.849355591460194
5.753384216656998
5.661635126421137
5.648612780736446
5.695655061814974
5.78419306960209
5.746545257157937
5.659554786694436
5.744577390986588
5.782073093656137
5.851703918363049
5.906357566261137
5.685149384066249
5.841779413552188
5.914833511455671
5.881593150672218
5.596012338041447
5.68680523239505
5.781015217981403
5.763807245001781
5.74177803940131
5.716176781272925
5.811959237354384
5.679786857919882
5.787922708573638
5.8881732944280705
5.64277331490249
5.951048786294256
5.998167556553015
5.827800558863456
5.803316526855314
5.804647056144672
5.854262519403256
5.876936157940244
5.886995304701219
5.7673012679284135
5.736903067942318
5.802002230959448
5.6764846646120395
5.653760284330063
5.679765718848008
5.638963842076867
5.96139934469095
5.597127036620029
5.88206292262946
5.791838278069285
5.822116106505218
5.641433215140743
5.64770644920487
5.640724033212999
5.52202238242812
5.90280298141944
5.849321641616915
5.6028760942346105
5.614586602668233
5.487120491113097
5.623080488947966
5.772472533883227
5.843741297396403
5.83615009483731
5.832732815844335
5.848572036798876
5.828684959770561
5.622315696667191
5.809113022847169
5.629121084361653
5.8454867721090285
5.76325070301549
5.766803665056354
5.744061878578361
5.786961806308421
5.8191496285028155
5.803156471573239
5.715559800273459
5.659555725911204
5.829867666515719
5.71502687933013
5.706237091186714
5.712390946431672
5.862268698638317
5.668195518778501
5.826051471252545
5.783558701785849
5.736232023199403
5.783018954109703
5.74815026732774
5.651056181888313
5.72189212037134
5.799032027320893
5.587981411487802
5.720640790338702
5.859593998458441
5.610262461977047
5.597813584024863
5.643424950073358
5.65199272450782
5.736053191282313
5.75781897541519
5.893376026873888
5.568265427896239
5.826470212049231
5.797221276806583
5.523229185744253
5.9993510151428575
5.713449961407818
5.863860113540984
5.8715043471695205
5.6351484942743255
5.842830439146407
5.724506204467942
5.727467902638183
5.7971221298786615
6.023330366399815
5.492123096054896
5.845225000010843
5.737472910227706
5.717175834688317
5.727778281020041
5.681994197618135
5.649325236689971
5.669731257945055
5.744394566039292
5.7013466621563005
5.781871435039733
5.707114079440287
5.717371637971136
5.852287960054383
5.683055678538615
5.764188160750786
5.7994006440641375
5.781836141737014
5.791279582917589
5.739992902583581
5.814907121643312
5.630385156653826
5.765997426046939
5.7576568207625005
5.732350800380599
5.62950539796742
5.863845033699227
5.752595368727155
5.796920104591225
5.660418061109231
5.769354410841363
5.595155560805071
5.7770518144094805
5.849802728372005
5.474212224541925
5.686640249643138
5.724563097646931
5.818211530838832
5.689047424115976
5.773286443238889
5.764225700956084
5.667647460273616
5.725878800183534
5.686528663423301
5.500729109272581
5.613028943843784
5.5895780252574925
5.5906107694808895
5.7893109326193715
5.873556903745975
5.770548360526243
5.941466767400936
5.5603256263764615
5.494139893015854
5.587909299902958
5.600231748234796
5.626180099856854
5.703521452004688
5.707696979027178
5.784858745378923
5.704573516838081
5.601534404862542
5.959127639210509
5.86458135241493
5.670857593042722
5.886020826572704
5.600498474983957
5.925824684479445
5.789310386257332
5.827303311226959
5.687585304008811
5.725643307159877
5.770213080816818
5.736479801452056
5.831684368068949
5.822969908764286
5.822154616757161
5.79293881631194
5.6288465812469735
5.664939984259285
5.736843623857726
5.749044189937928
5.670209303894985
5.691142384352268
5.820994320528508
5.818974956796475
5.6837762110900805
5.764467165036334
5.793035661603971
5.742392979527674
5.818276304888511
5.812887547663119
5.787268647585745
5.671189058291515
5.837554461400291
5.756575876689949
5.7633512582515065
5.65583570560733
5.722991955126097
5.803400384860124
5.733210488115651
5.790414386628908
5.699020028700994
5.766702171004534
5.727494903232151
5.566111204723561
5.648987462744713
5.809803958284947
5.6800680158194155
5.779477856706771
5.725796411273887
5.74461121423609
5.808092675872324
5.791882180715879
5.759559780335616
5.700576524477469
5.800893212804033
5.657347690804472
5.766235392273478
5.705204170879091
5.7572077245306374
5.774146012116812
5.739541692504809
5.757599265756855
5.682386112645811
5.725432991506743
5.785916428931384
5.730510447480735
5.744328989874235
5.818257681474156
5.764557985071856
5.601778423659099
5.639871039219674
5.72350631777682
5.762656403287079
5.781285941251384
5.787066222244082
5.785860201802214
5.770123841156146
5.731198368039706
5.719641585173231
5.791823396309943
5.61829779423756
5.884180801783862
5.563563021538382
5.967037000186983
5.636603801632507
5.577274913159644
5.6161422287614275
5.824596348398172
5.8439629180631725
5.896605680550165
5.693769146629149
5.740196142611093
5.750979293585132
5.718039251443483
5.690885185248335
5.80597283630642
5.76215781965734
5.773720265204727
5.713039911638279
5.825444891635104
5.70041158132958
5.7483016018174204
5.826745899781089
5.786693549690183
5.681783465670162
5.785278239922826
5.866308222879217
5.6196692810379885
5.755120724389469
5.594294955812868
5.723239993724471
5.819371646166467
5.647997388970566
5.607465592233365
5.905447530212047
5.859839023859805
5.636319293568453
5.646321747262883
5.765888935027878
5.6987875192802075
5.9146170302868954
5.892142326837991
5.672158545279562
5.9006191816612095
5.884285055129189
5.798246525973279
5.759520204116271
5.725062829597452
5.743924472127471
5.6668323122026205
5.644045892993407
5.8645013855271495
5.710162447863125
5.692441936419445
5.675108165950941
5.78684050360838
5.726562806593244
5.79209391227637
5.7342380236269195
5.648119845442996
5.632929151026664
5.857126169926117
5.756195506337783
5.569862997680001
5.762782760589908
5.745611714020638
5.794893403603701
5.792615773297603
5.7636165503995835
5.871916078430915
5.8747531198050496
5.7252106219356245
5.570698025256451
5.569065145887183
5.742328146405938
5.574457574626954
5.862402370050858
5.709567209608894
5.650942584284192
5.700086966771613
5.857449239267138
5.783541480002403
5.717095615009626
5.78264145477092
5.7327351503142365
5.6154905118466765
5.593054778342969
5.948636682665745
5.700630976874366
5.731197947083042
5.763694776462605
5.7680403634560165
5.699082261834646
5.8282362265817484
5.746285595327252
5.7188065037939895
5.709408943212889
5.857769851127444
5.598226805683328
5.8144483223165135
5.664560649531973
5.584582053170596
5.6433861372153595
5.760776571974349
5.7385894521287035
5.855102508472521
5.925570704955713
5.815133719441663
5.6839927144764175
5.8277346460892785
5.6731555605979285
5.745765285219859
5.720563571004845
5.849788359511723
5.846292561092346
5.828310130086867
5.674042535023345
5.645899412597136
5.825267711518142
5.858002664567477
5.678747618868696
5.654683235700327
5.6882084737854415
5.610561925525222
5.83503762560549
5.840534741770059
5.615431930033237
5.83210366835267
5.693122438625599
5.83422108284994
5.701510448348495
5.689969016028556
5.735881570827255
5.62201290678966
5.748563684502823
5.555923705456317
5.822683490377894
5.677060408724755
5.968980005275576
5.583209790995091
5.806212160148629
5.706492222055911
5.790033651198481
5.779743293584406
5.604782966591051
5.886516306239188
5.860443386003981
5.783702045687109
5.838722460224251
5.565932281096301
5.916254423051507
5.804976756693172
5.782843132262938
5.79421546196975
5.852438921559465
5.853369949549738
5.610744789454886
5.870771622583307
5.791577594594988
5.668139153196603
5.7878085416741945
5.704449522198791
5.652372378502557
5.661368244453622
5.872179086713356
5.920265993431855
5.670685475250366
5.645884120314381
5.814049528537808
5.685006495224366
5.682168022556913
5.847397938586038
5.627875412422934
5.673430154478097
5.917714892315734
5.532144691572827
5.86008431778087
5.63292357825339
5.764272279727967
5.940652873532042
5.622795626988281
5.796145846269553
5.762731019084477
5.875520891208464
5.891413498255593
5.771609947052345
5.68493324103353
5.79145729157782
5.816843860275379
5.771279848891205
5.6850498091955695
5.672571097609475
5.619493533010442
5.8017099048607506
5.741014473736783
5.7313759213352515
5.731559922978309
5.769816715054732
5.762961809274047
5.730590360988656
5.804525807563725
5.718946983969042
5.758713442568097
5.769502583625966
5.6889499800591485
5.543642871540273
5.729697186766155
5.692996470561306
5.746024591334111
5.782813069401461
5.66193462680374
5.697744608310286
5.726851445109918
5.764673357378501
5.740873130841455
5.732292779099367
5.70967490139114
5.667913148005298
5.78559764387758
5.615147578377289
5.614512398398826
5.687102376524366
5.630571576601185
5.727785174881283
5.647223528600595
5.705617853256752
5.755662936980396
5.612566833880386
5.6307421794125965
5.3981630765955355
5.456055891434238
5.899482469430201
5.548777245419365
5.722475464358199
5.647533915965241
5.614122181052375
5.904323965580989
5.653641758481613
5.943575108604949
5.5936398250264725
5.89507912971257
5.837848647760982
5.739165652827743
5.652023637539072
5.706014319877198
5.74686820426365
5.81950373406555
5.848255806228148
5.66812308553742
5.757037712177294
5.712547890965866
5.75878690491898
5.617727913766639
5.6026197199052135
5.962050565492948
5.752942007539537
5.636964818974507
5.841484791502692
5.728825293200659
5.7256022065192615
5.850445328913714
5.604607180348881
5.631309339019587
5.693318459488084
5.501914780132423
5.782744198919255
5.739481519866407
5.758562137635102
5.830457627449017
5.582606072539523
5.895097085239527
5.682267288041399
5.717796049650938
5.791132562182584
5.840071439679112
5.769646122893284
5.754327102282525
5.697951284545924
5.8234942819855755
5.760047057260642
5.639930451695261
5.819778604185613
5.77037659093717
5.685990685397734
5.662330924800847
5.9075490181700685
5.899468232532716
5.629513417363265
5.658622400463658
5.84775895892292
5.669063118755738
5.85658042763842
5.738606609061557
5.748835720579034
5.766271939231802
5.761710762691231
5.601910883221154
5.822213244110067
5.851435970578371
5.840121439087306
5.7909023209425525
5.701141017372623
5.809757195348388
5.6712483632122455
5.6566842390892065
5.850834395766821
5.6623782686597846
5.79034840060436
5.588031164098384
5.626360258452119
5.606253492737572
5.807086155031861
5.6835780443615525
5.797280750145876
5.839059481594252
5.770431159495594
5.831795097077573
5.621040755130236
5.75207131329198
5.687008425605304
5.790196237905564
5.769048012240713
5.769165946197761
5.7291489895917005
5.732202050617169
5.589359743175208
5.511579313131542
5.853161167184047
5.638518738049573
5.87986432901556
5.829387511787899
5.866448529038528
5.5856526108597215
5.772321642726509
5.761509585176712
5.796996109486869
5.84077606609942
5.826336087925001
5.648685602174264
5.826970138837043
5.669337815419952
5.68200540800034
5.699420384550108
5.744589962539716
5.740782422630402
5.749118973850398
5.710135243553354
5.720524819110956
5.732597815936729
5.70074509752881
5.677160286600182
5.782326400095437
5.81179461190456
5.656075718914109
5.524647728537165
5.615645142901924
5.824441509977188
5.69172297976844
5.557486669699651
5.574345267266693
5.715264636659407
5.563546918309316
5.761756530344887
5.882408731558826
5.683187289324035
5.762438862024928
5.728895823824217
5.906303993905693
5.839562507061887
5.672857485179893
5.835593430363749
5.709162942258505
5.726464142241393
5.6838589864652755
5.763695876508598
5.9522921909925035
5.571947507254783
5.9334618921678794
5.893313674846561
5.612096031584216
5.7116601534712546
5.803907869773504
5.62309664406575
5.917918328708698
5.599131700745614
5.736959275416348
5.686440126518063
5.669865027660764
5.7789436438212665
5.891309713379926
5.550699322116107
5.915931251437744
5.6131961739944005
5.638531913619028
5.590979999757825
5.592746298953869
5.765879755447024
5.655332844955159
5.4596107061524055
5.452287230461598
5.64646455036678
5.760778256303665
5.729908151341991
5.892727993536419
5.555470827158036
5.537324224421396
5.57819997498382
5.721609621168126
5.763693055808646
5.638848118922617
5.584501157340319
5.6874830581052205
5.67578443395781
5.582350353749869
5.652232267745046
5.649913045047929
5.708909060095498
5.645118759536846
5.732483073935417
5.717371010498846
5.678434156132561
5.661592016897038
5.676259630786873
5.855657174413155
5.901552675189611
5.818457103017147
5.747411595602664
5.702263892310706
5.680447623867584
5.816236998796459
5.833077244134867
5.587338255589109
5.778169336072016
5.7919914170077265
5.661986283114953
5.754815433765886
5.885384052887454
5.813543215771119
5.667055630204122
5.745759721636763
5.813408295281423
5.7012124590972775
5.705162676552719
5.618908002487283
5.841267980203506
5.780974473453895
5.829956425161739
5.847736025735738
5.658533981814254
5.821411951031985
5.66341143112199
5.854737844423423
5.659319539270492
5.839319371416501
5.638961840200613
5.722833800247298
5.580202916422894
5.893732156030838
5.703704078515946
5.748472961785464
5.72079868742295
5.778924389375899
5.629572387913122
5.77716325313325
5.653346233145878
5.814677686840187
5.755186624469744
5.811534079025135
5.794903845875327
5.810319131659977
5.819517498714759
5.833650002969082
5.574486239301577
5.758429000903624
5.740088932646989
5.666779860096061
5.700010913721469
5.855068344611037
5.7401343551011825
5.844266239416466
5.327243079459181
5.858294982218061
5.879823032112814
5.674508774976068
5.824737831341864
5.829901616715722
5.857412470258078
5.602589897193647
5.697031828513968
5.686340837663588
5.654912152551226
5.870522367791561
5.8121556157239285
5.717416508005401
5.777399790254637
5.826811794845093
5.780055905443063
5.865868794998504
5.836856004933579
5.701904121870812
5.793171956152098
5.7461609383733965
5.614393064989837
5.940776258243198
5.507478625778077
5.52258892454269
5.836705923483732
5.682593859643366
5.754290479773793
5.750389210768323
5.787067716511509
5.705523129430361
5.732531576335429
5.716308407238522
5.641903767481699
5.798855432678454
5.762980460288382
5.843321727874679
5.778962034407967
5.83042020249768
5.668536451346989
5.760228157143346
5.7485961067954925
5.784177390736641
5.711453516313676
5.759728379565303
5.735986095192693
5.865090437059781
5.604878032804166
5.851402296791679
5.821394418799437
5.872741811158073
5.87261517345914
5.782743153064614
5.641949431325301
5.812069737258856
5.807749677022465
5.8115357137717565
5.688830649488876
5.672518316241948
5.721643355930757
5.737515021155904
5.735198041900854
5.6002870607253215
5.579545787392534
5.598630406635487
5.88824045557123
5.703631088353719
5.73709794618321
5.747710482519966
5.658241402932549
5.784024583306289
5.793595722152703
5.794564066339069
5.7819493758612595
5.6910791064826185
5.774557603200569
5.806943951876144
5.776702684947468
5.564941919332645
5.511437384934993
5.871464520254096
5.559732328968342
5.537058533408974
5.656775429397199
5.84281860831323
5.939115317642929
5.784767675327748
5.717237481666371
5.694258984908258
5.792009966904094
5.837663932304466
5.97620963004564
5.634438749022406
5.664013420368342
5.883573633211264
-0.5763555724561836
-0.48063932002664417
-0.6076089383661958
-0.657840579948526
-0.5589206334302668
-0.3969423660605906
-0.8061908384854506
-0.8382180772774906
-0.5843616051595021
-0.3156865176197958
-0.48494346938521915
-0.46282927569730264
-0.5709633494340705
-0.559037883098045
-0.6986859058384081
-0.3282405504000995
-0.6120142578492157
-0.5364771374049299
-0.47279473155972324
-0.5077808724781103
-0.44832058659691393
-0.4964304833757129
-0.6796464634854327
-0.7282790456929936
-0.412375365992391
-0.3664149090586322
-0.5235637138679655
-0.5107311697361417
-0.5757003035000717
-0.5563139584274248
-0.514263936325984
-0.5394016708525168
-0.6567266456479246
-0.5179216255958696
-0.5298097477819778
-0.4856221514407025
-0.5894744843325653
-0.4344839746517856
-0.5159287157064968
-0.5377397281418113
-0.4961334004059068
-0.48035392103625524
-0.5088020532355944
-0.5116827132477894
-0.5003987354268026
-0.4982095662883292
-0.5241120254094284
-0.672423114162126
-0.40471658395599175
-0.617743353160918
-0.5139022364746846
-0.6185792489318269
-0.4647095749631264
-0.6621778010311821
-0.4024593131380191
-0.529956879070146
-0.6220567256638546
-0.47104283978638684
-0.47753118530053573
-0.6554678246089813
-0.552018994553091
-0.6694627322915117
-0.5435523403667221
-0.6524966797586026
-0.6382834097356375
-0.5091453204895892
-0.49237175414326156
-0.5348826996672077
-0.5376831811011212
-0.6309504447286818
-0.6560753770392157
-0.6827954309889125
-0.7115464331197017
-0.46134528611642867
-0.6400900018053198
-0.39180449743885326
-0.7312661659788855
-0.4138760967398852
-0.7423380238907072
-0.7641929277274194
-0.5323941052815386
-0.3590733575465534
-0.3075300180617281
-0.7328613610026066
-0.7413965584831441
-0.41618474390110016
-0.588975545045434
-0.658694804350082
-0.4343873579271962
-0.492176371684667
-0.5390127212518518
-0.48518656656547865
-0.49616091078455077
-0.5834984165323733
-0.6457206983267392
-0.641755501442879
-0.48765224593533574
-0.48329107878022554
-0.504330749763916
-0.48564528066226337
-0.5232725065394936
-0.5264312741101235
-0.5635086542077581
-0.7351851006962482
-0.7206222236524586
-0.5895864243641399
-0.6071635271515142
-0.7027712554974869
-0.43567641854567546
-0.4458177079125959
-0.4335420767490391
-0.544037601284345
-0.5050098072837226
-0.5631058848141433
-0.3652237308884415
-0.7115490404047191
-0.651111894907581
-0.6114271781098476
-0.4397786828489488
-0.6372216056186741
-0.5868256853322131
-0.5053338090179206
-0.5526459530031904
-0.4680162195147187
-0.69201475471805
-0.5439089519231642
-0.4801498470172596
-0.45314467021924504
-0.5784680459648287
-0.5042223127667845
-0.5850339510837215
-0.5858349716473658
-0.5574248765360835
-0.5498785568748139
-0.5988448233838666
-0.3143858722576578
-0.5209017031875909
-0.659431744847835
-0.4103275555199673
-0.658539890425016
-0.5247591964733426
-0.6290535965752132
-0.43611349164446706
-0.42861708483930794
-0.4048145682755829
-0.5048391941822735
-0.5044348956158005
-0.5584422679447643
-0.5787686630211489
-0.4363918379124231
-0.432081342929025
-0.5135236524848763
-0.5578484116779492
-0.5357872547194026
-0.5044754684533936
-0.5645171516096539
-0.5705082635742433
-0.4808892691601402
-0.6484607519728041
-0.4179166931466033
-0.6472174175852929
-0.5075132650724209
-0.7470493410810125
-0.5903104883761107
-0.5158393033484241
-0.5332882629218137
-0.5426069233827797
-0.5289982165329641
-0.40873375180779714
-0.5337946071683408
-0.49685839136472804
-0.5137267376803569
-0.47672070159237834
-0.5201378331610291
-0.5662207159643227
-0.7108022158299026
-0.4988785862041869
-0.6233645986171892
-0.47930239288309634
-0.6130848956008152
-0.5731439373078105
-0.48410541089201137
-0.5275596035271901
-0.546613981487869
-0.509902364183833
-0.5463509550992086
-0.4662582102579263
-0.5537991924222634
-0.6008918041588032
-0.46068151277809627
-0.4446965735934708
-0.4530779064328076
-0.5363099885137621
-0.5217525337906261
-0.501821164076128
-0.43869139834531135
-0.6129722017676212
-0.5957297909331125
-0.5597884007653914
-0.39194394919246883
-0.569963944520534
-0.5373821259031804
-0.4347296637237437
-0.6433891956671599
-0.3762408769146225
-0.3805121687453396
-0.48590430665893336
-0.4947515223361664
-0.47874818713927203
-0.584295015224939
-0.547803727507729
-0.6455479058064806
-0.5851181242484139
-0.5154852676801152
-0.5712387426742995
-0.5199587755902105
-0.515109330097345
-0.5786645572204131
-0.5224834597310078
-0.4610691027686307
-0.4592236621688668
-0.4559968088011487
-0.5081884539922398
-0.40155947492764543
-0.4811367624884108
-0.49959567680339767
-0.522830958685651
-0.48663397263015923
-0.5120235527039015
-0.5685107820064041
-0.544543263270076
-0.571840976913168
-0.4782089078878121
-0.4759529918020794
-0.35865576041753455
-0.46924033931841697
-0.5106112153145629
-0.494205393461266
-0.5666924476559992
-0.48735129210824607
-0.5425195378290425
-0.512710119820073
-0.4779169313729247
-0.4505855629146249
-0.5881977143885466
-0.4732242292648308
-0.544024717515377
-0.6054384087781413
-0.7155794591656202
-0.5367556313118986
-0.6295847562079677
-0.6537547484264725
-0.4516907363872462
-0.46015787336685227
-0.5115291200297042
-0.7354734502367498
-0.4142236135623481
-0.38657457103817106
-0.657252950063311
-0.45897181845248924
-0.5266273925207471
-0.47977652316980196
-0.49992256028495796
-0.5180003352144152
-0.5162700248028047
-0.5502598158557699
-0.326243096674406
-0.6567911471006892
-0.5392526628649073
-0.6846794672898434
-0.5668103781333349
-0.5569286659628915
-0.5805682112023952
-0.4507802210361057
-0.4050920557380447
-0.40655020849030576
-0.6547757981388016
-0.4400334748009821
-0.5410924202785372
-0.5135281613617833
-0.61341297118412
-0.45201154815360284
-0.4597952478441923
-0.6281259987886638
-0.39315015303647344
-0.3834702617808607
-0.6936592290845441
-0.6249797270805634
-0.6171369497133661
-0.5944536522065946
-0.5474379422465785
-0.5245713019052644
-0.5701161678072885
-0.4377670738027727
-0.6628537510461195
-0.4187547613157243
-0.5307680888174973
-0.7394931008595029
-0.7666159579586539
-0.589359274250008
-0.6624466621108434
-0.5491172090675148
-0.6665678168182837
-0.5320576955100363
-0.5448163364567581
-0.3952206790404538
-0.6236476459849012
-0.37927249224855303
-0.48423871094161464
-0.4615127057239511
-0.5722162806001878
-0.46574075345703275
-0.44798405967613314
-0.6213418035932239
-0.4586090501952251
-0.516629314185616
-0.46135758250761943
-0.5181183065087666
-0.563637802584993
-0.49867593315528913
-0.6146540124579863
-0.5310060640216809
-0.5720499050741581
-0.65974139832218
-0.622125972923457
-0.5035903257933543
-0.5569175526290651
-0.5010607385502387
-0.6420729737512668
-0.6385458100786523
-0.3667625182905446
-0.6986820519018168
-0.6246559756036225
-0.5934476724611649
-0.3265399392245539
-0.7550119143202346
-0.8028874500686906
-0.7232530202703428
-0.3987203293086574
-0.6062779782039971
-0.46518549891104466
-0.5752902141791564
-0.6490002535545704
-0.4824788428045204
-0.48788207275945394
-0.6612225234259341
-0.5730402311535696
-0.5509589788520622
-0.602898480188358
-0.511945805240746
-0.5009991541021905
-0.5713420507431017
-0.6231674300203071
-0.4569378743878157
-0.6513500630583768
-0.4635500475256549
-0.5835440472111159
-0.46992946932252455
-0.6549154673563279
-0.5796015424370236
-0.493329070049231
-0.5590404510928142
-0.4264394247652487
-0.37565583569031646
-0.777985738505536
-0.5621554471330601
-0.5417005145454679
-0.5297335743514157
-0.4927495904053542
-0.40322302022812206
-0.7768156107273132
-0.3707419044209118
-0.6757010164983858
-0.39853704919959576
-0.6681823894281619
-0.5334415757352912
-0.5354056769499521
-0.6082654514887051
-0.527474917241921
-0.4371955149071412
-0.5685574666126404
-0.5258002204522827
-0.4608235796264012
-0.4828705770593084
-0.3990180845538673
-0.4346376185617275
-0.49034800692570407
-0.5123393336651053
-0.5199013650222061
-0.3986433411570725
-0.49125090255240966
-0.422412712196733
-0.6847452832736003
-0.3578120998706539
-0.64722198999349
-0.502097128258318
-0.6139248132481432
-0.5043725873127101
-0.561223754549033
-0.619301249243539
-0.6253654955035599
-0.6362725269051216
-0.6553911339970077
-0.7392571130587727
-0.5220544320518132
-0.5677345572065989
-0.503464520644524
-0.567842042703357
-0.5188782144056671
-0.48012366560306474
-0.5082221179792359
-0.38477640725242374
-0.39088824236337866
-0.5829731852941256
-0.5286190581720576
-0.6280276956639191
-0.5739689994012898
-0.5067708459396562
-0.6447385830108937
-0.6716019179473706
-0.469368813366436
-0.5985814619987432
-0.47381349415292257
-0.4700935207283365
-0.5427574448700243
-0.554776373711846
-0.4671254010072107
-0.6460416512038947
-0.702081306304091
-0.7119663726324369
-0.702350602847144
-0.47179922371767663
-0.7615004478830035
-0.7948838291727087
-0.31846705793194635
-0.4007375323756414
-0.7543739306147759
-0.6220874575841364
-0.49093310741651314
-0.6001674584371584
-0.5478914338849242
-0.5217807335481434
-0.526689351070327
-0.5191720871313933
-0.544632769510869
-0.49794225931364644
-0.5543065800611059
-0.48065256353086583
-0.5981364007276055
-0.5083402666771372
-0.6704616514134053
-0.6040159408401922
-0.5042509651444526
-0.46987728415124497
-0.5877169617003595
-0.6104071078270576
-0.6779908220137113
-0.6636950897614174
-0.4008600312492985
-0.7006587041941644
-0.6048643887509645
-0.46699857909940734
-0.5504399383850386
-0.5324508819725409
-0.537314481754793
-0.5436589152042982
-0.4620232169142587
-0.4838691747408948
-0.47134771088331917
-0.6491186992119082
-0.729557417942262
-0.5711573320676663
-0.7061699312748074
-0.6279931017225028
-0.44565876274072863
-0.6432948960166097
-0.36422805854365775
-0.3816255023778481
-0.4941601385792519
-0.6042572819818801
-0.4785649370842597
-0.4793443870052582
-0.5826563896294317
-0.4158108630094984
-0.5556322202608739
-0.5741595994035924
-0.28549454143994485
-0.4065824194694755
-0.49756505027457365
-0.5093067425515382
-0.5648150089295094
-0.5162123392189889
-0.6704225546885171
-0.5972474679029884
-0.5108754466706599
-0.5656739304843361
-0.47310058191083604
-0.5752243987797311
-0.3944250605244466
-0.6511874332752161
5.674066486500523
5.729676681244489
5.73039974820028
5.7324291255162425
5.732249283495668
5.862928364481834
5.648801597373411
5.882544066946465
5.741605009245591
5.627756981342867
5.732151752907619
5.849495534884334
5.6069313425520315
5.4408315269294345
5.579169831537415
5.622703335506119
5.533281285580288
5.534432804899557
5.490692748255175
5.744397143182142
5.78177622204607
5.77163928813687
5.766898303119699
5.7227936703903834
5.807394384217928
5.698241595592189
5.832846693149301
5.7194292996601295
5.708831833994314
5.623789877233775
5.837894382724653
5.648582364197496
5.8220708900610685
5.821051278854066
5.859922594719023
5.701329020766415
5.529461761760794
5.907046203985653
5.667089781795387
5.667895470341892
5.803648304560071
5.676076959074132
5.715702706687205
5.752677978899113
5.835140767758412
5.655144101484364
5.6299147287078055
5.54304598187299
5.874347965678662
5.564647158373102
5.53957166167913
5.5331496586672095
5.862757683276979
5.769275146795323
5.559680820511305
5.600506359737479
5.6313194526084525
5.797135107831227
5.7137157060441455
5.748822637689322
5.807212133801619
5.785787862625518
5.661086713486012
5.6618950320507775
5.794199254719041
5.644838401437745
5.65490728257432
5.639310295829321
5.649274556598797
5.657386564651995
5.651145496269921
5.683183969936042
5.711813941673706
5.789101294028599
5.745829888130707
5.887793504828321
5.873227110570058
5.8766634486606
5.865366654565905
5.568226178385419
5.930191805804527
5.956942685624266
5.652039884514755
5.711721613876825
5.7451901254862525
5.722512872643562
5.644113949042706
5.871698124918043
5.92627592935664
5.714306660707826
5.8001249326943185
5.547989819860717
5.5488036607197095
5.634924422676129
5.634924422676129
5.916829131661598
5.945335184240848
5.810541844262709
5.702997252374053
5.678149693381819
5.78390638819456
5.742294698396794
5.804591181638721
5.7415367154384915
5.639140339056337
5.773398901490403
5.757320476550346
5.811383475702265
5.752556228730106
5.757605944829747
5.753953615246581
5.894704774481812
5.876998766494778
5.733081005612682
5.792642655152075
5.779777706319143
5.833623827325838
5.683541609625872
5.714942109733626
5.7998803043487355
5.827285490557837
5.739764473206293
5.843214489170719
5.650172542630743
5.813305958570297
5.828147487485588
5.81616148507757
5.952825047410283
5.4401888285875195
5.490843647049789
5.5307629294967615
5.650962529127552
5.792080385725589
5.697272546018112
5.8348804330088635
5.7449836888032815
5.832628545859553
5.863474672399673
5.7756847392017
5.760830245622378
5.712279278673152
5.773134944111718
5.660020850178787
5.748545994901574
5.669832568197403
5.561356010079803
5.762110753619753
5.7177074858899575
5.688105225327096
5.867304519901973
5.840388936284303
5.907208220486105
5.693191692903122
5.777622782314169
5.834636483578313
5.8308747246268995
5.770446832183224
5.781393387119342
5.70833924878849
5.678686528217787
5.900014485172855
5.845783622916697
5.997969195391237
5.5131906491123335
5.625895185280029
5.615042367569827
5.7921575987779
5.773351312362684
5.747161489930141
5.780773468878207
5.843134742376584
5.694310926790592
5.777989568008548
5.673312396833804
5.813498387177318
5.631869761000135
5.779760865461441
5.753998293186911
5.739463481070358
5.781158458701957
5.816863208826877
5.769781022304141
5.629937218655254
5.744276136078498
5.804088290618106
5.6656415182517845
5.745017789735832
5.74087239648469
5.721400132344639
5.761939359822929
5.829072202028075
5.914068721722934
5.697309662539309
5.847137319517111
5.738991088483775
5.785415701118623
5.629457330620849
5.735959340661204
5.808195188317445
5.711191175755079
5.729633116370047
5.847052897716672
5.429209940037974
5.879010510763892
5.8212439580693704
5.638208728912938
5.648226752348148
5.5825116240170685
5.578902954637019
5.925133215638213
6.010785243979332
5.4975598300760185
5.561207981516025
5.559374835430471
5.611058010712391
5.850993928689752
5.840498766240906
5.84230546018899
5.699207436959054
5.681417251723243
5.812309573133272
5.675984588605223
5.82426094203741
5.64228230524575
5.833190597485386
5.786027822549441
5.678304641247981
5.793635280980724
5.7895955199732505
5.683756137153856
5.671028691840788
5.3874886628827445
5.534507682372312
5.961683304493365
5.974210392512238
5.955073917921748
5.695523152754853
5.8323867537528855
5.849249042957064
5.61866762515573
5.624658757877118
5.733511768155109
5.767175203231838
5.711251211818025
5.802715160856812
5.676654186296763
5.69277450183783
5.7587919359512245
5.783574534066596
5.665271163309895
5.634016256786336
5.567475082832631
5.754484492352363
5.756829789796642
5.657330463380571
5.8051389980067585
5.615547305931564
5.960337646066223
5.897546987734796
5.69520835838893
5.69786514169312
5.6342361742502485
5.910687892346782
5.633334377987197
5.643851521665676
5.792330176368398
5.768264065690326
5.758353441341199
5.76486903191492
5.672887655898518
5.716518081902113
5.790472643330323
5.753966925003496
5.779385526930285
5.7617830976114135
5.7694898722808
5.768140250124534
5.639514659525439
5.828304448775172
5.743320045582134
5.792220209829796
5.647935334880028
5.7061142642662395
5.821924936856331
5.81989412031158
5.6175267378380065
5.6438331596018125
5.687546760895207
5.649307215240331
5.978974196781891
5.472149197057042
5.498129152501252
5.850763340403063
5.7782716294452525
5.68714426104301
5.7479005106243894
5.770158424642558
5.722327074864922
5.653219022607055
5.913848215509254
5.592016969203282
5.610181946794868
5.614131505511381
5.620339672454488
5.648201749339252
5.641264264859803
5.601717319765716
5.911278107297767
5.913384544650743
5.512053359659782
5.498521366612455
5.517525022835389
5.6024403208707705
5.8636947750644675
5.677085913651503
5.682848957994234
5.762670685569646
5.759152349179541
5.70618173497355
5.71813828083224
5.796008772755596
5.688027049788105
5.752680391003365
5.830004263228907
5.69102791750711
5.696799743757057
5.72655878882713
5.646805905773774
5.7725547396531365
5.77445024037693
5.694612861667908
5.730845703688793
5.681577229707263
5.787707921331689
5.647747161898187
5.816731373858661
5.821204719519075
5.656679470849842
5.725357317525325
5.647004383122448
5.764818802450642
5.786609676041588
5.7070134765048515
5.717641381693465
5.856108623397043
5.79901920359111
5.633475998930647
5.848683489536322
5.612122548940583
5.889885559272585
5.808878813044769
5.7860668871105245
5.825965902296882
5.788208196601741
5.888100944087802
5.623163685920181
5.5829427002687195
5.496022814178535
5.602443179030504
5.496073040591925
5.956069957320332
5.8876449492317
5.636782017848223
5.83271630584131
5.809900688150252
5.516692934565571
5.904404640876236
5.906115996297702
5.715641649449314
5.821971472213406
5.683990513100867
5.722976131756317
5.7220851845266205
5.686042161952577
5.570073082983915
5.797636650140655
5.799367189234697
5.776437707203213
5.747278268951132
5.690382997744614
5.673459060157469
5.659635808244125
5.922292817432514
5.792198747187016
5.90993555310479
5.656949454878231
5.557985295759549
5.437701411968904
5.851463966625819
5.629201031025767
5.638069512343555
5.687566724433632
5.8657906763767995
5.543169002038411
5.592636925207295
5.885647214804927
5.572450535870468
5.656780829034223
5.80571207436087
5.722163215563554
5.6901860053528885
5.757556652717227
5.766386271629091
5.766030371862532
5.772194065512543
5.771235540235012
5.772226934558778
5.7777918760978215
5.728388172270118
5.731461672604339
5.731413322274375
5.658617958617258
5.820682960272588
5.647306209056939
5.685157268511667
5.856545954994184
5.844273703124822
5.826409533855361
5.652215715233464
5.7997164157139025
5.826936610521877
5.659879450770649
5.5966194954941395
5.910540360082864
5.6772770610688195
5.84370515002096
5.7832410887772445
5.838045808034722
5.914103285774545
5.606258117651715
5.867158782945657
5.697912153390149
5.708237267226453
5.835043728815067
5.815441915955929
5.8645411982424145
5.4937769242154655
5.685304596774532
5.528370135960058
5.672641283171076
5.749397748059174
5.6834274062197885
5.799515585618779
5.721756544020272
5.693401372817152
5.78229472141079
5.77636984691036
5.780004877191554
5.8658150759199055
5.70375516986819
5.7898139995305336
5.669297043291169
5.880363515608937
5.917751648903318
5.860692901519157
5.626883915328476
5.607952514183857
5.845111991249242
5.7106134640071735
5.617067028251307
5.737588439936342
5.781676361307246
5.641266979181229
5.828238414970556
5.738513253079341
5.713524424195866
5.7413837255890545
5.606066057143964
5.604884608146978
5.772050459503031
5.783276982232397
5.781396613918179
5.617199999078713
5.642502880734688
5.7717838947909925
5.892645629212949
5.874257688732089
5.744126280265941
5.733759210697167
5.639113584604284
5.757429494138255
5.773608038607999
5.823516230509488
5.787903875651252
5.740544070647356
5.700720094736058
5.873369675621476
5.743947679654655
5.624709103708763
5.707349250017605
5.654632485939149
5.587310816700431
5.633335611253918
5.729881599821342
5.729751565236671
5.721946163233672
5.749864984370744
5.7371923607999165
5.687340557011609
5.8259093607986445
