0
3.7972910067933108
5.3242664189349
4.361529600217665
5.123177578674144
3.861935447651696
4.748974919799667
4.502234315910092
4.653578502076532
4.798215158354712
5.01474885363399
5.192831585816841
4.260540764034963
5.885837534030242
5.748596258500122
4.206572392403652
3.7785449786711807
4.215990439745579
4.408014815400165
4.703147146238539
4.665096377436252
4.489262959313802
4.405588114157752
4.678937827694241
4.775993698333662
4.060228406406597
4.642872221845845
3.9374708175843756
5.072047162862195
4.292061126698957
4.760406052759943
5.208058364295624
4.6470960811126805
3.967524171474742
3.746143204107356
5.32229300759676
3.9944634535562398
4.75380843929998
4.372038151574972
4.584869743568094
4.1071945213908645
4.675422685224876
4.3333621890638385
4.22160909262606
4.3525281960781745
4.796705755932217
4.42278899947451
4.162079347456298
4.760340117636532
5.017013253379906
3.599007653755302
4.831011001446819
4.393300706064716
4.9980089498412665
3.8541670412190743
3.8057216346580858
4.34847928577959
5.913570247606048
5.776535380201361
5.546019053230298
4.526008439115029
4.48972896759507
4.376277063999114
4.6412424346536385
4.372638531870627
4.804545124546958
4.1802315654883495
4.148675560261823
4.4024427765856275
4.671766820732623
4.688928287855473
5.305983707542265
3.885225223724696
3.8239260417451377
3.8316140956532703
3.962961542734146
3.5672593564168626
3.897497887458635
3.8807157181783323
4.188840068290454
4.420851169191981
5.345233538028282
6.728634426300548
4.3167853973929
3.8438058814005216
5.342885523037441
5.3104698617353465
4.545064934364543
4.84254240618228
3.765887004172801
5.108118186740758
4.918093275970996
4.219685263878737
4.368311405890448
4.253589304982125
4.055018489345976
4.223213038159967
4.0015547891133405
4.981506079160005
3.879601971824939
3.6697555192996316
3.8315491304357403
5.174547333160391
3.8482229998150848
5.392087831255068
6.126215586666174
5.1515704138340235
3.553324153021834
4.4540488934367435
4.421309204785217
4.593856805428615
5.060868945266199
5.094516142760179
3.9342197725348353
3.943496377021143
5.0978154353930965
4.804235819463217
4.203073430665743
4.629257276183668
4.037366927224115
4.797453464186758
4.668800132366542
4.5903530671344885
4.634966090018687
4.821075304784318
5.290941314715789
5.626388152190169
4.967505074469612
4.938730012303752
4.105223894906662
4.058939402054497
4.396922686527705
5.282264964877341
4.913489262636815
4.869678411635752
4.485035951359194
4.35174343588258
4.1840964595760575
4.084794928396128
3.992574404604466
4.767589593120266
4.726373678230819
4.849868881200329
3.357468397694262
4.402152965081694
4.185281682197214
4.932204044912885
4.446356282120444
4.7941870363183385
4.089492154070068
4.0524697305151385
4.318387942142538
4.053385289015245
4.585395349263906
4.211290670430071
5.19907233221396
3.9102054889897566
4.536446596174295
5.118387600544791
3.7870979310964215
4.833868892087366
3.732993261761568
4.288597105293066
3.9339333794467644
3.8516202895881513
5.964233209287309
3.585870959705327
3.929627779321634
4.805810341091298
4.5762764633197515
4.608410792696348
4.561749904622783
3.9527544332341353
4.3621103939054136
4.600338736099004
4.457711553050668
4.63850483532162
3.7770958088927915
3.9100930899760824
4.756395105641722
5.1628930411105705
4.6877419005802095
4.609480466466144
4.357970653995663
4.862453200619799
6.163913176047229
3.405902878620732
6.293967596818443
4.163870564611395
4.656516233384426
4.900126808697144
4.459905033537068
4.5786329193182524
4.230307230432064
4.159778476285417
4.244825941376886
4.595799430490193
4.7942169197341675
5.451440131580756
4.220040524872626
4.426018625134489
4.459162524457467
4.235642935135784
3.8745853619270156
3.807886100128806
5.181378808592187
4.554036035571772
4.57392232506347
3.5605485225179385
3.477999574639424
3.5360706296778703
3.584465919626233
5.081016597715267
4.336256956054048
4.198996586268397
4.151129769269012
3.8022000423281495
4.432029610346817
3.594508692103034
4.647870599432531
4.367388925405086
3.7296553958895364
3.3200153375390475
5.477209676819897
5.80016692756925
4.509931285861674
4.36276687170759
4.379711121316015
3.96352603302669
3.9607074101565263
4.05578038600516
4.11531373596069
3.904331991226279
5.225922664150699
3.704081749591474
4.056556008185379
4.3916306312871995
3.6529270732103356
3.7135020309132996
4.976936999140882
3.8551639292405073
3.745959416347765
4.101304741760928
4.292780522370169
4.436762935595605
5.104353468098916
4.242119215220353
4.2189504960146404
4.864589714705195
5.124682792778144
3.6885003678945587
5.276361814878972
3.931360728854025
4.7463972854382614
3.9741351402198024
4.542812872969472
4.405802590352474
5.41513544668174
4.5723419723835725
4.408921721452735
4.318825233768284
4.484360186213836
4.424946950135986
4.15597341371843
4.057656347190291
4.343241398624006
5.492553658345248
3.8293928737916474
3.7911166545296107
5.5123768811567375
3.5904542402195365
5.976314926891463
4.2745812637398855
4.518499966507338
5.1032080741949475
4.041142052963393
4.233217487505457
5.034716026320889
3.70973351981618
4.141257402388107
4.2599720756038835
4.823000699396524
5.475743820701593
4.006490832749365
4.223409475906391
4.542921518515182
4.422489028882291
4.383325252176579
4.412241379237511
4.634884869185662
4.6272122769014095
4.394148456049389
5.279533926109501
4.342889836917797
4.452543673535894
4.1518926408198
5.455719203238021
4.648392469724129
4.752862293828138
4.094153646482804
3.835628202292502
3.826336505659623
4.925443624021142
4.462184058571725
4.215645758310875
4.56977200581285
4.897716280916301
5.007436185724912
4.436640955676994
5.072015123331371
4.000413822264406
4.298347256484247
4.378801171310192
4.537661260290151
4.933062730058686
4.124905502082964
3.764003740118507
5.656453858761985
3.7666362328393777
4.524823094487448
5.1387741970954455
4.355747641668119
4.622994289008777
4.243214374650234
4.673000926808573
4.315871387100583
5.610842521404506
5.5454816474772795
4.495004186549504
4.177321566809567
4.194862851606702
5.000294253717883
4.351160414628049
4.722239552896208
4.284193849446147
4.699827368760914
4.729510736419367
5.096406827852899
4.18993514835143
4.350745564585632
4.023246926857971
3.8998044632539015
4.854917945957978
4.324502973379509
5.583258325291592
3.690331386417901
5.147644769670172
3.733099975664092
4.871651848697424
3.9191904686745973
4.85881632715035
4.338048678248114
4.282825368429867
4.242092813199346
4.184272432750367
4.557077707828096
4.203034876397774
4.370682286086199
3.765768202759211
4.120362015744116
4.8122527778512
5.7269108712765995
4.280524606591698
4.07078336627194
4.917093125196549
4.441246131775565
4.777162237108775
4.561676243341102
4.336888307799194
4.574517451135032
3.9168902933499936
3.6273549963430813
3.790102689550721
4.855331671203167
5.532193424677232
3.6308552942743417
5.390845873177313
4.739756728505716
4.343443090851506
4.576945927905896
4.331973836689705
4.015920061985437
4.573662288907585
4.093859149537987
4.755513057771818
4.032404968066862
4.495946383564878
4.194887290105684
4.449358475627202
4.933860169389553
4.159877054103347
4.713739753085267
5.007047184350256
3.654577736856759
3.400791330239809
4.294002006541669
4.344393337595972
4.657700722807722
3.949840398189432
3.9039346738289367
5.745947451462118
4.473707554233509
4.633399183322862
5.082838294904672
3.836723001683992
3.7591585082996004
4.837337375146298
4.607937100775395
5.1992523024425275
3.499524314868993
5.140746848602681
3.7575489598348026
4.489481894462378
4.129704818129971
4.668591199693279
4.965266104588586
4.64034310838864
4.462648086124835
4.873267805003355
4.908591489932745
4.9094594902703115
4.374702370464675
3.6154826781383766
4.016074510408801
3.9557238757868856
4.685630874444776
4.18310547362313
4.875164585855262
4.613244411445188
4.81590041753545
4.513618326019907
4.005498889115442
4.330823593613991
4.5957622649328
4.662171415515983
4.68395534829432
4.194288020795899
4.8867268383345115
5.462435190082423
4.118799316236816
4.249036201007114
3.9361973946213706
5.433621060407239
3.617515729959241
5.315971115093856
3.5840198681946913
4.814235719912004
4.75003514644837
4.112769626496711
4.995110169545373
4.077228798214324
5.495823146736107
3.8409570117287433
6.0621048813223934
4.2503311712736425
5.216545983177963
3.9016557946908934
4.364707143752304
5.168366006906937
3.9667995068414594
4.086435180507365
4.784752523252177
4.727636477781111
5.00770465112816
4.547343422273759
4.135376853856698
3.941719687550417
4.884754066135009
4.3931818525076585
4.4953972967792915
4.537346467740951
4.657675139444579
4.414839554494687
4.677230350034092
5.01388464801287
5.150574005486775
4.126592307997455
4.257135892597017
4.178030132360816
5.304163485225019
4.017975127018097
3.609752672254442
5.739180692346908
5.594351279782293
4.289706915556215
4.1571440676282805
4.598442352288455
4.228256000680346
4.837003331614492
3.5251598475250843
4.327563823178386
3.9358108625785677
4.194879370781602
4.217314802506471
3.796529442967853
4.666781044989968
5.563672196141851
3.8293015718549848
3.9584669620509794
4.820531383071027
5.388683914555814
5.312481303393589
4.890160666225257
4.903072399879251
4.403340616382881
4.761568762771851
3.6348225172354223
4.0086934217405386
4.559551577984693
3.9630540737680158
3.125120647013177
3.688388652702856
5.093810882045665
4.31120265170506
5.140775912459617
4.26469490237391
4.953243849786709
4.6842525813808304
5.519910985233434
3.9454149060001678
4.510150796971361
4.478413901012674
4.6254742185695354
4.458073885521022
4.674943322758802
4.123538549543771
4.290474711118214
4.219996488794037
4.856162731403508
4.046371065993575
4.023904932153207
4.0471711622754105
4.352244804351058
4.395795995159081
4.651047127420963
4.809069915906434
3.786432820164316
4.753393208845995
4.321165644736085
3.845947347263516
3.908375629517338
5.213286688320441
4.72286318478763
4.220520518479904
4.516644079247654
4.46786993739052
3.999026014396453
4.909274117493351
4.19463692909433
4.207838545387182
4.177660051302135
4.936210493821737
4.325917515661745
4.727145080328811
4.4375233112851795
4.538424574395427
5.042080051978501
5.237363684975362
3.8198433136067242
4.121709320274626
4.784151057493711
4.2596864701766615
3.982780176227118
5.275237555241437
5.069695472549433
4.840145599237882
4.763710760803411
3.8418856468575435
3.9248315948787647
4.2316496212563806
5.109764937600133
4.940215277700358
6.418687351215746
3.520397800220396
4.23212526922425
4.117354633411574
4.20772464410925
3.991021709697299
4.027955739547664
4.948840687250719
4.914564553136086
4.715704102577003
3.9345994527982864
4.134702844809892
5.176975803811929
4.090828715567903
4.626770642592848
4.489036658297627
4.378730268526126
4.683776478312151
5.251848009483365
3.979868416179271
4.071085997786668
4.186998334073833
4.574218222483021
5.01261895916413
5.071088656541297
4.369533731794569
4.35863427698696
5.010240324948058
4.050220053294721
4.930224421674819
4.694250633186135
4.805715692466197
5.245855578865658
4.7911434356713425
4.268896875790019
4.0396324817881695
3.878126374543891
3.7605837214101023
4.504866106326953
4.848231482477438
4.14383379280164
4.489706049662433
4.3355857160160625
4.594308590168172
4.6034421624828905
4.986143479085723
3.9199160490071057
4.16723577372773
4.440504196500854
4.240567689305981
4.645424827675426
4.288454415912773
4.548434697328884
4.520573874911256
3.9419280439717372
4.99454325494684
3.6506840984380324
4.319501022066346
4.251959447085769
4.934852633099111
4.212152315720066
4.7934182877493425
5.425841420422959
4.011466374130497
4.582651880209244
4.7907074457655225
4.5812819112665855
4.758327171441699
4.8695045906180665
4.0033179183884515
4.775017657694511
4.26118045488379
5.344372327097002
5.428987074000893
4.967042503717073
4.3765065500678135
5.228560119454323
4.663407949995404
4.544541598947684
4.801338151311253
4.746902576450255
5.746579477951588
5.059765889856513
5.062298060571006
4.620238680126717
4.400659794247167
4.597043719292109
5.12937110740025
4.780717158035615
4.179249513818534
4.557783735158005
4.713376053606799
4.402544687080182
4.55599713120844
5.230659627872474
4.0878181712309924
4.5068285431450334
4.188765741663964
4.370766348419675
4.471488196312249
4.3652879780108
4.0932682760645465
3.8777979637668296
4.135825421715386
4.94187121249636
5.023820199452314
4.421064211848977
4.88445200676566
5.289882661642638
5.305797206562927
4.312723176616124
4.437119214710442
5.084998607500735
5.788419706455821
3.5424087846565713
3.41848502178766
3.779609539297166
4.759476130869018
4.438944374348674
4.099286529081749
4.532543015588023
4.014256468300169
4.901542511307943
4.7751122952720575
4.900646248325034
5.005646253213053
4.916013981129731
4.512774460588782
6.10003376110172
4.272824582322982
4.26911384550503
3.6099211053123246
4.371576333831682
4.548178692406009
4.150387988851727
4.262767026493119
4.645445094199971
4.762313921578576
4.096562147457506
4.134563261508558
4.579181001251575
4.547985801740076
4.154287100693547
4.623797726795344
4.193641516661459
5.223178756147104
4.202971979011187
4.291041271086343
4.136855121799195
5.154625255375754
3.9528873529055195
3.7923931983865162
3.712078315226041
4.845800078787549
4.282456305021707
5.5600382479002555
4.663852351003079
4.432257957713147
4.281184514704782
4.277286276784776
4.648613547222787
4.312076616096247
4.441015834713019
4.600662851443436
4.694235020007313
4.159852603189919
4.913465445400824
4.8232047892461365
3.1167291033529563
3.0123156973507736
3.210463556703483
5.640386343606266
3.5122347479172187
3.0041096491414927
2.9677417130579347
2.9427675924815504
4.506731516181877
4.272281397003492
5.435920094165605
4.895112254023645
4.143452726132751
4.6273629299171715
4.724810417963472
4.8165092395960105
5.129032932712635
4.420095826121655
5.654237550451237
5.596752548183042
4.847201063429322
4.730067245621479
4.4427965452572975
5.211340828689555
4.080300484570832
5.278520360407854
5.447641751328017
5.197880266327463
3.744769750818374
4.014869985894335
4.601227109038761
4.2221052189874655
4.655763475936586
4.5288825247255
4.460496456668428
4.510674615387493
4.561651155105312
4.674808394450332
4.282778111329247
3.6230305507915013
3.6770691234304755
5.7253612138717225
4.316986903327744
4.488871152007562
4.677427295265258
5.0685075775191075
4.771262813325575
4.456757885786649
4.398451445081566
3.5717015786384905
5.863489834646921
6.23944959909512
3.923889848088847
4.8569637402748755
3.3036549374830853
3.044826978967067
3.4525362646125273
4.13959891701533
4.071040384898235
4.621946087386219
4.985205909238488
3.6657266002278726
5.212439161694947
3.748878078833149
5.33002290097722
5.500429571495315
3.403746526578234
5.566577673577796
3.877798139671112
5.492829696237807
5.088893215937103
5.75044857469167
4.196466961118546
5.002419515462448
4.984218741921393
4.042611423769986
4.741150358268644
4.137553670429931
4.0539723670382735
4.400957211444868
6.008980288507413
3.623956690431005
4.400201428632964
3.8554147553650897
3.8098967059966347
4.717029688492707
4.650261797924552
4.211581039198587
4.714534551222402
4.417161314276472
4.345898315671447
4.532052281423375
4.890622391363952
5.7348802868594655
5.535898824437246
5.6247135031839335
4.811843504243036
4.699635306267836
5.086835169833355
6.168503967218801
4.067233693344078
4.5090262084276915
4.596586264720131
4.3725095382770895
4.329165392903529
4.189420311673798
3.945471006904118
3.8359273312857933
4.227643284028502
4.18387942912034
4.149660497986148
4.766215585951985
3.657481453690477
3.734477907460406
4.888582098759516
4.52838719428358
4.30834589071612
4.495665622791493
4.394473048397089
4.917089955312408
4.91176983218933
4.145338434935895
4.187407917392327
4.9952359458755815
4.517662995685398
5.084635672612539
4.383895839726733
3.7567940221509026
4.72944088441562
4.7429268362562205
4.224642285774852
4.800410614982184
4.737143845482919
4.316027620973105
3.743582498100398
4.848208270003817
4.0315310140256955
4.428875348528903
4.277967320223044
4.9344991372408495
4.8162613080276575
4.83108384814847
3.9815636780211956
4.6464210279608995
3.59337777731106
4.106456421956553
4.629558639959713
4.508083654274096
4.586855638952662
4.371120228450298
3.9534997489575057
5.922800298030457
5.441217220691544
4.866050726620342
4.92018270514114
5.165917870482892
4.72327528794576
4.50838633240095
4.9365372657981075
3.6108311519084704
3.4238021348499483
5.716614232252132
4.421308479375015
4.252682398235556
4.178785483904496
5.336276333665173
4.032613600002985
5.463574097417088
4.66376164207002
4.3449814655474555
4.803952762764217
4.915323607226939
4.711607692081406
5.540029765433766
4.898695760089115
3.5948063734320153
5.166363655524638
5.671040359939348
3.553078535596707
5.1833349219713805
4.015393051628826
4.359704665828912
4.345028653244414
4.075769143594189
4.059856462127821
4.488832576239864
3.7372842336923817
4.691798530054389
4.271755972398861
5.098587188639015
5.014581618689302
5.077095714784221
5.0502114992447
4.796373946241434
4.6893920588455655
4.259687876287822
4.221403915542674
4.14456119589582
4.839647864707709
4.581841205047041
4.6174347243853875
4.393751059312891
5.414141128703771
3.699839176066286
4.24937320472586
3.1929058449614516
4.919206914673119
4.100954002416351
4.2708323998001205
4.48543233928013
4.017123496624971
4.328415113488267
4.065136884569973
4.818262031355407
4.978817331127071
5.132768428903222
5.129838076866787
5.128144297097596
5.430395875939438
4.78375076213465
4.151275891621404
4.0374730042348626
4.109617594493616
4.864286117771802
4.706067618682829
4.015111599270842
4.119815437695253
4.276768217506369
5.069381669861804
4.790824876660169
5.019568200631177
4.499013223675248
4.0993867978024525
4.13629337677005
4.712974973531607
4.653459787277227
5.191478116149764
4.89764973871879
3.9569330122093094
3.978708702695579
4.997796100346423
4.071479748466624
4.4434765486722725
5.024705536252653
5.76367714497781
5.236037107573509
4.704793871156767
4.746561434326534
4.6284684457956775
5.121075555768941
5.100996710419999
4.539927956482573
3.9973322195373733
4.986869378053507
5.109084403081574
3.975862552775932
5.46924688759176
5.246797595763524
3.541593976049424
3.333108628032415
3.9579419671236975
3.8032689938429045
4.125963077240522
4.584817573129966
4.2419115984923526
4.316413580594203
3.647874987963682
4.928299170197825
4.445620048481294
4.941677669794392
4.151716853182632
4.299865660218634
4.36821863486331
4.432799923519384
4.333880158952417
4.181556154423636
5.189857490558432
4.987105928006417
5.178110697935898
4.564662094401612
4.684222618208922
4.068840259661205
3.8307054227506083
5.801755875013064
5.018341532826968
4.40256575822664
5.030762355642725
4.099592560358746
4.26269077259233
4.366820473668647
4.10343744137089
4.4565733003807555
4.197555102990308
4.010835435720337
4.964905957065376
3.91926525119364
4.918266316566943
4.312449822440055
4.6238755735970845
4.684912337897414
3.387504591933242
4.007188478425045
4.348034592393905
4.4000949689238755
4.566199803444527
4.028446766301745
4.144819520438803
4.8415893162375605
5.150453234920803
4.764000999714381
5.315455444354233
4.727198363667298
4.261230530137233
4.54976661094446
4.351291772797266
4.054275605139561
3.584869058150914
3.546365941584132
4.686410859430494
4.104900493003121
4.135121729383362
4.94963579039264
3.7575421531919746
4.415280688873784
3.8467070729755757
4.795697556388627
4.981747779221468
4.1376912582738905
4.874323221072596
4.0957228823382446
4.97142424753293
4.975378044016795
5.477303862442462
5.222985702070232
4.220615864695872
5.130257374265315
4.2252186471809905
4.489960853052746
4.192219674777213
4.787245299384632
5.282269841779532
4.7982641668666695
3.9439300330831175
3.716983918883998
5.719221107857424
5.548122932606971
5.1143794676477565
4.294090031576406
4.744697295837201
4.658041106215474
4.622295398109005
3.8040524140272756
4.931646496630164
4.902486398050576
3.754611893058807
4.443730637266735
5.486012659915364
3.6423682469040877
3.5726913536255864
4.268012842063576
4.225995679808249
4.6005414609678965
3.915267173898012
4.151009541905337
4.4772101724673865
5.2114209007837555
5.148465132235422
5.150033143109301
4.116204791613196
4.230244510522888
4.6909510730862705
4.522938641391688
3.919326842236205
4.680633132364124
3.6800991523030273
4.555838021330442
4.137332973628212
4.216044083736567
4.999181047832499
4.105088855562514
5.082841067263898
4.899072402055579
4.3842918870116305
4.583398519078525
4.639465672383594
4.6452511864418895
5.832703858947173
3.3950244307981055
3.6171279999395387
4.3950944122737035
4.924812587322511
3.8247323055843383
3.791334043430743
4.00996967586457
4.043040785272961
4.692951286604588
4.15700327738008
4.905843739969914
4.451419713355349
4.7547278321480855
4.098748258720098
4.321460278969145
4.81804077965128
3.939012758179451
4.1268684724444915
3.8162110044175037
4.7805918082143934
4.604295707614028
4.695155675066935
4.754174777172724
4.726458872985182
4.958384761859573
4.906870696553247
5.4791683433537575
4.985397346773742
4.785818047285016
4.831732186094894
4.808178940188449
4.362925916633518
3.791820627989764
4.574646847187377
4.139226211178461
5.036110769177584
5.138734073683259
4.97220654903293
3.3058056672081064
3.2851108283268515
6.15034940703716
3.687650938695418
5.301620950976025
4.107875153720684
3.9810428913192686
4.305837739362857
4.304104228704672
4.99718149754176
4.748182839305982
5.493800050972116
4.031066293663881
5.667727338622131
3.1768147331827987
4.718992178273291
4.643213350944953
4.971140192775969
4.343101572386003
4.458363078502722
4.49303166907845
4.167393047279225
4.547864554803087
5.0113099372432295
4.600088215579441
4.721735465845506
4.994591659523798
5.499702268911014
4.398750258393224
4.221266997413579
4.609339864612281
3.899559588903337
5.469801506106791
5.332377289626938
5.7699025488699265
4.388983723095293
4.530177231254891
5.182186285118307
4.824253414619789
4.015125381469946
5.152943434054852
4.39126792718046
4.573815621792415
4.469857918604691
4.5952403377126005
4.715504772459039
3.6515640829763076
5.477395388576553
5.410518834621676
3.8735116779804337
5.004680561425319
4.293355509997809
4.17188021285546
4.70709366974435
3.8576066448087265
3.62712364442809
3.619221555904299
3.6264540038518907
4.476454335036362
4.88042591347534
4.447711095950487
4.524644156763551
4.6352335399711055
4.053082164347221
4.107810411898756
4.633474983154752
4.5503972714932415
4.475277569876506
4.297521242464189
4.85484186095308
4.849228531273568
3.7485549442912256
5.719080393915907
5.701299731180877
3.379467809609543
5.537181353502283
6.357520498345506
3.313190681871353
4.03914278872815
4.10140880241211
4.320942175479002
5.79267271197253
4.840394128329394
5.522454002203208
5.47946546850965
4.521428707929087
3.865281468868956
3.3909934942200346
4.916367737067118
4.775295190166302
4.004971735949309
4.644784942125077
4.0705744389203655
5.031457224065332
3.9069939323291343
5.040831701068752
5.083010325596737
4.0635565561716485
4.018411995582092
3.8423009682607825
4.654343683409621
4.774541974811772
4.85525041892706
4.90609425868914
4.592423694859225
5.207992009658464
5.574141399188707
5.384451248882383
4.454232268371772
4.548374755371725
4.567129942385636
4.314511963634514
5.040792573399728
4.025856719650064
4.276158804821497
6.460609872093689
5.1944512508795055
4.658504077391809
4.721430397766186
4.088773893396426
5.207633504826079
4.184471546118362
4.797490131825566
5.731186122984057
4.592285972634855
4.588107757683399
3.892242387582582
4.38229024280323
4.711919164505716
4.5994901792683764
5.3486064660174275
4.013962201392146
5.946056583747639
3.766876134175226
4.1591099304494845
5.151287680141176
4.607283854702132
4.4066160299006345
4.520968883851315
5.1636556774393245
5.129677965169934
5.0461160914467325
3.7897100287918346
6.579720623005662
5.917713665144831
4.515876883460071
4.153860955188326
4.374818914026999
3.896712972627805
4.461081061642986
4.295879445879646
5.52531959453556
3.854276989422399
4.166722473777091
4.993228055128235
4.075005016295991
5.16641837062673
3.928281064448721
4.9428435763891905
5.0796710775395635
4.916656653111287
4.017153748262739
4.393957290589778
4.433927253810777
4.006650570832314
4.640390013850854
4.346613552853092
3.426012511535339
4.467002539953623
4.962063944020729
4.217848723894503
5.045786535283207
5.104621080448931
5.1457876969426755
3.8326743654282405
4.9452678023850085
3.8694552809704414
4.594453138487116
4.068705055718358
3.658926269080019
3.7176876220549793
4.703271078630355
4.265819729672788
3.9457608506450126
4.999613558747532
4.293488540963661
3.3065022972982834
5.598219668047235
4.595775521666422
5.253305856596695
4.217250081291812
4.576146087256298
4.242966218325567
4.510957026002799
4.470834133225392
4.3694507911247795
4.844559977782821
5.239088908287348
3.352731895570478
3.2966598644330416
3.7066003728545325
3.9475520752529603
4.614133736839606
4.53999151307327
5.045962064894723
4.311487422320379
4.607125102355818
4.578786401699877
3.7690601791559097
4.7339181309160026
4.0774798191895005
3.9146599136649187
4.907679471752398
4.336798459153494
4.878040493755965
5.449811715492416
3.6566000635377955
3.84713913942618
4.280625026851357
4.619900791867777
4.345503604830942
4.709973220648019
4.951694679149302
3.5439935140513077
3.5538606042487895
4.334422143400014
4.005198612285027
5.113437715143802
4.046899298754545
5.213327536242741
4.105526354800798
4.802322114076434
4.077677736607269
4.786655008607334
4.1309674235577
4.5637256197157665
4.300131900549301
3.8415325724331253
3.9336023493592376
3.4819991304722513
5.12167456122837
4.230574481477592
4.924164636578338
3.654457908015986
5.1773747860774755
5.740768469598926
3.446368523666491
4.677879634332764
4.980448608375389
4.157632799584251
4.662880701076167
4.457695423019983
4.838434299470243
3.9944066671298293
5.564904821499024
4.438815818184083
4.20983853342081
4.223894868022679
4.687565034661367
4.610081274949356
4.432064850123624
4.292278632535918
4.666367037333617
4.085274617868249
5.334803824344947
5.731317440879516
5.679083197949988
3.7989854222178234
5.893711565877654
4.575643623556604
4.733463156987313
5.445078556234406
3.906370957247101
4.075196356694239
4.8267163713528065
4.471221863113975
4.669000350124095
3.2330999543414127
5.716400568677377
3.726066769639175
4.427345167059124
4.933544298222157
3.855407675672777
4.625730307293399
3.7635760836603254
4.730107128299463
4.383027386944005
4.710246884857365
4.077321573698571
4.646655317094194
4.623993266528358
4.655220491999119
4.255383532584992
4.963707405884541
4.17948507026935
4.554343340013216
4.497485583430231
4.819753575433343
3.649619685129307
4.900226887839129
4.8028164049564195
4.924295886700665
4.461558993881741
4.881937687346879
5.322882017023439
4.149043890585797
5.2332749533480145
4.807286796239926
4.4967702812271915
4.337628307155186
4.730867174005192
4.6998181730744735
4.690708304770128
4.707191681764324
4.021762235259956
4.580442518083502
4.678373250747804
4.2425778352737655
4.524816982122999
4.708156927375677
4.390655557698923
5.004279605730111
4.843592192084511
5.67296696283388
5.272820880311825
4.710940426881574
4.138794991463151
3.650216602342299
5.136004603402001
4.50552381773385
4.342882914413019
4.2261460879263275
5.584437281941689
4.165350678040819
4.396494451034625
4.758874699081613
3.4210037622675142
3.4494972710108565
3.5372967084843223
3.8233243769457803
4.015744961079638
3.9502018562373533
3.683987776798519
4.277318472258696
4.8016180886173885
4.244341847598128
4.295664140748322
4.638474652123416
4.226746965103035
4.446341133454912
4.127979773541414
4.266437028242217
4.585136932275402
4.306902908237296
4.671223521769908
3.8790997147179316
4.307938405379986
3.638339336388082
4.281570712440674
4.139420598812861
4.358366498377259
3.6403516434545824
5.131706409888105
4.115949684117033
4.60671119135387
4.0369620963896296
3.9273828667624553
5.119895227112753
3.9937593285928754
5.005655279187918
4.957211544720433
5.382365988985953
5.013768918528986
3.6399986593532536
5.359693299916494
5.2370310097099875
3.8747785503564027
5.540873375530966
5.761405269613865
3.8700256218819353
3.7393128462700953
5.450191098977768
4.590621039445944
5.593444159563462
3.3364217144814434
5.435274452775162
5.310539636216164
5.319079536256933
5.501625554476159
4.227535266322562
4.961248794898308
4.910726873337707
4.931501286397138
4.306288227672259
5.260616979938961
5.374269468264037
4.117486589135704
4.937560406429012
4.532890881504734
4.51884140516893
3.637940696795803
4.613651318033573
4.537133900605895
4.240466439301978
4.076560484420295
4.169892822567136
4.189060051257746
4.106209575739902
3.7769484820477093
4.9611513810325665
4.845017156450708
4.734542411978923
4.587370252905539
4.552438424708637
4.567637563503502
4.382454859886022
4.435302711745623
4.407356586983052
4.664851087121808
4.328238375021009
4.785229275417707
4.5677545952725245
4.276035614433817
4.815360379061123
4.803640681244859
4.546044896494435
5.001320171063781
5.591125152520282
5.566195308737842
5.251319409454425
5.251319409454425
4.196994061406809
4.224508294792411
4.064866529432307
4.781204387553286
4.412405025686096
4.773711294189145
4.523639759784016
4.452752193603232
4.754367151833532
4.299891513855008
4.232433068795559
4.3211386880632405
4.418182586035904
5.090692246353392
5.2125248058831835
5.808863474185803
4.972401122440259
4.026421580754006
5.063933023316738
5.0093970764538645
3.9537523034388316
3.851179976866185
6.033977019169624
3.621635420528999
5.091354776288654
4.186007322157404
5.391266935832585
4.362753596209969
4.178868105868609
3.643073204408284
3.680141175751433
4.518393146668594
4.492899679329651
4.570409351981269
5.264157034515117
4.627962135252812
5.179040197022796
3.655443335396503
4.575066525612032
4.389003055612079
4.317566522514154
3.9985084384263287
4.5933807687777986
4.490334499469195
4.816040390711716
4.586387140044812
5.7464599528737
4.757995508893323
4.124354703814138
4.1435123665945275
4.95786708372658
4.728420233722957
3.6924809570993933
5.488492706441533
3.839072054573679
4.244265202491025
5.2427219990993175
4.511226971354712
4.17677492637087
4.099109713649576
4.135209106760201
4.4255818657356745
4.1524467036800585
3.8725464135196277
3.681411643057136
5.155129173121938
4.529213554752976
4.276587869296116
4.906887869830555
5.435245369382336
5.736392979165808
4.6790773505835315
5.2473758687274366
3.9374398036486626
5.077653250409055
4.693444691641704
4.3996375184348295
4.51732100046374
4.377610105626588
4.1195857573586006
4.812197920979665
3.8277984239614757
4.596992005846447
5.56904621479899
5.062151052047458
5.007638586736723
4.862726473970859
4.302632573573101
4.6029693017184625
5.101477621523957
3.8344960374397643
4.407483143974065
4.049151534208201
3.9849162539385006
4.625183247045872
3.9414478724708464
4.805551755020114
3.979595017960859
4.739347437386745
4.21656921817102
4.186572870588741
5.106424849065122
4.258587442801132
4.034366894212892
4.4555183399757174
4.207392532312883
4.762192683267837
4.432247057147215
5.156693186353342
5.234303981042621
4.283796339216618
6.698850186178057
5.045123274575173
4.948468045276318
4.223150211450552
5.098431544025716
4.42449340922442
4.579493843106632
4.494319528570886
4.575091836482122
4.0527316659307
4.25007521433036
3.9948058706500853
4.728607670073691
4.506287111938432
4.717366829962598
4.1019982377774244
4.552180115512143
4.293986647558796
4.238379091268236
5.029854156260674
5.567214926094523
4.519539623263903
5.154480565395926
4.879547148886666
4.806313886469087
7.301190917423703
3.8319523884689044
3.911896591169935
5.068025410359414
5.744549560785107
4.242382980495398
5.797741265010335
5.073850547248655
5.598979846198599
5.709871634572172
3.4327832588434037
4.963622665521524
3.759223283404735
4.455885884806053
4.5591184160807465
4.8018219810218845
5.025275319903599
4.008226824352851
5.033029932582611
5.062130849824989
4.403593569388315
4.993610574850503
5.097310786469686
4.602263256426964
4.080731101309005
5.160569907342619
4.674632422103925
4.5679776364048665
4.396556690084447
4.416249528572565
5.205375895801591
4.172013243024527
6.000641397164269
5.171060317536739
3.807410408655717
4.8338223826114035
4.834730064166811
4.16563044441578
4.549445855385344
3.979009039673375
3.885214787395595
3.8565433379604994
4.776962253929509
4.085335676680991
4.497385817958048
3.90725100082107
4.6766161271897575
3.6967849912675113
5.752343260874242
4.645111502734075
4.541556260631286
4.9311136225702805
4.285657576439571
4.219121869633537
5.141786945772956
5.333504009676235
4.882680188343428
4.998950390209141
4.68131959161855
4.406729440734275
4.491702986835853
5.187130439581297
4.585977773669059
4.288505693514903
4.625585288311066
4.955439668786436
4.024294107628412
3.713992913688003
4.595906843428576
4.036599567892433
4.077721021859612
4.089457544334178
4.103311385547479
4.323910241727556
4.272528127225623
4.35940945289015
4.8062975399364865
4.166551105057986
4.624211479829446
5.167734815614178
5.062067205105876
5.24213289694917
3.9398842518648043
3.873641292592255
3.924155595548945
4.38508937039545
4.38353356955333
4.182920566450455
4.600506404474714
4.013232960417296
4.265667371213552
5.377556524927642
4.9291928059946315
4.945837337262066
4.451980325252969
4.585579940995082
3.900991988981359
4.268766239270609
4.427099290950618
4.3790712963701655
4.788854372966444
4.65726731519707
4.7321949443592395
4.173025379016466
4.885596896422098
4.887996719791364
4.176844295341467
5.043332757802948
4.313815255153706
4.43027799592943
3.810076760189974
5.676544182424552
3.7429419135315114
4.750541102781056
4.5555369426492405
4.884157604463219
4.3261759061415805
4.670767398510443
4.739767933978735
4.094972633604468
4.077298546152359
4.122417714502954
3.578357524215785
5.205845333822326
4.0191480072824355
4.847353461596741
4.855567124576808
5.412365260744956
4.981200594770553
4.1768404813599025
4.197956038831571
5.189745553253152
4.499402083157086
4.739626289528629
4.256762057611617
4.6863039349604465
4.755996720162175
4.778544083712272
4.946248484905635
5.1570797663373344
4.893624739476847
4.8329150331318464
4.800509649155581
4.81005505617516
4.915787282060209
4.1594357540569105
4.8839685206475485
4.008902340369929
4.794600448614331
4.170092439730549
4.589288528355663
4.899311613326211
4.552166110527259
4.546639023537366
5.041203016460609
4.584949083134695
5.752746021860574
3.6345827513427285
5.50467700798102
4.996691510239501
4.419225944094684
4.024026102279556
4.857760963700977
4.450244315607907
4.649960262318666
4.7266845723989706
4.746438553608161
4.934232006632096
5.269230052008868
5.656396558679703
4.109234989757669
3.875738116463837
3.8734855736375784
3.9104590459829596
3.9005544969659387
3.9216936561586677
3.8106867252014958
4.227346672120333
4.1785814393377585
4.1844510326732225
4.528852498732017
4.487728506992267
4.587106599038245
5.235417203944163
4.484528726112773
4.343727454175926
5.531120924175973
3.6210267127680007
5.3205797314825505
3.9528403047970464
5.068855145404955
5.7079766715368505
5.10405381211779
4.306835418009578
5.3102003009976535
3.9038494030688775
4.804103239042164
4.645654605977929
4.600851352860307
4.070789789210627
4.846548405065762
5.306570637583435
3.7371714984954387
3.8244897821646093
4.953448765446622
4.489553739116834
4.71030630320627
4.945361376534974
4.406122612747567
5.337522740002919
4.850817035016667
4.183557774145072
5.032756220665312
3.8001248301979693
5.600958249999565
5.869367688491893
6.2922950211126585
4.1608293022099625
4.543231687125739
4.103064015468697
4.5081234031632755
4.784703200209491
4.898725429325654
4.5112184641814075
4.934779648957894
5.21434283079021
4.230076803803128
4.606388637625803
4.955267824003577
5.36927001381406
4.048114240178951
4.868198905195366
3.4483758635336974
3.2681359911835774
3.8050009121262143
4.081000132149845
4.0592480923794145
4.176235419980313
4.2130965334022905
4.458024693278232
4.493829714652688
4.868842515754178
4.361532070209646
4.770926618339972
4.230850683295327
4.793128303504646
4.146173909679818
4.3239336096758505
4.796479312380039
4.435494470956265
4.520300933683959
4.729537430637379
4.198274959185567
4.873176405643381
4.453499723284698
5.270522230812359
4.98636383534601
4.515691038203097
5.289208740163085
4.165866874966138
4.752481598692211
4.571466805433333
4.286965451728487
4.240025205355121
4.299285091783728
4.35056651264438
4.452151270583708
3.782358919898015
3.4841012916271348
