0
2.207983307022136
0.6960704961215125
1.4716850842207452
1.6680567958265395
1.261731366170079
1.1872146053015233
1.1269125181396458
1.3563899760305482
1.242066334744125
1.5975622388011503
1.754724534423813
1.1090200584851655
1.6003824330214778
1.701609264297558
0.8862932165621319
0.5715881851446017
0.917942616358035
1.087161880121592
1.4100032795852198
1.1705160186646215
1.4436383496365814
1.4048012561409395
1.5914597456886246
1.8354774050817448
0.8648976287817903
1.9776655859697272
1.1797367121142517
1.598603966959661
1.3117121175074706
1.5138140668112325
1.441303661846791
1.1283423075391485
1.442026825429724
1.3473040501600322
1.4655573882182207
1.638307321902876
1.5633274376457946
1.97746228389609
1.5062330027587274
1.4880644211440806
1.4240478619508623
1.1667285454890317
0.6206932824873451
1.309387152893961
1.5252651698371982
2.3670656522343143
0.882191480311029
1.687171075596036
1.463223592375583
1.2338389302383173
0.7682828608924074
1.2500645220699609
1.2580301796202051
1.5252106581478362
1.365752289404322
1.4307450082814361
1.7677794742337065
2.246900822226051
1.5946602265363212
1.3692237827839526
1.6022617222418007
1.7853233042007552
0.9968315489985458
1.8696743914869323
1.103546440907423
1.5031316295150767
1.473225709369161
1.4604468633394023
1.0743203127926337
1.0717415591904156
1.5715453407884146
1.4393139846312304
1.4228408695276509
1.6948462711370114
1.4549723761416231
1.5375813491465646
1.5465178386624343
2.0285364113508013
2.2369061956429372
2.4611239688348756
0.720032648804471
1.2695943340364289
1.4030099605421837
1.603964510513827
0.7684780229256191
0.7557416756210303
2.193713667298789
1.3811951293525548
1.7574290601506095
0.9249480777469183
0.9869692542809948
0.9120497925665147
0.9334274116923273
1.7942604176280197
2.4542822247407
2.338169435298415
1.389008316926468
0.9036585643729219
1.8452168246593783
1.8690574217545088
1.8023792056449432
1.0667792020416873
1.7099965628216838
1.1001752950253119
1.098219750916271
1.6429076123787
1.156350482513791
0.7642938844162749
1.208302713659958
1.261130070002832
1.504279707932462
1.5314340395901809
0.795032671820803
1.18224994580285
1.663909151332406
0.39403719957794975
1.4827904413029305
1.3030541764882306
1.1351868078259915
1.8579499770332983
1.5988943129139626
1.744568892912726
1.4914606868393827
1.5238152829976004
1.9763574684096727
1.1420384312523069
1.326766086305713
1.3418237388882879
1.47597951730642
1.4877537019689022
2.094549118412156
2.0362994422324987
1.7900423348546883
1.7500633416952656
1.1293873065710955
2.0159496065843547
0.7535176987258203
0.993608275358843
1.1519754778961067
2.0021844040764196
1.2681166403667103
1.2564093850894626
1.1476359749043585
1.2660796913663708
1.029751549769307
1.9808986420424148
1.4731024798191787
1.2698252162906831
1.534472658496849
1.1193214958582993
0.8703721839907211
0.7713874596672592
1.1460385503175314
1.6363439731436102
1.2119818503106854
1.4047461664647645
1.4932918323920852
1.370951858464479
1.308408744731256
0.71353667179543
1.2868477188367993
1.1604828466548576
1.457553438641143
1.0338241073386643
1.6255759722325867
0.9718939042321086
1.9050740288036896
1.5656447189815104
1.2493934328806198
1.3851685501756033
1.6006572363244362
2.012674367577629
1.6688521243837866
1.0548668638572616
1.12234980441819
1.4436788361198534
1.33915560444607
1.8259989913490233
0.9240647908322747
1.2118218866527433
1.0404875632869504
1.6953848925977941
0.9676801471562433
1.8326166025230415
2.2565165981979387
0.7829585823354512
1.938000126409598
1.082717271941648
1.5505052649810278
1.436978592087594
1.483289134681461
1.2690389778729976
1.5262061138733507
1.3574028698372507
1.398693236770794
1.2163324111714207
1.540791879410084
1.8784545680467992
1.1711622867358444
1.6589180190207908
1.489459169823822
1.2198102088081555
1.6643227529084776
1.7177032066704936
1.7354576576335925
0.43026401218894156
0.8392109556569107
1.3334669634737717
1.2745747741251514
1.4127177293435789
0.7335199595936219
1.4844785445594795
1.5551718586589762
0.7585201213420824
1.3836807940444205
1.6154421153799896
2.045817786983734
0.7193320533746062
1.6270253523250942
1.3900335325328284
1.522589115036669
1.2775712913167139
1.6336549014282127
1.6133187747735478
1.9491318659424473
1.4114847959835393
1.4963621273414582
1.624308206820398
1.5480248555234726
1.6679612799405428
1.7191458898504963
0.9541490904038581
1.8711268631473474
0.6375156807129144
0.30903845692101456
1.3633283820007196
1.0733156259367107
0.9231965456214973
2.02732000076078
0.8047911051474463
0.9217621865453772
0.9428926015035015
1.938325301003098
1.323992904821714
1.3007647045276751
1.1437462162989414
1.117941648337219
0.43117885238312176
1.6844803653401768
1.0984973550114447
1.8310449187779092
1.1694420923203588
1.512227733139724
2.1166897172423407
1.0137896154646144
1.500282029195306
2.1378292286825187
1.293558900874426
1.8033018980977646
2.220218673383003
1.2171326423816264
1.3735047872172046
1.936682764330234
1.4533600470230559
1.1670632083426238
1.607877290495314
1.1425989053727734
1.1301911953356567
1.7066899815973413
1.1124032640850787
1.6892904021468356
0.9401330533708833
1.8586777576484104
0.7998440233223193
0.8095939166790667
0.7369668096357311
2.077913301995651
0.9540004889189205
1.2831165438122396
1.895189351027911
0.7328257459349364
2.2341183001364633
0.8162064061150354
1.4451510439870263
0.7997930701014495
1.077792632283279
0.8721199112862208
1.5716555384955657
1.9404308916867599
1.526594678657973
1.76435487384277
1.1958141384448024
1.735471478391957
1.359202173417371
1.8497870901244577
1.3333478593584451
1.2544729471372518
0.5113165368949742
2.290545962320398
2.573478783827051
2.558975086392496
0.17279237483319146
2.0240593943148473
1.825558098157833
1.7302276026560421
1.5279132721477766
1.326306140969078
1.8810175928807271
1.1972273606012311
1.8351677231201966
0.07955762022350706
1.0791026712408234
1.7785812050921612
1.5616827388207923
1.093334550023264
1.386295893478932
1.2936996389631528
1.4214423863555885
2.111146033321187
1.690779314756175
1.702389807672775
1.5288109434041088
1.3023590787623975
1.1662697431440667
1.622830276866108
0.8877429028228726
1.5771033824433613
1.8548088122301416
2.0065851694550108
2.024689539624944
1.2297996747499351
1.0569792504402673
1.6943534745832003
1.1982448823017924
0.804783149222029
1.3676856663544914
1.6536829619937083
2.130245531461825
2.22975335272702
1.939963546518875
2.0991071421270813
0.719750442153962
2.0687543608421333
1.464737030734624
0.9583596455448646
1.1882037578885263
1.539848926358579
0.9475176404560915
1.7053172965201548
1.0298528769526176
1.98046055609924
2.162631511167193
1.6158055385176393
1.4317009140818675
1.1869520939279004
1.710940098331023
1.6599797710140998
1.1124638137921985
0.9566047795420222
1.374461572325076
1.7314395981291815
1.5155345991454634
1.320203181745232
1.473713328788701
1.354671783762098
1.2305767853907799
1.5314766127445025
1.2506191874688322
1.2032274945841204
1.3030715637629369
1.3670915543380242
1.2539483068859083
0.8663106411296642
1.2686607966901469
1.8187010977718028
1.0109018507720504
0.9752260017589458
0.7557472752869882
1.852464617819034
1.7377662299739245
1.438425238455346
1.2716594083311716
1.7026492065771222
1.236242241654519
1.5867784052873255
1.1522044093678423
1.1160389828255808
1.252497401775564
1.8953449970738403
0.8248192105015567
2.029931115205675
1.0729172209538398
1.7106954116094941
1.5789994583276115
1.6524851826781006
1.5624415416657302
1.6912394426386563
1.3536938705657782
1.6309616899525072
0.7674758231264147
2.205849564222711
2.158949005990605
1.8352597844536143
0.9628709200255268
1.1043114371682026
1.7303890142911487
1.7928815169247034
1.5098357375675704
1.2339603112262576
1.4472767451805177
1.337054788278913
1.382697502645896
1.5004203008319654
0.6872753765992721
1.7651265669583769
1.922994912148763
2.249533292455656
1.2625240065742145
1.2952240171084621
1.3094806406205088
0.3038756505662107
0.5037788214551485
1.1598964266456273
0.3668790138812207
1.6213285015761447
1.3801108469458054
1.4268241097055163
0.7913700148162682
1.7310954478665461
0.9442709281266148
1.4798259241853584
1.3554678270969671
1.3448727439115342
1.1465149132062342
1.8718738141860247
0.8680011193425062
2.0358068976225505
1.8177181303475398
1.9574295267043416
1.248277885093587
1.2230724596723879
1.5179132071249857
1.5103384868527854
1.7713702051843434
1.5065142624833383
1.1705143139201555
0.849123232031893
1.8453130063604481
1.0640972530154917
1.6164458867218463
0.5475897407349285
2.202137437858414
1.6915227766547187
0.8119355718590388
2.095084604805673
0.6708967548601708
1.7289925178313916
2.353286628460508
0.12659486023011318
-0.10232753183458265
2.9559384443905556
2.7650193137143027
0.9279410600032063
1.8455800695144382
1.1815489548806242
0.9428975889928377
1.6564920024306657
1.870528125154368
1.986011584747587
1.039968741546166
1.89658666129031
0.8469640890008878
1.40639378179023
1.4047529786590722
0.9445311976908048
1.7428769843795089
0.7441279456376557
0.9625872550391473
1.8258542513005362
1.7219359773199778
1.5567264197045307
1.1462077413349252
0.7950844733604924
0.46922404750741714
0.955696341499011
2.2588683002222636
0.5438799203924709
1.2976030754516676
0.5829131527460031
2.222366804217065
1.4962975639375713
2.336931210170364
1.597398448229624
1.264045600611226
1.6854267791598436
1.2576885100040562
1.1035565821795812
1.0920543292309488
2.2423936205998074
0.9635665970023665
2.774694966042605
0.832283105048772
0.6222201277099138
1.1263423829130144
1.5892109203747444
1.7098440631719396
1.1426703842080952
1.6453942129909942
1.4158310153806697
1.7759795773904683
1.598522028897107
1.1150706215316804
0.42023425757935473
2.23154473816021
0.6154073352383772
1.9646400135639919
1.2896716298756286
1.6733016331827986
1.3856667917750944
1.7756150211519501
1.823872074624922
0.26977129908863307
1.526037235393352
1.1998999069823673
1.614421484119106
1.8679286737497174
1.5878776979383422
1.1576274165935627
1.8038396291369727
1.5673530153546904
1.0120231740765746
0.9892793021483006
1.9392636269347976
0.65630336346462
2.2014686780500154
0.3969926485625484
1.8823216064156565
1.4638768299468718
1.9504183501150818
2.0848907681075044
1.3974531405032422
1.0868516589369122
1.7147815681387613
1.6183765865614763
1.6412973685312047
1.0507674478738038
0.8358925750582442
0.4748232821350265
2.588037236672065
2.4559408002585412
0.8846439930001658
2.1462204438925485
0.6021879892664938
2.7808019795282073
1.9752357978518256
1.8548996540600997
2.586709607071579
0.09645112249255268
0.11867853097916621
2.0881840456930347
0.2646186483799087
0.9684910556083929
1.7628433030131476
1.2788192246240595
1.9565946202037854
1.718107854154709
1.5540787040735207
0.7529819202995892
1.9175810299459455
1.8623754776031145
1.504074217812127
0.7487567271209568
1.9356404211354274
2.2145185182869374
0.6868269982570891
0.9965052904664313
0.6654132936409577
2.1812561452430685
1.0223609946400174
1.6283341381390624
1.9608645066164327
1.3260220573122903
2.222415553956105
0.4776524643694781
0.38102839317715687
0.4970784596143576
2.358903315826398
1.748340239286339
1.070913921195295
1.4476986225070176
0.9625181868746142
1.2979803257633915
1.9687433115868271
0.9225488159784828
1.2449308073207617
1.2189454175912346
1.984290836794246
1.1788392511631927
1.2182806520800373
1.508378023731201
1.6054568426833258
1.3432750588416935
1.7802776243990655
1.8586823099980017
1.7598797467903522
0.8557121561969648
0.5675922856394309
0.5221686252476871
0.8597535170939937
1.3303697601681668
1.1277262281341442
1.7612835874636197
0.8685583078710313
1.2011651266190313
1.0157211619675752
0.9356747470577335
0.9573831303583822
2.3168942103600276
1.7601039306877002
1.637503627297431
1.7060806547457898
1.3168139510101837
1.1446980986985038
1.720593526253301
1.864617361732871
0.5016158620471912
1.9855623253538854
0.8559553051956179
1.4242699748912797
0.8676618391124558
0.8340952855689955
0.8927506447627356
2.8506900529383734
2.972711457648172
2.2255399869850065
1.8797693144523053
2.2943115091920676
1.8939013783722676
1.4880615278558413
2.0979481459461238
0.9916645885104147
1.227264480522103
1.5075025947648864
1.527319707844902
1.3190925933210684
1.8804925496689815
0.7141407043584053
1.844742111226239
1.2229750510519724
0.8485163795646576
1.3853053326792664
1.0237116990983641
1.60219425770087
1.1521984661351348
0.9055509537243008
2.1778967553559165
1.7038840682747531
1.4829232741922262
1.7228558467252642
1.7379055262128704
0.8017046216161363
2.4977001578447813
2.300207868868258
0.37532813068532
2.5680856798318885
1.1277376500084964
1.032206742382067
0.3383994425949698
1.8957844166311517
1.83865337437963
1.5780561964816442
1.9877409934521528
0.9297002800302601
2.3243740145459704
1.8026496497615878
1.0817332145796281
1.4957071522754213
1.132925955494902
1.8146150709730695
1.4084502626762585
1.461537389383137
1.8561399632363536
0.9576248991007086
1.2326215646075944
0.972948932736512
0.975069427549263
1.026122734998378
1.5284850437007715
1.8546614017658838
1.3140691415887158
1.5396590506716008
1.3284830965226255
2.703593186260321
1.4132468313749926
1.578491002295972
1.0718219095038302
0.9570064890416123
1.0895164910290212
1.0869117441878302
1.025949577594277
1.1230331056462997
0.9969995133038444
1.633815496139858
1.2989797658119917
2.334024337849225
0.6113207155040039
1.3282610006639055
1.1658065106045685
1.6384579023756365
1.3403959322889198
1.3540134207237535
1.3620410622287888
1.8697429975890176
1.3518119942932134
1.5767288069126728
1.414248863949066
1.5345578297679572
1.6412531395584462
1.7340160525634871
1.4879856263576738
0.7062914129376929
1.5824459502566173
1.5957234267615032
1.6065259404626773
1.408489164607746
1.2740593653089871
1.538890884198909
0.8580122709482819
1.9485736480204392
0.5940930720208586
1.9653291615094703
1.8618158081926786
0.8285729484907407
1.8622154159749327
1.7118929458059093
1.0996602846683081
1.5205731276042294
1.123077518993892
1.3633818326553213
1.1668659598113533
1.4639726756387736
1.4787499962126653
0.8787506116003309
1.8934561987944956
2.0294810768556215
1.9329062672389665
1.923055126601368
1.8193243836033466
1.3279759550741295
1.2548425043993816
0.7906573053053433
1.9267165328343188
1.510913742472417
1.2606792163228626
1.468571060447392
1.2709141849481007
1.6380105386574146
0.9011057268031426
1.2139864439784844
1.9101816414982837
1.5762767795244248
1.1426144854540445
1.7204945286616438
1.0243094337364902
1.7143174726385726
1.4615705925370217
0.6380250709824107
2.05469053669537
2.0826507875298157
0.6257482844166778
0.7332102465014755
1.7155943803730263
2.1402264249748577
2.1496679472346734
2.04204279404763
1.5830869402931576
0.52900303740883
2.0269789306105217
1.7542884159719243
1.6476261591103005
0.9550846308141707
1.8403671592804258
2.108175929246849
2.098649982878951
0.8123662600694522
0.9969342242471084
2.138052053785509
1.013728107748434
1.0791751357921184
1.4653000580895235
1.3063893080553621
1.4774974925888227
0.6257486645477657
1.5083552740340904
1.1851074247603217
1.1016366237088193
1.3227869508729628
1.4927357175214244
2.2308843891471453
0.7052372283922872
1.5465224362163927
1.2383648281807358
1.5951959508418596
1.510229752715936
2.484969627732001
0.4628298868769474
1.829253255410023
0.7968471448138196
2.07695142387718
1.2858291376094895
1.6234745937220512
1.1541321421218864
1.8779207606361
1.82318663221631
0.7877351541223652
1.7915841525985856
1.027668345771401
0.5090795253520571
0.8802329959604839
1.6068395097035644
0.9353019023562371
1.1001802345955352
1.1131268881378482
1.0173244521766682
1.090553406836022
1.5647262901743808
0.9461177099163756
1.0446061112387721
1.740317204669362
1.2688144723955554
1.3825185374941675
1.6546135456714866
1.2562851343890882
1.7334087318481926
1.5938159770511853
1.4773548266569851
1.5130807199040406
1.6950725719454145
1.2440848282939614
2.155407470219063
2.289779443478897
2.2118397125881915
0.9634249167291834
0.788973952763547
0.6785913458960356
0.8750850301007594
1.1621473805719997
1.3464356331496816
1.8194848271009039
1.118889281485235
1.30750093930527
1.0386484088643557
1.5902413953424555
1.1208638123090766
1.7924748490966007
1.33310994714321
1.4285677098330585
0.888396139497547
2.050575245393119
1.6533504193719417
1.0062741046523616
0.8881467325780091
1.8068297046074688
0.7469298432964155
0.8793557644218271
0.8749304591492078
2.1315424208150127
1.5635185926955348
0.23029068312828171
3.1338701569135985
1.2269123038973606
1.3697863521173959
1.29665477932205
1.1573646127589745
1.2235737204143482
1.4909151983708688
1.5778251985023306
0.9906890792871036
1.560548132851025
1.2757116407808853
0.612444144044365
2.2527138380666534
1.5373713304920054
1.9429426735525237
2.253302397513111
0.3715272943380578
1.3804172245528956
1.226027593064493
1.7489242496913937
1.6780199742402855
1.359339139113359
1.2401350017595438
2.04806164260414
1.7292224551155728
2.2390292719298834
0.4704785478556623
1.8422784059734763
0.4866598539547207
2.2610498614193224
2.072685210607047
0.8912245961820501
1.6328319619642135
1.627167965665867
1.9943862210231968
0.9391349382245734
1.5178160137101122
1.3043696021242046
1.795798431368549
0.9639619725876845
1.6864132475027993
1.6635886584016588
1.154056671653358
0.21961749589304036
1.2256421971140257
1.5281456401603242
1.489589315204469
1.5852283158796285
1.2865203570145824
1.5986492143680258
1.776490339512854
1.157254675082376
1.8036595683569816
2.184115207898857
1.4602239633008736
0.8206105423270276
1.3576981889046695
1.9355279194838222
1.9044637673912348
0.9018616050535453
1.1435846221399277
2.2056885997108093
1.7345611503194773
0.4465085883145055
1.7959841668707857
1.067027375947736
1.6725365707556796
1.803499694521913
1.105297879074879
1.5254946308201531
1.0260021017090712
1.8615200460798973
0.899724662472399
1.6646891886888298
1.8655718098422451
1.1574807428031866
1.5838154189460805
1.238208691171617
1.8472099866945377
1.1266852096220874
1.2418525632404505
1.0734621067407353
1.7354855011496924
1.1592227027410764
0.7304514430567788
0.9232183123664894
1.7902618171781306
1.7935238461174847
1.9505328032796183
0.9468331973007368
1.4230875233822315
1.6925414922606992
2.2657946734975334
0.4300716980431654
1.077548679731359
1.4024737432728913
1.2901343556590636
1.3406254248102665
1.760842094158038
1.4002281614543324
1.1041224442654796
1.5839399378005328
1.0857046510667336
1.2833669096180271
1.537709240998678
2.3397087537770496
2.330788329013254
1.852550389102203
1.5372628848430687
1.4562501596502362
1.466591198634088
1.312765566967472
1.3050975607133861
1.7045025679617936
1.375342013638991
1.5605258086968394
2.078090707156153
0.9373427722441398
0.6956106663721541
1.2034757333812232
0.8255894805118996
1.3673747689792572
1.1374238065853801
1.5786517333907049
1.4416473262842062
1.159414410888746
1.6769479834191403
1.562765278878777
1.2161836357517737
0.8496141313525841
2.16378801235815
0.7582635409670042
0.774489865448233
1.6476017126162983
1.034082718824658
1.3167638875019316
1.3078659796346748
1.5764737256618901
1.9918250295928186
0.9395926881766296
0.7839989118395584
1.5689655567906864
1.9007468308425806
0.9379001898074536
1.014405837041449
1.6660197220189428
1.2499085478276009
1.6427577807637612
1.5865191867004829
1.7936357219216572
1.0895332870161214
0.9867286725722173
1.1943904493630848
1.6532819002151513
2.699887383204338
0.5210097096417132
0.9993174230675554
1.6620357639693448
1.2081416145518542
1.3127752700264406
1.3634482794444662
0.5251857116016782
1.18421372511314
1.2970401973788022
1.071124487360563
0.9225316162513516
1.565749268137451
1.3942015379208108
1.635365813999004
1.2974691519504582
1.2630353615959145
2.048332864897841
0.7316496827881909
0.7525721055854149
0.08974596340323295
2.793409336866997
2.715243089320539
2.088152896198037
0.3826773838338634
2.8548018974669493
1.0526715573220984
0.8315399963444836
2.13594216923354
0.7991639439306071
1.8833023886857727
1.378854046010087
1.0890226089589736
0.9901311585140292
1.4697040039893243
1.2834203499109111
0.6898041821330095
1.925022379005842
0.9012012793761893
2.1724020072822365
1.2726551261075274
1.3773396993018452
1.3852181878060974
1.1579587350128044
1.8139249795005004
1.084363291466152
1.620110013149365
1.210360718695219
1.1713386562707868
0.9142948801516461
1.6036706507538971
1.497670760236226
1.3421605733091984
1.485607102967982
1.350709730321482
1.460647568533134
1.072076485941406
1.7676793701529676
0.3498259062366957
0.6281128828262676
2.1208856559233795
2.3527666727660876
2.133247982133018
0.25573185416316085
2.1990852406942256
2.1667578444300726
0.8314130872245197
2.116176120736254
0.5678751208077776
0.4450297195849764
2.227621724463832
0.7301211212653365
2.076925475618343
0.7770410779673004
0.6927635275792707
1.635731457629153
1.597589978366306
1.4003602956646524
1.1268955746277387
1.4349674036856734
1.1422803253833034
1.9993825120662
1.4752350057045935
1.5420780161036534
1.3273278594755686
2.041335031716529
2.0790369045492567
1.3021910960836378
1.264845294421694
1.5976847490243498
1.6343501917611307
0.5467358521607087
0.9047930954920619
0.2343126003871797
1.7646412380686245
1.1375056355343967
1.5190127061849366
1.1602583656708303
1.4947934285242572
1.287099945534756
0.7263083805041465
1.40638840462106
1.3040641231040033
1.1982660001003054
0.8415663182546809
1.089281295406466
2.1168497429966635
0.8275726787738102
0.8511916847084822
1.007136735589882
1.0817866860028593
2.0692084386191807
1.576744224703438
1.6061287505387454
1.1058259956555407
1.7015901992609095
0.9412161635532232
1.6309241391195874
1.2566346334859388
1.5059099606779403
1.2279725915936335
1.0408535398201175
1.0151375128103197
1.7810086483042251
0.8825009882375237
0.995702062608498
1.8855085052961484
0.9073117089113768
1.5587483616231024
2.0194127863095224
1.8780710454987248
1.0612647655280887
1.0269542357833554
1.204382174976565
2.074075430222578
1.7139472448531807
1.4570287979626304
1.3372827718250853
1.4967008243375866
1.3980619290603238
1.724934327268708
1.6186184848380667
1.6876736197019675
1.277767175254618
1.6594089895011972
2.308371448280503
1.726705077617467
1.8628406764825611
1.6920955077461568
1.3455432966573473
1.4396756481598396
1.7249359521406233
0.9215583189698787
1.64196284010471
1.3075611348586265
1.6381724901722583
1.9813701918236752
2.4660369233709476
1.44736483418237
1.1831422901099482
1.7083857390867425
1.0033313225161957
1.6870446066694098
1.4405171044829477
1.4081757767442633
1.6168388954596977
0.9477096440672458
1.4508893627245467
1.7797547907520321
1.3890735277717892
1.109843012079604
0.797888773565762
1.680703833052753
1.0716868075251322
1.191876149029995
1.7217931137679923
1.1424556495379758
1.6093063739183895
1.3819386656173585
1.192785055519098
1.6985109985980185
1.5842255403956116
1.841933194695183
1.7625208927507174
1.6382641759712595
1.395090706667137
0.7902941828236076
1.1881089320310758
1.4410530712904794
1.2152261769937809
1.077160262310006
0.20663070778608061
1.8803097847099381
0.8313063214434928
1.9176945060322936
1.2544880948855652
1.9717508007313385
1.99169172073829
1.992023217601901
1.6680384225995724
1.3649170297173512
1.5344621126906048
1.7364869755689993
1.2029106556758629
1.280232395729535
1.1576658223628382
1.6079517092700852
1.4472133457529228
1.3338592515598162
1.6054113907734076
0.8436241062148321
1.1965953702653715
1.7576381956451874
1.0777791399126224
1.289542630013381
1.4294919057495157
1.1001024415937248
1.629536406950618
1.2776918630546665
1.145958195356986
1.885146815580679
1.7141071954219038
0.9365068691923454
1.3406335779574634
1.0457213186674195
1.8509665666144464
0.6126471189098146
1.488253292319061
1.97822948194173
1.9005066748464943
1.9315267063214907
1.939753727068014
0.934596616402682
1.4756234073124987
2.320813147100132
0.7750437416966058
2.0947490802277313
0.8054160496975521
1.5179677155817024
0.9505502893196229
0.8824300537297821
1.3651259643100884
2.042273864496714
1.1453079579046557
1.6679595111646013
1.5559210464633062
1.651349672281803
2.096642467712653
1.8878970898010006
1.6282158265047644
1.0740345695454554
1.6468890817824127
1.5599790063633454
1.7456137449506133
0.8502910829149183
2.0574305689106085
0.5896709902869735
1.3689126547793589
1.6210478523482599
1.7879841415342057
1.3610646962935389
1.4970072043875573
0.9839202492906396
1.658711539248301
1.2988082003456274
2.1232567821076564
2.1510104567452775
1.333508243295334
1.220869453209058
1.6084453573463968
1.1376060324563562
1.734581199741532
1.4922396094349
1.9741818458673084
0.8030716746116126
0.23279145609332197
2.544531767975331
0.13645174818267156
1.972657100914169
1.1534434760661245
1.8778267955376882
1.5885548383561772
1.5434372915175898
1.7905294584596554
0.904817035467804
1.1994415632129276
2.104225601786211
1.273975418895266
1.9444391893937005
0.7612562439016085
0.9311888455332181
2.13915030416371
1.4426012362977665
1.1898078231723404
0.42041654050788896
1.4924107886636566
1.1848703133138294
0.6204457431225299
2.1496934310798776
0.3962265244717745
1.3063799761905948
1.302485092794756
2.7381941192100308
1.2914604543370725
0.9218273404341584
1.0531067615909104
0.8897751174357835
1.8743744964915077
1.3338854813488727
1.0833156345848272
1.658743127350281
1.4906910848462618
1.3598601747685912
0.7993387593082928
2.3046499987601976
1.707520118905671
1.0948249805753507
1.8143018389274956
1.9586334962550696
1.1979180915463439
1.554581130071291
1.8319763516246101
1.126171332878201
1.8994205882789037
1.1584723410201574
1.646100235829209
1.567619308201748
1.1239233712422199
1.7067904478015865
2.44736381886413
0.2911747388453157
2.178358428334729
0.5574816771245419
2.0780450495591127
0.3688988962657288
2.402203069333836
0.9055667295817815
2.250378755667562
1.8966935905518787
1.73414154702892
1.6308751854916472
2.4712667020411145
0.5152188528484439
2.2866657856863544
0.7235515373704376
0.9070985895042516
1.7225045342025622
2.4788566883003793
1.3323290137543726
0.867848353776808
1.4979241607229592
1.2013119681857871
0.7216667052052962
2.068996892112574
0.8571539192693106
1.4094312478883777
1.5452217882284207
1.3562241621513633
1.0012018970938614
1.4599169384955473
1.2309143127570066
1.5753431647879408
1.8374766060715944
0.9800599812543948
1.721418194963442
1.6253793761037816
0.6946624054729345
0.5774223391464719
0.9837840676985365
1.6688337160076387
1.4704418919982372
1.4789990781513491
1.371614041443271
1.339666334012958
1.009228587011096
1.75470093701978
1.455008195457776
0.6972742333896388
0.36880004117779663
0.6732310217285502
0.7498069612357063
1.8542821664112215
1.0723757622836745
1.607467539940148
1.1092411177513846
1.5109750371376627
1.860559370786678
0.9631154250227413
1.746740475361642
1.8774925749194427
1.436411261848752
1.8113445449842338
1.4892614646538214
2.122499245027114
0.13781878981525789
2.427788874835276
0.6607859516370426
2.3467341283689946
0.9223975801417087
1.696684147773041
1.9262219273821148
2.1213432223940334
2.085426489658586
1.7057998941612156
0.9467705352858194
1.4323527788044335
1.714402936629148
1.1414402625966193
1.6738049549018248
0.8551609724879
0.9430621346950481
2.6513331131296747
0.7547083646294118
2.227806226308658
1.8913342097710704
0.9478954271703759
1.1620455277387918
1.4699363208068623
1.383220314404686
0.9552575327185819
1.555707104561169
1.2023104074947393
0.6356369880450072
1.4469560806892923
1.214548579512796
1.2193159253968873
1.5971518203372512
1.1222392774385639
1.2561771099324197
1.7177332998230819
1.187195457424156
1.4718309387814568
1.1560396540793658
1.2631499087652736
1.645563996309145
1.5974395231823122
1.3142530632788174
1.9315954156228503
1.032920431157073
1.8281754020581762
1.1333368843841223
1.0414939977627105
0.8980133538674351
1.9714931437173173
1.3996466340010167
0.47896179771578684
1.816763450505863
1.3795976132446284
1.459781484078081
1.7626175069814791
1.8456234285100024
1.5063084969977807
1.3043128905469283
0.6631106308526923
0.6701672768885152
0.6461197234364203
0.8080778819763691
1.6298394511191892
2.167473522350687
0.5598166620386866
2.2081348737918316
1.4871374832600006
1.170041337925502
1.899541505322176
1.8518568358112593
1.6815430233822855
1.8837593457582498
0.7632911310211836
0.620204959754009
2.2514958093107444
2.6697487420375485
0.4671079507812695
1.2700203846933915
1.703196672636882
2.0309896699999492
1.2571512895542858
1.464299828278079
0.9755563823173944
1.2269756508082
1.1492904981545229
1.0488020805560994
1.107273995473712
1.3070245400579452
1.2900354658713533
1.101552538524298
1.596044231566576
1.8036876722809916
1.9396102448382304
1.7010621266744073
1.0706994828223688
0.6978487097226668
0.8839877548551388
0.7656333995081285
0.975421006629996
0.40142254675342126
0.27016823736539924
1.2088878680571264
1.925108841639863
1.418183065615379
1.4261660450719726
1.2193124623365044
1.5690351473561597
0.9619311683366581
1.5607447634507081
1.2756084668047227
1.6516472402329556
1.7363959121681467
1.7139408957720985
2.245914861927864
0.6267000843624912
1.0370770881295823
0.6698298170825234
1.9596517727554363
0.47363169418225526
1.9224355336706858
0.9850942538645049
1.1608482221453436
1.4817989887644993
1.6509908497852386
2.3894660106752847
1.0989877218489064
1.6470605674616958
1.330162348203923
1.7652753828711927
1.707124936037739
1.0886690731753712
1.7522360939502564
1.1765438874605285
1.0429107906029196
0.6344619810242805
0.9023765259860355
1.2793310961898547
1.3888000967608716
1.2907550395977796
1.2481205141504421
0.06424860079083572
0.6647330198306737
2.7854679886046183
0.48849611451038877
2.0522180969482036
1.165374465632929
0.7366416415734186
1.3849217185095088
1.56616291926794
1.6886264241728337
1.70139215334431
1.6663469486246334
1.815028444558851
1.8550978567843086
1.4197593140526623
1.001681561139924
0.6321832235726611
1.0056546031627442
1.419276880351974
1.3786759782264189
1.5868624167435927
1.2902800044012859
1.4024987095759585
1.5643176009780073
0.9421929943499185
0.9408427318126288
2.165246749648017
2.182883181639604
1.98622830535562
0.7038045420369149
0.908286210294245
2.6563473394427417
0.6681805423175461
2.478005317417182
2.4830913779393455
2.573342189442094
2.573342189442094
-0.07949688503965831
0.5657805957948177
1.246863567280799
1.370714120626589
1.7862090026271344
0.8415181034119855
1.8808083042117616
1.595732081514217
2.140539155154325
1.365252598320451
1.3485751209366872
0.7564878258935909
0.4048954984844698
1.2222599958573066
1.2683450852973117
1.5960005411825513
1.5159568766611653
1.3248392580632975
2.2675894832364167
2.6043928276592085
1.1119793183516098
1.1661022150947942
1.550777712388679
0.9465554854335267
1.2788889075775187
1.7346952658325332
1.5904633714310288
1.3972997100516553
2.154278717452118
1.0695059644444413
0.9593600183100222
0.8178172729097178
0.693143300629084
1.9007109173563057
0.9400102284451245
0.5859611267009135
0.9441020445830454
1.8874364620736834
0.8974312742486534
1.1006822516274946
1.1232631263687536
1.4315564559336456
2.255232852010395
1.8988164169410129
1.0016185433704026
0.5693860423944713
1.4832656017728292
1.632966372763221
1.310311445747556
1.0200873677173292
2.238484821709449
0.7912377224483792
2.1583548623741664
1.9855477807959734
0.4549582343377065
0.8974688619912238
1.4345992812002464
1.8716744685878803
1.1498437182909307
2.2223725570745345
2.2035811586735408
1.6471204783459708
1.842060405251564
1.5303949698155244
1.3680859109489256
1.4059380780019615
1.4372234294513677
1.4652265603749286
1.3826822303632156
1.8600885782051886
0.6828700469819637
1.7740943681113537
1.6238450042746992
1.1428867029158525
1.5710965017925047
2.1506820700146627
1.407270885063566
1.7515392455961396
1.4011998844855866
2.0243042069874737
0.8485550082942488
0.9216246396041243
1.8320148490764958
1.460082983193549
1.5822484492474511
1.3251851636395593
1.4936977246022989
1.370369409823048
1.6229055030228487
1.147206078628677
1.7033864304933137
1.3508123274472255
1.3403519296411326
1.1985422178280063
1.958378225296149
1.3343214972458632
1.047997281129171
2.1094706622664976
0.1378253839260288
1.5836970806857318
1.1198602276625762
1.6909103411749984
1.8327322233769472
1.6731746023909417
2.3160864699103745
2.112861289103181
1.0197461288525222
1.745845195771211
0.5842474249103253
0.6876265708954551
1.7244761909092652
0.6457291538128185
1.8364355715058065
1.4745496228597335
1.1775637720758565
1.2152136616230367
1.5761011887644725
1.0494624235679582
0.8559051527372519
0.9653446627545739
2.0500420740087875
1.837568064791058
2.643323874604922
0.3596106906850467
0.5367297179131243
0.5546008168566027
2.0410001688028907
0.6512791424076441
1.9511579940285937
0.8300814179821701
1.6557660851258382
1.4757613464967805
1.3215758093837224
1.8884778160950577
1.988655247969075
2.0168079301282416
1.1795045864810703
0.40644810585893354
2.1102762861507607
1.5964104994693515
1.7347786182338227
1.3894386259063174
1.3034316097590786
1.921407194664331
1.9139979527534456
1.836966735988733
1.7077535060326576
0.7832380479187705
0.9594010636445992
1.6438371237462328
1.9354512337717527
2.146632893266618
1.9520245199495752
1.416118618739917
1.330822855434211
1.3140801170753722
1.2934361842854654
2.3940004392981065
2.498235808544028
0.2799200335298343
2.5309209472169276
0.23693871637674999
2.48372171851025
1.5481428815208358
1.3124433499801862
1.291431274252049
1.191322228088567
1.673220819428859
1.1303873724757214
1.6202064505959395
1.0540189367286954
1.9447916890809933
1.862344121779629
1.0037682172591322
1.3974715270367688
1.4295915633931844
0.9326784767837513
2.0423522966537897
1.4296567191230147
1.1592576046131866
1.2201625303419439
1.5343440621567346
1.1235614008151942
1.5716371893923444
0.810714438772067
0.6996168660463397
1.670166161647448
1.0004982578391
0.7473785087405899
0.7606895518623389
0.5465946727191808
0.9653690455060042
1.6449824490366438
1.086447188961449
0.848112400521695
2.1442617203343537
1.6901142878029618
1.8118078444589685
1.6831222152357312
1.4951345073813973
1.6916376164463751
1.6873621278899538
1.5696490749561163
1.79650543329301
1.0111674951675014
1.7311469954179026
1.8135321703488545
1.7744949996851394
1.5868441056572336
1.5421391927324433
1.1202987766379333
1.035403109012264
1.5736824148723583
1.4345637486868985
1.3445739763940687
1.4301001468173502
1.7879467975149779
1.3584102443033519
1.2258356624912052
1.4083227666573306
1.5924439415071563
1.5825163146991854
1.1877513590244966
2.245584948240069
0.4169859269152568
2.412405811825191
1.9852418502209692
1.1926525044065492
1.014568919711031
0.5416692688481216
2.3445881711496965
2.0044966734006486
0.54721104072847
0.9853768586264691
1.1479027867476268
2.0878845610455428
1.4267783168545516
1.5221038956946278
2.6860843715197507
0.7960169902797681
2.017292056801747
2.0912965855090238
1.376582651547608
1.041893154658562
0.8011011468163748
0.7306911264224809
0.747958868270596
1.8524075179867154
0.9249394822718267
0.8405511515759465
0.5213478878290418
1.7245816646288634
1.0177763629155825
1.6517864879563462
1.4859041677249996
1.440302029694661
1.1903305166613396
1.1334123460070502
1.8751881694105608
1.1481822938083244
1.8506815448626308
1.8669320440619077
2.4831414966138556
0.9448825975897192
1.962767991336186
1.1018667019162598
1.3655244837689886
1.420779933512593
1.2355500347205564
1.866713071001809
1.790299775947476
1.4479184290888594
0.8873770108055186
1.1913001250198967
0.6878289020147945
0.6725395812929321
1.1718313421721642
1.2701777187755114
1.175383463150346
1.6241236107122352
0.18165661698173202
1.1763825981603468
1.7498546166576245
1.415073286207322
1.3469606247110255
0.46373601879340093
0.7502518412415662
1.2308201197620414
1.0844761137621515
0.9706706858207005
1.9225755907146171
0.7560353776490422
1.805707094812981
1.2478424144324272
1.6218301454350545
1.5783738291493423
1.3245955402034824
1.4338995287709722
1.3905391463887833
1.2065739762184904
1.43704650462688
1.5081577357752871
1.563796492531824
1.442071633428698
0.9885583031351631
1.0396879745214387
1.046930881310835
1.467543746796555
1.467042966054655
1.4299293866090053
1.4312285139370193
1.435409844784497
1.3025142058233055
1.594162399687496
1.618036667195534
1.6166748534361517
1.0007216639158631
1.8932777140054255
1.363340879409653
1.3110027256675287
1.3322705425137709
1.5629736865663695
1.499866215493497
1.2981714275538867
0.7407983759839026
1.1745523710498753
1.5313164886847503
1.3887170539253506
1.4170873782350997
0.9259950954951282
1.703454723719466
0.9669224287221145
1.0615002786014496
0.9509449081936978
1.7295038509087264
1.4261393380311769
1.530368473383325
1.869835931798927
1.5010917955527292
1.799378369931893
1.3868555439569643
1.6356518494427985
1.9897976495938743
2.374441606467442
1.4782129889264137
1.5193819358904184
1.0552553716075046
1.4161802126009273
1.0635123348025508
1.0949112821431295
1.1855210251211064
1.0853493820494564
0.6448540650220609
1.4803737050897927
1.710401029545517
2.5652270551375627
0.8070882742565437
2.2946396839837435
2.0191732209569597
1.5331961117794743
2.0437758144161964
1.583451469782213
1.1555490103906243
0.7692097246826196
2.288825501711047
2.1646699109683225
1.571074642983788
1.0444993448667814
1.253318729477052
1.004589634616319
1.4481104599368928
2.0637515603884715
1.0045905414860896
0.9443997432481621
1.3608850169811035
2.135086808401098
2.299864140013756
2.175734936819154
0.7933615924975203
1.9064495510412454
1.4644349396639686
1.2615182631078488
1.5308464217099784
1.5263304571238514
2.118096401215625
0.7044009501390731
0.7148044501933364
1.824735153069759
0.8664152342539801
0.987701916771514
1.357946719275456
0.7446649061285893
1.1773661063744447
1.7572610457162765
0.617587735778883
1.684923911823213
1.5844988593072493
1.676223347610352
1.1555910309778288
1.223357554029223
1.1370205345777045
0.9416452064280239
0.9640313230443356
1.8486505690756818
1.1298456113425746
