0
1.218499868818435
1.6245718425714428
0.9252206783564014
1.8319460524856004
0.7058818024639526
1.133945423813674
2.3204781698568255
1.5684872846128555
1.5375397644661222
1.5663144487436165
1.841857318700717
2.0623794643511264
1.8114225072699823
1.9976003612324829
2.2764116387549964
2.2130516536158407
1.7412585793424564
1.4966661843248565
1.5946077097769684
1.7664909494728325
1.2988402429376007
1.499583845984463
1.8052918271876381
1.627843377566657
1.1142655862395023
1.8128259325724572
0.8662201663248914
2.017125143649754
1.0691490535844845
1.479114721789085
0.9049819521404462
0.784381482517759
1.5210024652484442
1.3994050562206286
1.3269723327055807
1.4590060928385145
1.1514935486388733
1.6354245496353406
1.470231310620069
1.4519881287797045
1.5382428943508204
0.9167712892352736
0.9684679855383467
1.0986590600617525
1.734029584494852
0.6130932187796762
1.025233702797701
1.6578372781103987
1.7075160907002762
1.044263640667149
0.8718135067405219
1.8451996851957664
1.3578701030232758
1.777765938538215
1.5652227954287798
1.6614857208598257
1.4417880350120478
1.1739337505207343
1.7091369899042124
1.255219791374373
1.2469144715495806
1.809833412041943
1.0215022174060193
1.9086223194480656
0.9172644251266061
2.292552253851366
2.421830442412731
2.175574605997861
1.6717717611955272
1.039208072692005
1.7857411685958973
1.3449567794061266
1.4064248250399085
1.170247170926247
1.7905293286044262
1.4528555708464912
1.3214178609487062
1.8235784338504375
1.652921713254044
2.27294533177441
0.5146828979665617
1.4347755492310972
1.4748824454215415
1.2415083251692134
1.693183994215848
1.6979899168644097
1.9493286510524679
1.0923033608579675
0.9793316171601475
1.9319070111514727
1.7482431350797836
1.3392273916891684
1.1471036958827934
1.2027436603265154
1.971261131061202
1.930391037008072
1.2660632477463583
1.3087605738943635
0.7260633401560628
0.5876838118167136
1.0511386020888276
1.8450307600384848
1.040374693113614
1.7051683316240926
2.075128474550988
2.141807649690321
0.9757985726082257
1.956844509631562
2.096196903604264
1.2443948991825897
1.8514276400165364
1.9131467980488908
1.7847091917868123
2.5087489042362208
0.1948872696755994
1.496438987291509
1.3845089956722498
1.6314994120356674
1.4794089656568905
1.9596428219894313
1.1538704062456335
1.069988982570075
1.2442826895371275
1.0434573269318748
1.1162079474448412
1.1022010550470887
2.2951862438673727
2.2389311393078097
0.8840158318727178
0.989136253243349
0.6288984754390153
1.0849853545477728
1.3880047006133334
1.39127363148603
1.5959004005609891
1.3338196124947856
1.3737019632277654
1.2889453319894728
1.258555206117617
1.4730086534238267
1.488522655305218
1.0378273609315558
1.2567836711593876
0.866722613430806
1.6417488279845611
1.16147738036272
1.8630222118933653
0.9328228729309691
1.9169327557280438
2.023138514085592
1.229756825571736
1.6910950250417547
2.5980459677212004
0.36601252371819365
2.3589365414963157
0.19608674013178848
1.5391008398312016
0.9677885121687798
1.7581916468184324
2.1002554411173255
1.7758099698064886
1.927107374225852
1.746523394542724
1.6992242258771624
1.373191027054227
1.386344071664617
0.49814490082946816
1.8625370987776506
0.9549043948866481
2.083569987809762
1.722982521418755
1.3751652153386311
1.523091787033447
1.359628138227146
1.1575430102161939
1.002681019946031
1.4101849010360206
2.1322359717539334
0.7324158580466827
0.6495991063581764
1.07344148769072
0.9323540821359739
1.3732596187348918
1.6722528441962825
1.0162273165497389
1.995949627268947
0.8233976044174965
0.7964099361456031
1.4024926148038726
1.43641604262653
1.006079672141193
0.910169745789255
2.2405113043153704
0.4697548007592903
0.9757851184006807
1.6016222917188199
1.612580667200653
1.280656949973622
1.0621848848902422
2.9320027746342125
2.5637317196958187
0.9905313987807801
1.020197005676607
1.3015181420180062
1.6020650438908262
1.01965709026663
1.2459021655609341
1.3042300769634954
1.3146553885449144
1.2921293689945612
1.6157427607243353
1.4492777569795336
1.4142380866737718
1.7897516168390408
1.271488709229713
1.4595794699836508
2.2384705583493094
2.0005151659021303
1.5807864650574686
0.9995390113116912
1.747730948931672
1.4736549810542967
1.8014314468339685
1.8936236382397418
1.582780434176743
1.778393683665407
0.9301531896050415
0.679468772442078
0.5781329865349359
0.7097163260532509
0.7425519576156426
1.5971692547819436
1.0263806488533156
1.850881034111096
1.652144034242534
2.309880527680168
2.6369376139032523
2.3246586623277707
0.5280379985560127
2.469502542246147
1.1851248053703116
0.9116972152707946
1.6263397119940355
1.5372820975652857
1.0378671785632505
2.0340792275984123
2.0800035925970324
1.2495378567355784
2.722771190158827
0.20247610038092345
2.160013621427305
1.3299878051311458
1.3391286986257642
1.663742249927005
1.215462118481647
2.229755850930391
1.3135330688365516
0.7094374357661433
2.6323837509844568
2.479567058133343
1.3772938698904849
1.2296710248903693
0.802277713984736
1.4881298152535465
1.2012261407197866
0.968333797125345
1.9647046328745255
2.0943900604831462
1.0027554281950315
1.7133474506816908
1.1788279441684086
1.7090400094835876
0.6798672402901026
1.4150819844723863
1.3055582301457958
2.3484241436470707
0.4124424781292615
1.784659223851932
1.3692962965387023
0.9275383996178254
1.5164783902690213
0.6576155341510954
2.1385176754263324
1.7509134182622332
1.2384469304043175
1.2346079591119152
1.618545808402556
1.195807928756322
1.6109332278041633
1.3047989173286973
1.4676592962073767
1.1036794948684485
1.6667210034064353
0.9567389372953385
1.8625159757863554
0.9168985522479985
1.9177895604730701
1.5310378686229917
1.2598571417982583
1.8976393780541132
1.863104818001701
1.016201563059076
1.7415020269011456
1.1889186571610335
2.449794035123016
2.1403024386281353
1.8662959786322446
1.6872668905308197
0.9288422309868634
1.9685462835408272
1.6158573040086202
1.3749856756759613
1.5369636028812854
1.933400663478668
1.033253350320237
1.7353477268003228
1.32837115839324
0.7417702858672214
2.238193656486638
2.519993616465935
0.006259974163614992
0.8571906085636262
1.5429103792342338
1.7651855695286027
1.3982785748059892
1.8720584295227118
1.4672837308634268
1.20830587694248
1.0551625849170105
1.071472562075058
1.5437202076895422
0.744564817063069
-0.06541337281817594
0.5008651704458089
1.7278550039212068
1.8267408071537352
1.6498837916279412
1.6070925789218844
1.685773662597425
1.5629277567722526
1.6561895695420628
0.8602341570091694
2.1095948573480565
0.9104262571783942
0.9840667555567677
0.7907004346989646
1.3080448206502095
1.3297830610069266
1.707567342272814
1.2455860293679901
1.7891409587954563
1.935236767627661
1.1276908412528452
1.727057737983129
1.1794837572775372
2.232699211367996
1.2687613511830265
0.8578344507217028
1.1337539902031
1.540876340996825
0.956508577617104
1.8552274422460264
1.0698493237500615
1.7935300988611833
1.1126853450464531
2.0657212028989633
0.9499310258157071
1.0373721657772874
1.8592656506563863
1.9601611123126896
1.4694046984900626
1.3083630582445351
1.5112145244470505
1.8256246367590432
0.8059716167607406
2.038168299056405
1.685159999126316
2.2465244120419916
0.7254515376231211
0.9221858455988273
0.8161786615039255
-0.046793310449527475
0.31323288429551915
1.5133729018891589
1.4461130495642247
1.2005693175916987
0.7464540472054263
1.9906283959759106
1.672642487758308
1.321311222470961
1.6070633979073106
1.391394867009139
1.368089969425984
1.57266092194632
1.0035727606862082
0.8171382199577646
1.4041102955946108
1.8239151048121804
0.5976470971333052
2.080332675797651
1.291376445155804
1.921715204805451
2.423908888682471
0.4651131643017048
0.5472691059607663
1.458654592695778
1.343122682053162
1.3131335097050947
2.0011408301580813
0.9081481800817285
1.7716222960583021
1.3265543629712722
1.931660019107468
1.5446779368025456
1.715930024055963
0.91827733320291
0.2836844032596102
1.1658941128619986
1.0520108996951092
1.0613540729369606
1.574201696403746
1.9206964292897972
1.8605597628748427
1.5608513195755755
1.6707304226655812
0.9123543940145212
1.8866802114324814
1.2202023641445807
0.9326869309141427
2.295124301641293
0.8385520488162933
2.3534785191361722
2.040903922605693
1.8752207416249305
1.1567999024495026
1.6630844322827247
0.9937724784566895
1.5707101569848239
1.8021951466613528
1.6915507215903989
1.5293967370114858
1.6452253080449781
1.8686265897307657
0.6979888218248775
1.5465142135458774
1.2190820710660781
0.767012282929537
1.293873115597541
1.450279204661302
1.363282724536921
1.2106408143315492
1.449420334875448
1.1368538809971316
1.5559588831360707
1.6453590479707205
1.096954785054194
1.2860136147312031
1.7917226940528939
1.7387113207733766
1.737346177157248
1.3783134919724178
1.736005674579238
1.3810690221175055
1.7742296657295162
0.39801961639231576
0.42457515404785967
2.1476870928776304
1.5319889917929905
1.7999565786691931
0.9588817562418528
1.9785675567752277
0.8264971090849701
0.737046407153116
1.3207661677526923
1.6317340622144207
1.0500118319855896
1.3900657201671571
1.2754982572166937
1.5449783959924948
2.028064194012429
1.8574369713790766
0.7325280525275137
1.2642790277979823
1.3546918684505982
1.5176343605518905
0.8855176180920569
2.060438447169922
1.858403158768491
1.7881010497113885
1.831781028617884
0.5735259786450957
1.1496610693081606
0.9808278723599312
0.9805144630523686
2.519968485170315
0.6192973347693042
1.1675933306456387
0.9042336120344714
0.9208677199113924
0.6839240878575695
2.059191446599251
1.6060499669832653
1.9136406032031652
1.3150167351159896
1.3185122935926783
1.5240667026283876
1.7956830071593477
0.9419701161340706
1.7168029896881916
1.637860924821793
1.331694960236676
1.6982132480348595
1.8769283981149658
1.0387152649206948
2.1171190672591167
0.8888786445701077
1.8983312937677268
1.7499492126921423
0.954865512455555
2.10501119836947
2.273993765920038
2.7283499604977752
0.580868984377356
2.204219158923031
0.5162806335826511
0.4175349603768101
0.7222923251847728
1.4856838168061302
1.3253769150786812
0.8721760812797135
0.17410248654126265
0.7141570347238763
2.7405983844546564
0.6533409299526483
2.27593675937576
0.7552361382266107
2.2032659355808635
1.5663101948265976
0.6163009881517386
0.7030537291339886
1.473342525590608
1.7228460509568535
0.9699708256849778
1.0812887174385433
1.6943532911571475
1.623636683570048
1.266242267174129
1.8255852555998524
1.0938257684870256
1.0462291358511582
1.5938456401153371
1.3547379739552
1.2820518285859435
1.5982013951340441
2.001850281636863
1.5627291619025434
1.3739050747100154
1.9839531265668076
1.8561775299243024
0.36491741664735966
2.590070527371536
2.514874093961218
1.0832005983103146
1.6228533346297171
1.2412884632626262
1.5865500509366377
1.2239635596164862
0.28540487439693574
-0.19874835563316443
1.5383334899708514
1.200156970451101
1.758103847723999
1.0771726186956931
0.9598078489127073
0.3651980855249292
0.6076780318458913
0.49614594479080965
1.3554302493563308
1.6415304494372933
1.7966462880482035
1.52624350390821
1.4684387506552772
1.3984381558256667
1.3784221528329224
1.4280161532910491
1.3640997996177635
1.0156090979072474
1.2029315251553772
1.9214808848259932
1.2426198938720974
2.4446533561197477
2.5968090493453984
1.5472612860536563
1.867760856870631
1.7210203466986334
1.797617245952864
1.216032581491274
1.0202577178156687
2.2953765869850566
0.5494273324082217
1.7856463974333185
1.1918828983239966
1.2298682507829048
1.0274941622600635
2.4393041411071845
0.9021081217750054
1.0005202496468362
0.8188845685536892
0.7897296224147674
0.7465108887962901
1.1446186447372027
1.7797385239378627
1.872449501730484
1.5938799947555844
1.1961982786671221
1.3201816851278227
0.8830004005340304
2.1067181933352477
2.335576728686157
0.6000265338810247
1.2308782386567896
1.7329216733772261
1.537518395999697
1.4048208665714292
0.9083298675183147
1.3775994251194041
1.3603206079370622
1.5809941396770766
1.3990173828245434
1.0337954708491441
1.7507935148281442
1.366979961500527
1.87484916305974
2.110140304944911
0.5596938252093495
1.6751357206549466
1.7623776740306452
1.767169339414793
1.4073579968209082
1.5294777494603449
1.5203786328936975
0.7036130496626117
2.0788987717568324
0.7888679893581263
1.501174069356632
1.3697493538145722
0.613631334458983
2.17400769391658
1.544125756428557
1.3326172432796246
1.4701121119805554
1.5161278449487725
1.1790127372729342
1.7492823529934456
1.7294156267843985
1.1343270468590625
2.3546331036102743
0.38940157811249776
2.0307818601648746
1.5460044150660328
1.4425826606930845
2.011783226969574
1.5097606747998418
1.8258653163137277
1.3126607698383184
1.4097981417493302
2.163082709435747
1.0514478584074616
1.8739484262993726
1.781037322587596
1.1262960844797971
1.5980767943490337
1.341512376508746
1.6741866879352922
1.3030396572566258
1.6127152688602726
1.4154318518776234
1.4797533756099306
1.293189440214727
1.2300243257476258
1.2185415631335728
1.002992762304053
1.7988917338282844
1.3426533824795666
2.2087004290032337
0.45701103375501023
0.35282353037361114
0.9750675244800242
2.277999719085328
1.4901006109765453
1.5265784822232813
1.4895686425672938
1.193218735846136
2.354013738718548
1.6217404763339085
1.4897945194040758
1.5001793195173783
1.4711231888771994
1.4834624412426993
0.8906622787192092
0.40825120879293525
0.4029562713868466
1.3702144868185955
1.4194664096040728
1.5996349956158065
1.2156772392523634
1.0226930210275968
1.8371981958743755
2.024224962333869
2.7302349575795613
1.7320035510004936
1.0610082627802526
0.9604669889303569
1.8316124039133799
1.1453460295849813
3.137330660355766
2.03293567979182
2.3019654381929753
2.322104544668047
2.2928971099577424
2.020706341776998
0.8201849576483375
0.7089236822019795
0.6678243121694154
1.5474178002412544
1.0093090974896985
2.116809238174515
1.9556723282200166
1.0972355657557376
1.5251433663379377
1.1146948820539517
0.45585184836674575
2.112348374729611
1.2694751463204137
1.2693504965307476
1.8570328017024644
0.967635358737412
0.9875222846483932
1.1642124816932782
1.2278788304527366
1.3793919987467278
1.1644912562932992
0.6773797233142604
1.9914818984760914
1.4977643749434544
1.5248400146014351
1.4445645962624625
0.9024642133411855
1.7745156278433547
1.054923706036354
0.1495969967470531
2.7164083344847185
0.9989931464145869
1.7944230960473249
1.7209863185824827
2.174458951426462
1.1758271931569952
2.606962381490569
1.7013464251054498
2.3821086016081723
2.1092783225486182
0.6597153931015319
2.2746342691076973
1.1239561327615097
2.2184191607318926
2.227424932870042
2.2464350904392356
1.7773102731359562
1.47239811300432
1.2821216349182338
1.4235801206892584
1.5131617577900114
1.5475006724792495
1.6154981722993977
1.6529804605823937
2.179182426471867
2.388204264476112
0.5448246305228793
0.9101997450495065
1.1302472909946617
1.8942258790411797
1.3686511254143348
1.532953677246508
1.6722299440460306
1.1898178898625869
1.7953505655044295
1.1916248030566823
2.0493767942594485
2.3813911389654763
0.9029960769965363
1.0220169617249308
1.8218969827737355
1.9795588554646988
1.239594277282484
2.4136832383062816
1.6708736752132407
1.5669690618840557
1.8295538629582737
2.234427952808183
1.1508599618266517
1.0266389735156844
1.2076257312679068
1.8346253476164602
0.9826046612545389
2.0328206396566486
1.038016377762954
1.7733069996926
1.337973698483631
1.442288733213387
1.259821560868211
0.6969559665106236
2.206191118323198
1.2185873091840658
1.356687073392206
1.8856752762048972
1.042498012701649
1.3467374568604664
0.9154087850466003
0.9749808770230984
0.6367811144188369
2.0094874614304667
1.873003216798884
0.8938059839745476
1.0048529428664277
0.9225122481500313
3.071190356942189
1.0924005051563903
1.0147858830692729
1.0257344747126529
1.0227047351751062
0.9700708688093663
2.174909266529149
1.6451436424950494
1.542036982428491
1.8810975939240788
2.0246159086700484
2.1131963934240177
2.5419814916093864
1.0184327304405614
1.5069427960084016
1.6902936134761033
1.784118779265816
2.7046819077139514
2.624833697291947
1.3638898065436447
1.4873133290613703
1.7235265609330304
0.398313946972883
0.5953744447642583
1.2112959220839112
1.6734162987529382
1.5381406668634652
1.33201069352072
1.704376729410617
1.7866924263719113
0.7076737830621708
2.080711659711739
1.531827613943164
0.8887643348791859
1.2970768418970042
0.35433191793200625
0.607766645060004
2.1340651029204993
0.7059103765143478
1.9973336516977145
1.6076820527657418
0.805582334027301
0.1483620761737711
1.0089001173139176
1.987417130095074
1.3330301268497324
1.3693525201029024
2.019224627177671
1.1944027514826359
2.530085398724463
0.6710102920914786
2.33660913113054
0.8540969059395737
1.6888029069943629
1.0829460585654664
1.1960019703564033
1.844468833911712
1.261150713450017
1.6046160828246474
1.6114789002731709
1.2854795986374505
1.2964870464062996
1.8518633832334446
1.3913796135152359
1.001777717996028
1.836166760069646
1.996653467090748
1.8727952747991683
1.6599404786491923
1.3406038303171857
1.8289773506890998
1.8741810359017383
1.3234333420716846
1.8453556300615026
1.3676316212138169
1.816832677851851
1.3071762879845292
0.8126875538886801
0.9197134334044521
1.8074491264172823
0.741050241683194
1.3997314591605001
1.039917901161708
1.5731113263011909
1.425421842890507
1.6275361303263791
1.2169495398531023
1.2214931921770404
0.8314246970922763
2.8706151920836365
0.42105874186476844
0.9355003495123977
1.6842050294201658
1.2354409083071647
1.2883524886688213
1.6607216053954006
1.3211782641853873
2.326822379348093
2.4756470500310006
2.1961903552118187
1.1590201980542914
1.4169597311048479
1.1972846901594447
1.7813495380529687
2.03311871352029
2.1359703908653023
1.587279299821184
1.0755454230392423
1.7276207054197747
1.224080472793589
2.209466161417745
1.5950842770751732
1.1261325714235497
2.26750772900812
1.3047903743915448
0.6080698911460807
1.9416855378192293
0.8555840517327236
0.6183675913697839
1.57011159581759
1.005914578161711
1.9241568175995154
2.1941465365938715
2.378880669268475
2.7607154585176654
1.8144054860046381
0.5041142472308205
2.2130455990381903
0.903573471303542
1.147186311746652
1.8551863524290382
1.8506159601355816
1.6886799206900394
1.5717027352692066
1.3725839259557784
1.005832676429065
1.0797566545878396
1.716333774757723
2.069737171022335
2.010792990380782
1.8038551511403167
1.8053693715430696
2.041286882071463
1.7788348471819388
2.2474011281613064
0.692499294504208
1.8863582794495974
1.4365779752453647
1.5712469518771692
1.4039438451066757
1.0434835566440024
0.5162068437814734
1.1916505956072398
1.4501072309416838
1.442774960495747
1.851687575711963
1.725336406191309
1.216160391880097
1.5136672192919927
1.8904927161132599
1.8583803180451692
1.1996276393927547
1.5221274234493445
1.8435894911356656
0.7522872707873288
2.201633254894322
2.3893058625399353
1.4156134751337548
1.3769701133176504
1.5637623155688896
1.5826484259106532
1.639336103047424
0.9819177058439291
0.780948362525014
1.5801814303506456
0.9750170080194943
0.7410650339446405
2.0825158468132376
1.144775538768448
0.9361942122094322
1.8839615890999786
0.9454318162034367
1.5773901723580797
0.9485589995404166
1.066569405510128
1.0909460284727122
1.1605009290878938
1.1741282901173002
1.2834620668925532
1.0588780631385715
1.518002709209309
1.582866735486725
1.2805307028625987
1.5437996945938366
1.2905977985009764
0.9136343285132641
1.3830187576213633
1.4469456145263184
1.5060000448919575
1.5520066457015407
1.2518338730135932
1.358092854737207
1.9330413083975138
0.6931360502373655
0.6370484757795656
2.194038004366529
1.574692020535346
2.6374426479942317
2.445605422142991
1.1052056259246936
1.164743944291455
1.5534988855975191
1.3420476147937248
1.7057547688175323
1.337479998952203
1.2945295699907808
1.122568381276368
1.1160775754714996
0.8994260992318247
2.439604458178904
2.421735836813495
1.7582500918037496
2.030263731117748
1.04341632343898
1.6199512223960917
1.767048783942068
0.8548811684145138
2.119970242058396
0.7431134563488563
2.719526985951783
2.427940894293286
2.4307741419365514
0.32641588880534417
2.2646519161885657
1.5885083518342908
0.7328604834159764
1.8505058783591144
1.409468419432203
1.8326438112634127
1.0418019330939108
1.4523331257613568
1.5635072778968628
1.5548706100532421
1.2315732013396414
1.0808397849475169
1.4073115560067624
1.2074286968392829
1.245447268378472
0.9302005666373077
1.8433657166511905
1.1502276304923231
1.832007434463784
1.1581518571707659
1.0103935176935592
0.7723797901082562
2.1934845619254073
2.1950333243305695
2.8146700942673886
1.6798903659685334
1.3710343776790606
1.1230615753798774
1.9107649616414102
0.9183160794515001
1.7496374734752247
1.5401817853496131
1.8077575367473504
1.0447768311647407
1.0310316032459559
2.098501502749872
1.3765299125225665
1.0302447971254682
1.8662391519354633
1.7299214135121201
1.4810300364559377
1.5995458014676722
0.5865625803803224
2.034704888172828
0.8494719331520861
0.8380979897942167
1.467913855431921
1.1961699153749388
1.4056006657629398
1.2718493136049285
1.6717680647544109
1.8033469769170496
1.3290970418773866
1.6492242790141671
1.6536706837559303
1.2527115336241905
1.402007347820347
1.6256839028731873
2.257100841219299
1.237495215834686
2.8126999539315656
0.26549303486870907
0.19347756960250137
2.3039544121186024
0.9546336320753163
0.010558923833166681
2.1922656551494395
0.9202449148122727
1.492545936583457
1.2181440748283874
1.6642417046809215
0.6085624589686506
2.2211759675297964
2.2864778373532166
2.3704988299786875
2.477057333020715
0.9130565659481357
1.9733149090087336
1.9417958005331573
1.9146795303117043
0.8355351559732775
2.0910563297467757
2.1649354195682182
0.6434565743849185
2.149108851912448
1.3454838519470815
1.1812886958053535
0.7205950313088332
0.9929605324466979
1.4521301923058982
1.448456953169131
1.2990565639739762
1.7273551759922263
1.6776484948226706
0.7629177257775811
0.6540726194544899
0.4963641834621638
2.1520839300865973
1.5357679912410236
1.3579406671708716
1.6200897409411255
1.3617086253092407
1.5856719547749698
1.2576497082311873
1.5045804842962436
1.6864605863150846
0.7723856343095608
0.708700277127379
2.2487171707026423
0.9840152527576433
0.8294582691846472
2.1264837303280517
1.8711407172561547
1.9835756713745536
1.3544840075071638
1.4968718946258726
1.5838558341548423
1.6124893643008873
1.416773195987805
2.222014744772976
0.8633636021698198
1.5262360023436663
1.5229781519874166
1.9751865893035083
1.6516729728155717
1.0022473507189642
1.5849668888607833
1.4119919668429466
1.3993978083102079
1.3022430930017137
1.2310529963814922
1.3726062393316651
1.2818729480435
1.6163463258708342
1.01125984132034
1.729168079761203
1.6345893433810246
1.1607193460502945
1.764254206991737
1.4943751876356137
1.0460237358519642
1.8437676377082177
2.5756735998365543
0.23373933879956446
2.5397482847927533
0.5901075768569926
2.054099679126553
1.7458490842278414
1.496359857388915
0.6681228047129941
0.8805670794508126
2.0017116120673846
1.8384920567185623
1.0121987823100045
1.8948071796193315
1.6018358629765845
1.7782390414844573
1.0285033528232919
1.1575332254112998
1.5721223384402045
2.722670494703042
2.6468699708039995
2.6483709688077592
2.652645607631466
1.771481408205917
1.6707657273138763
2.0254395400183554
1.9903034404449318
1.89576432441166
0.8902160403238107
0.8138318412181521
1.8651439843288438
2.037484949329214
1.2016200032669992
1.2284387738433507
1.2628213731425664
0.8196437650582097
1.1038297278101599
2.1650572713361615
2.0053457959139145
1.2168794673723504
1.1897830517726975
1.1360155448029938
1.4828916011626105
1.3127406744429404
0.9677776274278649
1.7077558273049096
1.7357555931859356
1.7436363011754235
1.5087018120384468
1.158114486484298
1.6763013940767382
1.4447762767544938
1.6538180671849918
0.876055365594959
1.0364682208824307
1.18323507612714
1.8655206162025553
0.9251802769258359
1.4038263539746396
1.6485747479462998
1.5546758704677641
1.8158696075972345
2.0656172516978604
2.5847043197725714
2.664088315403226
0.6401986063527024
-0.11958132313168879
0.341777287326294
2.2714777149120535
2.0285745281903433
0.9396993304833449
1.0604719365207276
1.136804878072086
1.8142760338915018
1.7987465630154411
1.6760876378900074
1.7490620459695259
0.8635685780630611
2.357967875441509
2.387257760748432
1.1667946129530915
1.7252816919695002
1.489874153369547
1.3402769170977886
1.6515210210967335
1.053616465732935
0.6555714306502523
1.5994472829781394
1.579038273337101
1.8835429486854662
1.479556379561816
1.1040736962278042
1.1137620455890715
1.901869292622045
1.3725984577584787
1.8827501492851837
0.9473299233612089
1.4101114925195495
1.4607219309117925
1.3970838251835644
1.6149873153960852
1.2054990534333498
0.6321817988392332
1.2953923216202476
2.04367142050997
1.6532425790107068
0.879655738365353
1.9966896704345842
0.7815507807202347
1.0197116245646074
1.2986846103308425
0.8128551835314245
1.3131494790099127
0.9684621803265556
2.473876418651894
0.6503314332415719
1.1051502101878392
1.6166224791569512
1.226271630487335
2.1720619676434008
0.6749479148803141
2.7877222520819256
1.9109679103346497
2.0486164007923415
2.2604187468235866
1.9404497932183429
1.0265811855836757
2.086588861020694
0.960088040037674
1.6654183351891647
0.7612579851073517
2.2617909359570287
1.7474518754311792
1.9543818675358913
0.8840325852419932
1.7456194244008578
1.210556612279103
1.6234570749652595
1.6151080992344617
1.2785884949319835
1.7035076374440838
1.1173743010202621
0.6139416199368328
1.1592228574710275
0.9929080026296382
0.9000659076118039
0.8664128590356703
2.313692774021525
2.7356913650440693
1.3337478412906576
1.686474270651791
3.1146092357715287
1.3107517023043862
1.5596486690858893
0.8028573054344029
2.318558886155986
1.4845475129211716
1.3816122430443365
2.0861398339265516
1.1789360408555576
1.3884425819327375
2.215663510575501
1.4711013146467582
1.978211768615459
1.256608143127856
1.5084688788004768
1.8406706908284702
1.11634886895836
1.7106822715908534
1.3082724275192734
1.1156583046507416
1.59620880029042
1.3113321868474306
1.5486784026015978
1.0931978922940822
1.7297188086760127
2.0625898037318993
0.8696603107608668
1.572576558697873
1.1996068607623867
1.1409355590081371
1.3930997139264782
1.8505731615525918
1.571224902916951
1.650261780383463
1.5944354156120142
1.6393985735422687
1.858241933263065
1.0621247989447398
0.9735267559203958
1.5804685743105793
2.0569642589295096
0.8790313531360529
2.052072585332644
0.998156598028468
2.0609315132746735
0.9375627141480306
1.826197896129109
0.6568663361715822
1.6405373735697846
1.7012984898442336
1.498402370183808
1.4065379576490493
1.4724080077242896
1.554371587918412
1.0928631611467496
1.2446454217889606
1.6666748452834124
1.156025110732178
1.6971927664020814
1.7968216071621892
0.503476173202827
1.2825833056500058
1.3962226452974664
1.1907719816657336
1.6473240578817319
2.08169711193605
1.0101369130968614
1.747675491925664
1.467981372571602
1.7422498377005793
1.549441473270097
1.134879011093155
1.7983618686176008
1.8724003487426302
1.9460760877115637
2.00336007427598
0.605092811557488
0.15889136332629944
1.900881987073686
2.126177334672422
2.530797653110945
1.1455874048343695
1.865044040836893
1.2773761608381535
1.5733891308157124
1.1823556169830716
1.7851091552938942
1.8445624964517366
1.0453740624540249
1.0081649883901929
1.6334504881253904
2.001395450931842
0.6327645407526469
2.439226186277049
1.0221384844831323
1.658508917976329
1.5440016702931745
0.712077774312249
1.9303096628447682
0.9827715783832466
1.3344991765045602
1.6602934423172462
1.2544057156204067
1.7946683960579448
1.0796114219271726
1.3060968895621565
1.4285362469414882
1.5238861480347805
1.2629343072402535
1.2761022943541265
1.6154912188366182
1.1816566022141477
1.310395453998913
0.33129038241282915
0.549044821157139
0.4959524142732594
2.1199057046690735
2.2566101651705726
1.6659408350360645
1.2617674414185318
1.55994773687823
1.159943763506274
0.9496660892995267
1.423747775173779
1.3192824200605857
1.8118224588818992
1.433828299274041
1.4451107981649796
1.6011594696365639
0.862783935375217
1.9486419835513675
0.973389711586619
2.8979530334848946
1.3384269733875995
0.7762393598673109
1.8629871656974177
1.7725503504109785
0.8784054467367699
1.347131542891614
1.1515544802994653
1.5019878171168763
1.6173210375210219
0.752972550262221
0.5836871902699524
1.918136928632472
1.6012726154348058
1.8791347235777782
0.9125305818010352
1.422733480709714
2.1050544857768854
0.8022583562069044
0.9464140410002958
0.9287112245662401
0.6536942201721568
1.3468545564388301
1.2727688430563835
1.1546744310038721
1.3633113337610046
1.0089433091175064
1.2040066643663458
1.132491357150246
1.7430477090809133
1.0610099817693452
1.350890383456812
1.1825129689667433
1.924817298562166
1.4996645742152586
1.6413158280337672
1.7199195117305965
0.8403561447578743
1.266983477140878
2.0598421153200737
2.208637672692087
1.018643478593382
1.89983922452406
0.84791582397951
1.0412906133439486
2.0004777057154435
0.5569306518572444
0.5694049966227265
1.0994778974891848
1.6700706251613329
1.3129908244703767
1.4510985231661964
0.693868289399165
1.7337048129819825
2.22660489054775
0.4869382583988785
1.082957442652634
1.0524503588708176
1.7252206118342628
1.1001482999901266
1.187971897488864
1.1081188345294752
0.9774802148791739
2.085793727916494
0.6782978230925588
1.5485782131068913
1.4257512022644145
1.3295119179892083
1.3034717092475823
0.6755909264619593
1.2157801888953368
2.044965158803772
1.153289643722629
0.6704654765884762
0.6296996072367562
2.231267010417644
1.0388741890376099
1.0948152283487138
1.929712812395237
0.8152977139319775
0.5799191727647076
1.203600456428872
0.7374388631089877
1.0354684536171548
0.5031964832592396
0.49347087152208047
0.4166212426262411
0.42535164930120956
0.9027531666734679
1.0400140892849816
1.7474429180758886
1.1495505138924924
1.1056772314588044
1.2319934792275462
1.1344907670058417
1.1055148267297805
0.9116781955562816
1.9319457135123905
1.2901071225331893
1.2794624859126822
1.72138441884206
1.5817323186546537
1.5045392312075134
1.883846211163872
1.3576186644118526
1.8510348544923743
1.8031939598039244
0.6131356287053065
2.2264744891651898
1.7690621368652784
1.7679789521201499
1.736220019624056
1.736220019624056
1.2632204533424944
1.3706338182187172
1.860343342655096
0.9679194785707055
1.361224204380056
1.755526513676775
1.0898051089656555
1.25087545757924
2.011184336423065
0.9877456190852049
0.9147613313492807
1.1978703447225008
0.7736088522229283
1.5186924957808172
1.4517195937618974
1.5302540593087441
2.037339933107371
1.9238370642601017
2.1751157402635237
1.9870602027755055
1.225921001924464
1.4046214369950376
1.3346598963169367
0.8713971963616745
0.7988191576003472
0.7471704076613921
1.5338678608035499
1.8397919764783126
1.0719371000956994
1.569839796324497
1.4296074032911492
1.4542652639911315
0.7721722396984475
1.9622829809834057
1.1875175500979491
1.1182237717330505
1.82340129080349
1.10726562184847
1.7415989202599298
0.7618325037891721
1.955281253770994
1.4133476968070142
1.3178769399417782
1.6313637266879115
1.1623638326569128
1.1773178922179082
0.25758895027438955
0.8222844877710285
1.5792357720477117
1.9249218631639584
0.6156961238171714
1.224673138175831
1.5352230924090433
1.162436911701954
1.112870247730679
1.6449421503962427
1.4497244671627552
1.4647387800503433
1.7262252639533555
0.6122664931769801
0.5928458826179046
0.40847640837504945
1.186465506620075
0.9638386150094428
0.6177118430080574
2.0056653547808367
2.469577491873923
2.3084490757865566
0.5687985438550757
1.5294624715688576
0.9824123009557497
1.3815384085470999
1.2641689198038486
1.3042405829831627
1.5238548265097607
1.4735780392966094
1.207238551035849
1.5037652484178041
1.3054385761716543
1.803349144463572
0.9691780242978743
1.8497827803979565
1.5877899946163605
1.2522477940551306
1.6048526765144273
1.6273358057967373
1.7630210396188293
2.1372948755897228
1.2289020920255769
1.5953909441463732
1.2431726971510315
1.0536090624942671
1.8321259425776497
2.121188838551989
1.2994169014572186
1.4193789434274087
1.4761979286860882
1.2707428813819945
1.1788525792049198
1.239353858169857
1.6011124734714957
1.3258796628509375
1.5134039374716577
1.3874783497507346
1.4802983614902416
1.4930770636397692
0.9268666238104291
1.4594947251907475
1.67799390944439
1.8093450279511822
1.7833179862949213
1.2627334589947161
1.1654334869139
1.3695463155387233
1.4837398963808712
1.8812454167778012
0.9528023587863831
1.1545126071036356
1.0343959658764206
1.1106934107698847
1.6897829636644102
1.865140101970671
1.9257534756826622
1.5485295324647632
1.6033730787456912
1.7615026273807524
1.039126800449777
1.7960089383435103
1.0093337468350578
1.3187779497621375
1.444137005378741
1.2154814700729177
1.6070388570533036
1.1466239646606347
2.084394889687592
2.057112000228986
1.1091173629242947
0.5817558166508685
2.2156324341034868
3.1873754263925647
2.917739388093595
1.4800122214967832
1.2297525506769138
1.6272455114549056
1.694951897693955
1.6280384916950348
1.2664341203854697
2.4100652867405765
2.699812640102231
1.4100611849604041
1.4806336395064557
1.3630519200567783
0.7935817252169329
3.1253591476890215
0.11743258355565883
0.6292224306921802
1.5406843364613176
0.8226702309771069
0.8683112979060493
1.5085042171104805
1.5238668765984211
1.5931677170212304
1.208409448188081
1.2453956315113914
1.363505685483126
1.3606968555184211
1.7319900473701566
1.2039918587319969
1.4578901746631696
1.437493503493201
1.4243387601636994
1.5394557093191528
1.4199670702103218
1.5934997122403791
1.0712131651424608
1.8035652989964455
1.6064363035040383
1.683208081892584
0.7978373261626606
1.4635301707897468
1.3875133743339128
2.327113132264566
2.2633945196978056
1.2505161373481215
0.8255959999844968
0.6117981885456469
0.6380793433588531
0.387261891577513
1.0589571044660757
1.111391441464408
1.397214998301805
2.1517408395887525
1.7634759703730285
1.9638754129633975
1.6448810972821806
1.1650018693670827
0.9830709027883887
1.635941458134978
1.5000465675606045
1.411034213210813
1.1758209732477152
1.3426029327825835
1.2658535049371396
0.9156662154368657
1.9296190075748516
1.6255690121596607
1.6967093172642012
1.729462129272357
1.3003722575060572
1.326262840028351
1.558306893871295
0.9561893486236016
1.7311305056410582
1.562095363586742
1.1350877625646583
1.7457641385353324
1.641577105293806
1.8876168267277236
1.3258994643722941
1.1748560483889061
0.9749961150709897
1.4099506925890857
1.5378762293223094
1.197220529459422
1.699481208636528
1.3805398103183975
1.2610648236958033
0.9494961397045697
1.1219165220951592
1.4262529541142617
1.445873772690632
1.4984027692220274
1.015696350471311
0.7732607996824663
0.8873089675449819
1.8086890363687476
1.103208304870083
2.0176173295161575
0.664903020715228
1.6378880125019328
1.2836883602032525
1.0562477050455932
1.9353372331161933
0.5912327759722746
1.4264453611356016
1.6783130869256344
1.3006045744835055
2.0404417074379686
1.4219630786008295
1.0520947973134966
1.7597181196153586
1.557528130594421
1.6908966674435604
2.0276053015114637
0.7575104080949242
1.4279534333236157
1.451290889218678
1.8015898534709103
0.6927860087151156
1.1436524277716122
1.6284713607795964
1.40767100926542
1.3542430733038844
0.2620851724695147
0.49444950338428256
2.3256452619449615
2.21539062809716
0.6227102955722615
1.8652520526883236
2.7132909315041167
0.6765902425192634
2.641252478114106
2.0683529185647993
1.4070034303305499
1.8797529827187487
1.8337640405416256
0.9230797930630602
0.9435208310004726
1.0665326184513524
1.0087055245899048
1.1214090777482908
1.3669354706948225
1.3218122567908737
0.9909117037397992
0.6398321191079487
2.7511764576451654
2.4032726050149127
1.4677141038634183
1.4117754395629218
1.2099246679145315
1.4462872005483827
1.5126881542068926
2.2258332156426386
0.8340304724172038
2.028510565441542
2.058505818091899
1.6516959226812713
1.463170153224483
1.2790216568939317
1.5402137737704795
1.1804354615204955
1.6757253482977155
1.3408218659693931
1.257654139725982
1.5426859030903215
1.1761616864985218
1.0779711451539216
1.1338212360120985
1.132383820256518
1.1112583744176563
1.0776731927172125
1.0753139264134648
0.9563842106501481
0.9979859529962923
0.9939211868244677
0.9940090721328213
1.1037723468528566
1.6773756201692975
2.1922000582791124
0.810472198523628
0.7645952926113581
0.6973185693997008
1.8664576543522255
0.9984517373774691
1.7177944121038045
1.538947791407281
1.335446073410816
1.5089746284826755
1.7565260246876422
1.2520769521207369
1.6849710377757927
1.2727550232511629
1.5679402376284062
1.9098506642061577
1.0319411282609823
1.453815368842821
1.694433111805193
2.191379300580838
0.8776237350069381
1.2056087655098646
1.9088168361760354
0.848174231982773
2.178317575716397
1.8636304444033769
1.1092543235924162
2.7068673372319614
2.4156861042424085
0.732017307567391
1.4060724458660252
1.330789361239885
1.7112485167162634
2.225804865927363
2.3916455447534704
1.90176811745986
1.9529492110245932
2.0271029554555398
0.6673577074668687
2.142748830573234
1.7779642596262375
1.6060925573913998
1.9423600665978134
1.2780953935604475
1.927516245636841
2.120521803627417
0.915923375575221
0.5799532912323687
1.9225017715353434
0.5138612790548949
2.2818352916880227
2.3566215643176323
0.640124970279333
1.015383712980902
1.8008102981103888
1.6009718959135004
1.7644465773505444
1.7144269008252375
1.9528269254514432
1.8608745292970632
0.5605571657682611
0.1172404838850188
1.28267187016998
1.2126968110934062
0.49935978494418487
0.27869010741427475
1.8945200795647084
1.0807102585616055
1.0089915834618395
1.9613258885572697
0.3492229408256706
1.368836692581816
1.5235053179354079
1.607433197737966
1.1244847307637797
1.8423821050128015
0.2626037633847162
2.212292180569154
0.3763610515465038
0.18090381613323517
2.4121194256993146
2.346099434914152
2.5065921090552554
0.2529358097963361
0.5188457759533252
2.37643267074028
1.9214753850744355
