0
1.7781651461362007
0.7529488810788202
1.6004398611538089
0.6704864219592187
1.6639057066012415
1.577509179502638
1.6189067215941173
1.4693837911174452
1.24851136033282
2.352347819644665
2.0772370006944203
1.1256897355479325
1.3169995075947118
1.1743422092706464
1.5187635056431459
1.4836263988201221
1.7827585301197186
1.5928842799713994
0.72665592007347
1.8624321843324458
0.8231845806523391
1.9713843869316063
1.1870928378769263
1.3158416379396927
1.3270781638101432
1.1298136824286449
1.4046614029582165
1.3743186158113856
1.2502856344664743
1.5402118851602535
0.7710864221576552
0.4680048758752791
2.017914154726037
0.4635374190379389
1.7627340330188934
1.2239629566628798
1.1057349740342506
1.6777666155517952
0.41161893871116656
2.510395482468234
2.444224504966098
2.5729665628845324
1.8735489732880013
1.754248733343479
1.0881723498235973
1.8186904119006768
1.3365256424182168
0.8526331981345692
1.6522823049608233
0.9742929198805977
0.817675018421023
2.34997227077192
1.8196695850183258
1.026054702123285
1.4592128580797703
1.736431672521718
1.6126278389859403
1.5632281228787863
1.9375064955798937
0.8924031903567157
1.43449483739624
1.6240750784399196
1.0776361966663979
1.7910854216269596
1.0748557404947805
2.0781713663846717
1.7154810287097104
1.6062927279865435
1.3547591676298383
2.3256556501506847
1.120131290079712
1.3398004355727249
1.3719540922284132
1.4703537101057602
1.3699891241745517
1.3610258167698688
0.7619841457370597
0.6784874087828882
0.8888557869282983
1.6752386884248727
0.6215477081548874
1.4056032271361576
1.3931287060741855
1.6473313741625555
1.4273899434237947
1.3955244906268869
0.1927716262131948
2.470097465187745
1.171470202482831
1.5167033424158445
1.5461016267484724
0.7033416474547585
0.562749044713656
1.2045775505405718
0.11468898547469651
0.2025782526832772
1.761524662715548
1.1890017785228761
1.6597323981414551
1.6397788901096866
1.4948124144012043
1.1705889506275078
1.9590035532980918
0.7220057054907403
0.44755753331376213
1.1327863094039812
1.7724818991982327
0.39755802695453474
0.5402198341953723
2.3459066748038384
0.6754036205661553
0.8359254746616245
1.4769315121256315
0.975407061941843
2.044463236702472
1.3530133939663975
1.6327409887491564
1.1336244064896719
1.7071282939019117
0.6839848499728198
1.6477851394037295
1.601314694058044
0.6951224611770321
0.7754511364285834
0.7788341315935807
1.4133436784781332
1.8606858416612015
1.9466849541658595
0.6810991437647391
0.7837467800255333
1.7711232092512912
1.1296873645504883
1.733496953905383
1.6266290355858366
2.1961250535067043
0.2685395408523092
2.3908532474205986
2.466387030147692
2.430851242842637
1.4310726799379612
1.3980166155885645
1.0169263436816527
2.4944834343546467
0.33736512996832096
1.4477324398873355
1.5903939432857532
1.300663859528697
1.3624847778330793
1.3977729288851084
1.192930761703892
1.4356777385256376
1.4309905320456489
1.2662443559983587
1.796789339212253
1.0915705559640294
1.787738968748727
1.1184424166231794
1.8286518719500349
0.4091420225792581
1.7851945500722914
1.4177828734913327
1.4704032380234529
0.7527356581134609
1.0408773386672938
1.4501577565391766
1.8579378110418237
1.4380379637041552
1.34326860325503
1.3604275616804193
1.4166555527095028
1.1510415062881516
1.5329499732536702
1.7022617916555416
1.5712021635425357
1.0582026935056634
1.3934616659558992
0.5866227352043424
1.072980699784574
1.9943960750457443
1.4188334982913138
1.5184659312909528
1.7444031646121418
0.6978148360361318
1.8283950572436183
1.2387607698659946
1.6161806721100778
1.1777701726159606
0.6344281159645389
0.5260452542904732
2.2400500566431023
0.5740492871574147
1.9528403249197783
1.1129611546147602
1.024212978957783
0.9136232214415813
1.794096116768436
0.8504960117728255
1.6829588957171258
1.3637914002442522
1.114714001943333
1.0278565238795572
1.8090893731146813
2.340656075006628
2.160440835592008
-0.04870603286208672
2.1185800798748913
2.0473236756401443
1.2713807776238322
1.6091541431302805
1.407510482202448
0.9437574266775042
1.9651220323000644
0.7592472630284945
1.887330406680944
1.1012951419965704
1.5136790722667186
1.3998211633630526
1.447846588955757
2.5319569875072223
1.5760869406452815
0.6332480270451709
0.6629491330163544
1.6020518397225927
1.4901087126468417
1.7784103839646839
0.7627072052608901
1.8956031599404568
2.4225343920057116
2.227181770835948
1.9341585591377557
2.0615549527030854
0.8244705191113334
1.433313292986519
1.5552253735505275
1.4121413317477507
1.3142297083240977
1.4024171019073763
1.7696227661491768
1.1973921772817167
1.5506638578110132
1.0804544129656461
1.4587342036251252
1.6477131157479405
1.8803836081026486
0.5190531539035024
1.8400755401045124
1.8399861917978118
1.2903079147487682
1.557783121971721
1.290621725077027
1.4487945992929987
1.1621961673274328
1.8593842510379799
0.8510868283245533
1.01902657870002
1.9806267216747047
1.172938389972364
0.5274273290710317
1.6363336968703197
1.7747604262745675
1.2518857607728298
1.2433855567877574
1.0474297712979723
1.0164727605014292
1.1212410971859263
1.8826627010589878
0.7496908007127477
0.7980823408746341
1.9170166773324167
0.9355209108313285
1.6222080765766167
1.6868608126835696
1.1192880303844166
1.8060122239842886
1.5103281569141758
1.9762115004032543
0.7970511538434027
1.9657912407404903
1.189427538437558
1.4025479284836115
1.1262965530488052
2.291629236552648
0.5491378187026612
1.0373745922436524
1.1124364590439049
1.295909977134663
1.215808570431263
1.473273554754261
1.6387518056455868
2.0170226808390743
1.0540609762560895
2.306715953329187
0.9610229359695243
1.3325515100473178
0.7095149680689483
1.674522947365172
1.166139078010875
1.547306935648096
1.3040852094442439
0.705223686641433
0.9247806475259566
1.7835204296280789
1.3291073407724512
1.453746977022076
1.3309221533222069
1.1535925966298402
1.63912560891806
0.8003451145672089
1.8660289914385004
1.4834063078738136
1.4721728197100163
1.3232884393461577
1.4102510548199478
1.626781874938965
0.9837153326163507
1.1687572401343493
1.0647785588619707
1.2854313509157291
0.4450227948511933
1.8997546261204763
0.045921257483036854
0.6407292291478162
1.8386573164683016
1.4999339410721353
1.9728834916269218
0.4453437155893375
1.5493391179145293
1.1929920869471327
1.130347527317541
1.1415341823731038
0.8769572202552784
1.856426810433874
2.2561512110192505
1.2817669890437464
1.3630197171361786
0.7221693608566072
0.8612171053973088
1.1635458194016701
1.116342098625655
1.288442533883354
1.2055265197661107
1.50581865513257
1.3619709908663329
0.9849955756959454
1.885168896152094
1.4448972012924701
1.370375304233412
1.2308146981314574
1.2334921371770706
1.4657350308508925
1.2052972602293264
1.3181148526585433
1.4867997450596566
1.1351167341255308
1.2666780125456456
1.5175232076912981
1.2110614482534643
1.447369614946549
1.407540392210361
1.2053487459348016
1.3288011832642064
1.1644078170880108
1.6033835444709335
0.6727636439512831
1.9217789853018876
1.0935200819284012
0.9111689191864333
1.034167667480498
1.769322523700276
1.9381817111591442
1.6439743589740228
1.5858596270002931
1.4651550122408872
1.5751449611827009
1.143622698076756
1.545535010209707
1.978516599141308
2.4743304510734365
0.07790381609416398
-0.14416163252544895
1.5655432178521302
1.6109982632774977
1.2408661457755525
2.0490732296734713
0.5840821884238617
1.1982685897379644
0.9059712778555993
2.245198782367297
2.4114988928118337
0.17804542572898832
2.37839278691852
0.272472228455684
2.515165011063696
2.737073972522243
0.6512640331581587
0.6723164487697071
1.793872766532708
1.1486165916222808
1.4635737232850574
1.2466007311336798
1.01395880711766
1.232656836353564
1.1032947717936907
1.7304637435050798
1.0741949510134987
0.36607672732086893
0.8302604205376505
1.171625753203
1.8609995876619658
0.9690324063058318
1.6802350605534109
0.9937578108006707
0.9914254328091913
1.4688133167903596
1.3345464380776044
1.937943125904201
0.4020922911782137
1.705322385887705
1.5679509610301132
1.5634878529232799
1.6079949245484837
1.7642279219087331
1.7106221735450373
2.308486169159197
0.9990470504934107
1.7529817694790053
1.2664563606921466
2.1842340740835637
1.661268044711994
0.993251986992722
1.9851598758627258
0.6889181816229353
0.0665219944788195
0.8380843976908987
1.612165627853243
1.0888956687175377
1.7366525107187711
1.2553783494615487
0.3280427172814671
1.9101779537809485
1.9301027102188046
0.8044232078722969
2.273291607317906
0.8330156635473752
1.6791868253258746
0.8129688894260945
1.450727071283439
1.7813608783946853
0.9136957288669765
1.7014682138089816
0.9651834623602723
1.770820374543056
1.1550331799554987
1.4853448511425076
1.3886834203057334
1.3314432005264505
1.5059864322297731
1.169921554572735
1.3178192296401001
1.1351023645551341
1.8102410479418152
1.7338805250736309
1.1785106007649417
1.8657571401795223
0.8837055669408216
1.1570774541422533
1.762372702677716
1.7119381514449037
1.7853653437833221
1.304957126512731
1.1853785285692224
1.3323094108968176
1.3519412141010885
1.2453256491508602
1.5264116925307836
1.4444045697459162
1.5297172962055574
1.4867367467760348
1.2952523702416172
1.4415279118861277
1.239672188727997
1.9490371255832823
1.5477351348294568
2.0325803677430745
1.9892223983055373
0.847011391398452
1.9412753146896946
2.230270491141715
0.5627085931390702
2.6894742750917238
0.9763349668154219
0.4171266164486365
1.0656512323997234
1.178708102524671
1.4907322364681133
1.3971848580555264
1.6940143062796862
1.9923555398287018
0.3919776554821427
0.8645317174470653
1.6815596943409095
1.4884238267228165
1.4564118208831787
0.8373038045248498
1.5376635774922591
0.3054940808614457
1.7404452624000142
1.2123627537201915
1.6220327210274228
1.6406875408221469
1.8581901103820124
1.1088619281532643
1.7967711787283671
0.32702723257183675
2.232421226474626
0.9078997803675551
1.9141828249747344
1.4732352463100356
1.223869738755887
1.6735667471445541
1.6723364808860828
1.5357907890432878
1.2706778512946109
1.668426010148395
1.0859332462295799
2.128612466982432
1.3620220665305187
1.723656531516805
1.0742483442427542
1.0082754258046518
1.2250267718555319
0.7278038622577949
1.4864807071686739
1.8875936025904947
1.2874817958533789
1.6814550855432169
1.2762073840496666
1.6308677525439117
2.4837337963001254
2.5394135089468675
2.023073952778885
1.7457035704018222
0.9425668344503157
1.2084562214353374
1.4571639979705093
1.5587631570454459
1.1002597878984148
1.0308454344015578
1.6975589791104717
1.6567499685435494
1.3595758320444533
1.3937950029949806
1.5013756402094944
1.3680498429006123
1.7152524085465906
1.490650296840905
1.6705993658709353
1.0717185748982772
1.1599256245044969
1.49506046866877
1.1356326376802115
1.0951447653510236
1.5723518893600508
1.4382005499183876
2.0620611663357575
1.8359484140704803
0.8656482641642513
1.89516182163593
1.4628425243035044
1.2700270543933558
1.431960545890622
0.7503300620827276
1.1130030302685379
1.8164552465087875
1.073010486916887
0.7072165797161986
0.7640456568980044
1.1336041977184614
0.38116568344115964
0.42503497490508135
1.1052636335925163
1.483389593712607
2.112060625034022
0.6165446149210726
0.6162790537009842
1.1171945878688594
1.3941703664100862
1.3148811535566522
1.2499658447292061
1.8224660855830022
2.12105491721758
2.2276986547735995
2.040043492677041
1.175951857969481
0.030989609819739743
1.5709567360585355
1.1623861982410912
1.6041682897917195
0.7419049753239093
1.7795898166627035
0.5239980214827931
2.3069526734224217
2.52843149999416
0.5046069262064842
1.70354421146819
1.3721074512536444
1.470303730512469
1.3716550288164753
1.217622762645181
1.172911164110946
0.6404799153780859
2.1317898645356363
1.2166908836476458
1.2455101443915377
1.8143114648969139
1.7207642069273927
1.826451823047149
0.9331101030670008
1.1015154997178358
1.5177869571808587
1.4203161216138098
1.5152372017705533
1.3308623729512552
1.54425869215188
1.444446485239111
1.4871598179016512
1.1579130103821857
1.782913328634096
2.072302007992418
2.0244536365821486
1.2466851613306347
1.3067555715728347
1.7215819135364305
1.618731602910167
1.6743195004393594
1.8802628736567326
2.154684571364152
2.198805685931584
0.5326309630287267
1.6869094100076198
1.4636205674926839
1.0897099620466437
1.5626027098021213
1.2192823954922571
2.0661520261320865
2.170610626908007
1.3030661877299916
1.6359173053030138
2.044307416915298
1.668870474918265
0.8752888241942466
1.9976123757965487
0.6762829395639802
1.2487279029023606
1.4267033653133099
1.0979600475262392
1.0939763599275725
1.6014841038782341
1.797400564615418
1.5631298520137962
1.2305442817841419
1.6009098422069652
1.4961097600354747
1.0075891795189793
1.3387340494136406
1.281277330460556
1.1702518153520836
0.7645082974666875
0.4967566526449867
0.7520464019759495
2.210682909163717
1.9532529710429798
0.9630883426923804
1.8305104114363735
1.554136798565592
1.3064574384698893
2.1560588537088483
2.2710759600880714
1.7859187039228368
2.007357120734921
1.418251255766269
1.4835889249625402
1.3717012742403576
1.614202347635742
0.9720149845478059
1.8328001628838007
1.991763871554449
2.0072531867592
0.9728522694003894
0.7355279982085642
1.9398929519074097
1.7905469063229502
1.77247495682271
1.854934092687266
0.8565554151046014
1.758754070221673
1.7784031340857307
2.0641717187213366
1.9762301010458605
1.964757317033238
2.4317616654675303
1.9405266117128182
0.8626491995912412
1.699158608435522
2.1610363076558325
0.5136630455423791
1.4138538632784872
1.4851135768770034
1.5171340533475515
1.3965111675351412
0.7174598355386749
1.7113942934280404
1.668087351690623
1.1374136457967332
1.6487791534176695
1.1954624381955803
1.7614300129663116
2.0505902133405254
1.9488449391159337
1.752045156047412
1.7586032896459851
0.9639276124348054
0.8374165486478972
0.8619588980998458
2.642385663751137
2.073105346392607
0.41938240458196363
0.7615504283764146
1.2366862670973398
1.4515945842994873
0.7722980850535855
0.6900976777551413
2.0870881849183878
1.064507947463458
1.2195432688320789
2.061740202677633
0.9834928311962919
1.3349947088330358
1.3294243984671534
1.4348780546135393
1.2142044685565736
1.2947866653342146
1.0933614662334936
1.4320943006536764
1.206863955355463
1.19662463919793
1.2212481917547129
0.7902822935304418
1.7401596213251647
1.1010306060404145
1.1500540077774177
1.8111059001290786
2.0774840949821223
1.0170535328332926
0.8424881817567907
1.2093963883292154
1.51925318165944
1.4178125481253383
1.6489553781287614
2.1418700879423906
2.2562632311264488
1.6609337312361794
1.1326825610175124
1.7915338450362095
0.9843481190049802
0.9329888180853305
0.7491305118556969
1.3189027959945983
1.8913209893230776
1.0165556168701961
1.6413562345522947
1.5871146693071527
0.8666048703326749
0.935509581210904
1.0141730168325558
2.1642854477903093
1.2170924278795425
1.540556486779265
1.492346893423163
1.0640822315743161
1.504914452535352
1.60647343417945
1.2977899218230917
1.689274282216798
0.7949287374063816
1.5735290683017664
0.907361550227219
2.2530012163770756
1.96714179191678
0.3863986068937912
0.6355069044651436
2.0251242060477566
2.4330059085047453
0.7528779479878631
1.5082739182095124
0.8593512309365517
1.0142186613141602
1.0398436658401518
2.24277229231814
0.5243144561908138
1.587562526825307
1.3777519043993585
2.042268286524687
0.7310482129640166
1.4594186727553866
1.6464507100733892
1.166978591405526
1.5409079166657995
1.2732639115622544
1.3194829954502112
1.137569124960105
2.0402511414367623
0.7772926356489052
0.9536995261454085
1.6838050133525917
0.8377876377040521
1.7052679504142314
1.529130918834919
1.2915610640490116
1.6508216167533347
0.9734185540292895
1.189645868089385
0.27144637825999973
0.5623272234914782
0.9490302111226356
2.3739241291100917
0.12986296430823996
1.3857717278832204
1.4663335524105459
1.3287115278655899
1.2415776589360905
1.938671311990753
0.6332310633439688
0.9950949974990847
1.0819257632690127
1.1074840564210622
1.0886380457458285
1.8488881636823522
1.9655637290875172
1.3663995344288506
1.5617219774162319
1.31297189465841
1.377405621196295
1.429375438658798
1.8419138375767898
0.9902843937271053
1.1409106029951341
1.432606491720975
1.2871198947026123
0.9937889856357321
1.9346579560659831
1.50676069727031
1.4116171292409028
1.2281042925836965
1.3714205050439308
1.4716640125938492
0.8724785566466339
1.4748699671102015
1.3287999848593002
1.4965754392808965
1.3758609208037713
1.0648175599346001
1.0180172730507897
1.7436413874812589
1.6090225318316025
2.0729256167744583
1.344609504575129
1.435904921612714
1.5339329158366417
0.8769955969144716
1.5061959604669641
1.4362442091746743
0.9683248164884115
1.1465946439802925
1.2878518431671837
1.2902891799684375
1.581600927492558
0.6303373446789946
2.027988535091384
0.9216844924497083
1.6436467333639209
1.0646172521013275
1.7858708426999195
0.9759769494053123
1.4676802385167131
1.347888631799783
1.8856170486110924
1.0111433068840368
1.2052463802210436
2.1202285475438454
1.3471541408308927
0.9896498284937983
2.0523901114961625
1.2854385090776983
1.359732169037094
1.229338266720602
1.5335443600605358
2.366033520198384
0.7132293348435317
1.6584984338152042
1.1800434639932926
0.7499142395857549
1.3116120958895228
1.5352795282527043
1.2619610140524624
1.6464948264105823
1.404051415215667
1.0444926395220981
1.7096099161012812
1.8370061423628221
1.832318429928947
1.9295112322236263
1.844857848072969
1.5506788764869313
0.996718380968246
1.7850720036993633
1.4891347836486846
1.3048840603473433
1.441635666182536
2.0647361165940312
2.1719227381432233
2.31148857130667
1.2368283328904353
0.9672222568068208
1.7095754790741948
0.8032171293539271
2.124680482609081
0.6703685764045141
2.185306770670313
2.0204880058446757
0.7303107613321967
1.4884396222206953
1.6832170711880203
1.6350766032283812
0.9237352502210542
1.7551295044618922
1.9568080030674813
1.2660857616603158
1.2232496264212185
1.5946255721082863
0.931694780454938
1.8619100202419532
1.4874685744610308
1.1452963601924013
1.0719565671735931
1.867955745433778
0.6242977577564608
1.3138350935549739
1.923878340269047
1.328638844841849
1.6152135959964777
1.9577903294551506
0.5020988924391434
1.777902294694965
1.922313492202579
0.24714290171390654
0.24856776658501106
0.7797249600257635
1.489349571022271
1.265324618299875
1.737972177253529
1.598200616693117
0.9405908625610935
1.1788646581788207
1.7413276282493868
1.9139940774847435
1.7983719134851326
1.5043146754778283
1.5644573986858696
1.1494685091978607
1.556868957403645
1.0873526043423656
1.824022075400881
1.1669200844938104
0.8686231543094717
1.1609117821066575
1.2230884521724288
1.4373678261191751
1.4794519366703316
1.333633842944617
1.3821321819523607
1.754045673021271
2.2405270189443933
1.7187488238718018
1.6790130398106702
0.9602465615745985
1.8243387670580766
1.1123664317431354
0.8937811012916895
1.7237947479230962
1.1362011946146884
1.8803750513241098
1.0280073158216843
1.0802607368432926
1.838124719394247
1.6428958670174814
1.2574247358668635
1.5968386573677786
1.9867439914837917
1.2543695038291827
1.2345164519027416
1.3493767435118558
1.350297328862633
1.7645511607950026
1.7361416547177622
1.250201633515031
1.6828471191169583
0.9727435977522173
1.2325457454609863
1.333472736002024
1.5799308231796978
1.839561784872443
1.7206774230675856
1.6547345374992695
1.923175765331943
0.7934987459829643
1.4273850731904465
1.2534560834717023
1.2902621510212944
1.2609517956219705
1.5222426756814578
1.2970780195705989
1.5789597405083968
1.9914319948120787
0.9973167070680435
1.0863083055212233
1.838863135618136
1.8372720177659703
1.6960235764570122
1.5010582398907457
0.9940422497552316
1.6807746954872105
1.9911452469523971
0.9930893631035153
1.8198265284105668
1.7921116830841737
1.0571466192626229
1.953387018207878
1.4512726793932882
2.028569873036893
1.6794276652869224
1.750406032855807
1.755650016135245
1.6043792471905973
1.3889363800891397
1.2849110260401835
2.015474879245486
0.4143933386127536
2.107466783139811
1.8591284013445508
1.4721317852503768
1.8202967388028546
1.1342620350112687
1.2645909985819188
2.049794062743917
1.6851997669681993
1.482412763962279
1.1376439837006174
1.890245579717319
1.7670260712083465
1.0381091524371753
1.8124610781222674
0.8046968943682515
1.1212950719063584
0.7765289680117563
1.5105331758764775
1.063089387145746
1.837484782698022
1.0382410018766286
1.6397555876930177
2.0549015121474308
1.7578160542094674
1.480371831003976
1.3271392624349523
1.1664836367838054
1.49665502968025
1.490981870501119
1.467169586500014
0.6730105921228391
1.4859864640966398
1.2182415263770423
1.0077841904570017
0.908673188429507
0.9761795416245009
1.6887178079936036
1.0973941928470097
1.4537905198570868
1.1629678752448864
1.6204282682263496
0.9932296073054633
1.506586273540285
1.2089090303851422
1.200699937458923
1.3178777068859422
1.5153332103942414
1.310717491709717
1.2928770673836527
1.4300875057412787
1.3302064199233086
1.3651246996117872
1.1824399895478381
1.5388814387946945
1.4334570833386109
1.1570286216256498
0.3965925636512292
0.2933161345570391
0.5818261030209343
1.0525077840751147
1.6108088848917306
1.6034056409582904
1.575167431406914
2.019666730355941
0.9297481772493507
0.9753109786436948
1.6013123539045175
1.202674751349687
1.1274672027819859
1.4687365175466887
1.6674470666303307
1.1122166635453175
1.2295671303788294
1.1562253943863006
1.3407169130745278
1.416734305317321
0.8378717081038491
2.1569378401539208
1.2867791774609756
1.5845429751714606
1.3920353979603555
0.8007246725435501
1.6249916367433814
1.6105391322992406
1.6147299804776565
1.5724748083702698
1.1898566967759958
1.210213579759919
2.234289878785746
1.5048964122959736
2.0698365792103166
0.4732399631218234
1.9273936228080129
0.7723177331984445
1.8715998802398561
1.637794135195848
1.5995419533836155
0.4056579746109355
0.38458653891556904
1.9919769586456324
1.5201430324475105
1.4082239424881338
1.2265365859231616
1.7089631477057445
1.1105394615100928
1.044708516752639
1.0874348726683123
1.8268800564007321
1.521012443678519
1.0482085440652775
1.77488465531833
1.429562756290159
1.3239651805989932
1.733279622069724
1.799877131663151
1.4184492279907035
1.3439219993796692
1.3980972671877978
1.2412432244790168
1.634834010441487
1.7060447460215253
2.3711650010229732
2.5473243447596188
2.555062212429335
2.303426001305585
1.3780922297625808
1.393373225171787
1.8817180091899557
0.9946586646289738
0.8271101698716621
1.8702692234554141
2.340972510142761
1.9355659086212884
2.182421674140896
2.5577101232308643
-0.1893427886772221
2.5879073734197755
0.49675781071161446
2.133770175182773
1.2174319501314406
1.2693111049612495
1.61571166423277
1.7497007153386366
1.151602760488682
0.7332588827579044
1.558942545152545
1.472267855371024
1.9098358226056347
1.4856367998976752
1.75729824374532
1.3165959848951165
1.2894303488212944
1.3193820342669698
1.164955039768793
1.5187809872013538
1.3070732669850327
0.9220153512607601
1.09107860088357
1.0368344571442898
1.2903609845980915
1.2508886336194829
1.410742243652616
1.4979185017062622
1.5734680308290354
1.0822241901008431
2.347115503430046
1.6367520583008173
0.9636219782103528
0.7010304021383841
1.8431519043512339
1.6918780282264827
1.3764667330996572
1.3610437028679727
1.3313040546665718
0.8902658873358652
0.314792464979441
0.5445701799314726
0.5936419244488912
1.8826674458840866
1.4385898255638747
1.3571296230758771
1.977713251629511
1.9354189180696728
0.970494330323462
1.6659593617536665
1.590732318069803
1.8289953907517058
1.8380670264149888
1.961137798444958
1.8337007809318588
1.346489875315708
1.355121960866515
1.181522793459401
1.8063707300697207
1.0707328099768978
1.3767770524052165
0.7996021986033531
1.56940090797594
1.0370814167253508
0.9274396776646976
1.4901421162621784
1.6102002778536397
1.8878158105709955
2.269777832264336
0.7517461139430844
0.9226482418129759
0.9911393028426441
1.652224140603981
1.6042632610953969
1.1211743707004977
1.4198454073917464
1.5500432165168385
1.1026224556618276
2.4321098607919898
1.8279409936320277
1.575545226760532
1.3062968039952336
1.85412626813788
1.1519117623864408
1.4559526684276944
0.8864685977862314
1.8041616991902012
1.3882560873808636
1.5601442567801724
1.3768149079712657
1.600783530940664
1.9550403509655978
1.6770392166185446
-0.3837246179730868
2.503495026289744
2.3663973255867314
1.2221578866990126
2.081015545437477
2.0078103087369783
1.8695773925479504
1.7744983011968962
1.0902336151410579
1.501608690600044
0.9323766682897618
0.6280093902645825
1.7351772959099523
1.294766424821029
1.3984238845261703
1.9967161694801308
1.509574920100267
1.7028064687290063
1.759712891028109
1.0624854649983393
1.6134792873374784
2.0245737435989097
0.9907401702961188
1.2712072297521109
-0.06555293715076058
1.0063005674355947
1.275154712583227
0.3211901434694509
0.4594233488861312
1.6703131961089168
1.1258928655090723
1.8308018882311696
1.5275025886739015
0.9826976588125027
1.409397419729114
1.6902512462909753
1.929435171544752
1.0675189762136148
1.7258651559887448
1.8737761906290824
0.8684483483520553
0.722411248032536
1.2235067506040196
1.3962376431159167
1.3704056167553034
0.9037599506433798
0.6994984266340509
0.5125073615725695
0.6309355136224218
1.9633955509529215
0.978262763337181
2.1397167908845547
0.6097471242784726
1.4244080141850581
1.8751363366392573
1.1640882725165715
1.4064075566170302
1.2556662734009623
1.6055733453759902
1.4175431273048122
1.3004924505541058
1.710094737794915
1.5248664697038723
2.3210192047144065
1.3633497034383513
1.3489134177622597
1.2597353373345521
1.1888014485204739
1.3433352760268047
1.1373736017338436
1.4398182364388126
1.460715653011225
1.5490599676425287
0.7969323114783605
1.2985832272725617
1.7204995803143797
1.8625736880472443
1.0788888396558436
2.0861157634021734
0.8876002380221215
1.4247070691969164
2.164707596461017
1.3656239055385826
1.6759180802556761
1.750638040624714
1.1438199519522851
1.5574254734153106
1.2634043221436921
1.5951277525981993
1.299713202552968
1.8644562770824895
0.6152917830892441
2.1515943792820487
2.255380049970177
0.6322420964360913
2.158791563655459
0.5036081351968369
1.2341904945033662
1.3040387281869703
1.2422235923627156
1.890520722583602
0.3749897979308871
2.409335984349181
2.6737347140797865
0.11588052750018478
1.1482608551073115
1.127166308953867
0.8394424118473665
1.1156817885056987
1.1866648171343313
0.1869722701372386
2.1893178803576547
2.1737933671291034
0.8284683230296876
0.8564856804333069
2.0619954472462263
0.4395664451237038
2.1367776299388037
0.6459020674976588
1.8786568998837556
1.6128493850794492
1.223174710345604
1.3905267640106755
1.217577275674653
0.8991600363132863
0.4375096962724351
0.6305123671772259
0.37530073975362954
-0.09304465624017831
2.9463979066588424
-0.3519406841263078
3.2314085374438393
0.3849537188093326
0.9643231124488167
1.5780346818422386
1.500344527465107
1.4834126949647577
1.3386663352033765
1.4296054958593611
1.7827623598193392
0.7489522119280316
1.9700719603521095
1.0538942186196492
0.8971297084385221
1.5797626566633771
1.4717934408385975
1.2969611887737467
0.5439933042143996
0.5189559603394829
0.6637668284270378
1.9981313517552026
1.4370096406686226
1.0415886581783325
0.7934996223986532
0.9917941278142509
1.0230102694164185
1.906599480188818
1.5314155696129723
1.361020456445372
1.1034867750473136
2.4848457046324475
2.176010170150794
0.4228694920459472
1.2829079355949864
1.628001914724943
1.648314634275551
1.140217847690663
1.4482625930916508
2.2066956194771934
0.40242799449205663
1.7272485873590735
1.8129545106916831
1.0075711237788054
1.8675014049708478
0.43338917080959644
1.951378525940304
0.7007252226618527
1.2163735056087357
1.4174155897141716
1.170704358189061
0.842381481553123
1.3072117696526007
1.5828722567057143
1.123523797963909
1.621634280142982
0.9813043339640142
1.71168271093109
1.9765928958774206
1.9404007029356765
1.9115922681080209
0.4973494768565024
0.7009781079348271
0.8146023072624324
1.7578538516842652
1.8621349733537056
1.6075552789103567
1.1978764256630698
1.2248368729003678
1.4183836551408877
1.3550050659548272
1.038494640587748
1.2497638497140695
1.3692338162165343
1.5760147776868245
1.1460161861704072
1.9787879615288333
2.1372108217521215
1.6564293429522339
1.6249776427354605
1.9430070477318169
1.0875991676007983
1.6138762162083207
1.5075957462492435
1.1353005395705447
1.4985906605270942
1.5464591945590327
1.462214874177191
1.2164929263000952
1.4278094537198645
1.1153674992643339
1.3805761118996542
1.167898496829988
0.9615769130872388
1.3547893977562435
0.6006780688872373
1.3461489871095391
1.3557392168689155
1.4829965732913761
1.3744379610271467
1.4410050246986805
0.953147144208377
1.0495534780787388
1.8209611816337763
2.736882304652603
2.3276728538479268
1.8873065994739646
1.4078953050695444
1.4850408895914273
1.4083857358014293
1.0250833346131707
1.0838238071645598
1.1558862790179913
1.7727735447175974
0.8519836775709181
1.1075042846505825
1.1277574665281742
1.3721077282399825
1.7954037895836676
1.327489753015601
1.7117492417079707
1.1590304869326775
1.4067767255215355
1.1594348334911557
1.134493791954199
1.2757996341904223
1.2373393330894493
0.8894865799055242
0.7740808202864999
2.112747410907035
1.8077086259144743
0.5765018607664706
2.553597461012917
0.3197847703256908
0.20458532600357113
1.6803376938600136
0.8723612122671931
0.8541582275988004
1.9583849685865296
1.0535904332849302
1.7652339385434943
1.7396449106729097
2.010192750495748
0.24052101283349436
1.1284795667809144
1.2891704822203742
1.4835281649057532
1.6002726955983524
1.5634042079463046
1.6689800775196975
2.0394180033774596
1.8908217284111974
0.9262778813614576
1.2517837915391112
1.5066206996978158
0.9959280963701606
2.008922547826495
1.209508938538334
0.44378730990541365
1.263769013057264
1.963328006792895
1.281664988118615
1.4263822764773444
1.4751792089957145
1.5182052137280924
1.1723915188674479
0.9278098280706547
1.2649311774366045
1.3368558472828422
0.8905078351601755
1.5178675761926979
1.9399585584744843
1.8081935338267143
1.9260865394588547
0.7623062220823662
1.4889176038114298
1.5581744515136946
1.5728617092547872
1.713931943193487
1.4326828299437857
0.960088665656657
1.3739838062836267
1.906395716058934
1.8688365847537445
1.4256696710578771
1.6328660502581533
1.317389568784289
1.3314930996104566
1.2968302433604553
1.2968302433604553
1.4721159753467796
0.9803891148472729
0.47255951849039834
1.3539113090894659
1.8800713491557695
2.146375030749845
1.0918739244581792
0.9021943069253493
1.4766270427801111
1.0747399353650107
2.186447751552126
2.039674207672098
1.4672236609316687
1.536332497877624
1.5066600085614374
1.4404619337693227
1.9354908713148355
1.4452958207780582
2.113238575748118
1.8555335079800144
0.7002861153994884
0.557516583237938
2.3866466185019015
1.9998665020869504
1.4113771931476922
1.5489935863103075
1.1069405052436305
1.6469348768122274
1.4592904265401512
1.4698776557075575
1.6302866595759378
1.2725159186644939
1.40300816639224
1.494388721827768
1.3744808457364346
0.404543065409562
0.620044149485115
1.5757250398441383
1.13246735211022
2.3178967391387113
0.2705618273418753
1.3215413055791023
0.9496458033924378
1.1153138390628219
1.5815213741673793
1.6468551422578943
1.949032623851771
1.3841717509427862
1.7548390794841682
1.405404713743781
1.214322163348508
1.2616334708802686
1.8128205268406912
1.709979397178158
1.4392083420312438
2.42895158679221
1.4304019207926706
1.066252258814656
1.809590247173427
1.8778276819352993
1.8887900443683383
1.9240609564564473
1.6806604829065597
1.7112281357972272
1.5562983155175407
1.2985360452977797
1.3927516819145325
0.961264191141282
2.0598129180196
0.9580287845616257
1.6226245663405316
1.0935918447602664
0.8543124369424637
1.7085828221808717
0.7297340421382826
0.5484161350094608
1.2532923683864226
1.3903023298409796
1.723873783082502
0.3414494168549361
2.4353671969596253
1.3626764812345142
1.8508103037959647
1.9145292644994687
0.734798489944198
0.5416481682071552
0.7309097529083688
1.0212946809503982
1.6148260474785978
2.0252049218164516
0.7539970535037238
1.8243928037379522
1.2181611248183573
1.2573032772492359
1.3846191258316625
1.7526901888387716
1.503448443692333
1.245051220084444
1.5126309552034314
1.2262875007543712
1.2762550260969114
1.5319966082510716
1.1783889224685
1.511414229701782
1.207575128013591
0.9835047465888846
1.190361692730593
1.5670655862813399
1.164621196105898
1.3657646520907583
1.222332764722288
1.3513873970298262
1.5906860469080017
1.268896062665553
1.5750933208542184
0.9789353156857505
1.3733856024882578
1.8641704218281174
2.0719457517230215
1.952824471966187
1.1247018065253407
1.6853381475974043
1.5355210261872096
1.9789631582229377
1.516586399523172
2.270133823870961
0.5216494493356773
2.4330208201086894
0.39379563490543984
1.4496610584531249
1.233303373680421
1.574627498829857
0.9941194569622978
0.8191028461750645
1.0099189603953278
1.1003713528386283
2.1326905877586335
1.4437141170715106
1.0548001140792695
0.7607910062875868
0.8005822128830732
1.9354087619020344
0.9139946771965654
2.1069624388115966
1.2433843997128768
1.1636809958647734
1.3924707153986424
1.4227456605235513
0.9697840732700536
1.3320665278530661
1.9756339559120137
1.8356305808410156
1.631367240557824
0.8349467709955265
1.8222228504046496
0.5413584623445338
1.362500947887108
1.244947174880303
1.1145313365456873
1.3282053392625173
1.6496652853808225
1.0861731416982487
1.4215040868138407
1.3307907596703101
1.472634503426474
1.4674391477618496
1.3970307644233588
1.8199625933426362
1.4713840798131836
1.2803911261527674
1.7483182176395051
1.3849502173441837
1.2234407164574548
1.5780427700368853
1.1054990946068808
1.4411563611244964
1.313759523386443
2.4362498387322566
1.3845554129303854
1.6621783366008012
0.7395286730165133
1.7959622073540964
2.4127624574757913
0.4761018081838612
2.401285427901825
1.4041008577646203
1.6099017168760428
1.405710363618231
1.9919402438344394
2.0418571195565764
0.6278198113155796
1.3295704804530684
1.3247869464385473
1.87502568765615
1.0768591970063555
1.7486359984331044
1.4530603410454055
0.5320010877294825
2.093804612630751
0.7958359689921618
1.8016321453389208
0.6758285001262448
0.9400393228501849
1.8549999270648978
0.8280810393030432
1.7789360164024528
1.7146852129638988
1.667671965055761
1.4631933037642866
1.2924768519533496
1.288081210469434
1.2619514410004122
1.9563258820171694
2.2270536971657977
0.5789128273358316
0.6742414244580102
1.032785228257967
1.2625101550303846
1.6779168748658604
0.7846570689097637
0.8441261883732728
1.139860999025057
1.8423135338692271
0.8502751989787848
2.015130326831178
0.8725531763986719
1.9202057796434362
2.3627727087478942
2.770629651787503
2.2813394819383817
0.6821377553012846
0.8438433985284276
1.8148330089730473
1.7147148796602145
1.9247204327966934
2.0247186213718495
1.0875003914524457
1.8159723965565022
0.59795663642639
2.0410341605318743
0.8613318153849563
0.7894234919083559
1.6912864238067298
0.9267443959258026
1.2876175099015184
1.194784527964375
1.5787737277691072
1.2607125161972594
1.3480569782705663
1.7863281540237628
1.7545112033946209
1.104272948594598
2.237993702491289
0.2843159531753041
2.3529147508405877
1.476243961157878
1.5043563724174165
1.9126392786163844
1.86290740042436
0.811940207395833
1.216286905518516
0.5600425779903074
1.7064080550172376
0.933941739416703
1.3037701950047411
1.4932418219879309
1.1287716407696495
1.3808348963187174
1.2367874445585514
1.5862867005551
0.7025617656946163
1.964318125507826
1.2236086483115014
1.8462560886598727
2.2056462852938443
2.1279555720415075
0.8263942489015065
0.8108860131831724
0.6932592251720451
0.939074703661431
1.4309966658162214
1.7376982069370366
1.3162364539572144
1.032281999552767
1.6008829782074137
0.6479353729172657
0.1088043654817289
2.395866378857132
0.7165487722086256
1.2915279639747241
1.4609155815530575
1.3090269245144186
1.3748869093610354
1.284416723422554
1.5529551310593133
1.0257511345888175
0.9225930593228566
0.9054602469978704
1.9117422271543503
0.5654068294773886
2.2126310308054613
0.7195423550525188
1.1349984302160965
1.537646276795755
1.7268376739009608
1.9111416372505399
1.9229078002142341
1.92135129215724
1.926273853812815
1.915364538993139
1.9677758526778677
1.9616813015489254
1.8350061252641756
2.1725094325130274
2.1319651495799183
2.134473230452511
1.8408244774094749
1.0677676810610777
0.9531044239071816
1.9326334524684197
1.2486264154767077
1.0009317996903029
1.616485478906226
1.1770247477504412
1.8081826620550032
0.7979236906094094
1.3702648765642047
1.7799285899989257
1.2103207865235983
1.5358149374525913
1.1661629964728248
1.6223039853399528
1.672144309435016
1.7735923515906955
1.602812627306658
1.1102458916472142
1.7972069871924474
1.1970958889202903
1.282162877632446
1.8193002986374818
1.5478969858442126
0.3929091758406389
1.2845712463485066
1.2181410063416898
0.12252038930133607
1.495504342323412
1.1787177051278745
1.3961162927276969
1.6168484102998038
1.0663403239058995
1.527662749844097
1.5602342428538174
1.9030117933459527
1.5366390439989703
1.4761438346836702
0.8256798140770658
1.530147764309576
1.18477735074385
1.5309310658953483
1.3249778308140852
1.5991521907850859
1.8424500655782823
1.2566813389495037
0.7746379855697852
1.6450917405363792
1.515077187667621
0.7373421565741475
0.8513642760895522
2.3588633124855978
2.4903767726600003
2.3216880810719833
2.2639321582801943
1.588257042418857
1.5803349242742906
1.044666926535785
1.3866528653940686
1.3852121899778351
1.2988454137038514
0.9093713198316307
1.3141241597769058
2.0247266712370835
1.5239003476781425
2.0400306944252744
2.2896433018038644
1.8433434212518232
1.476985836073616
1.4424276498090893
2.073038021964217
0.6574411508295084
0.8823409195814773
0.5814382922798452
1.3901661752699643
1.3380621407656432
1.5730197610198662
1.5128087773807612
1.0788668498812637
1.3926355281959273
1.196729851223587
1.4241806545548346
1.37914766909652
1.3687089011831688
2.254039144245653
2.125829829885843
1.5406715660667643
0.5682497008337659
