0
3.1326129569979595
5.88685842171372
2.100747531417086
2.8112107237790793
6.122713548706499
8.85652083992992
3.125510188391033
4.862527704129525
1.705860100066582
3.7684130331892063
7.049724195201182
2.0714113721909535
1.491831310042519
1.803558158845255
6.002039862435663
4.868922705577364
5.52860420739631
5.765874395501
3.7589432195972505
7.937170551066312
2.1633480767921407
6.685612513341962
3.3933155841577647
5.220127185559944
2.9306999312267985
7.8783675976163385
2.3659402771705604
9.561931503926262
1.5372274671582487
10.835666928432369
5.790113673082795
3.1331556643427194
3.8741536568553014
3.8502920382128125
4.042270308572779
3.3016474326282763
4.21400893802621
3.2457821225029266
3.9528277769506777
3.803618142067982
4.161659819685598
4.056422822059541
3.656000743885534
4.581750168315274
4.0926382872052125
3.3590013185973557
3.7977978592188366
1.6556827702832797
1.3881534285938144
9.961404261907372
9.746626655623656
1.571042726594809
2.658574982531879
7.088466478857813
2.719829019089775
3.1104101017882857
6.558164743124447
8.906881529010876
9.905913174808594
3.0681707944786947
8.91838266983232
2.7493764219714056
4.460667822691778
3.2800353786729124
5.069291806065699
2.494057990896235
2.3099942254177317
2.652980051986309
5.924814927625729
5.838145306189815
3.1880317307508355
5.523146184689661
5.538959495207897
3.7727990655343704
1.507312367456226
4.05434791696262
4.236463620187523
1.1581585539450279
2.374235102153529
2.0922408387089972
4.566029440928448
3.927437367532419
5.059996401627829
2.863842965942894
7.023827701805332
6.785700163165832
1.990401687459798
10.114445150746155
1.6767162912194458
10.136946548051501
11.647353292835083
5.120790276010728
5.030779778711367
2.6285106624139156
3.222748737331037
3.320944605100318
4.345288356944199
1.5579304920677062
2.6638091367023797
2.58025788327138
2.7102269048205607
6.411073908687503
3.387336407917661
3.653139815530872
2.00544193476887
3.187005874864291
5.161527511117449
2.1437427245779603
2.2068128178096234
3.077704487992832
9.456523268225657
7.329646020940743
1.904127743429261
6.618300616030621
3.4705226540355154
7.240758625936597
6.099450509671816
4.385083482368109
3.9915704580357954
3.7438905259850097
5.2216584748645944
5.545701007507246
4.962787933782149
2.9611938365122055
3.577714805243158
6.227500516947592
5.114219283380854
4.414575930409967
5.039001351146947
5.202288715182094
2.923949399567832
2.6903203780465637
3.1345743261954353
3.3478561452169915
3.6382804418160664
5.627072922060471
3.7208545081007625
2.16968505306239
1.9035959234661994
5.079662793911495
3.247026144541853
4.746075051571976
11.081073908494876
13.280956726291874
3.6285529480022864
8.32679186567138
2.7333091031975214
5.422246780407082
3.2285060449450995
2.291881703475367
2.5803540426056273
3.5760985880586986
6.818058906931044
1.866216144352578
15.411576290681253
1.487654154570062
10.04800187143447
5.87617146869857
4.712792565311915
6.68696722492224
2.811826703255983
1.7684441843113279
3.1293276742632234
2.7376009420101837
6.4264559137092885
4.077932081948824
4.678559811662865
4.900063091684393
3.9296544203383648
4.846044417115312
2.948930286814301
6.112248553794272
2.9506574957444354
1.7734045883929683
4.563153658833232
2.9889912306284567
3.641695202239807
3.5124743466532773
7.188920174615115
5.684690171866278
6.684785606721771
6.421112059263111
2.2825896157530656
6.301605816676043
9.692727148739111
1.9158035275456264
6.1914337079478665
10.60099249071186
10.895381635711047
3.272830109194987
4.538921316148817
4.237775903773046
2.987847567668233
4.067821436728104
9.697591670790668
1.8138542379558922
6.572372277695771
1.5338437966627019
1.4786511964704818
4.769575438325876
3.8038392972408865
3.6170991517197515
7.262445503927427
8.000338115578371
2.3020859828016063
9.970615461593535
7.5328046176034125
3.263849730315098
3.7428739633658306
4.421862225769915
8.97698319779028
3.1389046636225424
6.207138014730274
2.5428740030208314
4.983867278109169
2.892320733695145
4.791988206846999
3.5840986520207316
11.936021703067732
4.308628099324536
3.8038006705957983
3.513586043460825
6.515879977201463
5.822215415917578
4.358082113262641
2.171526442578568
7.126212131688233
4.689178753498624
5.257379796555593
5.150556468489376
4.861826166821354
3.6215246397387584
2.2143106262317214
8.10531392399213
7.590765369958447
7.637642012912222
3.970452754530702
3.84353713775665
4.278871812471301
3.632589730002281
2.0935415053139272
2.499202635843446
5.263904300975118
6.866192361750688
3.7674992971033787
11.568275567567976
11.605490847993982
5.020475641242336
4.748016675941539
3.741985414120694
2.3156455032297742
6.212110292938598
2.841410620822273
1.808927666793757
11.621521828122573
2.9050063724164743
6.71508301954401
3.1979091905400567
3.3388995638396937
3.245750101005065
6.847042097744647
6.016390415384413
5.397472416149252
5.493997485973113
6.755112141855417
2.691696937975016
6.50307010567135
4.992156504725477
4.598920655725931
3.7587856515510123
4.8135123062135685
4.494269977606865
3.6152718320006048
3.4684671628599766
5.310931551642154
6.88786788605567
2.417501544496483
8.589463813989527
9.248830993502205
5.716894167614297
2.839475322141472
7.485111244756626
2.3760666613299977
2.029039448793543
5.781020107720508
7.874066534739561
8.44663262107045
2.2770070382843737
1.8755629515868497
2.029832546496481
6.18483531006663
3.930052737748302
3.8621613952275404
4.01954421574073
2.500563583339976
5.519635828783025
2.4717903135223076
5.621427692960816
3.523627654400563
3.302193367999338
3.854131882550553
4.697231145796152
5.094546470034237
3.7430744310071833
12.25108027589838
9.88475672839882
6.624979010852024
4.033737739980656
3.318083305694033
4.382654218229938
2.5986148236362947
4.391927660384131
3.820428743377025
3.954603298906353
2.720239802890831
3.2901654658231227
5.047091084107045
4.57945305577817
3.10735720239461
4.77351648138411
4.175648752387184
3.49051051129787
2.0930017213802925
11.70659248926852
2.085158210717397
5.47454856536701
9.293341694913837
1.3796932339003465
1.8196942661140982
1.8453700256344547
4.236577871052473
4.318042802350924
2.7917825455353316
5.706505583628405
3.4583319322428325
3.2701497747551347
2.489189322280959
1.272575636773672
1.498625868822583
6.978524389512758
7.479871499122758
2.460934444672019
8.452802319883464
3.16966143378493
2.5239897064245755
4.224104027927487
3.513152428795936
5.820580915813817
1.8163052917678064
9.038451103255472
2.8125269809329114
3.008746646220835
11.257842688889536
5.445003445506592
2.846402099353635
4.987007727229234
2.928340327007548
4.453862507297966
6.026453489924508
1.6562182017196732
7.206575074984787
3.824318250446492
3.3086328610832485
4.812254923360429
2.834504732139015
6.801478462403206
4.251208577965814
7.534225409645058
4.320459408496497
2.4485273066962208
5.420101565877661
5.916637644549575
1.6527259943145285
2.5358474365788877
4.552025594194419
4.475102433775492
4.2753296276238055
5.067417098603707
3.191067762268726
3.4903029385238824
11.214636610827906
9.100580941852687
2.9089382224680587
5.221899149419839
3.7798855047606796
4.7813997637975465
3.680050432725217
2.4885690012579995
3.8997535542006987
3.8337296452796816
3.309014236017291
7.262977146702932
2.0670683994339996
2.2056327971539456
5.345477277612869
4.196377705222178
2.8227968006642556
5.165478034975268
5.188577509992099
3.811180270767027
5.670732917011259
6.961276069477781
5.114761198934186
3.047521892668673
2.913931587866864
3.678135775730921
2.7891355858291647
3.419969347742956
3.242209627778394
4.7029108833164175
3.489972598063673
4.0769918320062155
4.258448531449972
6.297828679695663
2.176652484424116
5.40302714884687
6.078650325429132
1.1435201304442433
1.2478651218650636
1.2621661458608882
8.015500028278332
6.389554130417829
8.951959591731034
1.5224883903007345
3.5332736681090715
6.154955096274401
2.776717695352256
7.023865660069545
4.163364888511676
6.234762471373868
13.264772566261215
1.9047515164050774
1.6178151897705404
1.6930125505376965
3.74355043016894
5.257984761467555
3.9169753000300815
2.871462637718029
3.0895306860159155
3.4950253541344543
2.072251862089292
6.631885927562962
2.4021579388065915
7.475508707507968
2.8476372700032475
4.543708049046114
5.693264062060111
2.457807172055801
7.064229299455453
2.2495165226542997
6.885022317955661
2.6454598706414454
4.977914672603879
4.872790379267883
1.7477084462017822
10.036832331417184
5.857836116319281
3.36352285484447
12.237005261070973
14.203068028897873
2.5727130587875444
1.9250236746824916
7.609826896869025
3.080593856104964
3.506774899368223
3.9105295441532317
5.453094300396605
2.56229319818706
2.997356679712268
8.176903606770765
2.1048409605485374
6.554557891388397
5.07626129439278
2.9522752083328307
3.4761526186826526
4.540958554043293
3.438201821568204
4.047402613791608
5.2130315344562
4.1971736099317996
6.019843439523024
2.8544917181396614
2.564441200301108
2.800627294985545
4.123629786240841
5.365810638571393
2.879545375430194
3.0361891262275273
5.185384803038538
5.73643388068302
2.2219547643882924
3.1813006413565126
5.979939043480707
3.4313119094774045
2.0401156416312
4.96982047667687
4.072548151016344
3.939080845510525
3.5361326427975057
1.9231028235301573
3.1427785149440393
2.040794130720394
2.6622051556264874
5.420318592855816
3.423566650916984
3.1586049906504226
5.174720999691027
3.378084208030524
4.876051373690891
3.8481483919286448
2.0408340847922997
6.411580958261858
1.7891521018450878
7.668054181899969
3.9044600371792737
4.736180302247853
4.817276503708904
4.862107117304507
3.530386543274184
4.696829338969699
4.612310772035103
2.504739082895718
3.3821469537274718
5.086399775540223
2.249134755603194
4.093606925374549
5.821934209737929
2.9196348164346086
6.44843610462148
3.823647358207216
3.2814555477225094
2.8570579701845604
5.188005644519779
10.319325521044462
2.320753517358636
7.494603503959032
4.1274241552408615
6.820806145374629
3.5357992437834413
4.159712879148455
3.240930311715777
3.8126057610842645
3.665892273070462
2.4243610669540034
7.751531936935812
6.263712250034676
5.850658498738163
3.2764703738533267
4.476360867992932
3.5629734587326447
6.698470597377423
2.849873698963896
6.196334705698045
2.06788494726021
2.598628953080868
2.095070314588273
2.919835278995312
2.7748924383946005
5.412374745201856
9.867661916052743
2.3355539375396863
4.163726546065371
2.875637022926023
3.4951287113296083
3.141572639469872
6.2770497497520985
2.9111942779125677
4.046918912740578
2.9814058128078282
7.001302415670013
5.526923754670696
2.958163278733433
5.034016763049854
4.497810483738156
7.750715880461971
6.1941004053891175
6.622890696377407
2.9594383726429463
3.8881549645716746
2.76490577006063
4.720074565666992
11.948027674122331
2.723167870945499
6.076176162593391
10.237819353952812
7.6960846381645105
4.855711366390962
2.0078631484508267
5.5532189715872
4.298095415587771
2.8227310957764655
3.9354977605809127
4.686433082367058
1.7131172489531927
4.2423570563824695
5.941001578577358
3.386358567034374
2.9406475091448643
3.514937908060029
4.6365478082655445
2.3480127190325093
6.5922686234654035
4.472492286556006
1.1293806834926834
4.2654601202466615
4.169255015105971
3.752515348441033
4.091979695353519
5.767742619830339
5.972667376547945
2.682438008000071
5.555714019159212
3.8135853034416907
3.1059385170767153
4.295888754462826
4.161651271251284
3.7365911952198525
6.2125534172836145
5.514318037384826
6.939775059315022
4.343985625415093
3.3744838402761164
2.3955472126707025
5.673104443661464
19.814685267940302
7.190287965638264
3.1018191934218575
4.221705803745806
5.114679842317641
4.573072319987964
3.1039632677194113
3.1576657798119587
3.9939900853006742
4.800216882053817
2.1328283440117883
4.899988029763224
4.403705331997374
3.7765181815106867
2.1383151575403034
9.219717387438504
1.955950540491049
8.60910342213571
2.4544271218288833
6.624023633580179
1.0415101315852355
0.7042225068268038
3.8147357970873492
4.44117945747645
3.6793030953774486
5.3506783618394484
3.9153075361118006
2.737840049123523
6.729573807262259
4.517489190595232
3.985422507745502
3.656957612538598
2.2560808552779874
5.785068381110042
5.517472833155611
20.355637328616606
1.1638012326922915
8.677469304919569
10.486098710192568
1.2900774188442117
9.734935232069601
10.824528119681464
3.242028259618388
3.011724715595251
3.3209909929467982
5.626784844810485
2.907803951714602
2.8692540195470957
11.609771438569783
3.7058226612324408
1.4674825292057843
11.399176947630718
12.876428861785309
14.612885783309551
2.0437348965227553
1.985991569407572
3.223397707909731
4.7198939597195855
5.382801899980587
5.858065450596918
3.5917408232800243
5.9920284901687175
4.659386408940187
5.711900929329313
6.444882048979122
3.4120459442665445
6.271473143131883
2.3850178049787587
3.2689584864574446
3.33657011444077
8.377556260751527
2.6386225838557493
2.4218257138792785
1.9245554328882846
3.4943765573549728
2.449868565756734
3.0287812362246336
2.360134379023566
3.470060986760595
6.661702186965052
17.88093245826782
1.1260030533036738
6.8837622708674475
4.032138945980812
2.0957231768543094
2.6627207154589643
2.8368151866156857
10.098938854893703
7.667631128053509
2.5296310877034394
7.308569721597826
7.388613015468271
2.781238652509838
6.951904776114332
8.242662796831345
4.688259977590169
4.503634640043531
2.4716259394444693
2.437651649330357
2.260564286441034
3.518123327478046
2.443123243477846
5.428962625705235
7.1778245920215715
5.878178288953132
2.7543763903041287
7.28550461700155
9.337922206683066
2.0773851039212117
6.463754641255817
4.403503273588809
3.819563490746962
5.1897858230019995
2.728315172195792
1.9008632245265566
11.749968879288442
10.352421981777695
8.380624386378862
3.754522305238723
4.409353866037808
6.52889884754666
6.709554800154228
6.517010932352126
2.6026412406626065
4.78396908629389
2.8030446387157926
2.5335917124711482
6.060628472692438
2.0622579909281127
6.480003546331058
9.41834604225042
8.413002891556989
1.6964270306007254
10.620815257120135
3.6563799265336034
5.201216665933402
8.005448576603195
3.4852548852442378
6.384627481694785
2.3691560642770884
5.377650811198373
7.648125609296801
6.061621100063359
3.7681657818265197
7.541727995707453
1.9195617394799214
2.6564123491882587
6.173326255731345
5.825672159280155
5.596497583699524
5.529762454033076
3.472156893161663
3.4520782657023172
3.4572901883226463
4.200724321799871
2.6209790829493094
6.13638120644103
3.1138823861809435
3.403707966384385
3.9289084721539287
3.476964645872185
1.5155038782822596
2.8985162279941483
3.8444773068212825
5.861660304564943
4.985764574992148
4.135964447480667
5.263515222757012
8.453765388948398
1.5433302801336095
4.341618324430151
2.101082484396444
4.305876759650827
3.564902278236821
2.8679819420834973
2.9656683617316393
4.575342407446163
3.5662860808804044
3.8567281292639852
3.7614811178373904
3.480603292359489
3.7656750099395913
4.034943953944952
4.409249471902251
3.6072920822185495
2.794368562949715
3.7419743401254038
3.954955131972641
3.760719302539393
4.973313959575282
3.6779071742316454
2.435573648582741
5.442841584757991
5.353957799251253
10.250543695455528
5.721720851282671
3.0985550426101147
3.356512694376895
4.985021858142112
5.89181050456389
7.457421206301753
3.234897744364249
5.946338881371761
1.7601528372801984
7.35084787848796
4.65980957853219
5.783700746852099
7.897807104252607
5.938973309462663
3.341129003648814
2.1463123539430535
3.83675925657539
3.259689983455799
4.914310250493839
2.4737967617894348
5.667179241860072
7.019740805600072
8.246237010320973
1.8539668816873414
1.7132276843178944
3.5176421170476355
3.508932331285278
3.526139927873149
8.159652610768457
4.834212956116469
7.5447404261448305
2.315678026574599
2.058126049201954
4.638917329358871
3.423243143738256
5.30111114087251
4.147846373677493
8.829440861413701
2.0074796922840212
7.665832344143503
14.15127488557588
2.8451475442286243
1.8126530895399913
2.7749792137807625
10.22107963697843
3.692531719315451
5.781893105394917
3.74003319714979
4.237057718293503
7.191045311873573
2.141788689676696
5.1819360469372855
5.1819737521996885
2.481682432840956
5.553864489345181
2.4083390478211397
6.823627292522957
2.6336099109293514
7.7240565955836145
4.91851530881197
4.8219381662909
5.735508228377407
2.875233274142824
6.433761573891083
9.922650431855184
12.935173227308878
1.0728341895066351
20.90990439787744
6.536644577346799
5.065465237598154
3.7496004147154958
2.981354924823953
2.31293692835089
2.0995206523859826
2.142859055710999
2.9369032406323017
2.585405885618127
6.718207050256859
2.535732198728763
4.564235017785593
3.62850442929416
4.4950587300024525
3.5077982448008327
3.3624852446606397
4.337713140252733
3.474483870203946
6.296584620584053
4.067875366109167
4.068084418780148
3.8033186496438263
2.265707124506008
1.8920642884011665
8.723112663959059
8.530379216720904
10.245832728741846
3.685295249084642
3.1474412756245793
2.583904505543914
6.626083725946841
2.131567600624686
13.981027295178373
7.159125504090811
4.3377409508830205
4.430874770152162
6.7565771269082235
3.3057564121070535
6.537856219276224
1.4807120356471104
5.487492303030607
2.9707238986441946
2.9188477704221616
2.7138853156193554
3.7234523778881807
4.0770943380797435
3.380265747294783
6.691052119228025
2.803748712713351
3.7896945201131214
4.0349583977608585
3.25494710118208
5.202305435557188
4.018104327534491
4.364627358003413
3.083940712989285
4.760303264242823
5.764473267033003
3.4235675756399346
3.5866671825183816
5.588959506414747
4.092242955338516
2.0213319206864333
2.640240343227626
10.876938019991723
1.7910665910199668
9.54424288081247
11.161433959797767
1.4902375075111378
1.490296885666051
1.582975805388993
7.391437685784005
2.7606971826290847
3.4959294358938826
2.848594816256218
5.377271802652946
10.98978107901537
5.098170776742665
5.393612625300767
5.659654192105108
2.173733996923371
2.981084917111099
6.215677667402433
3.015232373946513
3.077749180431101
5.610118356244769
2.930536626450009
2.714633367089235
1.5856061794560476
3.6144623132265274
3.822810397755673
4.189356071956491
4.478029062853781
10.170492769230131
4.785282562995185
2.6687415713088294
2.496368784514922
7.286090701142996
4.159936307995099
4.305943434777693
4.728958206441282
1.954979303489955
3.467122868530493
4.788728037037917
2.2203204031560624
5.726236471761421
4.070939006782876
3.050575072114006
4.268194128268505
2.7399613638670823
6.0032022992162535
5.348238327883033
4.646790796629218
2.8749631503013684
2.8069990890888854
4.068473475904884
2.1312585172775282
5.0728999506036265
3.222188226924448
1.4133634453566783
4.160211206466722
6.190709760556681
5.098103223274316
6.20719946731164
4.000637572778694
7.47700320881237
7.904793756415747
4.819834173124268
8.296311306062016
2.0787346687247616
4.064811879980552
4.3695632090373975
5.216204681374802
2.25973721564496
2.9719816454188885
6.480939603045109
4.922689649064191
2.158540455991967
1.730461461753129
6.776335245274616
3.4554680752091267
2.803169110468407
2.587433477325253
6.084467148602918
2.4055826753430725
5.257752903039944
3.326456202448944
2.366824175784557
1.6418134482535645
8.933950460170163
2.366461378166916
4.888547641182047
3.7274886956798636
6.002227764862322
4.558885727204854
4.59402397999365
5.2360453557021
1.7870068035764661
1.9346233179402637
3.7206741181679606
2.2896084533577565
3.765276312725607
5.595918301390463
5.321220357639557
4.890833767367639
3.499194601914865
5.028618079524716
1.5335105086198788
1.2641034970651877
2.4743800679882337
7.009598144847107
8.154022808174137
9.544063011339082
3.06257688262157
7.039548974646683
4.588616617059978
4.918621161127179
2.3403243724415352
3.850410927435444
7.291688715338025
2.1624327337418894
6.923660033711614
4.801383491416709
2.5675963652357856
2.887214894361861
2.3374943671399326
7.557547795279794
2.836834838961512
4.336452457282134
3.2107978612747856
5.250836376969386
8.115653872677148
4.630361604744466
4.003887347444004
4.173985389526655
3.114850704247116
5.067376786921102
5.7843647027503735
3.8275898425282846
4.984479091237086
4.491759961536714
3.895216823127384
4.977519645591385
6.2063534798638855
5.799775312711611
5.5635152258841325
4.346110546819657
5.01992408119304
4.463886719480152
3.3862175286555836
3.7284155407128488
4.722188071934414
3.5126108969158465
4.165039208692116
4.357911256728512
3.301943188913732
6.557026685638338
1.7611853299422595
2.8370814867418743
2.3903026549474435
8.08101231538489
1.8159516567354543
1.7767486211138965
2.6175775226416076
8.727221571041508
5.39165135653302
3.47682564131335
7.169279519801566
2.381279478639856
2.9251443790114595
3.3672030129312316
5.5433206607896
2.915267277923932
2.448365492768491
9.538183757162473
3.3149576161643526
3.627649847002964
3.31980980945413
3.1838436636056806
2.7363764407222755
2.089489120394892
3.7024544069383194
4.626084800598894
7.15861909799888
7.168490756345695
8.070476549726674
7.459291911214261
2.8871091215022893
2.1825426247691175
5.209095919165167
3.5941906689107626
4.290313156439694
3.293861139627512
3.1505053025713017
3.449393438876445
6.524518027782697
6.0469881374068875
8.229907697146151
4.272267798432996
4.890643400744573
6.711178072041433
7.453874298607502
8.423531917453152
4.270520930768359
9.061987569407295
2.5949318657058393
2.5969360119932228
3.027859142068519
11.121013413498941
5.4686591019810225
3.6690351038354794
4.034839420544149
6.764508618327706
2.415091543193209
5.207416469636261
3.1562680988596585
4.087194683687543
3.967658975200639
4.34533837209637
4.218382868862983
5.651366897694671
3.923784868248915
10.638851937248115
10.40585063503407
9.161566523897994
8.022980483618412
3.9571118600263206
4.813637397329115
4.0453001430603495
5.8136334003929715
9.165752629075355
1.432393482759697
4.924073389216364
2.450631308554175
2.0599641103546675
2.4548864082513235
6.485199964419965
4.356777182703124
2.426460377096885
4.772340682141036
2.7233535095407184
4.8080357763403
3.9532957533800572
3.9449049130382456
4.065707041926866
7.537986404108763
3.1036783324586086
2.4407457595068394
1.5041434436147023
12.186085416025387
11.511763218570144
6.351327478592771
2.6195614598348316
5.364704350468934
3.87664989122368
4.628064800559905
4.237368628913391
3.7179018508733845
3.4249416631356864
2.296120553429501
4.511980946674131
4.653597076922256
3.9901961674115864
4.221268780204722
10.668805552991833
7.5327985464277605
1.8449379873814074
1.9539655282692738
6.968526876661721
6.348877200029062
3.0608117872286624
1.5499132785035583
4.2028739820781675
4.152125863918076
4.119923068894056
7.2813285001245465
5.99016397340273
3.829796626683911
4.078400290624103
4.712393787828739
6.265813282406493
5.7296281854929125
3.4705406082738697
3.856214580861637
2.858725230049807
3.141995552688308
3.0718206923861398
3.7806232409500247
5.650508425620355
4.306852388022994
4.4633886484874745
3.515501170138172
2.211337217743621
2.454269823262665
4.548087733020831
4.3855560787162355
6.000754437375996
3.3116481550247796
6.952578020145556
4.186349726186787
4.129808194341721
2.326324582190257
3.0483524190263895
2.331467310583969
2.0500695778793174
3.633750084516322
3.3571325068261806
3.0963680177107626
5.0103607592131665
2.7349234484733262
1.600771614128613
10.53171965087346
3.0946710725701396
4.53113342915651
2.247851811030123
3.267708139789875
3.7331114147301268
4.101731861975907
4.348323757161934
4.662937014415817
1.9930796748444932
3.45415302559835
4.180575950915116
4.724431074100549
4.6194442662325725
4.688409585710738
6.769020114784253
5.007825794494807
5.856889680900847
3.781892912981621
4.251778288470137
5.069556165178165
4.104414951569588
2.682773044195576
8.64852553603881
8.782452271868818
2.649477727416491
12.437770709788843
4.586975018810056
6.988335701278754
3.6910547637982547
3.052421684748056
4.435459092351976
2.9257795650816676
5.168620613525609
1.2860522712828228
4.568468254512557
8.399955105159433
3.621201210708325
4.751322600933335
7.265056755767499
6.385830957813128
6.192188712004226
2.5903256902588434
2.5834134620490072
5.301439712400624
5.567765796654064
7.050695747410719
1.6911808965298423
12.039806610154022
4.283917202813791
3.810011289150028
8.795122625813466
2.0952399732830265
6.153252035896482
6.2114904859974756
2.695147815251595
5.189308115496786
7.974928662505773
2.6913879684457203
2.4140603766696156
4.838922650133047
2.90117130240322
7.115307513734646
8.369754576662329
3.7203613699506137
3.259873322560006
3.3876751419804747
5.634450181971982
3.8164224025322304
4.193873485782648
3.373834108111997
5.856596973609085
2.407485618211982
5.064142855063731
3.4364150887592855
3.9816500224255647
3.094620648340691
5.1815765901887545
6.185089313907465
3.8095018698124954
4.874703331527914
3.556833313584195
1.675976902398478
1.189094743351953
4.383599744123287
7.2775682543332465
8.12556097812167
3.6181457333828972
3.394075684449659
3.4396352093922804
7.696812457588659
2.307967577944633
3.2376771899903645
3.8647727393411713
4.924302330087753
3.5484882003280505
4.663541697697865
2.7574529667623073
4.5082345600875255
2.7589336347244044
4.259442136459937
3.8317113040348723
2.3863676223706465
3.2368179566523385
5.7630499791874525
9.590959423157486
3.975877434895238
3.3640223676085563
1.8795527538670551
8.1824072475742
3.349879928941772
1.786563917557226
10.033198078337156
1.6467646139883738
8.062555027461148
2.541433401638519
12.44393706127627
7.813654559663234
1.408932907540658
8.610901272232317
1.5427873957319254
2.9227318621476535
4.659528418733758
4.991586928417833
7.417137835111136
3.4931728019611143
4.663693162584947
6.066140810548395
2.84056025075953
1.9958658610781819
1.9284802305578184
2.5597312549831974
3.467650965972002
4.3311254810295585
3.0891333048285072
4.491151776335875
3.949070217308831
13.166111553215147
6.888358037693644
9.486203546620846
9.105272007905356
10.980277756611432
9.583834969434658
4.509890570643255
4.332239945156049
5.631650951770464
5.198361900451391
2.0350496809666847
7.9367026549015485
2.1062975976785583
4.267530038753225
4.114888706524296
1.7110291935026338
1.8979567432272317
2.122853795731256
5.868555370447405
3.2301767564920243
3.492868903219542
5.957350881183806
2.503597568493243
5.685554854653823
5.200874670113767
7.08062379274842
2.1768572532732535
7.9231945711662775
6.925389612843937
7.3883562320514855
7.258429330984939
2.1231906816728
5.087282288020917
5.781826123611108
8.625710401656423
5.9249342480833205
2.7539413393400087
6.9421557303418115
1.3177943270510104
14.042936676314802
5.646465761851753
3.90671837754737
4.556330323969247
3.235492661999336
1.9325824575195583
4.3317523676536975
5.53325946705304
4.593803966313825
3.317076595584532
3.9998552277416968
6.356007772999147
3.3524526815164566
4.160379766698383
4.271845364761492
3.130806646212369
2.5973078436597095
7.1345582777410925
2.545296820698743
3.2106179613023134
5.452488719308163
4.371446330229025
4.758473632947934
1.907259063325673
6.38941370377428
2.59384700576772
3.2655328207890273
5.444542806719911
2.610035689058487
4.533214229995108
4.922423342589511
4.676950364764862
2.4924963708094077
3.1961420682378665
3.379311140501084
4.932305970814378
10.62399401774102
3.8501064629003654
4.097286215600444
4.06657576482651
4.267936668691235
4.166158439853468
1.6022178814938184
3.3338298357963243
8.139128924838438
2.3874800802214837
5.496736991276667
6.725174941479406
6.083772831935614
6.736148378656032
4.309766962270367
2.187956050176587
4.5564149530709885
4.764376627004861
5.497928632689507
3.933783921418337
3.1050447919751627
4.720136646063048
9.660232070351716
10.694097197868834
6.4612794725876475
11.922614562993408
2.9861072319826354
5.517903023815205
2.8369485553132683
4.918483398851358
3.0248535045568175
3.1203181501573005
3.334580750303723
3.267569074978439
2.5774133875043788
2.5194898956282623
2.220656370854261
4.635538970540534
5.3334663668823215
4.972012428431808
5.291510993630005
2.535563364157982
7.010774557596145
2.944514420250346
2.288681120728357
1.241609640554691
1.967470955413164
1.339583509950421
4.533011076673969
2.20795917522212
8.097099181311668
2.6058425419476183
1.4769820342315043
9.057531051937216
3.323741678779323
7.938494101399775
4.08154126393699
3.428324558313103
3.170548840528318
4.536984189723626
2.913913922334253
6.5431307767027835
2.1337887958585133
4.808455777947622
5.203979521565307
10.802933536414669
3.214119295162332
2.670716849190047
2.7555376161455314
2.826690213738373
5.698728904312213
1.8125251263187843
1.4142370574812344
10.317929437791243
5.852118263324835
3.4822875450679436
4.282856855238407
5.9722764419980265
2.502603951921028
8.007738273853748
6.290821785221808
5.834400659853894
2.3262286218111092
6.383398618534483
1.8750688201286618
4.11743381077771
3.8389098683526703
4.689060479685725
2.8391825006866043
2.3487656106618195
5.839906910397196
5.132099311919484
4.180943333893613
4.273631222068213
3.2318399507409508
6.78172283741434
2.306034888493603
1.9432656761496567
2.2776260461162807
2.4232551220519962
2.2316958252069563
2.0920041654708466
5.356787268636096
8.161450786409626
7.58050996736508
2.612406368550715
3.10949827634179
3.0087130070571475
4.066886054861568
2.4518208637328773
6.00546140824071
6.198698484293589
3.396816058579932
3.89530001667282
4.895878472413882
3.5826797963192574
5.048777869447053
3.0518862401247504
3.5867783171491596
5.727320972629192
4.58888816200524
2.4073039689039493
2.423694169282193
3.1496258620557547
3.1496258620557547
5.711424606762339
4.574976490731348
3.0678148975033492
6.332466231896973
2.7693482939602787
5.217790658274689
3.9953960709637624
4.87429711713562
2.087591327442812
5.514616814955911
6.180737390253552
5.290957976431124
3.1345587120178284
4.341045615614566
4.320796347770773
1.0995358471951284
1.5296462214780582
3.1994693895546966
3.731074273585613
2.7705426000462356
5.768038601498803
5.036749712087635
3.5009060428347696
2.7738729596042213
5.287331172652226
4.012172597064065
3.6292385815135724
8.26720288412561
7.477939172739988
3.753055815596929
3.634155602386766
2.808461099137983
1.1169938055138555
13.814379719026686
6.30479915465571
9.845145542638132
6.418810041783437
2.543361663819635
7.200973730250157
2.7509745189654837
3.9235736640292997
7.72584993974525
2.4924117713494125
4.1087750598552
5.1430119558408
5.826443854956372
2.2019041964875505
2.4187071271821967
3.7349719818554785
3.960489153526864
7.384831083377015
2.1106337765101695
5.008499044342886
2.983072786493686
3.373794015642419
2.329046088226955
1.8427249789655904
4.402813124070813
3.125428544399158
6.567204631976652
6.445959349305709
5.355529200099666
7.034042612617285
2.335824111622817
2.567462187976124
5.659873719420383
4.49627150394949
2.7062112058699475
5.570271117763525
2.9443056338679883
7.370006140350968
9.657766093180413
8.268276719150782
11.600644485397906
1.5628116223880049
1.185655513419472
2.2558592245072306
4.343612404708905
5.514479434926554
5.613281101502366
3.285218939430025
8.223452991736767
2.6247197122358754
3.4112885298865114
2.3105818362183648
1.5190314697395022
1.8853211112843578
5.34421158066515
2.2238637263000007
4.50174980776401
3.3711260848122073
1.4717815925876927
7.68718912224863
7.772112506249788
1.7636971568717643
8.103352074557279
1.6246505732003527
9.135721011641818
4.4486634838648795
7.14769587481641
4.415985840373521
4.68747935549147
3.1517635770445755
2.4908039413490095
1.5970028088315806
3.1510648606360037
7.119004758429501
2.229920263805194
5.846070948865167
4.968191078512183
3.440935379918833
4.596860278194491
2.6378693950849
1.823699487909102
8.923959032432425
4.061428024188503
3.732283898304516
4.635838078996534
5.476963654673139
4.689086538891374
3.8918729033544204
4.7644474878212355
4.982717687686864
1.1714965131160398
1.451418046057292
1.6933113142685214
10.31849091371218
1.6477057078521764
6.857679536421263
2.3478223508380665
7.942606424227778
3.543188911008338
2.7749708187782303
4.588423318549506
6.244382784627532
5.812827948969647
3.6176747700944523
2.104830054543231
8.046444700438425
5.50696090147825
10.248033455685743
2.622311357390657
7.432704096161536
14.050455199361286
6.634020363704365
5.010628256107372
5.960044739806755
4.717512519703824
5.0282483959680455
2.770613342687851
4.621143405901195
4.424920620454689
3.2655181617281834
5.456294273671777
3.80661865779246
2.7233437979112973
1.9283210084493512
8.401253835944422
7.866745049682581
1.9165321055137565
7.628497836984744
2.2124098930672
3.6799756340115763
10.228218502083989
2.3772965609660544
2.381354629618174
5.97472663723999
1.6938626761801072
4.464024777012012
4.280152367394972
4.774500918711831
4.756673716208736
5.5597281039816355
3.2409476366407493
3.6653671557243204
2.4398471543795193
5.303600872521227
2.429762618247311
2.4903118599276057
3.0053547574574315
2.751935704174477
6.169574407909396
5.523594259279953
3.021746841093848
5.985494319106842
4.651019580832455
2.978988815442923
2.5613433334619398
4.931776858408693
5.603275891796461
3.852980833158423
6.198831892878776
5.7288490897199456
6.278747818512997
3.755884893461381
4.694269742382778
3.736697314860397
2.8016046283458103
7.500529836401868
3.26616354113516
4.48114049979958
5.1217002082656755
2.753383618170707
2.5399235077231723
5.740104541911994
3.5821910450067644
3.9510324844588167
4.164100071908238
3.93037375423757
3.7580699976202387
0.7365510082503647
1.340078604869284
4.3605054806768955
4.36974253496586
5.073635763324007
9.408747501351005
12.465821524980454
9.353293421573897
1.0750298698901837
4.939692042919547
4.2617170656864385
6.7744148304210245
3.255904677679404
6.695059644643239
2.8028709857243608
9.213251599404034
12.270840505293883
2.238952224280956
2.198022693935268
2.2599363119874947
4.411536868769314
3.912180647594753
3.072358582401246
2.7606713733152324
3.109574512657631
4.35781616129054
3.3564398802418944
1.696021198822585
11.589219100515491
1.5421762433315596
8.291714393829189
6.256468009222323
3.030622526096207
4.6378516661198805
6.314237603646739
4.360925039796468
6.128734197191994
3.3663691526437356
5.823895544354019
1.841385163489472
3.9047656955449557
2.3957481305263437
7.441750509423244
0.9083596734916574
6.074530860663498
6.3101523049577715
4.392627274013364
4.689214335370667
3.6163157324603223
5.672189667918127
3.3703236855909697
4.982447490179009
7.206948108663023
5.2879900790604335
4.119618011061008
3.2447278718998085
6.028682794592681
4.047558788927698
3.2670701801609625
3.448355154107641
3.713600883075144
3.6952877597198177
2.345223358427516
9.086117924653136
3.479317459310238
5.08636382820706
8.054549156731623
7.082577835406863
7.261901377702175
4.4370786270530225
4.557651530071953
5.041458920772877
2.5933096463532457
4.17932537716272
1.6103083300916063
8.621331726182033
6.415518470891752
3.2957266125320217
3.744166592526987
2.3369476142704744
9.999991435563677
1.677016440422054
9.249699503593396
1.9542426898652083
7.563603188435946
6.087742989656896
2.5833743733356083
3.4772214671364154
4.130367374232119
3.7084462509453586
4.8828012294698375
3.3599647982414105
4.327072617905458
1.7032394706909464
7.7058335963661975
8.443938312296865
1.0481351480557457
1.2822350154963178
1.2850524161824937
1.303924704420618
1.3719163185449659
1.350347376134242
1.1103718828458593
1.5238686958833456
1.4974496719003754
1.4902311823828727
1.8043712615089087
9.817590650453639
5.1101500481683235
3.935887464844482
2.7075135108042017
2.7029609137478263
3.5138324948943227
4.26312126783946
4.7662673772212445
0.7460245628008716
14.206923388883748
1.1162087081599958
7.925672295124401
2.859484700789077
3.275965994609853
5.678674119056632
4.2339868204455815
3.447486894144754
4.326193597479074
1.4483983346970217
6.79196110902801
3.648980076350945
6.18042678107791
3.3374190734769478
5.829521585392283
4.387253296763047
6.020836412622064
5.106784775697988
4.162277560106025
3.465980817124421
3.3501225207188607
5.174913776391175
3.563511750898849
3.20968583638361
3.9205177529800848
4.304404523022261
3.2458166337890035
3.5356715608782654
8.435873486011273
3.412044434735493
6.2431461053933415
3.706166199421481
4.098727358110517
3.575161455559068
5.9093251831776135
8.456509018918299
1.9357673146886916
7.302269671186499
3.8779090389391784
4.5778334676226455
5.705372503917551
6.074884378765817
2.55237917221721
2.1961521969713416
2.33262226269315
5.479507704614589
2.6585634868569223
3.2617820724497593
4.1988491973887045
8.147850248896896
7.039337191938265
5.7148351420867
1.5212051036073622
5.468689590460207
2.769944670412926
2.229310224187172
3.5761728272447715
3.7543525243094775
4.171776595718946
2.4311108734126474
2.1495609034814738
6.055996536042617
4.852843666729119
3.7844220086915628
4.3082947502652384
2.3820096223116387
3.5517931018188658
2.174445479709727
4.039273836452555
3.843750064708153
3.4428450267125195
2.7173112980049434
5.883266532310034
6.008103989539473
6.2060023987801465
1.6301779600444186
1.553210680119351
4.361690185406542
4.763657802811706
