0
9.097351316387133
2.0058551852304274
4.356570146886892
5.301855193539849
3.5315305698672
3.2779381282679814
3.0861134564026704
3.8821533081905875
3.462761301295384
4.940972819325133
5.781854820599761
3.031386357123288
4.954926989799748
5.482763511662329
2.426119862014633
1.7710776181559038
2.50413312399155
2.965844693645991
4.095968837128008
3.223655675909516
4.236080153915807
4.074716835839793
4.910912381820997
6.26812586638913
2.3747629661552834
7.225855143595114
3.2535174783739005
4.946122651738463
3.7125245522494343
4.544029015315623
4.226201765267631
3.090529104679605
4.229259105823835
3.8470401105309495
4.32995603428576
5.146450850739731
4.774682299799471
7.224386261579058
4.5097106893709205
4.42851547708798
4.153900872191069
3.2114692589411526
1.8602172509443968
3.7039030902193173
4.596362224347002
10.666048424346195
2.4161889391635683
5.4041710690192675
4.319862583502129
3.434388640088607
2.15606081697299
3.4905681688798054
3.518483875440154
4.596111675706211
3.9186699172637756
4.181813517381941
5.8578314433264405
9.458377173685719
4.926654841125881
3.9322971937530804
4.964247485889961
5.961507016312299
2.7096827158049113
6.486184098653993
3.01483903564267
4.49574605926064
4.363287161288094
4.307884133785154
2.9280020984795208
2.920461229720881
4.814081845567894
4.217801347737905
4.14889016985975
5.44580872287727
4.284365113272326
4.6533218883830925
4.695092614493821
7.602950619469888
9.364315066577989
11.717974779519624
2.0545002865270487
3.559408338625689
4.067424346957172
4.972707749262792
2.156481639248688
2.1291901062790664
8.968457214006081
3.9796549889784187
5.797513160357677
2.5217373226754143
2.6830903725750272
2.489420101940791
2.543210887660548
6.015024470281061
11.638077026430308
10.36225042050402
4.010870567674125
2.4686182085724098
6.329472027245653
6.482183553620698
6.064057955773698
2.906004756816684
5.528942473630162
3.0046926854648652
2.9988226178430746
5.170180559500632
3.1783127763514654
2.1474774718553187
3.3477976564523564
3.529407712368023
4.500910492301115
4.624804221538104
2.2145133478054135
3.2617046118874775
5.279910523841316
1.4829557129753432
4.405221056881122
3.68052047825447
3.111754788759906
6.410581452475858
4.947558946941036
5.723433530726667
4.443581461845828
4.589702848085494
7.2164090552393825
3.133148568133765
3.768835569732979
3.8260147985001067
4.375319375705357
4.42713966616816
8.121778184289463
7.662202248469125
5.989706034350284
5.754967193839275
3.093760392654549
7.5078535042828
2.1244600983409567
2.7009627279383
3.1644380164787433
7.405214424925516
3.554152507666204
3.5127857550069534
3.1507356804059343
3.546920248640706
2.8003699956905224
7.249254543851879
4.362749508502801
3.5602302377240296
4.638878611609886
3.0627753923430303
2.3877993888702957
2.162764922137399
3.1457066355927887
5.136356485469667
3.3601373472946316
4.074492367191811
4.451725760700356
3.9390983756882583
3.700280933464799
2.0411975538023825
3.621353021448389
3.1914738966395775
4.29543761065736
2.8117979183549195
5.081344908060241
2.6429452075040794
6.7199050757556416
4.7857594114119495
3.4882264721485767
3.99549929017241
4.956288807209855
7.483303714788721
5.306073587663954
2.8715928156593993
3.072064479292532
4.23625166137594
3.8158200831233704
6.208994653843857
2.519510888530954
3.3595998904213
2.830596773031078
5.448742742418742
2.631831909248155
6.250219621200658
9.54976549026497
2.187935887672589
6.944848254819663
2.9526919271591594
4.713851324986438
4.20796261903843
4.407418459322635
3.5574321480622606
4.600689179362008
3.8860875093607636
4.0499042415240805
3.3747876747874748
4.66828552688563
6.543384688405849
3.225739694990434
5.253623447531945
4.4346964526546175
3.386544936224941
5.282094754825046
5.571716675198838
5.671522825659163
1.5376634318520523
2.3145399814065155
3.7941748769300205
3.5771799771628983
4.1071022424467545
2.082397677907483
4.412663805189427
4.735900360710114
2.1351141714549033
3.989559381269889
5.030111321511598
7.735481928398208
2.0530614171071755
5.0887150479899885
4.01498468334264
4.584078550374476
3.5879151344708102
5.122563008660405
5.019442013184132
7.022588385363294
4.102041579450135
4.465414875876412
5.074907036456136
4.702173532419229
5.301348806328008
5.579760698223054
2.5964602896965236
6.495611942421997
1.8917752628259865
1.362114752235635
3.909182926677337
2.925061850518626
2.5173242846600195
7.593707932411829
2.23622931323269
2.5137161260409258
2.567397144628685
6.947106910236619
3.7583983835095114
3.672103668520717
3.1385038839698827
3.058552143699947
1.53907079182121
5.38964955585286
2.999655218843864
6.240403968190196
3.2201955654387695
4.536826383483439
8.303604662770296
2.756025527053405
4.482953215754763
8.481007304713513
3.645738316348397
6.069655798429398
9.209344484225467
3.377489366057321
3.9491674605507714
6.9357053986300885
4.277462872482786
3.212544198268672
4.992202975991928
3.1349051090236544
3.0962484317938146
5.510690768259083
3.041659528749135
5.41563641736806
2.5603220551473145
6.415248647529606
2.225193823083277
2.2469953340551347
2.0895877749056777
7.987783419835494
2.5960744805085123
3.6078662958130456
6.653808190778653
2.0809525506682363
9.338244692308004
2.261902800376969
4.242492897470313
2.2250804451794406
2.9381867291475
2.39197625999103
4.8146123755803725
6.961750084681003
4.6024771925190775
5.837805022292533
3.306248419018844
5.671601210947365
3.8930860548948893
6.358465598355839
3.7937230019985257
3.505990045211693
1.6674850560775902
9.880330497066565
13.111356772336705
12.922566012232714
1.1886192921838226
7.568988162001044
6.206257753761481
5.641937882352089
4.608549991879062
3.7671025099750657
6.560177056295583
3.3109241857095992
6.26618504141035
1.0828079493680212
2.9420383905896412
5.921449134016813
4.766835839731804
2.984208492445698
4.0000061294408615
3.6462514466986833
4.143092071990587
8.25769946263842
5.423705832553756
5.4870447170151175
4.612688812112194
3.677963045775874
3.2099961672691646
5.067412219103485
2.429639525232803
4.840913208840798
6.390476352896428
7.437874848908863
7.573759227467892
3.420544246270026
2.8776651410864513
5.443125708250399
3.3142948374823167
2.2362115220298304
3.926253511968481
5.226192293660464
8.41693317965823
9.297572575730852
6.958497304563644
8.158881937516734
2.0539205746858338
7.914957793447517
4.326405379051813
2.607415877284789
3.2811821133812273
4.663885627578014
2.5792989583895336
5.503131514700752
2.8006537636708755
7.246079442872055
8.693985903564982
5.031939712570472
4.1858128483668375
3.2770777451623947
5.534161689053462
5.25920445499806
3.041843705918639
2.602844224298892
3.952947773350625
5.64878003101428
4.551853893712015
3.744182049424165
4.365415303660574
3.8754887495276837
3.4232034207038335
4.625001118233162
3.492504803307887
3.3308498931083377
3.680584473031433
3.9239215703631807
3.5041511441361064
2.378120907397247
3.556087048526294
6.163847013353634
2.748078254294227
2.651766447147211
2.1292020290658042
6.375513378857813
5.684631071226909
4.214054458182974
3.5667663761224433
5.488468235024339
3.442652471817981
4.8879764566040365
3.1651625388608955
3.052738274698517
3.499070639889706
6.654843910314654
2.281468262539442
7.613561882071621
2.923896723413807
5.53280771882938
4.850100654928826
5.2199362160798435
4.770454301004077
5.426202005068937
3.871700710425924
5.10878542448221
2.1543214964110087
9.07796060327612
8.662029132071538
6.266761941315384
2.6192052184751646
3.017146258627748
5.642848630271526
6.006736064566035
4.525987283570138
3.4348055348757507
4.25152076155713
3.807812161132973
3.985638409891019
4.48357312388984
1.9882908027765058
5.842311754922113
6.841417261527256
9.483308871594238
3.534330913371403
3.651813951319426
3.7042493758850537
1.3551005396275952
1.6549632803035907
3.18960290113587
1.4432232985666342
5.05980781613022
3.9753422576208335
4.165449153187725
2.2064171807727604
5.646836336363734
2.570938296336451
4.392181041875188
3.878575034761522
3.837698139070679
3.1472054904638056
6.500465659027891
2.382144468892046
7.658429201324604
6.157791129387311
7.081101868244482
3.4843373584762936
3.397610735262363
4.562693856605496
4.5282632925248425
5.878903148765659
4.510979267749128
3.223650180405026
2.337596423515866
6.330080835909764
2.8982214420810584
5.0351629380122676
1.7290804592164284
9.044324535678387
5.42773965049834
2.252263187659715
8.126128450648585
1.955990578454889
5.6349739119243285
10.520088590880949
1.1349571083622658
0.9027338291750455
19.219750926720316
15.879346676817208
2.529296143803335
6.3317715930222285
3.2594189877580395
2.567409949526498
5.240893517644071
6.4917239368289
7.286414484359712
2.829128578784317
6.663112123974521
2.332554663388032
4.081211096680416
4.074520123520062
2.5716075204119493
5.713758191898907
2.1046053042575945
2.6184623470308312
6.208096028691696
5.595350456911737
4.743268332423583
3.146238905925297
2.214628065977756
1.5987531552905208
2.6004807752715497
9.572250121313823
1.7226777651207135
3.660512172453325
1.7912490194445083
9.229148624400144
4.465126582798949
10.34942756208129
4.940163600836148
3.5397128237169877
5.394752809189507
3.5172819217522266
3.014869610100875
2.980390491148852
9.415842289364267
2.6210279731940096
16.033735415878894
2.298560609450559
1.8630596841925504
3.0843544558895197
4.899881006209874
5.528099376127148
3.1351291963983483
5.183052730987726
4.119908751329738
5.906063750114024
4.945717392634524
3.049783551963349
1.522318128411833
9.314243038961493
1.8504101833404192
7.132344580655907
3.631593853014372
5.329735611934431
3.9974905101426303
5.903911050142777
6.195802673369816
1.3096648949251553
4.59991228756845
3.3197846188457842
5.0249800516637775
6.474870929699088
4.89335272770737
3.182373864570916
6.0729205184414985
4.793941893920077
2.7511614667993802
2.6892956041995975
6.953628620067003
1.927653313682348
9.038278076974446
1.4873449958874096
6.56873719602455
4.3226854019296255
7.031628648002558
8.043712803736492
4.044885083153226
2.964924768489065
5.555461889938682
5.044893716873086
5.161862007310419
2.85984505809742
2.306872186205049
1.6077300577569786
13.303634075604695
11.657395672349082
2.422121945609186
8.552472683554697
1.826109941462722
16.13195325787334
7.208319159615796
6.391056901831294
13.285983496520096
1.1012557531920388
1.1260078834482348
8.070246650497422
1.3029340050304012
2.633966949532112
5.828987432396553
3.59239540823103
7.075192277584695
5.573971712551043
4.730726118153294
2.123322163320615
6.804478715065395
6.439014352850068
4.499985694684076
2.114369643381756
6.9284797797481845
9.156999122405454
1.9873994960788215
2.708798802899461
1.9452943329978842
8.857425486466935
2.779749997328093
5.09537944623977
7.105467134059367
3.7660324897133686
9.229598553954029
1.6122850595008953
1.463789166444824
1.6439114943221897
10.579342890219223
5.7450593345837895
2.918045145003558
4.253314760166635
2.6182815008880502
3.6618933623222256
7.161670842119922
2.515694267062113
3.4726945059866057
3.3836175478806907
7.273887182803897
3.2505988833419037
3.381368983098742
4.5193944956501655
4.9801342210096164
3.8315716014933545
5.931502919959803
6.4152778520506395
5.811738472174698
2.3530495228220807
1.764014690749895
1.6856792954217652
2.362578286770276
3.7824417253164824
3.088625679738303
5.819902956501058
2.383472142311252
3.323987533779634
2.761354063023091
2.548932762507722
2.6048709388708837
10.144119828383102
5.813041516411068
5.142316337619297
5.5073339791981
3.7315136327649117
3.1414927928972105
5.587844012366995
6.453466070424221
1.6513875304016432
7.283141729419207
2.3536217340208068
4.154823609800182
2.381336391458727
2.302729792726952
2.441837048516264
17.299715442159567
19.544842827623558
9.258480913522607
6.551993237694361
9.917605480965808
6.64524378431764
4.4285026641347685
8.14943130219329
2.6957180009105643
3.4118834852352395
4.515439818070687
4.605815332794164
3.740026112377065
6.556733583929326
2.0424308760382415
6.326468054919061
3.39727979480642
2.336178277705019
3.9960458419472116
2.7835071548760846
4.963912586509303
3.1651437276192698
2.473294218403085
8.827719865180262
5.495249920586534
4.405806253987945
5.60049981661503
5.685422974108192
2.229337868920728
12.154508341126071
9.976255992337887
1.4554689202860613
13.040836195076817
3.088660957834208
2.807253890602912
1.4027006899202423
6.657768821464218
6.288064887795929
4.84552789702501
7.299026575580799
2.5337496484325515
10.220280336098371
6.065698166353482
2.9497877381091295
4.4624910980785035
3.1047275174965656
6.138712753872
4.089612665164155
4.3125845561270975
6.398988706280681
2.605500791377953
3.4302102772093197
2.645735061462518
2.651351281414457
2.7902263874549593
4.611185783128392
6.389534399239038
3.7212853827095387
4.663000153158182
3.775312257590513
14.933293543631546
4.109275893577363
4.847635218832811
2.920695899123758
2.603890021589036
2.9728363319750772
2.9651029220898812
2.7897432809247977
3.0741643420617666
2.7101378840047863
5.123385731250346
3.66555503470845
10.319386781072332
1.8428636908934635
3.774473869477437
3.2085095369471746
5.1472258640913475
3.8205558873835797
3.87293811069477
3.9041537959479626
6.486629105727336
3.8644215001592945
4.83910026077077
4.113395585566661
4.639273727623781
5.161633708505063
5.6633526201183
4.4281665469039835
2.0264619950743734
4.8668453263034195
4.931895647181768
4.985461318532844
4.089771762090434
3.5753367421162627
4.659419568197099
2.358468035952195
7.018669344608858
1.8113874018693836
7.137261515323225
6.4354116417410605
2.290048390328581
6.437983796207352
5.539437414125986
3.0031456360196755
4.574846414689137
3.074300879023256
3.9093918806480397
3.2119105911350143
4.3230997325584335
4.387457912760102
2.407889437180557
6.642286115891183
7.610136258133072
6.9095621234387545
6.841829226125688
6.1676900493954046
3.7733981256725153
3.5072859487343866
2.2048452065100004
6.866925858745662
4.530868950818972
3.5278168245685473
4.343024785114436
3.56410932858695
5.144923696981674
2.4623242643908347
3.3668798130381963
6.754315551109911
4.836913349227617
3.134953951480514
5.587290856648208
2.7851714508721557
5.552884223262111
4.312727749912986
1.892739160216077
7.80442231657138
8.025715207941394
1.8696444599422526
2.081752831947352
5.55997927297321
8.501362331729721
8.582008244433911
7.706335586990266
4.869965925696675
1.697239380695054
7.591118386939739
5.779333796798813
5.194633944931843
2.5988905198333043
6.298850517941066
8.23320962250988
8.155152881635734
2.2532334197801585
2.709960947434789
8.482897296600646
2.7558560154306906
2.9422515918061802
4.328841949492143
3.6928159904634033
4.38196604583448
1.86964517065237
4.51929168196376
3.2710381930865036
3.0090867388674454
3.753868660005885
4.449250778055839
9.308094418104561
2.0243268557704748
4.695114200485077
3.449967560276776
4.929294876971815
4.527770942492416
12.000755759125838
1.5885630840020948
6.22923327504864
2.2185351701082325
7.980103839750991
3.617666257196462
5.070678290291633
3.1712700112548613
6.5398927132721445
6.1915572626206
2.198411719869756
5.998948192425557
2.7945423259398927
1.6637590418817017
2.4114615017554177
4.987024850978997
2.5479825835783476
3.004707527392041
3.043861343291376
2.765784865938512
2.975920511700342
4.78136604990822
2.5756906452897788
2.8422787614749567
5.699150933268866
3.556633574704793
3.984925183331511
5.231057966512609
3.512349316031114
5.659914192973786
4.922497270573162
4.381340933157472
4.540697887276562
5.447041253249715
3.4697579215876004
8.631406503620166
9.872759939438513
9.132502126967633
2.620656651539845
2.2011367968834423
1.97109917873207
2.399079279247375
3.1967906369058796
3.843700725658643
6.168679694547721
3.0614519028331895
3.6969233226149876
2.825395652755116
4.904932813364909
3.06750280586239
6.004293814882518
3.7928205363131937
4.172718366321347
2.431227173375464
7.772370841106299
5.224454650909425
2.7353902269449093
2.4306208841049677
6.091106183824797
2.1105104618926163
2.4093470192527877
2.398708479938473
8.42785609205886
4.775595091671591
1.258965916896534
22.962676958257042
3.4106821111857415
3.934510005936048
3.657042568293875
3.181537634403274
3.399314251057539
4.441158200390168
4.844408719140981
2.69308958536747
4.761430426418129
3.581249066368149
1.8449351799268914
9.513518984858298
4.652344706597656
6.979258461704539
9.519119904401263
1.449947420916403
3.976560400065343
3.407665978174013
5.748415488931983
5.354942542982018
3.8936193106539787
3.4560800101522378
7.752858721216055
5.636269751497275
9.384217341387473
1.6007600502425996
6.310900686918169
1.6268731407888353
9.593155365490743
7.94613153293217
2.4381135284130133
5.118349183503075
5.089440818394265
7.347691784833787
2.557767833840178
4.562250414358733
3.6853651149263564
6.024282778443524
2.6220644685520234
5.400077187787539
5.278218620979383
3.1710306830525012
1.2456001922650872
3.4063529305433513
4.60962099591012
4.435273645471177
4.880405525399654
3.6201677227457543
4.946346456033153
5.909081114282043
3.18118788277353
6.071827122077979
8.882785656784666
4.306924013255183
2.2718864970508186
3.8872353145759773
6.927700358173779
6.715805428048181
2.4641861853518545
3.137996761049346
9.076499491375287
5.6664405424562165
1.5628461097122681
6.025401805549307
2.906726040866417
5.325659590875359
6.070856473382831
3.0201239665623176
4.597417031154893
2.789889813569346
6.433508572239083
2.458925983341071
5.2840306580088585
6.459628509310303
3.181907127963656
4.873514884427398
3.449428934711144
6.342100271480772
3.085412036250286
3.4620211407205788
2.925490347312823
5.671680742994746
3.187454713139408
2.076017599890115
2.5173790792121333
5.9910208132275224
6.010595605908977
7.0324334862104285
2.5775341788863706
4.149913635828102
5.433271790945977
9.638781242444269
1.5373677458558759
2.9374700384197276
4.065243908427435
3.6332746739747335
3.8214327770030776
5.817334075420254
4.056125312726835
3.0165760932786894
4.874121766701322
2.961525926067259
3.6087696952508157
4.653917048395123
10.378213507041538
10.286047127068167
6.376060238273261
4.651840207412738
4.289843103456361
4.334434702582333
3.7164375699555636
3.688048884834199
5.4986497822409275
3.956429644448691
4.7613241326976095
7.989200619540702
2.553187994484483
2.0049330453732717
3.3316768419152747
2.283226286111121
3.9250330397877358
3.1187235720355777
4.8484144471698345
4.227654410116586
3.188065832754678
5.3492051694834775
4.771998924597029
3.3742856266820738
2.3387442297178125
8.704046324939954
2.134566413334954
2.169485115528027
5.194506955896489
2.812525175627388
3.7313268247775357
3.6982730950681613
4.8378660544417285
7.328897018372811
2.558938919955347
2.190213246325933
4.8016785600366605
6.690889539473154
2.554611583044823
2.7577243728284353
5.291065916201547
3.4900237726112597
5.169405961028995
4.886709566462265
6.011268083742241
2.972886264115089
2.6824449477502053
3.3015446983556105
5.224096687945855
14.878056111518543
1.683726866948071
2.71642702508207
5.270028465539586
3.347258372676024
3.7164736309434088
3.909651655816535
1.6907728153521473
3.268116173305932
3.658452330190401
2.9186596512746643
2.515650998179282
4.786259784675292
4.031754084335454
5.131334767823362
3.6600219766720707
3.5361386733964966
7.754961754523032
2.0785066576075284
2.1224521729347607
1.093896358696964
16.336622012306034
15.108282287614914
8.069995270304956
1.4662049323439714
17.37099562853912
2.8652957037593176
2.2968531635418725
8.465018230653689
2.2236810290899487
6.575182857381962
3.9703491820599073
2.9713684639202222
2.6915874738126275
4.347947975318856
3.608962554113452
1.9933251663416314
6.8553020790278305
2.462559557051203
8.779346789097021
3.5703196375364588
3.9643412470419324
3.9956976222121408
3.1834284183360584
6.1344779419198705
2.957556117899328
5.053646253523246
3.354694535357883
3.226308667373507
2.4950153466628677
4.9712466852418675
4.471262289896453
3.8273037490484234
4.41764656516965
3.8601642343145066
4.308748835276936
2.921439534132959
5.857245079843861
1.4188205192870944
1.8740706492765054
8.3385192773325
10.514620032739492
8.442242582436485
1.2914063962592557
9.01676155919576
8.729934303318043
2.296561690423891
8.299341055408217
1.7645136867053954
1.5605365736428078
9.277774715585025
2.0753319592847044
7.979896772637541
2.175026999370547
1.999232841209439
5.133211350754769
4.941109881663603
4.056661301052409
3.0860611672455573
4.199508118070236
3.13390655005593
7.384494854349066
4.3720631119819195
4.674293442870251
3.7709533952507335
7.700883262653466
7.996763557791869
3.677345263580872
3.5425446422959284
4.94157817608849
5.126125915683962
1.7276046473475142
2.4714205221066803
1.2640395697127726
5.839477000194334
3.1189787843494856
4.567713293138887
3.190757551844663
4.458415476252621
3.6222665385649844
2.067434321919811
4.0811891513769325
3.6842394851388605
3.3143648288319363
2.3199979875782653
2.9721372161009425
8.304933559696085
2.287758869533485
2.342436635243589
2.7377508772194563
2.949945471674798
7.918552615990538
4.839174869581232
4.983481536731689
3.0217193653459073
5.482658983571463
2.563096668369983
5.108593588936127
3.513577093485949
4.5082540983288455
3.4143003333033564
2.831632894611394
2.7597428712824117
5.935840575659653
2.4169368845336874
2.7066238938301455
6.589704489817481
2.4776529202046143
4.752868647865349
7.533899625485541
6.540875634007344
2.8900238813355017
2.792547427726068
3.334698181514097
7.95718608320272
5.550828771749703
4.293184640406394
3.808680378618516
4.4669275546367535
4.0473483126234395
5.612152452210581
5.0461142155810945
5.406887585865041
3.5886180182557905
5.256203454861747
10.058031285766742
5.622098976929688
6.442010471953346
5.430849176128417
3.840272381081502
4.219327048534837
5.612161571246893
2.513203713062789
5.16529822296775
3.697145867658153
5.145756992643081
7.25267373434224
11.775686307841195
4.251895290273058
3.2646164744280908
5.520043491134846
2.7273524020340014
5.40348765252125
4.222878922122757
4.088490278067039
5.037142189949589
2.5797942406502608
4.266907656798449
5.928402541217559
4.011132128462525
3.033882074210836
2.220847264091348
5.3693337560698495
2.920301333982477
3.293254050377896
5.594551142368675
3.1344560477413426
4.9993423506755015
3.982615107125352
3.296248671063479
5.465802741589091
4.875514027333783
6.308722468819214
5.827108409953108
5.146228807113431
4.03534058832745
2.2040447229923465
3.2808709872255104
4.2251428516986
3.3710564335131687
2.936329295438669
1.2295284326539204
6.555535352285115
2.2963165093100457
6.805250904491308
3.506043153468722
7.18324191055206
7.327920076625274
7.330349661825155
5.301757782245914
3.915398176822002
4.638829691152811
5.677363631332009
3.329794717433817
3.5974756664129584
3.182496088434343
4.992574503444948
4.251251226118726
3.7956635785114656
4.979907869541715
2.324776966881336
3.308832374693265
5.798725752933444
2.938147086310531
3.631125408122907
4.17657655818399
3.0044737912655584
5.10150914606614
3.588347761714985
3.1454538726157133
6.587321492454329
5.551716700979129
2.5510546685991167
3.8214639338340244
2.845450259974687
6.365969683617623
1.845309693403926
4.429351975002241
7.229930923254728
6.689282875163855
6.900036533652829
6.957037429640817
2.5461861608225806
4.373761558142735
10.18395199115891
2.170687074642291
8.123402392185262
2.2376272693318056
4.562942568784488
2.5871329392969833
2.416765446386053
3.916216324412171
7.7081164991653095
3.143409245521758
5.301339429438075
4.739449768923534
5.214012288215831
8.13879771066203
6.605463369068335
5.0947766392303615
2.927165561175291
5.190806508755854
4.758721341222406
5.729416797184699
2.340327982279424
7.82583600884602
1.8033949833148164
3.931073936278415
5.058387984220061
5.977390739375122
3.9003437734663757
4.468296341797991
2.674922075556658
5.252538792541262
3.6649262059936243
8.358314417842655
8.593537409397339
3.794331503024643
3.390134015507531
4.995039686660831
3.119291935938556
5.666554152453103
4.447044016207331
7.2007259394800895
2.232387576013023
1.2621182448107757
12.737262695280457
1.1461995702291485
7.189755034986029
3.1690868170766002
6.53927822048063
4.896667336719239
4.680651415163448
5.99262447230873
2.471479688562247
3.3182633649051194
8.200749903919133
3.5750366180162643
6.989710851685011
2.1409641049244925
2.5375241093215135
8.492218759478018
4.231689136069065
3.2864495672396674
1.52259564631106
4.447805322930361
3.2702626844336318
1.8597568309360688
8.58222694979027
1.4862059414390085
3.692781529764761
3.6784265499335382
15.459042685385327
3.638095950754583
2.5138799097573443
2.8665429640678215
2.43458209465997
6.516741600476535
3.7957631392721827
2.9544592363983715
5.252704712892837
4.440162988296952
3.895648553750826
2.2240697967091907
10.020670391522245
5.515267297571528
2.988659564139295
6.13679021343527
7.08963243351942
3.313211933519736
4.733103555136449
6.246219193248241
3.083826922071088
6.682021678744039
3.1850638662476785
5.186713376685148
4.795218656344443
3.0769023834228793
5.511244434255235
11.557837969170189
1.3379983638133557
8.83179632583
1.7462692883729047
7.988835860165221
1.4461413859888796
11.047487972715683
2.473333237047958
9.491330050700435
6.663824643727614
5.664063384125462
5.108343510867441
11.837431857969694
1.6740048224346087
9.842067351423804
2.06174257903104
2.4771249405465525
5.598532636463807
11.92761963213981
3.7898597523565147
2.381780587039697
4.472395453503065
3.3244756691553756
2.057860200267402
7.916877651019983
2.3564445095266264
4.093626483138129
4.689011479253287
3.8815096466564487
2.721550887631798
4.305601883722125
3.4243590405541733
4.832399643004864
6.2806696444145205
2.664616064150209
5.592454033089799
5.0803460335128445
2.0030327468925595
1.781440557828569
2.674557825212316
5.305975912364509
4.351157457966977
4.388550885397126
3.941707643395413
3.817769433014686
2.743483839444943
5.781718385445263
4.284518579049336
2.0082711616800735
1.4459984346208568
1.9605617155083244
2.1165913929868267
6.3871117213066135
2.9223139827152527
4.99015783707803
3.032056547240159
4.531146677426078
6.427331027287526
2.619845705537765
5.735875943502503
6.537093024060091
4.2055759916676845
6.11866872939043
4.433819776903064
8.351985082396137
1.1477675442596074
11.333793916747275
1.9363135853411162
10.451381058314315
2.5153138327029456
5.455826650531049
6.863530279581254
8.342335577207557
8.04802314850537
5.505787953932289
2.577372670461478
4.188542321624963
5.553358815187005
3.1312749772842206
5.33241885883616
2.3517529176251353
2.5678324405580932
14.172920162935021
2.1269911270493673
9.279486640057687
6.628206201657836
2.5802735673537485
3.1964650513035275
4.3489581940961655
3.9877226933144607
2.599339911802784
4.738435910482156
3.327796613950146
1.888224534917984
4.250157668374662
3.3687729878814343
3.3848714368670083
4.938945368930456
3.071724952048225
3.5119699168971814
5.571884348241816
3.2778753633115936
4.357205618853991
3.177325019886429
3.5365437512718145
5.183932801587084
4.940366521989785
3.7219698707506463
6.900510646630211
2.809258111303064
6.222522692245455
3.106003601898678
2.833447017261874
2.4547216006710024
7.1813913363073505
4.053767250208894
1.6143974607099436
6.151915215581342
3.97330250148108
4.305018710424715
5.8276714187465934
6.332046138230603
4.510051159399366
3.685156117984179
1.940820129393088
1.9545642467171822
1.9081224029089576
2.243591392050967
5.103055362937938
8.736184360794638
1.7503515649896808
9.098730277038609
4.4244124202552255
3.2221258317731065
6.682829697899174
6.371639633851322
5.373841540213859
6.578188120277246
2.145325160828477
1.859309086328577
9.501938299400559
14.436341491329161
1.595373615949853
3.5609251499830523
5.491473807752544
7.621625521652591
3.515392873439378
4.324514277419346
2.6526426839647295
3.41089817420473
3.155952960709902
2.8542299317868522
3.0260979837917943
3.6951625305799785
3.632915397978187
3.0088337298910695
4.933478076815445
6.071997766643899
6.9560392900070855
5.479764505975497
2.917419471237168
2.009425197384123
2.4205329782240983
2.1503559778089594
2.6522836049437983
1.493948398195104
1.3101848542407382
3.3497572082361176
6.855894832127721
4.129610388571792
4.162708920141304
3.384859714873131
4.802012723190041
2.6167449721389944
4.762366761391262
3.580879593722652
5.215564042034372
5.676846654831039
5.5507935291996375
9.449056185124611
1.8714248345837527
2.820959536175734
1.9539047711251976
7.096855316444576
1.6058154469289891
6.8375913901064385
2.6780642904345076
3.1926401960355673
4.400855653684559
5.212141718930696
10.907667809466053
3.001126510993961
5.1916967340642985
3.78165728300277
5.843181248574517
5.513088189025003
2.9703181645121104
5.767484905806017
3.243146133311301
2.8374642698444044
1.88600716080294
2.4654553731378814
3.5942347240001578
4.010035510481229
3.635530489211535
3.483789068163569
1.066357463121181
1.9439714502221213
16.207400981190702
1.6298632482343378
7.7851501870392275
3.207123615946937
2.088908418156424
3.9945131961303617
4.788240035984398
5.412041747594566
5.481573272861494
5.29279757704909
6.141250860132051
6.392323752262267
4.136124813320492
2.722856630876133
1.8817143009822457
2.7336961734131546
4.1341298885684505
3.969642253723118
4.888387119874324
3.6338038944003546
4.065345403805872
4.779412356513601
2.565601603380201
2.5621397054110946
8.71675250712462
8.871848570372462
7.2879937716630145
2.021428706870317
2.480068573239063
14.244164861397639
1.9506849012479455
11.917469125615124
11.978236497129465
13.109565956932883
13.109565956932883
0.9235808968819917
1.7608217364436918
3.4794128812932046
3.9381620142658655
5.96678945267296
2.3198861319368134
6.558804229234878
4.931938331703717
8.504021380058099
3.916712281992665
3.8519330797884166
2.1307793949075364
1.499145828859604
3.3948514205556917
3.554964528536659
4.933262535972257
4.5537764451626455
3.7615806626407267
9.656096555086844
13.523012010701006
3.040370303469344
3.2094584479158845
4.715135776524784
2.576818466442274
3.5926457456750938
5.667200551000097
4.906021712015796
4.0442645222159905
8.62166927614164
2.913939554567464
2.6100255702311017
2.2655493607638806
1.9999922401533312
6.690649250618343
2.560007603092643
1.7967170287442835
2.5705041438283063
6.602421410147864
2.4532931730271095
3.0062163204350636
3.074871544897205
4.185208217266955
9.53751388088588
6.677985812066828
2.7226850479309728
1.7671817436294837
4.40731474116713
5.119037191143222
3.7073281640177917
2.7734370622449047
9.37910949279817
2.2061253079260656
8.656884171331454
7.283035800112891
1.5761075544834555
2.4533853885124217
4.197962469215745
6.499169948964215
3.15769938047007
9.229201718529467
9.0573914454845
5.192007782524025
6.309525055962222
4.620001223015233
3.92782528823952
4.079351697022847
4.208993011647092
4.328523801193743
3.985577540559369
6.424305799704331
1.9795509914245155
5.894940072453913
5.0725568709410105
3.135807456852333
4.811921582747466
8.590715869046612
4.084792310610132
5.763467243455292
4.060068658720636
7.570841373057581
2.3362685230470053
2.513370395854221
6.246459661399777
4.306316865444442
4.865884214353433
3.7628820394312608
4.4535330482657915
3.936804721223681
5.067793435387887
3.149381481974558
5.492515956925824
3.8605602963869132
3.8203877765072045
3.315280441602146
7.087822887221858
3.7974185132005647
2.8519337732708925
8.243876334647961
1.1477751127908873
4.87293819527706
3.064425851393715
5.424416527864661
6.250942318709006
5.329058614399936
10.135929320819042
8.271875683834711
2.772490819186806
5.73074302887674
1.7936406283242892
1.9889892017952917
5.609581909991874
1.9073772937782354
6.274134652384878
4.369067601581303
3.2464554554344325
3.3710142437561146
4.836064106498573
2.8561153250111553
2.3535036970647285
2.6256924789387717
7.768227939921731
6.2812440926863236
14.059859235111642
1.4327715146727131
1.7104042018156727
1.7412457700643889
7.6983049541605855
1.9179926462992878
7.036831473215936
2.2935054652497704
5.237090442872754
4.374364912856479
3.7493249460222704
6.609300449370061
7.30570279501351
7.514300438091318
3.2527623412159024
1.5014752215771094
8.250520474301508
4.935285382442846
5.667672945461946
4.012596852687744
3.681909891325866
6.830563642243412
6.7801413699055715
6.277468135108762
5.516554640179424
2.188547425899666
2.610132701802497
5.174988535290789
6.927169122908146
8.556000873109545
7.042931712715175
4.121093821333301
3.78415592007375
3.7213262258517377
3.645290951228094
10.957240156786588
12.1610206560253
1.3230240105471276
12.565072578431154
1.2673634467713348
11.985789245713345
4.702728543892415
3.715240263544928
3.6379897923542797
3.2914303531326268
5.329304913395542
3.0968559045402784
5.054133637764494
2.869158946226591
6.992175156882385
6.4388124554179464
2.728544228292941
4.0449594552521395
4.17699280670321
2.5413069013168235
7.708721087078587
4.1772649705844485
3.18756596321757
3.3877382991424976
4.638282107153165
3.0757888373007765
4.814524032571432
2.2495145531265375
2.0129813182161125
5.31305054907159
2.7196365711665176
2.111457587461805
2.1397511813194052
1.727360762304403
2.625756501326336
5.180918976031446
2.9637257879328684
2.3352347012455916
8.535737149321807
5.420100121069359
6.121504162175374
5.382334571293593
4.459936406871811
5.428363006781336
5.405203646933776
4.804961716477711
6.028543463940327
2.748808362851071
5.647127424452159
6.132068736053749
5.897302244721314
4.8882976090151375
4.674579409132198
3.065770046937147
2.816241259071845
4.824380896115328
4.197813307708331
3.836551730788193
4.179117696303572
5.977167523748328
3.890004227160255
3.407012005649917
4.089091289067784
4.915748060489387
4.867187791210405
3.27969804604096
9.445939326327855
1.517381158551192
11.160779607601192
7.2808080375705
3.2958117785908234
2.7581741465552807
1.7188737311048556
10.42897688947237
7.422357086667153
1.728425780406615
2.6788212311083126
3.1515764461586167
8.067830097402462
4.165258409762828
4.581854806341836
14.674104937494127
2.2166942073253413
7.517939192104
8.09540474699971
3.961341187141418
2.834578232929092
2.227992925557211
2.076515246412128
2.112683347651291
6.375149348506071
2.5217156472382247
2.3176439979746104
1.6842963629380252
5.610173604664882
2.7670350362823823
5.216290348020477
4.418959087215491
4.221970784994823
3.288167822051569
3.1062379948150207
6.522046254471292
3.1524574571463067
6.364155502339238
6.468421095687712
11.978836845509878
2.572511341826746
7.11900516280354
3.009779143800946
3.9177773238463773
4.1403483777530665
3.4402702684897157
6.467004840792875
5.991248229320905
4.254249769502403
2.4287507021420254
3.291357603225509
1.9893916769220934
1.9592065724160523
3.2278986158078404
3.5614854489489285
3.2393848904376346
5.073970314828162
1.199202337453515
3.242623090722793
5.753766113447254
4.116788158708666
3.8457191658896295
1.5900031840755928
2.1175332316652065
3.4240365051108355
2.957889814994979
2.6397142847308874
6.838549110010291
2.129815545573202
6.08427208509438
3.4828203621107723
5.062346674396533
4.847067239437124
3.760664009958958
4.19502596231365
4.017015228522616
3.342015192917888
4.208248402169129
4.5183990371225375
4.776922413188424
4.229448614707236
2.6873573235561166
2.8283343642705208
2.848894092658659
4.338565427438463
4.336393301349779
4.178404130221134
4.1838359367543925
4.20136656415266
3.6785336416295777
4.924202830460086
5.043179151223144
5.036315954722363
2.7202442223770626
6.641100674649608
3.9092317816402473
3.709891851545089
3.7896381610335106
4.772993549498236
4.481089529882996
3.662593223570607
2.0976095272298094
3.2366937816793224
4.624260603566442
4.009702519588345
4.1250881045407635
2.5243790091135434
5.492891071368957
2.6298384770205376
2.8907045998977954
2.5881540722504877
5.637855997265401
4.162597747988898
4.619878811087813
6.487231963490872
4.486584830632114
6.045887990269766
4.002245361318486
5.132802721374299
7.3140536108414125
10.745011565633769
4.385102448400194
4.569400139970653
2.872708668468522
4.1213476632308135
2.8965267152610585
2.988917501275267
3.272391375482378
2.9604739745358217
1.9057088993917863
4.394587653866614
5.53117919918877
13.003610571088734
2.2413722149277735
9.920860723193453
7.532094980339446
4.63296064443037
7.719702402665998
4.871741495491401
3.1757664677964805
2.1580601180705044
9.8633463920702
8.711725797056967
4.811816401023607
2.841975317882482
3.501945704059012
2.7307864226445195
4.255066795137939
7.875459721872758
2.7307888991132994
2.571269493396721
3.899643025335754
8.457780681412624
9.972827454570856
8.808656549876869
2.2108158106381657
6.7291548147740405
4.325098608010636
3.5307780700712543
4.622087402189082
4.601261279576776
8.31529342964298
2.022634662914261
2.0437869810300797
6.2011524454100435
2.378369655501397
2.6850568925594325
3.8882015306720916
2.105735697616116
3.245813805957868
5.796539176287483
1.8544492204635143
5.392040646198813
4.876846779646318
5.345330347955885
3.1758999181720937
3.3985795129996794
3.117466131681587
2.564196582671297
2.622246316225823
6.351243173361826
3.095178602765722
