0
23.221114820934375
21.912686648048354
21.892765506725734
25.586553674676715
23.06938044077935
33.646921748702056
21.6868585738572
25.964434487857265
25.533783741498745
26.42831011733111
16.583648522243084
25.931370352259748
23.70852465119815
24.03495003354489
24.95527591492542
21.804830456505904
21.840833654468497
23.441202606032157
20.106221361266226
24.967092905941197
22.773189701191455
22.252025266279727
20.464295627557135
25.76071622699372
20.906783973109732
24.289391641139037
19.30461380184202
26.738618897863564
31.610822439135735
31.24500998453475
32.806565779550944
29.97988861194242
24.343226971797748
23.856684615477416
22.210749640058193
21.0741032516017
24.70669081165481
23.76713217050482
21.13260002896168
13.76630229875261
15.614014491953586
19.028955124001698
13.275653421569817
12.497964828526104
14.658025025859846
23.38456579484656
26.766024675507104
22.063383801550017
25.070797078998968
23.222520154380124
24.118989178761737
34.006767234252905
33.81513009550683
28.854580259187546
32.932179920726895
33.7246114860648
24.72556223642797
27.034108359205096
18.747597162085583
25.77747976302342
28.253954947189918
28.035000328960304
18.04430649886267
22.67044614776749
24.219043668827545
22.317499541209738
22.74282182740573
21.368213918692977
18.99626722267496
18.77545023310065
25.334140183350563
13.054006037834485
14.410183062108993
12.370098718611953
12.815187552162941
14.299268895118013
19.861392614814722
17.69702038933744
18.4751141359124
18.614199841343112
21.046691443186603
11.985734420675769
29.036112237906135
22.707346769015004
27.426619593390555
27.21855631435842
19.608626492183173
14.892800422864937
17.025665364507358
25.75163689121536
24.756667947782194
19.573157810054465
13.943631439230447
21.965786106512688
12.401670799758604
14.437638259348189
18.774796934327604
24.199014393829952
24.48066718220499
26.06833420233436
25.969691183391916
21.109603872098308
24.76746055587406
22.35534184959763
27.762844925349388
27.427206377553212
14.096708300300813
10.435197158635509
9.714204402908928
18.42745033669975
26.050031076870944
28.417722125418646
23.155923017432013
20.855847000324747
28.11395601399561
35.16064993775247
25.797675357059337
27.966155184447782
16.372597596446987
21.795277131654373
15.556189900380636
16.14541324965085
14.33740815165991
15.464073749469314
17.264272424111653
14.612968708090056
25.868359748264915
24.393670512702244
28.491541287870817
29.40680299792841
36.6759674905665
36.70623419904548
35.343750840023034
33.772546296039216
34.91120163290143
23.848959451913885
22.159605497148334
14.420786966388198
14.275618098963033
35.022748758778015
23.478325658076113
22.734196262818084
20.8092076281318
23.806691382562462
28.83381381868824
21.53798355784061
23.211348717551544
22.950200919833314
23.76674280306117
25.712907851501235
26.130080204399476
25.321461474827213
19.69074951675827
29.970321793050786
24.372822299966973
29.912919212898526
27.436054456103662
12.599898247609092
15.45356387394143
25.04107881728956
16.987651575629354
20.445692677493525
24.39327357967763
27.2785849782363
18.587061219318695
25.99410707145596
21.558530967571397
26.401321386002373
21.20100242098944
26.70163316678791
26.635613665218948
20.918407172407722
20.042146016785477
13.872639004221375
24.956417029120306
25.09682822940552
25.20421695769923
20.148449323797493
10.528450586483242
7.5532750901017485
6.316903478829734
6.636473340155581
22.79944588273438
29.171183360447113
30.20827689062066
32.77997747783718
28.038462128035935
29.728648943091017
28.100644914582592
33.92468937323857
36.03650939351699
19.708629318225128
24.181110871613075
22.680530391671418
21.15437464786964
20.291584871282836
28.2765064623441
28.542156360796586
29.471450011906924
29.66077200321689
28.98783075456473
19.022154891170782
24.48167675216077
24.168786466765095
15.32865708477847
20.97973159054131
18.495246162983104
27.247645199414663
26.421039373141866
24.2049974294569
25.931102973775282
24.25280950797279
21.54536718340099
11.925704521224368
17.325581931871604
20.555014983766462
28.44666937776097
17.95547084250155
27.16825578002765
23.522173743868443
19.726058161270345
14.621340054113682
29.723145500825293
28.55901502456715
25.72434056656137
25.045122385424886
32.78894076992812
32.36833525822851
32.34123585312657
32.4295186352714
31.1975006326358
29.245507750139083
22.89203658093956
22.119172492573707
23.192465374878285
25.91445968357703
23.060805209884943
22.515078252508264
25.164340667078164
25.056509839734563
24.510926772912626
22.738457105744533
30.65010981201934
24.050869014400806
32.30435154886899
16.31710644817635
16.17541531026345
15.296587472315565
21.973004830063854
28.013736520369584
26.018036705657014
30.30759147529254
18.94900837397281
29.24699832923138
25.466252482152367
21.41542575501955
20.006499965654875
31.902038164469253
26.57469672677032
26.59067348343331
15.501707448969238
22.947261109255827
18.819242772179596
20.010871878397786
20.980682332908472
28.905368639412497
18.045382307753883
18.764547551327244
25.91151622157637
24.612302831195866
13.26390305351567
10.419661898995736
29.335999994229248
22.783352293525198
22.9939756341818
27.705019893473093
14.521872701795152
31.24446155077148
34.08162808071609
33.09717793984598
29.633364258252588
31.455163473325523
33.94964200165588
26.573265130390222
27.732179364799634
33.74352416683726
29.660743349745513
31.67538995631822
31.46040526013215
27.62565716283754
17.516851391008547
27.98303089995031
27.8517326092066
21.506877927257605
24.07725908612663
19.31291969865631
13.923909812927707
25.269875788274692
22.312230545854078
21.86561346635056
19.488796973173017
23.84679362965324
11.028121393483653
20.542161268503282
26.706761128106347
22.908855495068835
19.35737583520693
23.90108495253493
24.893483358662486
22.57228052263771
20.19953398098657
23.074349396393433
22.792093303157955
21.530168918938504
22.568804557844576
26.894927173187135
13.61264617440873
28.17642546817145
28.512950677441957
22.76739925711362
25.38771191971408
25.181036900137467
19.581139752892554
22.68045842911494
22.989192739708763
31.303787919610137
23.128629558391864
18.060278681204835
19.102921752819327
18.69316112893782
16.606814238533
15.087098637820603
22.2062775590488
25.101676027489653
27.807120447457777
27.053182391487795
21.901753747571824
17.815922890085396
19.177335729641626
20.3754800918644
18.523898248879124
19.881021843799385
22.129433870050367
17.94439532871427
20.598674380646965
18.37643972451357
18.546830623205054
23.18055006282085
24.752601977304067
17.969687894398483
14.621487390877487
17.69899218876916
22.26720860701979
19.825218502234655
25.836531976650427
25.455964773103634
26.24471961642034
21.97999600130185
26.177286804180934
35.81854514651463
24.501493354379996
23.695214568446602
22.089071521760292
24.971113959839336
25.418137548461267
21.983525339304837
15.068264773927204
8.41530268443256
26.250453789853555
19.647949883716255
22.68062962333531
24.615511678456453
19.276381461176044
20.708044446052362
14.127184275427554
22.886494924108366
24.17718787049386
24.503771162080387
18.732455291003344
26.05360816834647
21.746281566960285
21.844757980339807
16.499968768410536
20.77455138546054
23.01157507952047
20.0490627014558
33.325683977121564
22.384374563795603
26.09511609699842
19.364611488843135
22.711376901861083
25.388308104497046
21.094309983371648
23.531457804581223
23.142191841703315
22.095495013112846
36.33088401771336
32.481234463202135
23.652941785056885
17.56085620542059
16.497320089555384
15.23581610076321
21.211700692254677
16.224665113062073
17.927425837258728
31.896927160148746
31.25709251341973
29.374176505442826
26.806023898994937
31.646209982054238
25.62637576691058
22.369739619314473
24.762068712902792
19.15503192584644
25.085628405631834
25.325554399729416
23.17668621445841
24.763750456885987
24.85233137969215
24.83587190049337
28.873586689233946
25.56582203308105
23.303586208145447
24.511519714560453
22.331791544042023
19.91302896724349
18.905017169272504
16.426387451088726
26.959378508199745
17.800481663104748
22.52875539441959
32.09963057760962
28.253349811635278
29.710280992800755
17.847827651388755
23.111970494848745
25.20317058392977
25.71546096644908
24.01071058455979
24.16094498685634
22.170176533966654
26.04267720950276
23.05051881768431
26.6860522647567
30.302579144045787
27.846639031344882
21.266662291587433
22.17243520409838
20.163751574270837
20.918289991156467
26.753769955752045
20.91019581052447
25.73464522502964
20.1942321233069
25.050069030253784
29.623862459296134
24.74766848894131
27.958561260232745
30.601788734199786
30.789044540410696
25.023370528035148
26.191818360761893
18.919015264538707
22.8729375874543
23.04705966342763
22.56211274271433
22.14559557809079
24.588956943399936
24.73014841900051
25.258737620598595
26.832678219664178
19.253805128022513
20.097900812641186
19.406277227250264
19.982788816468062
26.369603749681055
23.375109952392233
22.07721607559315
28.489914227542883
23.541569691036695
27.62455434775148
30.635838173840522
31.041968669486895
28.403826020821004
31.045385087371045
20.301414278323474
23.957665737434912
16.271575440590368
24.91778412265579
24.889480485233022
16.856506672531495
20.4623691013725
25.637876150025885
17.122090718397367
24.20406345959559
22.990226115788737
25.464645703389614
24.609489953515872
32.364429659899464
28.21756233405586
29.816050322870954
27.99128366334499
28.0636781533906
19.985883781947056
22.65307529798836
26.012450736889893
19.855534754996466
23.84014678686547
22.86012250608308
30.35809262389905
25.976315790630068
17.660415679814804
23.664550048260104
28.565534992515037
26.973978221875086
33.828177689401876
13.592818807123534
8.92205701813466
27.884760296732097
14.845632270827709
12.863954403111396
18.720677731339013
24.348264180233404
22.220110471669
23.565740143599612
22.75971588117553
21.911538804547877
23.28508281929005
29.840585835168024
26.323446447751593
24.87610634746719
20.549598612776084
25.752626994890733
25.421421867655507
23.218426652012624
19.3513748763187
23.069884688964336
22.726904474224643
29.29025499387727
27.77168952731499
31.679119303852804
29.861812501749665
26.409856788075146
17.22840472879874
27.398126817120154
27.930239622248717
21.912029588898406
23.853139884321287
30.555704672489057
33.20740700887167
24.256256468041716
22.315171963183346
24.72764254171535
22.898744308320172
24.704402123507897
28.604254824857858
37.108096717519054
24.41154341801538
20.459905544149223
28.351656015153026
27.879011126192474
30.675877084424894
14.328688726545977
21.689174374065075
26.245534785920945
24.3230600692771
21.87176605698058
24.087962001295143
25.259859034721398
22.323790690129055
24.798615050566784
20.91592137281128
21.330489730244572
25.306071764755185
20.346585809336332
22.584319405827635
24.46904235291368
22.070520958857635
18.99271794499194
18.835671650133932
19.05653720947114
24.70320133001125
25.224257721029037
19.985137537720757
18.30470425215534
18.209785206520184
22.039870752610618
31.10125392124735
36.638813604753345
23.112989132457013
11.76573728083688
9.795900002340506
10.737217262312154
24.763795909534128
21.747219946004204
23.640458410235535
21.175746296330832
26.680171581518884
24.215710321038205
25.381076701166077
22.797134162970792
22.510596840531843
23.1638499791686
26.60366542706539
26.677826660438097
18.203208619013555
16.908093831470907
13.402232515510219
12.862288870478029
20.02057389508212
24.20659338401913
25.27665382025254
17.435262470614145
19.626722112853155
27.73981951033559
27.7549517508829
29.14398513955512
24.315530903926252
23.804932409118177
29.34492887827341
30.58375785476411
24.896523273098463
28.96430161425439
22.653529241208258
15.753645709820645
22.446574797379103
22.101227688499637
28.602793739270293
29.664760431138255
27.180467614174336
22.096923979482526
24.41698119536211
26.569058748039446
29.358736627608337
23.91870620444746
25.93350092827202
27.07960316210266
28.27033196744578
21.933816841188882
17.836084178505622
30.321641170250164
25.116275276017358
15.938992548208255
16.931859668943392
14.799268032065159
12.7118993199434
28.06611830955024
25.50326767450863
20.663006489175846
16.77935282635613
25.544366010543918
28.606227902161333
25.680416513301296
28.503525281601796
30.448480981917395
27.45214070373574
24.54987032551317
22.48354654531162
26.967987877822843
22.148663961534215
25.12685044357956
21.97010392569669
25.22846637314981
29.521088395272173
23.829361193165212
26.582226977426796
26.65731655355231
31.470042320032196
24.703411943502665
23.289004096785067
24.101288643720423
25.152839582773694
17.404332688989204
21.193722304737232
23.708921125232155
17.831126075585424
22.866230268474585
25.908968372683404
23.248358631863038
21.38508738842469
18.63955722297589
14.214296348051843
24.52377301114614
24.75876918110582
23.691209805389207
23.948800146384063
24.133965499231536
21.55411824601046
18.022784321357033
15.310706459812106
27.671883012003825
14.25463185255986
14.107167927050071
30.176226562334637
10.365830093907134
24.335840334309307
23.903732719273812
23.422496921301132
23.97557732292308
23.428830500311566
23.68614248494285
26.055712489229585
19.07078315149257
21.200898776546417
17.857850350375628
26.523731170485608
23.241527794253095
28.800311138186473
19.67987600957496
15.352868231184424
17.62562617545215
16.206785946445073
14.839121959430797
26.698275316241784
20.798380389815307
24.659985258034204
21.604210103542812
18.79444936074544
19.705754147105846
17.06533422743426
21.356034934047447
20.19842357443614
20.286592271340986
20.54912841195447
17.261391172781423
17.767114122444447
22.911469949675112
32.98904883392856
37.50318657478936
31.025949499376843
36.433850929802176
17.645823430774474
18.470761140170676
25.635912672356184
26.030680208396983
21.004604845291936
22.80376893941307
27.612647031646198
25.23368156101461
26.492432878260402
28.05229754766485
26.06824030529586
17.398389143628734
18.657143033328857
17.525372590233193
17.844540251776497
18.212989113596045
17.397765290493588
18.313088731504436
25.94182430023631
20.355765666787455
19.47507537968864
21.67828399630078
24.442214263338716
23.071295426768497
20.33639192404374
26.317919204241303
31.457589872439307
26.095376467908086
24.587821454666308
27.88959867784761
20.099433460242842
23.88505191519102
25.30999553540567
24.326574633554447
25.421008765362714
27.407084960359686
22.6738302417177
24.374206238534125
23.86582979991095
21.889568879784573
18.65744046122357
18.459082337296103
19.95071849914162
19.97732926697141
24.322827291256853
24.76028124763989
30.271972545228145
28.160643164903487
31.344593144251803
19.681186775989275
20.544088436229238
17.60060703570874
19.187762040442454
24.021417905724114
27.181846013929817
24.039757788232624
25.04598918028667
26.696798209568268
21.257001508896707
19.42355011593961
26.468058962734236
22.725417899100638
28.574698895138674
25.41803300068504
18.38983818201005
20.095958449278044
26.841471767977875
35.06764953076094
35.154187742542305
36.70496018379038
34.22238410367433
36.33894089617778
28.513878274263494
23.399537425943144
14.539526908833883
23.47348809528465
25.679549613100818
31.51943188279316
21.702401957749746
24.44738912824365
18.05353067284422
15.094257978545087
16.49509415406531
20.8685501049271
20.160384288714706
14.3786913671733
19.88876473845101
20.259985275201334
20.39298607120986
26.217616472565638
22.171762420372065
21.871390081319667
21.53599115957483
21.349166440643494
14.500323251742667
32.36297264114233
17.534495471594735
20.9826415362784
22.112809148057828
22.650576627051063
26.82469931987479
19.60900459222761
15.105251942213284
16.32928708970577
17.294815579874935
17.077978555882673
17.616170685382098
13.351846340144814
24.96798086899326
23.262792278948787
24.641621250569788
24.734702731059805
24.42615531073945
27.329797215116535
19.664240495147844
18.41358525995441
12.423711453416741
11.224661905925359
15.736281474361746
15.692303403893698
16.772707425876675
15.137456460522749
26.879258785603753
28.035396357948727
31.345791693871337
22.476643037953124
28.185352128000684
23.99314558641538
28.09893143635601
23.72789228580713
23.913227400346162
20.879173277301845
31.72732369415509
28.4993601819148
26.746716328568144
25.52678170131767
19.908865306197004
18.589642283845585
26.031601805353052
24.33485358284267
24.589477835873087
31.790497349719963
23.13799557821564
21.788612710370987
22.017041092388816
24.88132305413303
16.152925478717588
16.93529879769757
23.55638350320498
24.34337446473183
26.888088660510554
25.891514061026776
30.118801202698947
28.94966812536683
20.303310839821087
21.840847634792475
20.884219824336615
29.207993203570933
26.57428929969979
24.925566817116763
25.303065404637206
25.081742271239538
25.66327958306728
26.236006081687908
25.674708322862333
23.370302875943842
25.941144929940613
20.99039878651775
23.806967310329004
24.936916218369092
26.31287400300376
27.557078738222824
29.714163630230424
24.344757034841862
28.633522765890806
19.847556412638266
21.689782773394473
14.204187173833255
14.425315718852032
15.861921692692611
20.021142287178584
22.646284436208454
19.165027817272144
27.57746128362848
20.805027758708334
25.529769434429394
16.23432174293111
16.545808744276865
21.562510676985216
25.18493871525216
23.064116486901444
23.41878330965389
15.17041303956038
21.40954135534856
15.945474236521477
24.303349407315718
25.860023689692184
26.07565063790002
24.539149516796908
23.17194042544978
24.06916862728721
25.949594342138933
21.041089369016646
26.0093870851063
24.21375787892067
24.570372660675996
23.942778444705734
22.8912554723114
23.109541175606807
23.971328804789035
20.738573429910478
21.774026337881278
26.761508833182408
28.348535887536716
23.61790677836152
29.887420590680186
30.86892715216763
27.600920956177927
23.787880554745417
25.206377157616647
24.306777556317314
21.712506241164856
4.383350742544409
4.370643188664262
21.10293518877576
21.084615041014608
19.878092068935747
21.726558104346445
17.07655856364945
14.579796253007007
20.225614901160696
18.03757574121523
20.536978428811942
17.060025910900148
16.20881145935457
16.111943323780356
22.87552504800157
24.04683028379669
23.49019544444253
19.276693031978816
12.451179381869567
15.7932976093156
28.032377162488345
25.455889113343137
26.57480873360889
15.975869017530306
8.141303315323398
8.339918073870502
28.000603531778243
23.260634669370468
25.044231793903233
25.278864548172564
20.510995715393065
18.607314402653138
20.245980711156264
29.848817270024377
27.7688389660336
24.43752867872397
22.562954701081487
26.286981195309572
22.40125008035973
24.186532245031415
25.95611916196674
21.130487702377415
25.82738195714676
25.490047339144724
20.39677430723262
23.363599197565534
21.14637733160093
25.605140788071797
24.667073203257363
26.211056005384336
17.787221966986706
22.273436151858483
29.52396610693635
13.288899500299289
19.91403421440575
18.367597645572886
23.787596689124975
28.577346425536653
26.68673919517337
13.548444185623083
13.944903168281485
13.833631196512627
17.745369231188132
25.10564498259909
25.38174915332746
24.033573686490325
24.619160532510197
25.373978889815348
23.637874837210763
15.294798079784819
16.45799405357246
29.43803183919508
27.65803548227949
21.677007343887894
22.101095089514235
19.282653633058015
18.816022846195988
20.26875512664046
15.656196036838187
10.339056273986769
14.379178088324183
13.474844746429014
16.666217346443332
22.960628501299148
20.819673924299575
16.726944043280355
26.70726026192837
26.121103778238457
26.41884093996841
26.572608144351484
23.963094278700407
17.967987776148938
16.87176831384432
11.774222200275524
31.632701952531338
19.852908520118014
27.968422707440244
25.466933888213802
27.373935100821868
25.135245724064195
25.24462859695635
14.365366653054583
25.534807243008824
21.33924004869829
24.972419966171252
25.809878612422967
27.007898703351767
22.112251732002466
31.01592564004072
34.52433390881764
34.572257534982356
31.363118600712383
24.809156853547222
20.70100871448518
20.82125327986181
26.288226874248718
19.495262952941268
19.19213299193497
17.489973793294183
15.676973415933665
25.479899775735955
35.25343956320575
25.932907969570643
23.192653382579472
24.424564740988654
22.957949056127053
26.168697734752623
25.00044895099292
24.41785345038412
23.96707757287105
25.14914888632144
23.593529684708194
26.937234829323682
29.428148205744016
18.10623087906327
30.267130837795825
18.117728240617904
21.535791325883572
17.744941436114885
18.040864559600408
28.103460646081523
21.600202491159486
23.3411683321238
15.004648950417353
13.817323198852273
11.17483127836737
12.434784938996991
17.367618897072038
22.81161879494542
19.572104926862988
28.709187839637533
21.555091251899853
28.4908967320639
25.496646103513555
27.626193507856975
14.793367318633786
15.346741721938898
12.202774171691276
25.427921938341907
25.20512000122214
22.57252080976075
27.50086703644742
24.50141741255737
23.09475927713472
19.278571998473776
31.929992787312347
11.959585662705418
16.2056269547737
25.22200185164833
18.894779644899124
34.09509245135676
34.556892814950125
25.10321003799006
25.840617425172976
20.850580921821738
20.658318535804668
21.35808194791491
26.595287735607613
26.476370764620707
25.40445711389977
26.41648742113313
25.02967787751425
29.44946276155774
22.189463260160743
22.718783056390716
14.43489286711742
19.989926975642064
20.407237355142925
15.93499679941094
23.16266459042058
24.318379098003685
24.25874487361889
23.91723893507256
26.538024048782074
33.324134632185654
31.99786619774053
33.01538907936445
29.710916681069218
30.929538686596803
29.514848544831114
29.0786525346208
34.71327663591377
31.743748258607123
29.357837940558124
20.645868768594564
24.251099017931153
18.943801643963813
25.28497402685555
21.625460019385812
26.88432845320143
29.775763715888235
10.773000538133878
11.004772073103853
35.82694065716433
24.592662417917722
20.237531269687942
11.62325357578607
10.398257283204243
10.575128321350727
11.475482375684527
8.235183354559569
35.08740860840462
34.89169447732489
26.889937919754075
29.471607077325604
23.98221834872171
19.53069393628344
19.033496297862275
19.596978700181122
25.595031042633725
23.745738589072456
26.570768807985853
25.612850348738334
19.61029045840215
22.45641723599478
30.062668224646686
26.190112410782344
28.750052744801746
20.95530633343078
14.768111621634917
31.03640582047003
23.78526279471692
23.045573730760857
24.813362633699796
24.28348467407468
13.88470067575186
20.74645959720353
26.92982210945384
16.606702013409848
23.495443148780474
27.029436280035316
14.95161260712531
22.007036354671715
23.940903569027796
27.17147539661092
26.422198840677677
25.406243004675062
25.892842299930294
24.614129379874814
21.52153587081128
30.588180498189498
26.131568023851848
28.442355764490735
31.716175881624068
13.81316318033311
20.311829466726348
16.74765088067226
16.53843914820416
16.78765763438107
21.19891635398466
27.39373073504578
21.643296748223936
19.862763635101654
22.098910233944487
20.811610751410416
20.78305167891582
20.8160305633206
18.285830672021408
20.563643070542373
31.010031707607897
11.178964779379573
23.204410550907937
17.069924469096296
18.94917670493401
20.566923177945732
23.595853181223276
22.05299487951781
19.452499855661674
24.499626985691872
20.096127857790297
12.807598662989475
25.124600445132756
27.146792110338193
23.482898644076354
24.65407973223009
21.972811661886645
24.49143631569141
24.06621100768281
23.30194510919755
24.913138471368047
25.047930856735835
26.293710922197004
23.01835035411431
24.571417977314816
23.372476134485815
24.89908263003278
23.080844229419746
27.146682286698354
18.24210992437121
20.904493534264933
23.652462777950813
22.177692969816775
17.61153961835309
16.274522995108793
20.44448233384712
15.059803471246905
18.43080680070567
25.504522616960433
27.90859390769223
21.12737447809112
21.83580360066142
23.406585131775707
25.14482476272988
24.88793596350599
21.88314863902633
21.814854525933036
23.835845595315394
21.11603571019295
21.98839115048693
22.19361135942517
20.53999915849866
18.152993630719905
19.91253984337344
22.518183631954585
22.67376563823361
18.78239953697123
22.141869406834523
25.52562149688983
23.96140096815526
24.31673437774207
27.813507248358235
25.622220977528915
17.638611486708264
24.805711950127932
22.951204190474787
23.789468310485372
18.15864408293103
19.675462512500616
20.56520717881077
23.55540116748901
22.663056535094924
20.53296039596581
14.69192839959086
19.748578135360326
29.186530636562477
28.741308038951328
28.988925355826478
21.46023669941592
22.698285227886757
18.532710919795374
26.750414693023508
24.68824651609504
26.566007523596664
17.221751381654048
19.865607538681125
18.46788539862028
21.25322502861243
25.075870605693986
22.008727214616986
30.74221632170634
21.639113434477526
22.368902379097047
27.981105665631173
17.98623059377415
14.143835027375342
14.917282685078955
9.861837401279914
15.051678631779168
16.038264308753764
16.023897068602057
27.687783701469808
24.752632380808638
22.854509456425497
13.59249961943055
23.309718802204333
25.01904412852084
23.37875474017942
25.06254911684948
27.701436716071335
26.21166827815848
16.501686728493944
16.61915086106755
26.565801593861774
22.51140833952171
22.964799916999386
24.134066176633187
25.636394533729174
17.93040985523644
23.208544505853954
24.405021462563372
26.169981249550126
20.604611599647324
29.783937473615556
30.061745020989733
23.964341337212176
22.595571244535027
24.520431032940525
22.35948720010419
22.36632705027135
25.991358366893056
21.98915902400476
23.06516354862489
24.707882092942523
24.265652125149987
21.345615917160025
20.888629644985127
27.692843861844235
19.991283487074636
22.173462590973475
26.941208776295426
26.742689116867442
20.364820851044275
22.050250590515187
20.058392125157038
26.00746749002168
14.061154269062307
10.404756327909002
26.46284770624045
25.543093869015614
23.388536094025284
19.342611952075735
31.02415701065451
38.32157513924824
24.96914835343389
25.231629966240945
25.2207486908756
24.067683262503852
24.23361943211382
25.293097112195685
21.98780488691818
22.86764644313913
27.71690936098226
29.079860337415408
26.194902531065868
31.41041079244835
25.88577905805177
26.320517524030077
34.3505373283461
25.881693522653855
25.59423712366664
21.97633373182749
26.290746126936497
14.573820762162113
22.68764789689652
29.704321687530673
22.637901811051346
30.332319836863704
12.747364732461923
15.124935309745462
13.748517166925415
18.84528857869779
23.64856222476177
30.28378095177859
24.08952574971524
28.579435671953103
27.022382541756443
22.11352427577584
30.316869366803893
15.686532512606073
32.15148824560459
27.056541349891187
25.76287055986207
24.874129692525337
22.380045898079086
24.677320768599234
22.534372053018416
24.189162750871493
24.79907842932863
14.041928752001605
26.168563912684913
24.9632883367913
23.92877343105907
22.953545933790082
28.207215778602357
30.15078338316193
21.30165061745942
23.75904638842725
25.890566230438743
21.326497306624354
24.831035791759945
24.914172595562054
24.810796829369416
24.769452048813744
20.760559063098356
22.54530127037624
15.978553085686045
22.297841614629604
12.728526135483802
24.877972606044352
26.543221889422313
20.621721140336387
11.385391585918104
11.245696081409664
17.89297637469753
29.19484378308138
23.431597743370823
26.05442473757288
16.114894418383166
30.387189689901536
26.201116367273308
22.639965699150665
23.03886895115597
25.363006455229236
24.511777261809826
24.721604191585268
27.870196526316345
22.53846027295584
24.709170044886584
36.43489195014619
28.50361631421976
30.31520566318737
13.309966657349799
28.67405816657657
26.653530216645603
25.553829412196638
28.360814929655902
29.660162393382652
26.84512132377383
25.048582011306944
21.926562418842686
29.09255388338044
19.362892557587802
28.001755658119343
27.519157221516018
28.07254611474356
30.516052271286796
29.51922013846417
28.573855188786556
28.10632860530661
26.72158800410666
25.905281844755404
26.731769568493494
19.272164921590118
14.98562455877
25.182713881257154
25.455540271052524
22.39079410195936
25.805717481350857
31.51413228896988
32.0238066792036
30.446019337843712
24.86840185233101
23.789896912786986
19.330797767408363
25.513310963325537
25.455374024946895
19.42314146126928
23.11634618388581
30.416951704532146
36.10668117446468
36.443240778545096
34.44462147993723
34.02293816587125
36.50621711788136
35.864862583770076
35.80755949829282
32.44766225503646
28.94256336766992
22.138686024783837
21.37125023906324
15.068152935007038
23.287902507675394
20.674930416944928
28.952873215358213
12.645780933145577
24.838570323335407
25.74441338257581
26.730544957338243
25.812352843066172
18.10816342000051
13.161358324744665
19.24677627739863
22.807753800145743
19.13633048734683
24.017591688890978
26.189619554368846
27.165102375889415
25.459176753736607
26.578980593515563
29.403587048070378
21.819719671757117
19.649954800074248
25.88980752442969
22.424202623830976
20.905089878478346
22.310335469985578
24.50249941383923
28.512689022615064
30.13596251062391
29.331718783219472
31.571189591043577
21.609833321386972
29.808755071491692
30.983648901444635
34.147857364834586
32.68238525856032
31.541537652308513
27.61180108588921
25.34496183388397
26.4859868896393
28.77298795615241
22.81157730584677
18.322377793434704
13.579034597817515
12.16069676873452
12.39227202086139
11.658769525101603
24.227449198682
23.321835507515477
21.89105177887549
14.655773771848176
12.645563708203554
14.696084197568057
19.078008552257753
17.688362591214194
15.69081239044337
14.36603319177075
17.849901882126726
20.493915657407612
28.898505772152717
27.00681131263736
21.34757856650084
21.158296596220524
18.902930674207358
28.451260557282165
27.849261014776
25.49746032188889
17.58893023014025
18.80337687366428
18.735077601356952
14.056730156427035
14.056730156427035
31.471178448875477
31.132099960397646
28.990400830962695
25.29837517195456
14.645215475323873
22.838033799126904
26.953403177453477
26.035405058680414
36.31993057464578
21.713899082345804
12.893568019021398
10.997198547084558
9.860186955180465
29.220510823678584
28.980966952267384
19.749676980838117
23.82719531564941
26.41868044976988
27.04352036698611
27.091616661798668
34.72944807842956
34.81745177407028
37.160019780101216
31.84243083876869
27.352843227915635
26.692419817001703
24.71834960391059
17.415958115728298
21.967240277429465
23.436690937633806
24.31225077243373
23.135414673212424
20.968903508472643
26.643038311677618
21.797484178558292
24.5282613292677
17.50399028456243
25.604475169943605
20.633133892897153
24.179064927175027
25.97266573098805
17.94697971216675
23.693538458370742
22.490900576576372
22.000060858009732
22.406491745344145
28.795247270552963
30.270273802170394
22.031060056922307
21.504998730624514
21.733958602601334
19.168253717236862
25.44363331689505
23.201858013789504
26.3814432341895
25.35253893449385
24.415901431699663
18.686569075573136
25.27942787860465
22.781597653625088
22.126499845404943
22.302149519170374
23.544093342508138
25.556627904389313
22.604862719340872
23.871437314756133
26.339068280193306
26.575186400223952
18.144379984602384
28.095936674101406
27.057287637117902
31.270172569547977
31.399740455399954
31.461316342132072
23.815195827877154
22.874990219011053
29.024777621388957
19.74510051801532
30.01531434303657
21.80484767875629
27.57192689652567
21.86712545873766
17.381298364081754
18.52528341333065
14.164379051283131
13.68823135757719
9.708358216845243
21.16243089416034
19.45760275203905
27.22879986754576
21.045734848747415
21.554399988387928
26.051493055145855
26.841152831684756
22.689776916068798
22.50409139049781
23.608003074057077
24.106687414841275
21.172875297914327
23.416848423047842
16.555551768357905
30.99226457501392
26.233187783719828
26.024779798622983
21.485077038600824
16.172147047747554
24.568272461331187
27.71057332121446
22.75396636493821
23.44088158451503
20.263472760765396
27.651789964308218
19.272573639318626
21.79962935809951
27.719703002695137
26.802745378881877
14.645545502734254
12.334059191465728
10.074541720686943
10.990305834132434
24.65963264425127
24.87949411248025
23.664558295239527
25.099157238231463
23.455352037895338
25.988611473356922
24.51799006839379
22.237522525169844
24.31887543992134
22.572882090023185
21.69551900384293
28.51409690606296
34.780144503151924
25.787814504383615
12.165001334621044
11.781447169744812
26.81908430298259
25.425424032920674
24.258750340543596
29.540006306449282
23.798005230610396
13.799351235358568
27.90771347775093
16.338438331624154
19.141326352822507
17.9111687700514
21.64520312548669
12.782966678553702
13.184769591452264
13.679706827804235
17.47286015643294
14.050948419104346
13.907742071348762
29.669654805260727
22.130581167977375
22.628002949023205
24.73147708771617
27.143947586131773
27.365198884682073
20.67741544695913
27.45592696162318
18.54927719188692
27.94615799399522
18.222761416558253
25.18068736592829
25.18262538482263
19.174070678523854
23.438357914240104
22.75701694165963
25.778324174025457
20.236119088445935
22.05543894178711
21.974637535756514
20.616815058837833
28.021904252394766
23.654134113632978
20.76452554511083
19.445574858793634
18.29552676784943
23.518844036974077
23.987678970532297
23.071302869031385
23.748648016557933
22.52839455046216
23.551055383048034
24.348840687163573
19.106600613921525
22.27629239001029
21.813720521738436
22.58193112941073
19.697501529839176
15.846193019419848
14.448545918635025
16.92567981925633
19.603952276288616
24.63227652661261
27.760679680629142
13.961170430569954
29.49109672003887
23.18197790564166
27.446627184710803
28.932578673878634
27.19683649911174
18.688411151461985
24.129792455620418
16.026608090305874
15.956156369974975
16.73193292690322
17.217405169144477
15.793299960830186
21.071602638976515
18.21569002336678
22.281893261650108
18.347230974516563
25.10773469649034
21.923460792376943
25.94784232208835
20.380559546223814
20.06081288565749
24.53684922982065
25.275289334652843
27.355336739649278
22.972092260958817
26.265856536449174
22.359486053158435
27.384220448470963
25.90942723167581
29.80107535016557
28.771514188643714
23.95796864829962
21.305827858383335
18.365983870890997
25.74011481990272
26.696581457956054
27.292130312876743
23.232188452345284
26.23371996921906
19.759306812800887
23.9034570855866
25.701292751821114
28.473761174070876
24.40620176700919
25.048152272292125
19.389326345812876
24.82092080171876
25.929622249124463
26.971694869769763
22.349643907947307
23.75267074951854
23.94115479743697
22.30994910082744
22.832517602069416
22.73127569597542
22.67740374915594
23.31093465608338
23.865658706284673
20.80460207448444
24.144805194190738
24.130377208827642
32.4345657836415
25.695246770383967
26.28947130393574
38.42334116805883
29.557318325320605
36.91512124387599
25.5162056239461
24.220592292235292
20.584411766238336
13.636901944267592
21.947239031385344
24.095736919573085
22.511976113023508
25.179491114678328
20.10810739783547
29.134927760020698
28.81474804539407
19.611851928932534
20.133464597058282
19.36862512220944
24.064019015529606
20.689940149277113
13.685837206146712
25.980605332655557
25.247003671054276
21.25245124341455
27.720769395686936
30.665032190860043
19.91784734180785
27.210535197693865
29.19360334017073
14.00191081627997
29.812015018035463
30.858997337983755
23.665235348003023
23.567075224201005
22.885901214614655
31.107539560343483
28.178891608761273
15.31706776387083
31.269391921700784
30.5732924767453
13.476626142503969
17.435145583375427
13.245650778466821
13.485270493100924
12.523130544492322
14.359554430574883
15.027808410967413
15.018623181763951
14.971713311568864
14.520026512575383
14.56432861595719
14.406360435797211
14.030310290282234
13.676691571166952
13.69778646597301
12.005273576534671
19.48581843692226
26.276902779409745
18.340695902757794
17.941394430955917
16.40766664104518
27.094050164785294
18.427104239876787
24.817233976349936
25.68996554098594
31.128877306462158
21.4648316672696
26.300842126116937
24.96826848642838
29.906016200025917
21.431956342070738
18.05184282083984
18.710617087758813
27.362535622781376
22.661202194272704
22.61185248734261
15.898665441088474
22.59267515413971
23.89200109212479
8.675004976256675
29.78734925754101
20.11730397977197
22.79915452053033
19.821676168006604
20.933162002287037
26.329140344786875
22.500994662919243
33.53201741521696
22.79273582742611
23.966836693268785
23.627355351373634
20.378294410684934
18.141658344830972
16.583620659959884
17.181956803690497
32.90434813292206
14.288892124389474
13.631600150316473
15.625234655086704
14.776362570495559
17.584865330788045
18.75460236969013
24.167472979111263
19.950207611296864
24.643928420662206
20.170601892807458
21.535624347532032
24.357647234757287
22.75746538981785
21.6427009412667
16.099134385405065
27.94129997114883
26.7181493143159
26.24298966250859
22.109202057466355
23.82731128027989
32.23786214556301
35.277836847531745
21.458530163347945
25.98870885359538
23.48806930530498
20.80205369166728
20.78354182237876
18.8800477436529
33.528947588591805
33.31795487832402
21.0766592230212
23.6647690596174
25.83866031282236
26.067922180128875
21.8948665799169
26.72691751781168
23.526680204387077
24.903533011420574
24.908521830193976
25.119952548538556
25.395498506669078
25.00371285550781
23.960236122805014
23.78721704345648
23.804933895219843
24.616640174450794
13.330252013587328
18.23614033321257
