0
0.6897077046043334
0.753205890837262
0.7230604342418774
0.6958311707480085
0.6933992916445714
0.6916720064441908
0.7533195481530823
0.7061861311111888
0.7021416478691992
0.6864259309784353
0.7128919809689784
0.6801480403400909
0.7051521853934664
0.6989521833227061
0.688900122616879
0.6842073820187458
0.6876340703812711
0.7154497001852935
0.7458137467815696
0.6982199547103993
0.7441434925815626
0.6823620306001438
0.6937714433264581
0.7514372298889016
0.6703343042608828
0.7406454227245837
0.6823956084983193
0.7413072891741287
0.6408391284251853
0.7676892030731777
0.6885500789543038
0.7083916616913511
0.7171205987336187
0.7004119541936205
0.6986343065028496
0.7081925810016843
0.7168779931485751
0.7195562814153839
0.6559745228729227
0.7532159784602419
0.7619398701099708
0.7457192782517696
0.7394123553918809
0.7039463164524367
0.7059828180740361
0.7216152976796908
0.7343233929402851
0.7249117871411458
0.7346527752255542
0.6776535166207136
0.6700687264034474
0.7442080374262878
0.7574895435385182
0.6650307081202534
0.7085970913425297
0.723849133725176
0.6998055100855384
0.7265908354618397
0.7009875584621699
0.7858850759687984
0.6649087813516814
0.7452589810659046
0.6908800019502408
0.6793165909838949
0.732477225025347
0.7152469208053476
0.7150488512427113
0.7231453630779553
0.697417438366251
0.6958735260419512
0.7343439756433596
0.7091496597877527
0.7030163451455977
0.695357691840366
0.6553323469536798
0.7329890825115474
0.6818626259615272
0.6708650362328223
0.6610454033454454
0.6423010110337354
0.7525965128583317
0.7862377497424771
0.7162194155363044
0.7053080141983552
0.7581555125528222
0.7582567761978921
0.6549297040193408
0.7581818213404729
0.696541526335432
0.7081056572291986
0.7287909440633579
0.6937267113874719
0.702108057991611
0.7225657839019175
0.7511434460303285
0.7490945110136663
0.6756711121678024
0.710922414995006
0.7764634620537387
0.7674017236025431
0.7499482822731091
0.6475442982549812
0.7542539048730103
0.6514844051109292
0.6764885640670049
0.6714728236557769
0.7347579490398488
0.7661859029013002
0.7860721523361358
0.6441900000459336
0.7733236413811375
0.7580356334765718
0.6932652688733905
0.7129910352629848
0.7387269153049884
0.7681043377795257
0.7330818956243587
0.6593946943754394
0.7319921203426184
0.7147108240774708
0.6484793113644962
0.6679701609446274
0.6528707864934556
0.6592885624242377
0.6669384199664175
0.6932750684655368
0.6546271294925429
0.6516172897822712
0.7299035560477828
0.6967578912892876
0.6691782963825741
0.6799115656992745
0.692243945641895
0.6998077814772601
0.765850133251124
0.652821532600227
0.7572221270744293
0.7197642484066551
0.7164669880649327
0.7347757052442749
0.7320485752165498
0.6706184861952967
0.6995085405697428
0.7468388032373111
0.6979106099297657
0.7139858884524132
0.6337412807214465
0.7931365963508432
0.6251132457828785
0.6955607820684006
0.7189535211579559
0.7327032983583234
0.6995521407205876
0.6896188570501239
0.7050518336319168
0.6806844728931466
0.704871118746864
0.6779537622405416
0.7461987862304668
0.6918512737055242
0.6976134009890832
0.7491171811193632
0.7189619109518272
0.7252608224560462
0.7212016060184268
0.7377180052758471
0.6883705665343256
0.662532693821413
0.7414134390030327
0.7055135053057876
0.7031338862508352
0.7042612937973679
0.6924457004695602
0.6645697225025295
0.6986285092835223
0.7201665411435966
0.7009466270292326
0.7398935854463871
0.6696353657528912
0.6273686803010287
0.6580265407047045
0.6707037509176037
0.7502479951147454
0.7197555232030978
0.697143656611064
0.7215953442098141
0.7635125152225009
0.7314271919461373
0.7470642745910543
0.670024044397933
0.72391740580721
0.6685629466184256
0.7463678622494573
0.6698485916610863
0.6808314064454788
0.7500266873047211
0.7011391979671043
0.6794645493357471
0.693258716737558
0.764842069109788
0.7594067356265337
0.6915240182850928
0.6914966980562804
0.6935657934269465
0.7365635339886095
0.6376537907160117
0.7039525491641565
0.7007900663872801
0.7022504865574531
0.6967954035874674
0.6957331787944491
0.7296176210499179
0.6907721206821777
0.7185759290521203
0.6727209084095943
0.6537185623635413
0.7595003425733354
0.7245327384105714
0.7165267509643192
0.7361731162873413
0.6840252236477753
0.695384762298404
0.7217006714670915
0.7301549221024222
0.7510585490090852
0.7473552654932104
0.6835090428176052
0.6764352626508131
0.6794087305173775
0.6717381061222242
0.668409470754998
0.6659628808793586
0.7472343146721399
0.6687632222730948
0.6910978103139797
0.6913169190148452
0.7475479355272125
0.7404215069426009
0.6693033306162568
0.7458444709700729
0.7201895126736836
0.7043958296206083
0.6856453994577583
0.6819431386393933
0.7204535307546758
0.7124978657712164
0.7127934865375376
0.7292658983773823
0.7022514289362689
0.708344295905402
0.6672663248145387
0.7173998221472861
0.7030589733385647
0.7287020414518948
0.6823926861416209
0.7216039928507515
0.7040914269520425
0.6663653746095963
0.7006247842933127
0.6832908378916208
0.7113494467372918
0.6860176511487044
0.6918921141066134
0.6958775569518789
0.6914653244360138
0.7008456992944113
0.7103769222028209
0.6873738854778954
0.7282129448087271
0.7051206377672686
0.7398119725743934
0.690312217681762
0.7211561502874428
0.7338873450017339
0.7164887615452257
0.7064375058804009
0.7165308317639829
0.6918598819930929
0.7161731386844192
0.6702384103394416
0.7513100472713292
0.7207550167090024
0.7032859220497534
0.6715118700626281
0.7058293435427112
0.6873659362412746
0.6906019437631437
0.7366741011180539
0.7101627202799823
0.6880225318468801
0.7267042999731302
0.6540967112843692
0.786627754427226
0.7674474730637838
0.7053599511586343
0.6559359673317914
0.7093846170041139
0.7307472689133657
0.6984706844668517
0.6571088765861481
0.6611508412779559
0.7640890807270241
0.771430435507195
0.7391059340866761
0.6466356274671426
0.6242930733607388
0.6303008342215585
0.6459855483488559
0.750990400993927
0.6886018286663893
0.679250540771519
0.6645232937679177
0.7582527232022066
0.7672930213177301
0.6498797309390449
0.6655359679814123
0.7671798424403211
0.7064309341304437
0.696998220737845
0.7064899064943174
0.7355981966039002
0.7305283510279016
0.6665532919195973
0.7577965323541439
0.7255163051026797
0.7084717402267137
0.771569946425776
0.7171865586287434
0.7267709838086914
0.7288353347484579
0.719531222661696
0.7460903247695939
0.6730137855462601
0.7111769884396757
0.7512049835992489
0.7496223277565236
0.7677181403884582
0.7486426326367043
0.7513022012770704
0.6560337261426241
0.6661768439390257
0.7409725238333766
0.6575990910498815
0.739983997319626
0.686353823882141
0.7612966028532717
0.6520815688820505
0.7255356969256924
0.6934365981087469
0.7286921482584715
0.7046660719925326
0.6938748419596101
0.682433564822189
0.6927565450144532
0.7176937915138065
0.6863254437455247
0.7248692229458487
0.7264946689594413
0.7344071617390296
0.7070744791174676
0.7517447806540891
0.6819835997297209
0.6606319236158331
0.7383332873667925
0.7124122424750406
0.7458946628943466
0.6950800815473437
0.6985831466941353
0.7092380964777628
0.7121375468941689
0.6752237285979418
0.696655909175865
0.7241415474076456
0.7483186321750995
0.6817246692833903
0.7252055739672099
0.6979392989753994
0.706615902644044
0.6878208417051807
0.6855884146117787
0.7257903581154502
0.7229097865681905
0.7170091679955005
0.6986252349895204
0.6973390861314828
0.7045978147057514
0.7049116996250878
0.7000226719275736
0.6972634296466544
0.7058979067705513
0.6962250598887395
0.6786832234234592
0.722957591854679
0.7169377206942479
0.7430867870618599
0.7484906602351834
0.6773345260863651
0.7303983947897897
0.6882630082292013
0.6761709796458132
0.6858512108224809
0.6844823040808186
0.65936815044886
0.7747362109178744
0.7502579448820536
0.6640331220009019
0.6654726835515747
0.6718290252185829
0.7242467555840472
0.6816914572701671
0.7154319771910657
0.7097198902963746
0.7151756208533332
0.703881156252356
0.7659534060379045
0.7643631330964002
0.7138894512398362
0.683682187271593
0.6867016124648768
0.6877075232807153
0.7094406465920776
0.6839242327134942
0.7086423912061285
0.6792669072646489
0.718243648013582
0.6993151121003223
0.7305721458065394
0.7056243354798368
0.7052476483225175
0.7545982556394649
0.7697595736950938
0.6585758413892198
0.6641405479495847
0.6817621982008246
0.7606197908209469
0.6517781390277444
0.7694559378057872
0.6882157943988427
0.7363687876570527
0.6861947565471571
0.6783758167969715
0.7289343016822386
0.6906133522327409
0.7001010747223304
0.695500640257802
0.7077249106772218
0.6864019015530185
0.6725548577826288
0.7321094857978387
0.6754072405872767
0.7435301127177416
0.6823880359087819
0.7819363558282064
0.7000945716819212
0.7644590667858401
0.6756182745867766
0.7023161935678021
0.68067082439806
0.7168410937553464
0.7131075596220767
0.7020884076606017
0.7358511020056153
0.693934932896795
0.6795485630040783
0.722782682801701
0.7438860980887103
0.6663202968767206
0.6781648132983755
0.693590538885056
0.7430951206641917
0.661308485953775
0.7228392776402501
0.7510042894992783
0.7582006492700042
0.6745459526012032
0.7252240021197278
0.7064835623086179
0.7153157808602392
0.7253948791856194
0.6978591991579954
0.7121179313257671
0.7062209646270052
0.7002723211475982
0.6666517273371438
0.6640371590824887
0.718191102666326
0.7026172031187105
0.7673140131382636
0.7138915721926893
0.6803128591398001
0.7096331669240117
0.6915503082508522
0.6974739865488777
0.7643518098483911
0.669639180444679
0.7412706293245448
0.6833959876931991
0.6787871677988915
0.7121740407944359
0.7379160964876849
0.6423555448168121
0.7233424562184652
0.7102208708512634
0.6840540188644734
0.7289906159896794
0.6997091642252945
0.7323601426147042
0.6839788337122377
0.730864241668626
0.7014585639967498
0.7449359797193049
0.7170722767044483
0.6859284069505982
0.6998386191907514
0.7007011885391069
0.7259359217689956
0.6363396194213977
0.7254501121828715
0.6853040953602524
0.7197526576621928
0.7157905090507872
0.6841101750661462
0.6995302171115038
0.7072528688919586
0.731981397028819
0.7271031785363785
0.6846847305023694
0.7230478689452595
0.6685564436027425
0.7385182709834077
0.7369295163627452
0.6906109653403634
0.7223468338848603
0.6738309105478302
0.7369977790498875
0.7094744250733208
0.6716016486147578
0.6987376747588314
0.7604781604655383
0.7751059894078711
0.7226598863761867
0.7357938768320984
0.6984066550714727
0.7036528172245711
0.7651147969593313
0.7176238218644283
0.7792439172969422
0.69227810123968
0.7158136575565819
0.700694612369221
0.7322846962610645
0.6850321811464875
0.7285608764213847
0.6672044767961096
0.6744667979299211
0.6410158880581222
0.7471226489282635
0.6981728015078953
0.7204569195782832
0.7259512344908309
0.7125195035328248
0.7127556547847086
0.7016896710679968
0.6596668607676319
0.6426663786207949
0.6523374855500432
0.7328092310226986
0.7159000535440855
0.6629372809765577
0.7098601955230421
0.6528390223327565
0.7802704745201929
0.6586153504400419
0.7321638127747957
0.6702901993435914
0.6725427904867739
0.6744698778547791
0.725052357154336
0.688236370119515
0.6647458955733271
0.7091492899346066
0.7054901537708174
0.7121936787479242
0.7020221192128909
0.6872379746782415
0.7032254994496792
0.7053457937583812
0.64440992997073
0.7678210152455199
0.7416902120464892
0.6459559191802189
0.6784955362590697
0.6744500363167757
0.762551821629554
0.7434489330538908
0.7300647044186083
0.7109471604032161
0.7201112489498784
0.707996414743834
0.6994691308941068
0.7235544704162608
0.6655355978952162
0.7199263410419187
0.6883501844080139
0.6937025959303014
0.7128463975920218
0.6978329494761268
0.7247029927582357
0.6945027762888768
0.6619377734993742
0.7125853306821757
0.7164472489817857
0.7021889737729426
0.6971803309373195
0.6991291833182536
0.6992391355236406
0.6719081179946151
0.7436345823019651
0.7508997677210142
0.7619439615729657
0.701700349277997
0.7045819102738552
0.7062713780201326
0.6922246715586756
0.7379219394914572
0.7459043163142509
0.6719985008841391
0.7512522003227988
0.7239085296983082
0.6995658072087612
0.7381331911294636
0.7652072913543755
0.6637423225698441
0.6708552360597712
0.7047161324736166
0.685622473674905
0.6998855926659012
0.6942936788583047
0.6481252213617755
0.7542399330073396
0.6787968638830257
0.7294303738577905
0.6861858288080812
0.7268332776674616
0.7243642562835532
0.7174275513507564
0.7195925951466592
0.7540976950698357
0.6599054620263946
0.6620173235861627
0.6994550387715177
0.7138187669533707
0.7368343030355632
0.7710494683407499
0.782395801655451
0.6443209599243839
0.7532997342929917
0.6657333210442853
0.7062291430867813
0.7011172231867794
0.6894671095776048
0.7321140425469209
0.7018607274534899
0.7077399434761829
0.7050542714842233
0.7504636992986763
0.6643090576632814
0.7311630879147971
0.6941861559636945
0.6861295820073928
0.719217561735985
0.7550721230701761
0.6532600544203702
0.723927741387071
0.7749159415503152
0.6277059164921771
0.6984311725010565
0.7091339580457294
0.713925853712415
0.6966487575374517
0.7153915093855872
0.6852533072875703
0.7148800145004397
0.7126313430700607
0.6747830510310496
0.755419004426105
0.7648426512246636
0.7609536113779629
0.7306337719427227
0.6752653488238045
0.7237138543316343
0.6806918783449409
0.7130396330601526
0.6951504850700199
0.6866770202974664
0.6859050354513195
0.6830888406918669
0.6861996704225738
0.6831385745579496
0.7223877954668843
0.7197228366612013
0.7044374685752636
0.7077378656355788
0.6925368946345436
0.7342721776232483
0.706399834687982
0.669463376428584
0.7231981055744561
0.7126620890258664
0.7050309291942772
0.6995034691705094
0.7184674144539185
0.7091365146063232
0.7033467789999613
0.7019226076130282
0.7015977779030782
0.6854097010061585
0.7268388580583822
0.726863838576379
0.7212414294362647
0.7376935048693148
0.6967550217929236
0.6867648737418219
0.6937353929217075
0.6690903863741161
0.6272241263585037
0.779274148586859
0.6529920897474489
0.687689553051499
0.7077567282019419
0.6915049791774515
0.6899026236161163
0.7397205079638149
0.7808392344546314
0.7690270453095444
0.6516221376113477
0.7655633556706886
0.63674866600272
0.720388354775361
0.6894987098592397
0.6895625623652979
0.6967789660899077
0.7197309858754306
0.7157798205636133
0.6522556903928701
0.6510621950520853
0.6660082668276083
0.7547914578523222
0.6392685251602388
0.7717402680758859
0.7534258411373601
0.7545537108928643
0.6684924355396356
0.6984396935482529
0.7099234863549501
0.7153289678665199
0.699194797812427
0.6985826411473975
0.6699662637066177
0.7043454005408112
0.7328362947028376
0.6871735045709788
0.7208490932862566
0.6711217486206168
0.7333358442836208
0.7418912625735137
0.7552346668524564
0.654220204921492
0.6661186985127712
0.712648263946256
0.7250331745890587
0.6792204949236287
0.6839664665980767
0.6979078648739279
0.6920967971716337
0.7094175529610569
0.7001137263020539
0.6902753951639695
0.7270051651382962
0.7319875727136264
0.6603073488972936
0.7345979274322386
0.714070309913051
0.6990934958232687
0.7363631351372389
0.77499063648836
0.6967123118785497
0.7650679379366213
0.7008898577298532
0.7206482666424612
0.7213193817346488
0.7097265118595713
0.7026331336425807
0.7025836302022123
0.6960657177847017
0.6478199697575687
0.7560690795723255
0.6951170713937731
0.7013478578407052
0.7265841473767217
0.7249194464732182
0.6946468836882207
0.7409651012421724
0.6768711680014011
0.7112812932229995
0.6998889417222932
0.7349563911305453
0.7492567790967327
0.6627052449206969
0.6690216176969089
0.7347934640066612
0.699694843768673
0.7154865995678134
0.6767708108007001
0.734865828842896
0.6855626317050322
0.750618800112743
0.7958178435596751
0.7998353390686704
0.7524658592735257
0.6769243480604832
0.6897297255894186
0.6742183861279472
0.7138700845567675
0.7031461718137182
0.7033423833358606
0.695397074285644
0.6831654997306368
0.7056536797573114
0.701638874647792
0.7026623898606829
0.6570838867272604
0.7276146847931818
0.7709749738437173
0.7518993493007543
0.7888569855910333
0.7833222338505547
0.7764096559531364
0.6993277050032473
0.7200809077748402
0.751819170219956
0.7244269552481697
0.6776257107749295
0.6706326844857716
0.7375151353314006
0.7085464487189349
0.7166437797033561
0.6966801798223987
0.7099738309010264
0.6930598825936559
0.7478581128335642
0.7589078373153488
0.701847029752666
0.7145187327672826
0.6995488164245497
0.7224019392122485
0.6862172832103616
0.7522271825391379
0.6482639678497848
0.6349594613543935
0.6973917293505473
0.6854702226457096
0.6941281694663769
0.7083416534917255
0.6645886828977788
0.6858203453548823
0.7865763502949673
0.6537279640744953
0.7270861069105425
0.7150554769670129
0.6351081387715748
0.6537499746464301
0.7145199682065612
0.6801942745707291
0.7048063042963083
0.7026520171722255
0.7180840741013487
0.7187913088373511
0.6815861693806983
0.7078560944142519
0.7015736429774615
0.7117162803421528
0.7449880273267161
0.7170647216617241
0.6596219128246446
0.757518243450904
0.7456611222018089
0.7118275534950209
0.7152153570608003
0.7016205080405038
0.6875126772963038
0.743226676105667
0.7989871917219202
0.7912172117692557
0.7030849292439643
0.7304773042306613
0.6831881369316829
0.6977231622590452
0.7116677849607237
0.7029220390500046
0.7186312927405819
0.6959131340486499
0.6966147542082093
0.7223595167489197
0.7245765981871352
0.740523119709459
0.6743548021981746
0.7264782972732944
0.6878026148052729
0.7100045213398054
0.690983676010528
0.7317289630403476
0.7348563195359481
0.7233491020158684
0.6532272141193901
0.7407004171418226
0.7020506251738106
0.7281184977029816
0.6974200116892099
0.7075931352079534
0.6910575320604674
0.7084398651220087
0.6491628346304696
0.7458867286335639
0.6809839210692689
0.7106284990042657
0.7285734511684694
0.6959057235458814
0.7375053429530589
0.7503342622112072
0.6613373199166914
0.7246290179062487
0.6752826893454756
0.705823996731377
0.7059304461817962
0.7010599519537705
0.6933263283849248
0.7259831361862288
0.6709212969547248
0.7471753909818492
0.6925359801608802
0.7238661269335186
0.709971004113746
0.7080746759209375
0.6613033470770829
0.7785428270992897
0.7155719908058362
0.680851475981836
0.6584560235149313
0.6919617536790024
0.7847488374217217
0.679454471954717
0.7177915331425754
0.6585666334410462
0.6778032877328583
0.7432415522292768
0.7432107672547928
0.7874884019576115
0.7442920902907808
0.6734713111987986
0.6941239073312241
0.7432530468643649
0.6826869943556896
0.6861223936243923
0.7042830741803704
0.7181077231323891
0.7216274960820204
0.7154347737827647
0.7177137736109127
0.7086426512517132
0.7535040375840669
0.662019577938374
0.7086817115882559
0.6963316995383639
0.729238525728933
0.6554676984887066
0.7308244280023702
0.759866894353798
0.7566760393377754
0.6523465433385605
0.7464948353704436
0.6919523621409619
0.7506694768619978
0.7501410646876634
0.7326230443293476
0.6679508380060475
0.7252792588164592
0.7657707631695749
0.776612369757136
0.7309713882916307
0.6979691589249339
0.7789258602056391
0.6285583382405543
0.6776378660252397
0.6691694568529397
0.7555627899381578
0.783012260950603
0.6696381187766517
0.6887197603297804
0.7188009381427528
0.6497447413404314
0.6512448068054726
0.7611420191348677
0.6618504829938652
0.7260978637573007
0.6956492782586212
0.7438017756611267
0.7527332697626237
0.710971679187945
0.6904232304966629
0.7040578359467476
0.7179718955016695
0.6863695173387191
0.6918251300227226
0.7050616134222373
0.7091459682437334
0.7519396620142065
0.7383668705341125
0.6902456442711321
0.7424534550012908
0.7151183046830889
0.7312022815381098
0.7106687150541519
0.7359939842816444
0.6881176831204848
0.6852516747047885
0.7032204021325383
0.7210532937135307
0.7219422289452073
0.7079765215190851
0.6973235723780288
0.717124908806597
0.6873392762719758
0.702527381617146
0.7130494913061168
0.6968950457459699
0.679922621323801
0.7277552266625247
0.7077284933002649
0.6580790743240575
0.6484200462155971
0.6551138869330896
0.6679603947570333
0.6951561601836127
0.711945732026311
0.697299260875121
0.718717079744334
0.706930888526486
0.6621499068732642
0.6980761072676408
0.6879819730988908
0.7420145964642454
0.6620346486062285
0.7400497263935361
0.7023207938402684
0.6814337261829191
0.6960032212736559
0.714139540429027
0.6998550607540821
0.70065481874033
0.7336485410246231
0.7378425192420269
0.7029509359800271
0.665577356007911
0.6408386802248199
0.6346644895865194
0.7337197088376006
0.7570307844453805
0.6473280404265846
0.7596499061375652
0.7413163031395522
0.7291492232829763
0.6969357330126066
0.7477771584468512
0.6630922258106524
0.7249146208792505
0.7009310487715276
0.7256395743720553
0.7790554699924624
0.7227354059198847
0.7039413330869057
0.7194489126832961
0.6737009108640793
0.7961345162177399
0.8120471108186864
0.6342198084706494
0.7915091877050643
0.6561411916150336
0.7321850531327133
0.7008594559213017
0.7048553989778594
0.6796881688575883
0.6818216808907229
0.7377848004513308
0.7555714052300048
0.7606836749128262
0.645493008101702
0.6504052855861293
0.6962736663316996
0.6945271088675262
0.6886463141297909
0.7199570933904399
0.6999407338590212
0.74843032039896
0.8073418362308881
0.7505517428977613
0.7312399508830093
0.7051573960052457
0.7402035055977961
0.7295956753150256
0.7349870728384655
0.683358050310854
0.7336003401500347
0.7594430441239968
0.690850463031894
0.7275436422350282
0.7369961751499512
0.7375854436218536
0.7009894662329528
0.7161070283516664
0.7175769504646593
0.6885303686957431
0.7107456513059378
0.727823996481408
0.6803938193131832
0.6733740994948356
0.7278413315482876
0.7081535355169467
0.6990719387314426
0.7061000216059067
0.7064061879294028
0.7049312101270323
0.698982382312902
0.7040432249246869
0.7383463184908742
0.7211018675445221
0.6866936075421186
0.7554588041130886
0.6598366123936671
0.7552018207512139
0.7062803281837041
0.7114000929383267
0.6853616828259722
0.7001150425287932
0.6944680062399574
0.7548522737594991
0.7408399914998163
0.6548956537910205
0.6822713576357423
0.6979494099786276
0.676868332228042
0.6462211322888876
0.7500277869715888
0.7659189958605415
0.6744719148059882
0.7026655147197534
0.6951385965687724
0.7172807231387862
0.6935925383023419
0.7198772326130737
0.6878721256023016
0.7504510689236955
0.704561698736256
0.6968546878538318
0.6892098891649908
0.6896359429729458
0.7173446802157433
0.6750025253826968
0.6899616073363407
0.742008890118694
0.7431675266611023
0.7341823357855866
0.7270918579626647
0.6536977722590087
0.7566271803946214
0.6833223155178882
0.7706195398982795
0.7137938717415082
0.6990401663259038
0.7130408896481724
0.7416800970651464
0.6994920515173161
0.6764066706386495
0.7139832403603916
0.6899523806861144
0.7204880882709397
0.7090930247015509
0.6733297910580979
0.6821009654834129
0.6874883261088254
0.689160013148511
0.7312082713974721
0.6743016847927262
0.6830349472580135
0.6935444551736466
0.7170297043923974
0.6774754305072792
0.6663040632260478
0.652534087000031
0.7691404218544279
0.6569748661086446
0.7292967229648704
0.701113314296954
0.69148090104431
0.7264790102177033
0.7413904552078711
0.7094833127025519
0.681289389350044
0.6893713646006064
0.7167196237838909
0.7646182142928746
0.656118711532388
0.676912902596115
0.6904750849117306
0.7128848509996916
0.67340391131252
0.7093210786008602
0.6850246628377163
0.7454725252911709
0.7561101648226763
0.7566286043105142
0.7572741652068564
0.7178083567715868
0.6848022088399257
0.6600370899909092
0.6597158950386229
0.7062583071167833
0.732377500176249
0.7299516852014222
0.7000668086441394
0.7059842332722732
0.6806361964341212
0.7148758136827574
0.6795012714410118
0.6991926095560287
0.7548117119274288
0.6994327600805285
0.6889308977951749
0.7106450820964001
0.718767208794326
0.6779070877367193
0.7089081230410464
0.7401179232681362
0.75745782432899
0.6451184177837928
0.7325334918452184
0.667429088665861
0.6726870646996351
0.7526250165172592
0.6590335842723228
0.7258824130462481
0.7327351051395635
0.68899780439235
0.691198869993906
0.7164937710682443
0.7349221659038845
0.6818071141194914
0.6639035453950649
0.733902869665632
0.6714844475093515
0.6722122254789162
0.7294654293767623
0.7586559713990378
0.7460879066972046
0.6993625592915421
0.6778570417568901
0.6817855298704675
0.7109231283813853
0.7211309849299317
0.6951593289197983
0.667112074120156
0.6506472772485002
0.7410456513906772
0.6968373458011822
0.7222713878282658
0.6852407873925023
0.6793676927915112
0.7178447942677716
0.6543209367981815
0.6846631477210998
0.6845176031932737
0.6553632507635863
0.6591949534684511
0.7226850300326719
0.726440688483794
0.7040864478212379
0.671241589566656
0.6418543399749899
0.663316978658137
0.727092574380746
0.7479042345276078
0.6808740174902279
0.7662403708789088
0.6279904176955903
0.7030253757278943
0.7013884405479003
0.7505765375429002
0.7244156478223002
0.7437562761480853
0.7019641736016093
0.7393826707458028
0.7342783153371113
0.6725117945959693
0.7034200179839385
0.7116451445993234
0.7108204510142081
0.694581934328803
0.7309059245025792
0.7612833282265059
0.7375817644010767
0.6568626495241998
0.7600582795600678
0.7005571641775366
0.7242120908075843
0.6903002538524883
0.7577002002001048
0.6971559299679824
0.7053641411359381
0.7019782016992125
0.6542996837959735
0.7576849394967282
0.6868811861812862
0.6617098624840325
0.7415256482025281
0.7061308170949682
0.6953489339822579
0.7198534623270254
0.6740384789132676
0.7449551972491385
0.7172496714514737
0.7231637440988206
0.6965279270366337
0.7314861058251014
0.7089671442282388
0.7421008339375256
0.7156173183619499
0.7753404385255425
0.7159565223984937
0.7249910996267631
0.6798720409743695
0.7117286584792417
0.7137764615116682
0.7221061701336546
0.6988073803379176
0.6986259749241652
0.6865715294190147
0.7433294357619684
0.7372166707976879
0.7136379181442484
0.6702201421136119
0.6983148644560527
0.7435353392118784
0.7039199269074152
0.655290826570298
0.749164684313769
0.6580618940657034
0.726115754042662
0.6788688183470938
0.7377249943242218
0.7138443021718508
0.6781683846743746
0.7057292656647263
0.7315562298064407
0.7080657609751803
0.7082276345838253
0.7330575980684121
0.6861115409792384
0.7289370816568114
0.6844221990340926
0.6847151684225673
0.7435411691431111
0.6974822673521228
0.7274331574291777
0.7007685662652884
0.6944988542878591
0.640095760822359
0.6900166054603262
0.7226980883711864
0.6665119861727621
0.6429238926206841
0.7781349462416874
0.7403393410825864
0.7361624730502837
0.7149093425970832
0.7244420251939309
0.7175797045198392
0.6976615381326021
0.7407892533315615
0.7428673758900732
0.6933354554673814
0.7164947722610746
0.7425347274517325
0.6915289508897292
0.7087191631790706
0.6807763656309544
0.7613861694675294
0.6682738887328346
0.7712696529623596
0.6526258984028904
0.6481788604020338
0.6874644061855155
0.6761999338206975
0.6790260388270887
0.6887226082482383
0.7491019562255194
0.7085117134906065
0.6701363701318878
0.7315115644462339
0.6572136026369939
0.6584008024559976
0.736690547615443
0.6914833555829574
0.7030308602651311
0.702467834311902
0.705253850280448
0.7293400789103083
0.6706334876210798
0.7157446630789399
0.7025931181089119
0.6864864778665902
0.7205097488032992
0.682245364927702
0.7464221772673822
0.7409109109741252
0.7406963106222034
0.7328703686589074
0.6784130900716306
0.6934341424273894
0.7164789609192673
0.7365444752076625
0.7308181671442365
0.6498456967415195
0.7560272297949059
0.7389693216884096
0.6947379837281882
0.701105415696654
0.7528972420759822
0.7463602558874246
0.6639017152492992
0.6669922405369209
0.6963440026852054
0.669873211418603
0.6899190309146008
0.7103007628987374
0.7050019835045083
0.7440667933962797
0.7003247354283213
0.707691991261582
0.7098664470418046
0.7192992451341071
0.6996274198403107
0.7527739675524184
0.6666939233275803
0.730712198935924
0.6603036613586274
0.6621008204470726
0.6778835662510321
0.7082154361576954
0.7099644009639529
0.7159808194910332
0.6693413025674062
0.6991131176468766
0.7277625823638123
0.7095517435969018
0.724137214196137
0.7245209862137201
0.6945854052019959
0.6961822262025377
0.7104704495853775
0.716090047575052
0.7251554886412511
0.7083331914539035
0.7137396206831974
0.7023278408148084
0.6985276553086675
0.7111996069612713
0.6699667757096569
0.6804763949823779
0.7059222725818308
0.6842768045637125
0.7211605313330837
0.675104388425274
0.6860489438914531
0.693705520359126
0.6963431825689971
0.6759359905048941
0.7006968463108785
0.7499289856846552
0.7248864825620202
0.7301736931595058
0.6874138047611859
0.67520105219405
0.7482203916734177
0.7167297763579236
0.6591410009931213
0.7740837519729714
0.7208592518312128
0.6872610569238455
0.7298565348584876
0.7435128300479124
0.6942711447158488
0.7132963605307021
0.7186532668872733
0.7296044978488359
0.7251610395057826
0.7313793097233595
0.7992988071468765
0.7582658590928261
0.7397162250600123
0.7320838863983625
0.7562678928515981
0.6578810779522896
0.7526074880331947
0.7236054604956835
0.7097933996281799
0.6743030586209761
0.710620369320896
0.7146325885195901
0.7436753029276046
0.7282259411581951
0.687539806627602
0.7091501726083611
0.7217454672144349
0.6987334535873256
0.722703513596684
0.6937074406879227
0.7211723885742852
0.7058677887603656
0.7277009900752067
0.7301334868083771
0.7402657693894428
0.6721706006736472
0.6962615708982716
0.7302867203444997
0.7079082699379772
0.7739124152277665
0.6957910898413547
0.6891871550159248
0.7114257911517672
0.7034980140979542
0.7024705742338095
0.700362834751913
0.688602029631059
0.7287817893177924
0.7134142790145738
0.7100744043102805
0.7680729134277139
0.7223607362968274
0.6855002666167246
0.6861105652350824
0.6958705658226236
0.6727464180496231
0.6988384355172239
0.6597612670051646
0.7449429723341467
0.7289834967838688
0.7304588000916055
0.669074166783837
0.7441786147518071
0.7295093193106836
0.6742652016226693
0.6744524343651613
0.7113314592596964
0.6878088021010049
0.7214657077907762
0.7109165379806727
0.7605010865495394
0.7835102293440931
0.7887404604548478
0.7827880940835303
0.7545866180207125
0.7502772670390211
0.7010401692583409
0.6944837853003573
0.7122912723406848
0.7447185325266089
0.699626633783002
0.6953732692965318
0.6835575742496967
0.7278180811605978
0.6984421264871635
0.7127283898828255
0.6941035962438145
0.7205980390804291
0.6920136553759517
0.6889185878952373
0.668470422741097
0.7370808166444835
0.7304712494222887
0.7040644083559238
0.6774422968759659
0.7258062435369803
0.724843993880002
0.7074623510116308
0.7074623510116308
0.7226373374125938
0.7423331575940579
0.7224661899404662
0.7173316111418373
0.7267303480988581
0.6964232103531565
0.6898839575927932
0.7003119673049802
0.6995594676383451
0.7518292042905861
0.7769444010774967
0.7519635946095616
0.725094198789925
0.6731729719686722
0.6761175374868256
0.6719669206481435
0.6821339219519567
0.6968269469561804
0.7257822919389338
0.7439188819113153
0.7019162787637131
0.6949213509705988
0.7189059512464605
0.6790601962516245
0.7216271030840883
0.6742746106695836
0.7297412823155388
0.736412383819083
0.6925046034617659
0.7556781042243375
0.7605201806700747
0.7192393438120752
0.6752670658568901
0.7475780035069309
0.719757217431334
0.7501375159478216
0.6866819246760348
0.7160998287311033
0.7198648097928773
0.6702099949763384
0.7445769129869295
0.6750283515838413
0.6799534347294961
0.7029672354190252
0.7162963490154752
0.6831122314190718
0.7091729270280019
0.7065069277111432
0.6932775892549589
0.7348511411877918
0.7341091521648908
0.7216205788880421
0.7211836394589247
0.7153851398610326
0.6898503860104634
0.7536563398962348
0.7565998783597311
0.6269942802133807
0.7818028183038287
0.7219499171909138
0.7210149493841774
0.7514165714462244
0.7166079615537111
0.6772310151982655
0.6953107693448946
0.7216127903471695
0.7196677492558025
0.7229090589623993
0.6693639621184668
0.7123191410821985
0.6871523409413991
0.6963180362077086
0.7393224686902076
0.7106230152521873
0.7052074590306745
0.7267804734763554
0.6737268524734816
0.7049493036317704
0.6588891519653215
0.6829294131112896
0.7638265331561637
0.7137295843367422
0.6956971475515987
0.7136296177049062
0.6930436748061715
0.6718557721403593
0.7036228864060524
0.702513913684258
0.7005150686367585
0.7314929154938212
0.6809655379705294
0.7099632579932494
0.7019918585754036
0.7305844561944833
0.6554862502329178
0.7583523065873539
0.7553563999461415
0.668798316887425
0.7094738825297721
0.6916049282127501
0.7221394768311892
0.6862667394781862
0.7545640746931067
0.7467349728445737
0.7213873233051132
0.7220864054497829
0.6936584966576466
0.8171783364408839
0.6128510375543689
0.6243345474678447
0.762330621018326
0.6281870100772471
0.6333298399426727
0.6618088876043503
0.7423473152758636
0.7118187786723001
0.7006319572652763
0.6877553260942814
0.6793145850747733
0.699716550220495
0.7391250835621224
0.7431159449277415
0.6891093828053453
0.7630618991051686
0.7026678333798814
0.7035622624879592
0.6763889864773212
0.7238113674501196
0.7011377926988304
0.747997241215015
0.6852103941928895
0.651490116050566
0.6696778481774152
0.6879777684358891
0.7156997369651465
0.7055913057847703
0.7426049790175056
0.7367131302809079
0.7051191020157762
0.678575958768077
0.6884369889880918
0.7163057709803038
0.6880605626962162
0.735095539412327
0.7359048710701794
0.726460626019013
0.7173744557726067
0.6651795406051849
0.6348795386700024
0.7223100187901514
0.6373849321886721
0.6242562808477761
0.6549499264218097
0.7392083328941473
0.6881228638422271
0.7327291977082254
0.6931608806501561
0.6622264835598786
0.6698974219574909
0.7338844057831304
0.6768232322987966
0.7483293735629237
0.6723318151494231
0.7433017738433925
0.6770207989751408
0.6769413554542534
0.6847178841791686
0.7172056301947682
0.6735378512186578
0.7322207488613123
0.6800472815462854
0.7717109595325681
0.7690452591142505
0.6899311677520995
0.7117519091506868
0.7472446506905513
0.6854510735663151
0.6968447638909833
0.7131929116626065
0.6836166083101951
0.6919308669408184
0.7228432839500362
0.7441639049110165
0.6918624698315234
0.7141814863546524
0.7014261517184427
0.7118947758925711
0.653448874024669
0.6845717395702297
0.6856778291720843
0.661096842061086
0.7096770009905474
0.6708197611159911
0.7024002246180642
0.6672931732319671
0.7619920203738594
0.7570016915538545
0.653818544817224
0.7506325578556674
0.6882580653651137
0.7307950712848038
0.7089914652305451
0.7215226796814914
0.6741655649523388
0.7636743755878317
0.6687933425199136
0.6738288340614322
0.6736019645594231
0.7053131727894343
0.717318889865489
0.7108202420690497
0.6909506453543336
0.6698355540702114
0.6838219685820474
0.7401283310817063
0.691563425441138
0.7374768744221126
0.7207880142700667
0.692347263582999
0.7525671128424727
0.7148331637777209
0.7297520151275319
0.7141565878916071
0.704355151389081
0.7106986904464888
0.7150378569132195
0.6998512942897461
0.6763106443539454
0.6834883932112951
0.7386627253158369
0.7107602437759112
0.7193696018301148
0.7091205162450358
0.676085961601199
0.6501751684646659
0.7556438547846087
0.648695183175156
0.6825992642650046
0.699571805924987
0.7130392604981869
0.713231227120239
0.7271631733759027
0.6758262569581993
0.7691902695681648
0.7242656000086418
0.7597420025811309
0.6559615898768366
0.7385312587324181
0.6852237931581565
0.7347710111617778
0.6846999523867884
0.7253172087643236
0.720090749972522
0.6811018554758748
0.7331441484215041
0.6921355154012053
0.7117654918933197
0.6958207453628568
0.7464327175652146
0.7099506417882084
0.6943484375610862
0.7132665537211209
0.7453290409066453
0.7328305940845301
0.7582789875434092
0.6692084992596664
0.6903195309222853
0.7234737791729372
0.7075189761066918
0.7138184651507422
0.700254377551734
0.7117764793166947
0.7340319639926618
0.7585343325409075
0.7296762736989848
0.6810254104765581
0.7431002577054902
0.7437273289081322
0.7444181071122641
0.7671098148674665
0.7357183238251076
0.7217159697849438
0.7395347015490639
0.673467686625044
0.6851040024092908
0.7444960986091507
0.7327240160449509
0.6772805840874125
0.7120299088632838
0.6535807885810251
0.7542005772547227
0.7026144180836268
0.7816370680016237
0.6541676766265719
0.7649404863233502
0.7624944019365899
0.7450349328059638
0.7006449991717222
0.7525908238633392
0.7220482105404991
0.6848148274921662
0.7341074837534648
0.7455146721507179
0.6542973932804657
0.6757570122423541
0.6848959862275532
0.6903724979463979
0.6937411578159637
0.6938296821267933
0.6958818794273642
0.6962964333115629
0.6982796926026849
0.6934525794508233
0.6907519788979171
0.692543530580128
0.6926093864476182
0.7183274844707179
0.6460723247638542
0.6988451396005855
0.704436033895994
0.6516139482560217
0.6562258668981715
0.7434251467255614
0.6824999596129433
0.7191215385793914
0.6882035645756558
0.7369948735587947
0.7104293407405645
0.7157179503081185
0.6901435164974971
0.6873494663692149
0.7291144655161085
0.6838084670510648
0.695995304050842
0.7338719873873167
0.7444123024198166
0.6545079197276723
0.6955586254348705
0.714348029696739
0.7504413473258555
0.7178593071286904
0.7264795032825997
0.7465215191032352
0.7466666061058103
0.6786493053692128
0.754888678190924
0.708798368297903
0.7147183740397851
0.6850780104408672
0.6756585532822685
0.7197320170294764
0.7215263413637631
0.6967236303532442
0.6547089605870843
0.7722949614942769
0.6780273999959949
0.6939802825903911
0.7284057310605733
0.7145728213328394
0.710683909102792
0.679324282150463
0.72362235289714
0.7028099331364043
0.7066900398210817
0.7210552796959899
0.6764541791226495
0.7053753030978783
0.7186598334185801
0.7044083834685727
0.6761545818129818
0.7045357199505605
0.6722397382724083
0.7961445201152385
0.7882983320314629
0.6369953508660997
0.72007509982078
0.7112309545649509
0.6918385089522852
0.7112499528137021
0.7557766883861397
0.6545070460020451
0.6800759778767347
0.7037079845162124
0.7044926020017439
0.6789586054112162
0.7502417813798684
0.758504536168787
0.6712474569681192
0.760037211239729
0.7331601329354978
0.7392488288912168
0.6864047453492428
0.6891095414987063
0.7321662907922406
0.7668747440016542
0.7054129574176249
0.7493657036662787
0.7686047559705036
0.6656946153620535
0.6646418943380842
0.6750100966641838
0.7396924507224073
0.732544066665644
0.6828116745473555
0.7164721626679202
