0
2.241704003294306
2.2114239454142806
2.4426768084419916
1.9596848840401713
2.1758880481290745
2.3527802101214426
2.323358065843808
2.2391193653073143
2.1979108520651294
2.1663717380678085
2.2866008773637074
2.4809809619919663
2.556730873444686
2.4670873987644697
2.4115449706679666
2.293846331870759
2.1267467251909395
2.1048862603286267
2.192401353051155
2.302928706738857
2.310330458261366
2.2624952772515843
2.3471358186191016
2.342752593797712
2.052599984999588
2.111121594515727
2.2900617794083815
2.0460717836248614
2.347799817609658
2.3558876046760475
2.279506382405155
1.941081946435402
2.3391571400886955
2.320643675115632
2.4194969049206527
2.476424741724116
2.130897996566911
2.353039133003197
2.340341945081698
2.2445588299702637
2.2041844173655805
2.296371428615885
2.322242638368005
2.0659210361316394
2.06636246655531
2.1067882717842545
2.0997660156497204
2.2884343639695226
2.288311214845395
2.3550023263937683
2.2629049099872676
2.2302631683488623
2.42037718943371
2.5862234029571294
2.7948655474392448
2.582279990559462
2.440287207255139
2.6584137630322404
2.219218156483261
2.273480605630453
2.1436649462475623
2.3310156441923993
2.210785032874697
2.085135861502703
2.2901237792230567
2.3787304820385216
2.426997543320579
2.3424104472200122
2.329042307790512
2.561884582155467
2.4698150966145107
2.219228783727256
2.5175716572192273
2.2482949441573457
2.327044106630818
2.409040703957443
2.4997996263840827
2.586853684207328
2.3469470856612724
2.4052749892678627
2.616446199540105
2.432859997551738
2.3188293429979856
2.4368524020959206
2.447331784323912
2.3091378123295048
2.3374024095234573
1.9350273897682244
2.1574204451138583
2.4890431769730625
2.467505576421342
2.372668103885489
2.4091087254752197
2.327012670889769
2.3291748042725815
2.4562107140900844
2.2245985956490872
2.1489470615628408
2.1629393458704644
2.288965267623483
2.3294104813037477
2.0037174728403744
2.2639134985909726
2.3922181295495553
2.2207100945982163
2.3403193830999136
2.3432079130212475
2.3106278248098806
2.3441355804297785
2.4801977396203814
2.457494187633176
2.403481701825638
2.4689631106884704
2.1554112852697633
2.4442540078400103
1.989525739139592
2.226885602920134
2.0640122589410206
2.2653257550470016
2.20772716636929
2.4376811894189823
2.1924008753406543
2.415143029152989
2.375968015903586
2.3733985410996192
2.3702558755794274
2.3716976316773315
2.444163154406798
2.33605806853093
2.4481214788316388
2.273117688664028
2.236071023316694
2.3751540336146917
2.493523458498667
2.5436280707798797
2.2063591068954214
2.193482419159617
2.349349205486733
2.3876393542717396
2.325954202036921
2.2780460944020025
2.2521921146074972
2.2095226451237933
2.425502099518742
2.136384617979517
2.3105881560730084
2.308553680026669
2.4729310688572905
2.552727819245046
2.0432469953637753
2.0611132652824447
2.11087844501628
2.16722805404759
2.074792368917709
2.4646730471137084
2.3481214735677223
2.29811677692269
2.2427909994649022
2.3166537602470143
2.305503210062749
2.271089764411014
2.689017772920384
2.4183561272498406
2.471832499486489
2.2955758075031567
2.546486225091919
2.2912655104803425
2.4317015747275894
2.3299649042813995
2.025747599419193
2.05457277235744
2.386848675297636
2.157952790207289
2.3144802631799135
2.1054709805849545
2.2168103416254006
2.3112677219896796
2.431689850763554
2.32906782794197
2.3988258006645786
2.2909034903479917
2.375823904236994
2.2102708596533085
2.4696014819135383
2.2361527939235644
2.1937808938987087
2.214996016718614
2.1929069508390993
2.2087167521657483
2.529365896707562
1.9178047945523542
2.0892621254681445
2.176833324232711
2.065496822378236
2.1194421335440654
2.1187658141965295
2.253005820450556
2.333262764575621
2.288303802225893
2.2308494200996494
2.2715502902277565
2.273797344975281
2.3032954196191775
2.1768154731835376
2.433692736555966
2.2069124057808107
2.338758700894117
2.333300291003693
2.3859017981159067
2.1836926553598857
2.3615070470924633
2.2074670453611387
2.464559403201727
2.4309629229060175
2.4409508267872884
2.337137795576875
2.5055612677932144
2.092894713145494
2.026971720369164
2.1170363921119693
2.149481782968021
2.172475420389819
2.1716800521718524
2.0135126069118527
2.318838915218442
2.245999333357168
2.18722949007538
2.2002322042346973
2.060652726797995
2.4084153435904585
2.3596978482598345
2.314090638462345
2.31706737783733
2.1795292895046403
2.264351510918972
2.361428621254001
2.257265846682737
2.3505915655099754
2.2511012617671358
2.5101152625895433
2.273638659747223
2.3238973268934413
2.378312780174889
2.297594975495985
2.2393038476261546
2.1218883801256454
2.557696651747435
2.168572643774003
2.1916761210036997
2.0581134553816884
2.384580886499949
2.4244718656876962
2.4020824559995333
2.189620045710361
2.382849561974645
2.318025695007226
2.218197567982383
2.266449157369856
2.5718960537402094
2.430808394596939
2.42573047268022
2.512497127651528
2.383607704406517
2.30730924951305
2.378504396892568
2.2765999461644113
2.2216445044942548
2.240902037270457
1.8980893740899183
2.0364595754011767
2.255138851601183
2.298277517810103
2.2259655732743746
2.3250080356835445
2.1010711321037685
2.406334286144633
2.3732396039844748
2.549691436250825
2.552763834142373
2.3026583740426276
2.3586716141847863
2.28530573158134
2.2873263610714107
2.39215044156618
2.254055991289633
2.157757893375091
2.203303794021368
2.2687719715519115
2.1333543490713414
2.1333543490713414
2.181586877668741
2.1309551872808434
2.1386285462829946
2.168608648789405
2.43464699895769
2.292563507463573
2.611347358003979
2.4316828126194996
2.0437167889362757
2.2132162016521724
2.03846696190234
2.0754303335425868
2.124232062887445
2.022504736030719
2.3187097412680955
2.305726347988423
2.354179579189831
2.1187448372317563
2.1524175139184774
2.2547108779747913
2.295008570770745
2.3689983769480625
2.6406023889696915
2.500893817846586
2.576249402440479
2.434722525521062
2.491349823612108
2.1398017325380123
2.4276669129180117
2.2592638470637594
2.367220262415774
2.4139590468203127
2.480107195585895
2.2077053593441285
2.1061109910208318
2.207055212014702
2.492825532921743
2.426319246726776
2.232685057586192
2.1609977442195585
2.0270577223141353
2.6416073879986266
2.19976310853691
2.4918381837432566
2.1003190940176353
2.358496284518356
2.2434699172048176
2.3252176652251193
2.499844126681921
2.477613956732543
2.4957352468048954
2.167361573954579
2.274440315069762
2.1888800829956647
2.4126227341375386
2.355022845896397
2.2756903746134136
2.294259482741616
2.1568055413929534
2.303349926174873
2.3592617077075984
2.318314736971041
2.367416120907733
2.246443327341829
2.441313373321674
2.5142449901878
2.6182742825185485
2.330268565350516
1.8019448910770193
2.0420976250639407
2.171612987656468
2.2422158132021304
2.3560006615322995
2.356077927754902
2.288426214169779
2.3287358723866767
2.33370737167635
2.4457150655386233
2.395168863971057
2.38826381953034
2.084470506918148
2.060568003536503
2.275883135719588
2.2370667019246464
2.5994500920406782
2.5416075601046955
2.4498152202028884
2.4815462389109415
2.1775584618134216
2.3086915142195767
2.304862613160398
2.1206171510951113
2.219207925596674
2.0757514738048264
2.2761005910512915
2.3125274367268456
2.4106095378908967
2.1218289096822214
2.3531942702818682
2.4555300684472163
2.3199826804936032
2.2779083264587663
2.446501752328846
2.338496363156251
2.1331738772178555
2.2811343162231434
2.0941760727944354
2.2877750703382573
2.1583698963999938
2.228430084620843
2.2208529870888727
2.229935481421511
2.2748852093814236
2.359901430762439
2.343952411270342
2.2827285742062187
2.2758604950362273
2.2483128777409482
2.4274833395601214
2.0625421057854547
2.010181372219261
2.154669307868795
2.42555605851478
2.3433032358553434
2.11586080630468
2.129287782619257
2.513972594875266
2.277631720937393
2.350492976016916
2.3907040994841666
2.332401259287888
2.2771382387549566
2.0907588973949602
2.128307193901269
2.4466559741555627
2.186226167086728
2.0748050820198984
2.2400906811829464
2.206811283018685
2.190746321242935
2.2537673004205785
2.275371924254364
1.9532935302687517
2.418436040272599
2.5212083412935535
2.0971230021558505
2.0059484001558903
2.2097614624763047
2.092852556270354
2.092852556270354
2.085896140920113
2.0886961006457057
2.0967604601530287
2.0683177034743094
2.0683177034743094
2.0683177034743094
2.1171094233803607
2.116087577980022
2.112283101199746
2.108763133063544
2.1052203049014877
2.109004790076616
2.099976196731324
2.099976196731324
2.098457012120098
2.1021300039587874
2.1371839431504194
2.1972870061461043
2.237297637841447
2.278576812321394
2.2351392961795913
2.321683847595203
2.2203620238171
2.2559090853508503
2.5308235348619625
2.550823109876126
2.457209806360608
2.515359153077494
2.328223375765424
2.413792321493681
1.9834979167991675
2.0572330869524675
2.1426619237546443
2.1379221184953305
2.174282476340017
2.250674410390562
2.2457418233611004
2.435919464865689
2.266972178064095
2.405013280900116
2.7448324346658586
2.7506232022606665
2.5722044714799517
2.5015483467586903
2.310887705702342
2.3365097083802135
2.691073319616205
2.6836061978338046
2.413251067693495
2.381228982039158
2.4319537524524226
2.3694936133767315
2.5075224614627842
2.15663410153532
2.35430010832883
2.359980340357674
2.3797550659380655
2.30645039454476
2.239567344772309
2.3460766468594767
2.0304270607790587
1.9492562874199875
2.1588669699308323
2.0969698071298204
2.300494849950247
2.0830850995325125
2.115106112109525
2.4217817874420695
2.213780648389412
2.208189308395051
2.1824635107272794
2.1672881520747156
2.243372525681032
2.1717110952305703
2.431885079391253
2.448389287087608
2.5087875746298534
2.2889534803530296
2.488893603857372
2.3808472674128325
2.2541236396489692
2.3886342744847537
2.3563925352767714
2.367566167370132
2.3189708097450326
2.3015048454834064
1.9175362339443769
1.9400269673995383
1.9825647578110204
2.2486673909354407
2.2033247519270867
2.325256695948663
2.458034218769551
2.3349512112687907
2.478421745156918
2.4438705236726426
2.345884077508677
2.019780684697184
2.0267622257925395
2.2912475286917826
2.3220279716946197
2.44042247997504
2.4503563713700656
2.3908813940068643
2.431069458534516
2.21622481356228
2.5313406510708014
2.52815453534829
2.467699121634544
2.5813541500731074
2.1886535472868034
2.314547232972379
2.1925315398836474
2.147097031461961
2.2633113522482784
2.214992100633359
2.439185205257655
2.509923467926028
2.0082709775893686
1.9221274433185216
2.152548298225642
2.2801811752105463
2.313002697147021
2.217100280361472
2.375318027726976
2.4478944642932134
2.4830950397366447
2.424890227451018
2.4865723899837393
2.294426532180444
2.3083816041700485
2.5252299396018305
2.4726396953043714
2.0391130613290667
2.0838580211669586
2.217170603931102
2.3308157622654204
2.3427568741440745
2.3413699241958783
2.1798072112443996
2.248101220860809
2.2477759877517483
2.089237688139544
2.2097177804851373
2.2737522815896622
2.3857064743990932
2.325269989093165
2.3928599323934194
2.3406089795341023
2.2358972313958367
2.2319073926845885
2.2164975544801178
2.229499739241524
2.3744566711364095
2.2832929063505607
2.392040286221235
2.2569222322044604
2.295630060641856
2.2884050483660383
2.1967208329903976
2.2647905473212484
2.2854005581198087
2.1778800039395425
2.1951300623116023
2.1655336607963998
1.9399152798523192
2.1506792949371416
2.181371415201189
2.1143092847761413
2.1764157302798144
2.2295773176813896
2.206824845767696
2.223923899248057
2.1855053867107084
2.3272097860024723
2.249975568808346
2.251680876166815
2.1530347583090808
2.1384087516399033
2.1653851901096814
2.058106725922086
2.1550552759070145
2.294631096104773
1.9603158621218624
2.492483871665559
2.4323285201953175
2.4057737198017977
2.1631861926692695
2.1386306221475353
2.0888266594963807
2.1113436465055178
2.089770841438
2.0916466393986965
2.048586321323687
2.1630563300245056
1.956372926431298
2.2444080751406625
2.143416957138715
2.3866699319059492
2.34928120435685
2.138915445202308
2.400834430209404
2.1113493474760157
2.078189450574444
2.0985505865916787
2.090787687890107
2.1484855985746765
2.2026007007411943
2.1777841770681485
1.9440503791710548
1.8661710752124046
2.048824886987867
2.1115876313229625
2.1589292041561885
1.9795705273454272
2.2171120299610143
2.112362158339653
2.214380484399917
2.401611562010689
2.0118921867586796
2.017531695618733
2.067877734127834
2.278272468468908
2.219646684087086
2.404137646878379
2.234092400578239
2.007298077377776
2.327542905418692
2.29710023078049
2.153348063647129
2.2416985746412044
2.0389388000368003
2.0877862685647064
2.21652625951215
2.215173493219344
2.287468779389289
2.212632182404065
2.3478492136022835
2.1604832474507463
2.292612552162047
2.2648831308979758
2.12723594943115
2.1374901628763774
2.1992194415165818
2.1825082952129677
2.3758340622897527
2.1607482145256705
2.268475043284307
2.399456587785197
2.3751514101562767
2.4781862757841364
2.30819296010287
2.614563419378401
2.339941699240016
2.431719782540295
2.506712929323876
2.4021689240088473
2.372014258395928
2.4800514223895544
2.494460886588125
2.30515353839226
2.3411836004973434
2.2056892944794066
2.1795821072689954
2.343988193777303
2.1223849052964874
2.156557701762348
2.4607322383526684
2.0731717070141498
2.1084646038404404
1.907775314704037
2.141298882297261
2.023097479143131
2.106442385622382
2.054758476466775
2.302467198372896
2.374908620073983
2.3723685779795822
2.4195018034028397
2.2870670853774677
2.361068835091887
2.6894574086462955
2.4263447812389507
2.3943741097914417
2.5178832789956154
2.000282095230632
1.9240471537033375
1.875746995563576
2.326089594502578
2.115414409244917
2.1505470799395825
2.419270702211288
2.2124317117742884
2.670702145293588
2.2893783704099544
2.0633449399873123
2.151667873117134
2.3267689756376084
2.2574457451596226
2.531987668857603
2.2921858693328154
2.400590220930115
2.125770001630694
1.9975410081274438
2.062866968308601
2.2099579448352156
2.2953717423850524
2.336967159453056
2.3217907192981957
2.33405858795086
2.2249866149356734
2.31892328841863
2.38319864012247
2.0832355108735263
2.1766769438188907
2.3980619004889467
2.223817679364473
2.2376176418185416
2.398184243019859
2.401169286461165
2.4224266819920097
2.2672546320852405
2.4359851094442737
2.3636196464840755
2.2032245708207356
2.2392466650978533
2.1919406648995334
2.1251295524103715
2.249988813350027
2.273286610647793
2.254803021203948
2.2707316313276262
2.4456128396922012
2.2856603440418524
2.4165703775445593
2.509276262799924
2.3322765005752233
2.177962688700728
2.2545942802059296
2.351622974807711
2.5156444628380585
2.2824509415807506
2.241235952676684
2.2108778843683576
2.181569313351136
2.041792191476027
1.9681709573670558
1.966583006460194
2.0837028895961716
2.7864789596811868
2.620480211991141
2.466337647971082
2.387554079962591
2.38019031707675
2.4414290592152934
2.3863428697974594
2.3874308991729434
2.3589129293206397
2.387221882294162
2.3913778458341137
2.202443252754706
2.1837097804333268
2.1787427526871768
1.9976693307687674
1.960757172974376
2.2917544910087977
2.030022828964505
2.206185583538321
2.1778372698824473
2.365669625152424
2.1328059465665414
2.357132069604544
1.8641887813174318
1.945592454343961
2.530996844150618
2.1361189956070223
2.254434886932031
2.4370194649721086
2.445080524272947
2.198815486917179
2.363488244264664
2.0328200283105127
2.0953564024089393
2.2483270118306247
2.510192577829852
2.54464239502348
2.6628079435465453
2.5147043739983044
2.2181229136650114
2.249290065670411
2.4238146389461566
2.53250354686089
2.397670883195822
2.245240924664568
1.9696214990928713
1.9590536520995803
2.24364328185795
2.3412689758532212
2.3077087148007362
1.9895875210653553
2.2396293710716604
2.074009440673192
2.061883968973731
2.0719045364924566
1.8568377230522186
1.7989294485125797
1.9512332711769858
2.042833709466404
2.0430576631495816
2.15870600506515
2.11331529016462
2.0364795024734508
2.0407305202130304
2.060992306258723
2.2029880912747477
2.1296428254706843
2.1286397882597687
2.2581251320367044
1.87158058344821
1.8739880324303935
1.8828072956059203
1.9103232604131586
1.9362062556226913
2.5698239749783496
2.4711201355548056
2.3381588332558114
2.463678248494156
2.349857443407821
2.4111012976823245
2.3153511262919055
2.669180261517174
2.1494684544879874
2.4133088723827187
2.4213895889429193
2.0934417695112026
2.5181986467851836
2.272174365842984
2.2184582389798275
2.2996583773477983
2.1515975777500533
2.2802984305276492
2.081397964664372
2.2101463839483055
2.2789835709950492
2.3340289872511746
2.377338831625809
2.302065039837989
2.353793737257097
2.364262050732855
2.3676989629377836
2.4397818313722297
2.441067792088233
2.415577278542089
2.211648229926978
2.312820140072784
2.2440441292904985
2.26497907602071
2.273689873743827
2.5297669860020022
2.373600131085922
2.6239009939768927
2.021406984389621
2.334923242595845
2.169304254721718
2.3583848958061564
2.2057922109257087
2.330133906000171
2.3919914684040253
2.348230935271472
2.2976060958482885
2.3412119255623596
2.312250779958207
2.195674603445818
2.2433628697471906
2.407827997948479
2.1073079152244145
2.336964768842127
2.3912693460321646
2.2068324914210304
2.2476000387344834
2.342204887329888
2.3258481022725745
2.097471281984586
2.1940947068410135
2.1941340076786737
2.3077191160370174
2.323976257087744
2.6199305265145343
2.543670973636989
2.525116330534138
2.5176466345090023
2.5649948436136913
2.5820049912732395
2.54687831193724
2.177419162515375
2.267594385072814
2.318299253719361
2.47324033679509
2.185016830774933
2.2803954040323786
2.205604426397587
2.2912648603679595
2.022989086873235
2.394420835087588
2.3535024750412368
2.085978799953283
2.304926922899707
2.1843755981416866
2.246247224044275
2.109590688220397
2.084470260967445
2.5964230172705394
2.4534385508130683
2.349998808351562
2.554054603211621
2.5363020614970533
2.408520220590008
2.4512642457587916
1.9067482427462596
2.2521844471917265
2.365964656336082
2.698484632295284
2.2955133924352054
2.6203062693214663
2.223800447821559
2.1546274374931897
2.188411167323835
2.124620134358037
2.2893210600447085
2.3562234670543387
2.252107953122195
2.182675912581381
2.2601624888529606
2.2805644054629006
2.2454076798031
2.1426369309047306
2.1209104626856146
2.248756690965488
2.48116875489233
2.0947268985434415
2.3416228325771
2.4861784726853964
2.2732899519155576
2.27413805333438
2.180890084927686
2.1963814555045396
2.1808854608595483
2.173762958609167
2.2185768651971336
2.2785680430095305
2.1546957275832725
2.1227590927508313
2.1586801788909544
2.16034701999144
2.564139804886938
2.5792457983299415
2.2791193915094468
2.1835449995705436
2.2819490654272334
2.385649019235931
2.3773573747927825
2.1663508079796703
2.380471708007202
2.3249355196891637
2.338306969592062
2.316177423249871
2.1128790497051866
2.1361719003472164
2.5224585132795307
2.472216309864953
2.6140481096567294
2.5999858200111032
2.628683153153491
2.6089628644184093
2.2514082558781903
2.3786521181220905
2.195383603989504
2.4269011696914915
2.4327497495825177
2.2972636712405006
2.0379944672768877
1.9465002100416022
2.6387836231455886
2.129184500490157
2.2828451381698405
2.3840886353456976
2.522781653397007
2.363721794164447
2.2032304922069588
2.283770745093252
2.1551066212345864
2.2631204772659346
2.0228250830868633
2.4239106861842097
2.4824460616241995
2.6286492231632006
2.314737368452659
2.3862697852152777
2.259985307612078
2.328360464706298
2.619980759060551
2.301461222092054
2.279476796489121
2.332857943249496
2.2599217507793217
2.370139198513198
2.39390787500304
2.0942599618374222
2.1549409959076486
2.3441246027653877
2.3503231831255134
2.333848820431196
2.407345972259499
2.471056422614349
2.600730067667354
2.6848183798269574
2.6229720970246366
2.274320279889232
2.2135975579996625
2.051746482184615
2.150446468966232
2.447990986524213
2.159095157565207
2.2695005955299576
2.3092988145462465
2.290760789755226
2.1967605213903307
2.4197796529255253
2.3432309531391824
2.4106611318348037
2.321101384638031
2.188377096566443
1.8315006219820453
2.331403978199033
2.412227121710494
2.3196300155893055
2.387075612219277
2.3819448375912184
2.4542070481894185
2.345289492274813
2.29062440873558
2.1843562616257617
2.1935245637398086
2.1978614787449016
2.0000984758267255
2.5218908151353547
2.3169903076092617
2.2843771832055215
2.4071235010968572
2.4726494697990797
2.265159441529261
2.5365377268751086
2.472645726526726
2.4406803303867144
2.410490314643652
2.4361878011094067
2.408974036393393
2.313146952539091
2.1194808847442306
2.3668512918779094
2.3357741972794046
2.1470973611122988
2.559403101258659
2.5880233471213607
2.670163750865581
2.479211992997775
2.352635915725028
2.1627811378479556
2.3912844209955475
2.0803436849075503
1.933372743843605
1.7224109966099879
1.939418026442248
2.1015630244071497
2.1877063661606826
2.040413447553098
2.0502479599073875
2.1963228329840954
2.045864127879433
2.0375385108030692
2.1204429967789102
2.209805129164849
2.2198638668456065
2.468264545112388
2.4219552095932704
2.533924585139563
2.066514773985684
2.063246455910954
2.347676444121139
2.3983870223688215
2.3229696728361455
2.252491147620423
2.1116581376792842
2.152860408143719
2.394334035423528
2.3577106084142034
2.319889293808503
2.429832782239922
2.2804460771725847
2.3815323879395476
2.2785567696955513
2.291252693034256
2.240559016047167
2.1929008214479624
2.1812591507397214
2.2550311449893474
2.276184270855833
2.167717867309627
2.5503420372060845
2.3951663003639254
2.213923113358723
2.528035713505579
2.448853503413185
2.3161459043382417
2.255447508039235
2.277684460279558
2.3518025286899897
2.313518685184593
2.140827839569464
2.1040858898240935
2.2909156739616083
2.535229914786122
2.1017676853962377
2.3134908792719844
2.429967769109504
2.4197669533246535
2.34725465606806
2.263036724038796
2.311276790032834
2.3764491080838157
2.2118620809047274
2.3959099641357793
2.3432344502587226
2.3783735405716375
2.415525339999396
2.4099540819364154
2.249289450663543
2.0849430813095635
2.269265705804337
2.262509953756747
2.2582007584631687
2.350807495448227
2.1620236388428506
2.3677360428585463
2.479126284462084
2.3423377064692863
2.3827734897897224
2.289833036380362
2.3325351161036254
2.191699576088583
2.6573635418494836
2.454244804561112
2.4222073302555294
2.1675298394739504
2.525611242510231
2.2809049292560744
2.452850497086965
2.3490276380375916
2.228655657703228
1.9991161681309664
2.2035121471655064
1.9890759751720777
2.2115246927117025
2.082791980185024
2.082207597602143
2.0749883122147863
2.1530022816296666
2.207254921687077
2.3876767516196535
2.2798383108847964
2.1277686871617743
2.0434473650675753
2.007819624277122
2.3906019139160652
2.365554951314622
2.2836540978770774
2.307790011230253
1.9625093818619115
2.1560557188438483
2.1183478461775183
2.036614213486359
2.0146216154100807
2.006405132133291
2.3844350232803357
2.4854264889609246
2.330463120080476
2.0258735979539995
2.2836418882420806
2.275615876618137
2.1858687745168943
2.4261671886248126
2.504360784430432
2.502610706993474
2.5047020105803006
2.6066773796146268
2.5956280940849075
2.306527937687151
2.125864378387774
2.1449108801880254
2.2203815736859642
2.136505421835846
2.2287430558964787
2.464856577763269
2.3142093380418465
2.3760205585095235
2.4029307075682227
2.4747534387616743
2.256028980596362
2.4067179854641316
2.2864674327419987
2.25017944210299
2.426303963805069
2.1682765840332774
2.2140034687114123
2.3081062421006786
2.2717192376501116
2.077719054385572
2.4326435055796636
2.1313738899464703
2.5124290188797707
2.294384433248753
2.455933491690364
2.3379303224366548
2.3240669396751645
2.3220874811339107
2.2680588988602057
2.0305078859316437
2.234594400700482
2.245298090148419
2.2607217280234506
2.096896514112706
2.086642194832261
2.1281790090430253
2.407373079969065
2.1032489480976477
2.271838204423363
2.236171577951049
2.2291510707806785
2.276847447613595
2.2512894919108817
2.2363643383039538
2.3560415863396127
2.359586079359272
2.5641219079673925
2.2214692702634027
2.330727434221794
2.4798386954701974
2.47146244773953
2.454756466341953
2.17763353811755
2.199214063778483
2.4522155242703647
2.3586666626628396
2.00749647606797
2.048650210788556
2.335746352270157
2.492582454844767
2.183623170478152
2.1817505579357235
2.2807208971426842
2.2399659479990213
2.2689092204877195
2.1298723398836357
2.3529374004438304
2.377759460898723
2.434092747314998
2.30986000588537
2.2638917798406184
2.2754077287519654
2.2598411683247104
2.3305592163563174
2.283200989323382
2.4769319197634583
2.4283895795938304
2.4939881518554787
2.3416596450739022
2.313870311459462
2.1955520671316178
2.086124091574411
2.2258434364346082
2.301804830858977
2.322618182088333
2.5011199152963832
2.4920205425305357
2.4878199906748324
2.2682055630280016
2.385768883902842
2.6135994686736157
2.557560358743911
2.18784740787935
2.4892459771673234
2.2910313709631764
2.352267860542116
1.9919809331940592
2.410251772720332
2.376547080701054
2.4039402792349764
2.1541936640148043
2.3663358963108165
2.3919403488857496
2.344353770843403
2.283530630842246
2.1324611399335707
2.245746080380833
2.181155085393826
2.199111000208693
2.245112334707784
2.1227428362038854
2.1177835776147322
2.321517931886315
2.291014468279919
2.2423321513434225
2.2723578022946733
2.4376683156077585
2.3386579766963598
2.3853846276715824
2.044871297638233
2.038244252181807
2.092246649146057
2.2537714675603566
2.264534671039723
2.2676918647066406
2.33021812721016
2.284165988162015
2.1870759388288175
2.186154985110548
2.2746065492351875
2.2098128456103363
2.16607868669425
2.5178820315217747
2.584584186312802
2.297077407802776
2.3260357405492593
2.4684885629167765
2.1223983877267263
2.311465213113716
2.31980093733527
2.692855519890215
2.6797837663941975
2.446174385341111
2.657647310702092
2.058587647665214
2.418176826250572
2.514952924100382
2.4363952115298493
2.3738207514350282
2.4680506175273575
2.3360853761617997
2.3124523164133515
2.275760915103081
2.2735839082952207
2.2858384636892426
2.3385389695281975
2.4058212045710428
2.291072363724072
2.233643690925532
2.1878051172713566
2.1608201953024793
2.1333461517481878
2.418175357235273
2.69873901567014
2.6595364072695764
2.2990146789143515
2.0901696441965725
2.597478627163696
2.532547927927613
2.3989212928197206
2.2123657315934455
2.287242068955572
2.129425354604861
2.2788468568876192
2.4299218877067665
2.395109738110703
2.3815213648292133
2.288570883814733
2.289559449961167
2.31756100246965
2.191895905184462
2.4826044131680503
2.335937078305412
2.257125594011363
2.4410596285490693
2.3649535811808065
2.412501833251224
2.4504309832611066
2.377781936313822
2.0109313272122646
1.9487653464337071
2.1330119673029273
2.401471107293527
2.324503853646936
2.3116517573174282
2.438417614200095
2.282569766283526
2.3652189489342623
2.4475246179597803
2.4976204589483917
2.328463687899571
2.358100793592468
2.4098426175778345
2.497902116743011
2.5067633141839116
2.382003441372444
2.3803232271577723
2.28164178545656
2.5031857489143228
2.34990135221409
2.4536715781663068
2.2690715172898854
2.2972627242555723
2.377244330183067
2.489243323575428
2.230904869533225
2.0732768312932115
2.107308821795355
2.087784234954285
2.177364244461046
2.5297517688025266
2.5555510767642926
2.5382057420019803
2.5271787633149594
2.3345866577657652
2.170462155236724
2.075473962700991
2.2981108778959536
2.336447923118646
2.4249133664638856
2.222167010787272
2.262510520816327
2.253275661243472
2.376767061382845
2.5399997869549846
2.324602216781532
2.3275082271035457
2.22626462013255
2.424865649878753
2.5426570395214503
2.5107013978686052
2.164937904204711
2.2185657679317434
2.2814406527886044
2.2301632543373398
2.4127208287051447
2.199897586594319
2.1512633020286187
2.193069967263964
2.174772252157867
2.3094993249825304
2.274497769692519
2.621050871020035
2.276652058326029
2.305385308958958
2.531513766696809
2.636576279089762
2.1910898821513722
2.3715667621365797
2.3801555831581767
2.4852434592475685
2.6003282379998756
2.5818591478193733
2.283423716705639
2.1723300634837304
2.404582257885746
2.2669478645957986
2.451790530745465
2.387026179162458
2.421687754645107
2.4873531442014545
2.678181980748943
2.393721775719776
2.402400745163833
2.4588625492673866
2.449500874907543
2.4304762497755896
2.2691283683388295
2.3740089255576247
2.1457661043874032
2.142586434528924
2.204887764929542
2.4101977388529483
2.414209048468821
1.874508673960069
2.4940961531761388
2.431280662390709
2.2188714944312324
2.4673870528138155
2.4404073503992803
2.592003889284411
2.383376940179438
2.3132734583445282
2.5521926508393418
2.5127877875165563
2.2946218196763133
2.1848210322404675
2.4771111543898625
2.384571795049004
2.40393112324457
2.1746075214920646
2.1309103810554504
2.2313586262362692
2.218833330724375
2.360960893591595
2.2158416406245385
2.2066200307409347
2.151761651813975
2.3674871712360206
2.2738508585779
2.2822178637064767
2.4447946932116276
2.3525674199913564
2.2645129116983327
2.216869949720558
2.2407645642189276
2.3664308389571724
2.3982439430719698
2.4140487352082602
2.3865514813288207
2.3850977919801153
2.302346293864583
2.0549013404766026
1.9055003538823472
2.031489914023026
1.951938207891702
2.236236105948471
2.1981532788056435
2.3914891081062537
2.3659502155690655
1.8461840156370204
2.005450298542093
2.219724315600255
2.1555479735567777
2.1418929122828674
2.109252177599432
2.1662726058397244
2.337403240219713
2.3278255442105835
2.2274668135563687
2.277640489836439
2.4946680305744864
2.474707754775116
2.4860284886284694
2.4156440545574562
2.385648177343004
2.609661660075338
2.42776007113444
2.3578277791626534
2.4318173791790847
2.317434925700349
2.3190061051872783
2.2451393639292387
2.309132355663336
2.1866330442471127
2.2751134955215306
2.3046313448050384
2.2373097780718356
2.21700400529743
2.2909566590581125
2.366652816539456
2.2690644753382547
2.135345461313831
2.3230240626317156
2.2815084562554606
2.1728204922815184
2.1558612858765724
2.2775805740065125
2.2735447540089373
2.2909721081304903
2.3377827991114657
2.1834221323580953
2.3402483482389993
2.2811006944480425
2.2944217230613617
2.444959206577832
2.3892122452661853
2.428053153247145
2.38204819303585
2.410899596103744
2.249049095606289
2.215924200116319
2.209802832940441
2.201330454118638
2.2070436141604426
2.2395272539411897
2.240874515810064
2.3551169583602825
2.258115793098131
2.204854391942087
2.2322946114775273
1.9414482191845668
2.1454627570452613
2.426096427586993
2.3774370486730714
2.6149487505939875
2.0084276845305737
2.206688054104546
2.2753050818167275
2.2923198412385437
2.289983683707051
2.1933248044805147
2.383682641483138
2.32767995647491
2.3027271241391296
2.3320001504971
2.425972891712449
2.3880337970577994
2.2448508456496055
2.157123553071749
2.2027273619318004
2.1376445378355875
2.160738620013885
1.9571321030510453
2.12035177274995
2.2402464700542737
2.2035056565303286
2.2603184999716586
2.477158683493781
2.202080444454552
2.351804526952274
2.3589131316969048
2.3946716583956262
2.4188933327344144
2.2804698216023236
2.379253283016745
2.3383689816190287
2.474052976242821
2.276261591991532
2.425640979996152
2.357152035912292
2.4847065497274934
2.452379053497389
2.2943184737408817
2.5111631480924874
2.4572327729037036
2.548369308050124
2.6077458649331984
2.6629661439355736
2.7164689822215293
2.250975249931459
2.657065217798149
2.551406507543073
2.4665388480025614
2.29940525882113
2.2016847083119973
2.2820269705932903
2.3159302597194893
2.2683364950154226
2.309886989788529
2.623924046864175
2.372925430838806
2.421877059620727
2.4163869999188043
2.5014558724801517
2.2874818859298665
1.9560087754686202
2.1545761523219586
2.3171234970282044
1.9934990270841357
2.3140781178578864
2.3100980662749517
2.236474941326079
2.3205008063457337
2.1461851622279116
1.9049817758969982
2.6659070901961166
2.5334140552286257
2.177453901228327
2.2349051308999277
2.208351717138863
2.5160690877251506
2.5238373747945424
2.5420443790710046
2.236802032896697
2.1536505247087407
2.41612011595854
2.413217887193857
2.327417016853334
2.2463979585180684
2.326978337369123
2.106829538496611
2.2821892997746174
2.570580982956356
2.5971532399209085
2.594993965141423
2.3254406268081826
2.0481263284302758
2.181070610758328
2.150170775028632
2.249653507876621
2.2430190933737637
2.134860652466213
2.0750414683909666
2.3492778454396466
2.3722495338460816
2.114728301929645
2.6667226048570574
2.6784147624516126
2.3367346804713987
2.123151365456585
2.1672290460834907
2.1317774910526306
2.306375682359864
2.365307738802719
2.382928727782708
2.128524762090773
2.18435171292179
2.2099855118434535
2.050201857116733
2.3475223852259037
2.3490507394777085
2.502818786961758
2.5710189042902116
2.54923095889894
2.5669380223438054
2.445434154175082
2.3924996344022507
2.2572208368676314
2.281210099195201
2.14082797412118
2.3569971415925686
2.2655808868376224
2.3209499066773116
2.136637137801103
2.1945367063384267
2.3695066522658665
2.5629525695091204
2.384301793644903
2.5458500009151144
2.4245045368410523
2.283710690254349
2.3357728149918207
2.4315962443541954
2.4961143336750777
2.384531390589705
2.295506701398336
2.349504663536305
2.273502087822733
2.6348692197865096
2.244060208899085
2.578830537645964
2.6080443031592053
2.589381881624123
2.4226457691422354
2.3905631942806815
2.6801652439539447
2.6471212969583457
2.4614836579373116
2.3567839058997953
2.2315162049608372
2.4566871014890648
2.364097908160605
2.466554552782239
2.267957555586966
2.2113353633719153
2.295813419663338
1.9410414226114918
2.1125923379182012
1.97458486359229
2.3389520649240647
2.3122473464669007
2.371231639309453
2.2859473093250906
2.2690837677157663
2.421436373973526
2.309748847405909
2.052347409079067
2.4373560411670456
2.2788465594155953
2.17765922101148
2.420998599127612
2.092300296736367
2.492570186042362
2.4105117702613503
2.442651902952167
2.5750749191070423
2.515899334557022
2.5298979955924015
2.4317496053375947
2.446242937149166
2.0656507279942726
2.3546461057074275
2.0488612014010523
2.0639421225430956
2.275606585168999
2.184869359671633
2.166654681896118
2.432135874898126
2.4886633084951986
2.6238448097893285
2.4190646648237557
2.4217937908815683
2.401877292160973
2.3949171016754867
2.4315338140852942
2.252649781909144
2.2929449965655206
2.2411261867367536
2.2774358216533246
2.4182546940563503
2.4758693940184773
2.407687919560863
2.34935780640682
2.5709716414437342
2.456892500641471
2.3285888144829743
2.5065744829554775
2.45266896063178
2.580705911150129
2.232942709113141
2.250145828612203
2.3834326884884396
2.2593225698782864
2.2423378602668715
2.2987708092489627
2.1376331555874044
2.304523364693539
2.0701831513266864
2.35051967566967
2.4489574156017615
2.461068652990803
2.3640084682042373
2.1969481350318585
2.5689705476444025
2.6331298718573555
2.0230475579258105
2.326111728064221
2.4537847431605355
2.428723195958825
2.4927689634987944
2.6224547452272167
2.6513358290497897
2.6466889022243367
2.5535652979288277
2.0324601666274926
2.3974746038332344
2.351333151734747
2.0392877836724064
2.0982003563746554
2.376022370775325
2.2340881025086823
2.3462371457029256
2.0987457667444325
2.1430022923569583
2.1514764956759094
2.1077796987949458
2.0957370316006316
2.367460171796656
2.3679323866248065
2.455923542745252
2.1905113038893256
2.6354718691426697
2.1720924287719505
2.264813353385437
2.404161904230982
2.4162603157058395
2.625077710533092
2.4423308645845756
2.495748558653274
2.187309585601205
2.1741492721736684
2.1397674533330604
2.3235670646790645
2.2251847568161853
2.3182243728238774
2.5626852287318966
2.52171060651579
2.3934017718014524
2.491761895870306
2.4215346655450625
2.3921118515098483
2.1631319901524537
2.2614230547892835
2.518098719850971
2.241436487095892
2.342899785983952
2.3840906750177044
2.2897502829962986
2.4402613877978134
2.176176585462029
2.2764295725424977
2.3021719594117926
2.362145121409524
2.178115501324356
2.0989636190206955
2.1775256640942016
2.152908936216472
1.9777846822418024
2.04092384098975
2.1757859782717617
2.377204059583044
2.4090293252448136
2.295881779989754
2.2974535695311333
2.130946724153203
2.2728905757633537
2.2487766784390257
2.2197941066000064
2.26214484868673
2.2139328401411467
2.186394410303916
2.0481409015363057
2.174130119024492
2.158377686477661
2.177233108181494
2.1394161356504733
2.1454827849015063
2.1434154816143773
2.100291922234369
2.4117684118680653
2.342642162504032
2.4075525138338802
2.393926962188239
2.4249506435940993
2.7202739175005806
2.4887930965541982
2.462796317649215
2.4114258182477166
2.1606874009305885
2.377604914789072
2.2850442792247034
2.293648386653349
2.1745029285296673
1.9792320469515297
1.980727974619736
2.121744447533399
2.284246432349014
2.0843167085600016
2.136073480357909
2.030362513170648
2.144036232371232
2.1700433658455247
2.3468085868357655
2.297921561928452
2.2881089118689744
2.2356956294470516
2.164203712489705
2.164203712489705
2.0590151228567244
2.242615285401281
2.3040542637139207
2.1625469269104243
2.5526740041475127
2.3374176367630297
2.2936784883919112
2.4310243610863678
2.213024027368341
2.225434087891842
2.1843692570834516
2.4824619674582844
2.4672563691189504
2.243555121060402
2.2411190484943884
2.300174529138135
2.0700768054017433
2.1080800844425465
2.1658909552083836
2.4768091144325144
2.2639354644395304
2.546566716670718
2.518986979900625
2.492314838175787
