0
-2.4698016446596314
-2.4091018618312585
-2.6442084315031114
-2.6340935858835657
-2.753627822097123
-2.5312630232819897
-2.595698221427505
-2.24666650889495
-2.201486937620511
-2.68185271716153
-2.6659983717808204
-2.552432548615609
-2.4458144817288603
-2.27267512459546
-2.2229318378771366
-2.3651969628971057
-2.575518071415574
-2.5705728400428813
-2.4345247841772175
-2.656431815776029
-2.8785529378494563
-2.891261662387658
-2.658484436776443
-2.7553872107750386
-2.564609988815084
-2.962219710338169
-2.879530518024163
-2.533256960126725
-2.612858677876752
-2.8390003858304755
-2.765967999144401
-2.260116925631158
-2.6668085973180253
-2.553516203619542
-2.561261995468592
-2.683284123167669
-2.6234614095457287
-2.530057976221945
-2.6003007985032736
-2.4373642885377467
-2.463968270091669
-2.635266670864934
-2.962308458365574
-2.884808829486954
-2.4185209221001975
-2.460151422932148
-2.3374624728547375
-2.4294913593157186
-2.442512867296573
-2.5607801956654166
-2.619618818130853
-2.6089844665635398
-2.516269380258478
-2.5724467815850858
-2.6754298348907746
-2.1931533084714228
-2.7495021157091877
-2.830478112264783
-2.4585178488193695
-2.4692854909885673
-2.6985569925370143
-2.3093478136483854
-2.508810560305726
-2.382157689040279
-2.592366660082672
-2.3972427891736583
-2.7194155959367547
-2.7133442840914466
-2.5752718891040933
-2.5590221189032367
-2.6438487010739538
-2.7291068578159265
-2.8778886603933973
-2.957598477263019
-2.871313832255681
-2.7814969110238192
-2.993849715017822
-2.5519706751181843
-2.5108789268743505
-2.679213964266006
-2.3207152459186666
-2.247273410665374
-2.56819279088095
-2.5041999292545296
-2.433030496488435
-2.2861790678776726
-2.4340685414253946
-2.766880900368836
-2.8946085011791927
-2.4013163376627684
-2.401442214807037
-2.4287216692730302
-2.5594823321863656
-2.7695078158698463
-2.737474684930672
-3.0570416999565624
-2.501420032096295
-2.596499951211056
-2.5154682684590455
-2.4476808144098334
-2.5284330316303065
-2.730180944121637
-2.6324888794428603
-2.7001185847562086
-2.8619180113172673
-2.91062662068745
-2.665693316241477
-2.682832032600611
-2.865544897074715
-2.947075726478443
-2.892712874814478
-2.7984227960797896
-2.9779995904693752
-2.2304255764590923
-2.7343079135510444
-2.54850605300623
-2.8581953639149695
-2.6536327035260374
-2.51752512434955
-2.615460613535898
-2.3144378386395275
-2.200261883475924
-2.6134632274114735
-2.538142401279049
-2.589381915605545
-2.545901808733688
-2.4981483312165595
-2.5807347517621024
-2.5734955017426384
-2.546172961958684
-2.613526956846038
-2.581278481161855
-2.6922990954806214
-2.794965519884789
-2.728007670512089
-2.39595637956446
-2.4564288347844903
-2.470710227748367
-2.593994917864591
-2.552362307981866
-2.4974333639910338
-2.3812631836112756
-2.3864383807634475
-2.467379635742197
-2.8020464022263503
-2.8976154901715163
-2.5907866647960462
-2.606583452826429
-2.6328099018662616
-2.5082535214689106
-2.484289966376769
-2.4774856765704563
-2.583634736680322
-2.7215533372240817
-2.6974424889474036
-2.473910535246253
-3.0012970357450337
-3.0194834423859813
-2.812450683505516
-2.873786162240342
-2.5965695524727423
-2.652419077107996
-2.8250283958746643
-2.9450092285716614
-2.657648435563964
-2.809573224925
-2.7426892083274392
-2.938901244305203
-2.9551787387917554
-2.328338503566411
-2.380290099796781
-2.5756372125551383
-2.765337442990945
-2.5060911166931326
-2.6473504815434126
-2.5109690970420475
-2.680973737387704
-2.70194913427485
-2.5475243034300736
-2.5625778155818777
-2.300060481194806
-2.446852231961754
-2.3378029686118875
-2.611059174149269
-2.6552440986992116
-2.436477817750618
-2.405652848919444
-2.633099303640317
-2.9032039053307432
-2.622855095332753
-2.064901692012797
-2.167404029244213
-2.7394352272695714
-2.4834535815689938
-2.672850213699645
-2.5285267036465853
-2.733593921059646
-2.478611662423994
-2.5033935217709296
-2.4968008932141417
-2.5747515843013464
-2.563780934628057
-2.565576765198553
-2.6610118931985602
-2.643742731115097
-2.6571353719748205
-2.527572401808442
-2.537972316895223
-2.6497403572172273
-2.7218138356069455
-2.710942508396313
-2.5032711517880513
-2.849120687137674
-2.839191399616506
-2.7594262450201774
-2.89874879349582
-2.6075804782177596
-2.435542155098768
-2.7255802688904907
-2.7633269156623137
-2.690344983283161
-2.5055749092418678
-2.4988670023650554
-2.5934099227079477
-2.111075101338224
-2.4789470478495454
-2.686799033932579
-2.3955244399946105
-2.691442708957423
-2.909404157842537
-2.7601348078299224
-2.716022623200921
-2.7674473198908562
-2.4477913172560086
-2.577783100427718
-2.6143844257079567
-2.4890709905382056
-2.365225709272884
-2.6618693064831387
-2.913108508063186
-2.5181993007038255
-2.604066972733333
-2.4718352398651082
-2.3916294062413845
-3.0860814934912124
-2.7102289700597706
-3.3060398406326477
-2.6463381583135845
-2.758772742144273
-2.8421983736322534
-2.7309883158581076
-2.652056419120582
-2.806724927303519
-2.1517036947827357
-2.3437633978032615
-2.4035192538957006
-2.30302778416697
-2.390002293201059
-2.7677410276336807
-2.602293630367777
-2.6575481244866928
-2.7561576372009187
-2.517608799394815
-2.6035957466765516
-2.643785532489688
-2.5829359414227704
-2.87847895160465
-2.8791233871166915
-2.222842010268166
-2.17994887343545
-2.433191801035202
-2.471742769441976
-2.428821382320995
-2.659019411403659
-2.5150765397938963
-2.384489972380617
-2.6882261741092304
-2.488140811249507
-2.6006839769664998
-2.7328382523090835
-2.85589916737302
-2.707253248812185
-2.734271664023894
-2.604992046651835
-2.4992975307549363
-2.5958850565460616
-2.7164770909189278
-2.665044400112149
-2.5280958736131116
-2.5280958736131116
-2.5108684103752927
-2.4485552812539
-2.4314675985871244
-2.4507871901212206
-2.5836850224042953
-2.523369398106507
-2.512862136527071
-2.6589174373971125
-2.6572994353881265
-2.6458922353573184
-2.546245699532109
-2.603881857418099
-2.693159077964309
-2.4182578802164656
-2.757522030327697
-2.790751857995989
-2.433129251004817
-2.2772673686058424
-2.8285039461804753
-3.016692577319902
-2.8249179344057214
-2.283953715551948
-2.8791651486574463
-2.5500627062176866
-2.6230150084684993
-2.4549443721444892
-2.6246628201063977
-2.5244524221525952
-2.2562292115976486
-2.304558717949377
-2.482910284821971
-2.4451696976345207
-2.434545773466152
-3.1335943148657264
-3.078782446200274
-2.4173498025360067
-2.3645545414268194
-2.3523743564069477
-2.5448533768025814
-2.2644642848437777
-2.4176970475826693
-2.964493049384167
-2.6315081937624005
-2.813101655025031
-2.7721818296899787
-2.7816384989416254
-2.5178013003878497
-2.50763323832337
-2.45699938571269
-2.4519702633432323
-2.6740624450366925
-2.3235046930282683
-2.546680145204285
-2.3436970751880315
-2.5739843302221193
-2.7832804006283527
-2.6515219480007772
-2.5892109960557788
-2.5072483103711196
-2.767085534230018
-3.04772783223938
-3.1148625584703735
-3.0428642291865162
-2.2912032756882166
-2.8003202333312163
-2.7464498601648377
-2.9639275705785018
-2.427573339781085
-2.0895594765096566
-2.4426407305368016
-2.6828120114004492
-2.5525674400758165
-2.7168688105284238
-2.623782583156262
-2.444332179964905
-2.4225231583871873
-2.412403387000117
-2.573958497294244
-2.4128021025449513
-2.4382805232578635
-2.389241207787715
-2.309448386745314
-2.6719125396769376
-2.464595286823674
-2.7834596463526298
-2.5689444231109295
-2.4738530818621065
-2.690644810004428
-2.642119624484871
-2.783461442643942
-2.3214795903459873
-2.41886844964951
-2.4152231578603867
-2.768931368095598
-2.7340118697918983
-2.4887398053606837
-2.4246010092869197
-2.637911403308777
-2.386745105581388
-2.645464906143664
-2.344888076702265
-2.5656526040995136
-2.7354424760275835
-2.8877787741291034
-2.6450519796258964
-2.384322159452518
-2.4399210683765387
-2.9579845749298332
-2.708336007548489
-2.7616963716847414
-2.7649749732174866
-2.7633202328849
-2.718199005758749
-2.7212126297381123
-2.7558159393620594
-2.2084320687303824
-2.28544607585914
-2.239249318559568
-2.4047002526988472
-2.4213573919957083
-2.415419846170432
-2.5255804953305887
-2.364130799451425
-2.160206149468651
-3.110702181004111
-2.902912758905188
-2.640538153993536
-2.5229769554422026
-2.6630718907820605
-2.629955137382702
-2.637391043576791
-2.482223040333425
-2.8666152678988173
-2.740853193005372
-2.4088453212582395
-2.3336393706780503
-2.7517834918605444
-2.236468693627046
-2.437533033944605
-2.3314837785362887
-2.41204961830618
-2.478093542395045
-2.52885026293996
-2.618631903101371
-2.8839767442162905
-2.6181652108278914
-2.6574205857953954
-2.3792057496486865
-2.4783787513445725
-2.4783787513445725
-2.469592261418042
-2.4693553758713507
-2.468980960898735
-2.466483164800378
-2.466483164800378
-2.466483164800378
-2.4817194881412945
-2.47950450683776
-2.4633020193512722
-2.465083624726984
-2.47257023859589
-2.4753948124550567
-2.4781562667340546
-2.4781562667340546
-2.4765549663126882
-2.4794931832319964
-2.5177914841885
-2.591507743383164
-2.463082196082559
-2.571258149669155
-2.6138238540810828
-2.7378435701255577
-2.2580533249061943
-2.531078275136829
-3.0244884051074736
-2.9337506644604634
-2.917454624679978
-2.9265300937978576
-2.45609832467769
-2.6231473881180905
-2.245304590623321
-2.638198507349546
-2.3405914634573746
-2.5096453337215583
-2.593483579348941
-2.5695079675688834
-2.6277962637769967
-2.7619937467315085
-2.641614483969827
-2.735990773654775
-2.9018984890283073
-2.932912879711001
-2.964140268260557
-2.7654713181207433
-2.5650601834036513
-2.629184374231072
-2.573802000167324
-2.6878774126763396
-2.8849481286049343
-2.5649587683055013
-2.4315789695992924
-2.257838132328512
-2.309809602222405
-2.8106670599827237
-2.4531432111492437
-2.348120028138811
-2.3218589959861706
-2.4692049125127156
-2.4656983610478505
-2.5127462471947033
-2.845872480893876
-2.898414625858544
-2.68449589537411
-2.4820390207229126
-2.6939098364571663
-2.1712682169967508
-2.2181682277500947
-2.592358396660479
-2.6027611979427268
-2.383842241829783
-2.432006377143767
-2.4177782330822213
-2.4874011285715865
-2.303669277374921
-3.067405467999389
-2.2810935476412215
-2.785997314146412
-2.6272633397412615
-2.4958488795392753
-2.6152822414385053
-2.6952476319500223
-2.3406935929371904
-2.281507640154695
-2.290654387464781
-2.2944368455727315
-2.4848875921349625
-2.5202457748436116
-2.541899729465097
-2.426291804318804
-2.453205964969697
-2.5407407089388636
-2.648664967904251
-2.782915945566511
-2.9752033846705337
-2.437791838280355
-2.3967339379151977
-2.5562083172669574
-2.855792698319104
-2.901428229176525
-2.5396179695333996
-2.6086166906982355
-2.7483349274705766
-2.6222895910339155
-2.545566524381045
-2.3841992936703824
-2.368108828037225
-2.476563727948268
-2.2377168961509053
-2.412823063486073
-2.3136692534323005
-2.4982727376952694
-2.4307913413771036
-2.540221198546099
-2.501230605086567
-2.7493970741195937
-2.8013950136321366
-2.7114882314720288
-2.59591616816947
-2.552976155508751
-2.3783601580493228
-2.3256893294293834
-2.425737131870846
-2.373250841216932
-2.2281162060044117
-2.2961331947691326
-2.3247671512576167
-2.449224864631434
-2.6613643170244434
-4.094856185125169
-2.868333027819314
-2.7325871092515444
-2.977705163771483
-2.889484683877396
-2.6422152168961826
-2.6481503684137233
-2.450359444336873
-2.74171718220298
-2.6963648633723034
-2.7580331138367944
-2.3897671471263124
-2.635316263183358
-2.608184173065056
-2.3562151709110974
-2.4499950151068726
-2.7993494039360054
-2.8176433523012987
-2.883578400371045
-2.9793024282746
-2.8076281050654317
-2.6245674783680215
-2.59246775442204
-2.341605743339787
-2.3936200050426497
-2.3868870770466195
-2.806194852159542
-2.6659162743014497
-2.815304017389342
-2.812007236653696
-2.784802956670744
-2.7733423965297614
-2.964330635051
-2.7253440500199577
-3.524096664500947
-3.0858783631118456
-3.408118586942563
-2.5297683757492058
-3.055516246759679
-2.9165374030238045
-2.7809235784149102
-2.585209342303729
-2.184961507152057
-2.3944501513157044
-2.5511823393316924
-2.4743700811282103
-2.327215158344903
-2.5474368996756653
-2.38556760835887
-2.4881349471928096
-2.4482187164955214
-2.57585165015844
-2.483022302348681
-2.5437900817093055
-2.8026117912655204
-1.916921655285266
-2.81740394468036
-2.9395638664240726
-2.965869201430694
-2.569534509739296
-1.2674571128911187
-0.10797659829913706
-0.15149668304695654
-0.0801735495904203
-0.1407663916018361
-1.172344444546197
-1.4761834320911589
-2.2868400133878533
-2.3306098380243108
-2.5381400739883033
-2.812029288160759
-2.869844157447523
-2.487473925141464
-2.851093471628818
-2.5542959740804436
-2.5332802785454747
-1.5637749318964966
-1.3258773565241846
-1.4204457437799518
-1.4768367191271348
-1.5162010667504935
-2.14693547890953
-2.384026179629938
-3.091018943710657
-3.2576250170511445
-3.3887509417869492
-2.283214784776496
-2.532173308898992
-2.500335582685768
-2.610757354861494
-2.8356403669346495
-2.802416362825648
-2.7383573632046843
-2.9352083105538624
-2.771334056449062
-2.8453918058496
-2.6923329996911995
-0.719939769470006
-1.4897520592332198
-1.4593471150784072
-1.5365779594236144
-1.7935233820150227
-2.3058543346022002
-2.656311952739485
-2.6686553637452586
-2.613198785244166
-2.521938427907317
-2.6965846477872435
-2.613107679878023
-2.813434097835877
-2.3922627098690614
-2.8279535062540027
-2.4977847398241617
-2.3643758850118473
-2.7085586088623224
-2.631824519845914
-2.5721354905236056
-2.838300258797561
-2.493475625050452
-2.5715445186747634
-2.9282187163600626
-2.60885320159876
-2.6978142895018724
-2.727977154823962
-2.7466425381747284
-2.7197620566222325
-2.8392704363802475
-2.703972130257388
-2.5375471501236464
-2.771898249205287
-2.595159514449531
-2.4452565625726406
-2.2231226424165467
-2.644561438444702
-2.6062212927091273
-2.539738004592448
-2.713254789151899
-2.5434581654321278
-2.5748985213317646
-2.52791615600999
-2.569547493142088
-2.672033497517145
-2.7451676564717844
-2.908797986230117
-2.6356670360668937
-2.7474237944310262
-2.699535369931695
-2.75057773625208
-2.687170444120484
-2.7213394370211517
-2.6587076732246113
-2.670923039239056
-2.566309772327127
-3.269996841538275
-2.829225709301
-2.369144854025364
-2.6539877826869915
-2.0861891630924796
-1.9860318017552678
-1.4219239204031855
-2.5662122912221528
-2.794732014812286
-2.879620888951173
-2.7677372092878256
-2.6558850831766927
-2.692285936424899
-2.482768019643254
-2.7167230495786696
-2.659699302026415
-2.4223826304386242
-2.2427381001372475
-2.4961723166450334
-2.562307396449678
-2.500510720841148
-2.7469729818928266
-2.5260353210025848
-2.552386175607927
-2.6363980939255627
-2.553240378361411
-2.7283388430889497
-2.6401935944466586
-2.8792927731290163
-2.3637412528397164
-2.3406614410219
-2.445865883647891
-2.2891443156687417
-2.293621856468318
-2.6004631949546746
-2.591064522190743
-2.716920875269113
-2.5658257521076964
-2.717252320766284
-2.5980592302608367
-2.3469795183763944
-2.9178827388563597
-2.598213008469581
-2.6172221947771237
-2.6909171628560107
-2.6523178649036527
-2.5579990371965433
-2.583839199239764
-2.5246094200726175
-2.572031347398229
-2.717246953620268
-2.574608104254663
-2.7397471945218914
-2.878048827274449
-2.7050783994093908
-2.451026726481162
-2.551108859965025
-2.7305665159206574
-2.7082683922552557
-3.233454154395091
-2.3036610167164002
-2.3011012194861116
-2.415161190344178
-2.481574839366145
-2.393411206409877
-2.1636968241943864
-2.188071000695487
-2.1468757659937054
-2.4675512930409287
-2.657786828125055
-2.3898458961402818
-2.3906979338469396
-2.4228368176480193
-2.461969803303821
-2.5275990921619025
-2.5547976736262297
-2.4009500011435367
-2.5636474408324585
-2.488629366900195
-2.357561632573942
-2.4571902695154106
-2.410012508208451
-2.1968563994245693
-2.206579891660168
-2.9421023409960387
-2.849790565183698
-2.95112085844144
-2.872341587081513
-2.6958529813733776
-2.649052661426346
-2.8008939929524796
-2.2040240115373484
-2.2717323285868147
-2.6484259629204034
-2.6924992991474292
-2.8561260040575416
-3.282578346831973
-3.1930655345966317
-2.5359788715298395
-2.9142141127003667
-2.614802652566021
-2.780813203563417
-2.7103058291220523
-2.744640255541635
-2.6242430940096027
-2.5142601024384965
-2.563937288349596
-2.5201492823394394
-2.3543590174768383
-2.6271750297112435
-2.6240882257381757
-2.5472821568151365
-2.006386550273722
-1.651599011862113
-1.5785886418827517
-1.8144688120000307
-1.8866445790824973
-2.1000013237325623
-2.323307871523341
-2.471195705249575
-2.0770818847246195
-2.1189259238703158
-1.949322695433374
-2.2210828967232716
-1.693579191039466
-1.089033224884488
-1.0365382892862938
-1.053068154616655
-1.2799808103482841
-1.3365787235234212
-1.1260196600870649
-1.2387151154428446
-1.1189493043801515
-1.3238637523701682
-1.1653500419271978
-1.1701870505068517
-1.127175134739956
-0.9891542470034996
-0.8974446545121694
-0.8998758768900468
-0.9603697065552764
-0.9158038689229443
-2.799695699075997
-2.457574540227369
-2.7086988671893706
-2.368203429540208
-2.365957239075166
-2.5148371191522645
-2.5006766678722814
-3.1168582281717723
-2.409037189516352
-2.523581909351378
-2.5123297215270712
-2.7678986176122056
-2.5730462700452996
-2.5126325594688312
-2.6317522152651422
-2.278884757152838
-2.583382023979956
-2.1959803524959063
-2.585429667229892
-2.69339703256672
-2.7290444826421894
-2.476745987791695
-2.6168335189501475
-2.4174401783236776
-2.6526193913208074
-2.476320535547242
-2.537152979873961
-2.6968136504271314
-2.70063085572483
-2.668446239334091
-2.5188424000893037
-2.5068989793043066
-2.7141822852649167
-2.740379793022453
-2.7130653697383464
-2.8813904303974796
-2.2886667989371374
-2.173048700593428
-2.762219754746191
-2.674548535657018
-2.402962714097038
-2.701679612881796
-2.5515179819531997
-2.629206441851751
-2.51830831556657
-2.611891855135065
-2.594179539741826
-2.6053858887244
-2.5901404143299525
-2.273982335611158
-2.3653980897362197
-2.9436678012542905
-2.6410893571471705
-2.5093109805863234
-2.962487605706391
-2.60746827285364
-2.623906610734091
-2.802775733255674
-2.8043608304178322
-2.96453883883071
-2.5983337540686775
-3.029591369127924
-2.6615873363294087
-2.613802081178091
-2.798285382612721
-2.7997850428660556
-2.829074373338411
-2.587715890485977
-2.593165323947548
-2.774785281081109
-2.645005633190458
-2.67931030340337
-2.7888011080019197
-2.786268011999899
-2.6221348642441304
-2.4424309590101574
-2.298845556747029
-2.357079654091943
-2.547327034860247
-2.47293468972706
-2.9210622034011475
-2.8202657057719596
-2.651656099159386
-2.573920261201212
-2.505142447759321
-2.7332087098854823
-2.6231167329382976
-2.4704634231247455
-2.5664055826796606
-2.6218262612262944
-2.653730381329054
-2.481680797000641
-2.5502860060201624
-1.8370852680288543
-2.960169967331664
-2.229769739593692
-2.666539468350643
-2.537939112529141
-2.630000208737041
-2.6726510364105898
-2.943290570430467
-2.4680865850616582
-2.4937391990582056
-2.4842318211170826
-2.4756276648965336
-2.8268985610565815
-2.699423790782238
-2.5239315787393517
-2.4915442164022026
-2.5313908229607174
-2.7053953050469373
-2.6388636133151557
-2.7581468606296986
-2.4566767239087133
-2.7600288545045992
-3.07933473198199
-2.242166578804242
-2.2900359889128277
-2.4920997616338685
-2.4120128361462707
-2.584205032312574
-2.4924680761085494
-2.605561855131794
-2.5347514354317364
-2.55475153681749
-2.4887963196216245
-2.4672884548010883
-2.5528531230626856
-2.3377794263101648
-2.4833457129048306
-2.436351800674092
-3.045196896211504
-2.9928440116152806
-2.740457443868113
-2.905669232018808
-2.6012990829477434
-3.4046922392982983
-2.590577785684382
-2.4111577767324226
-2.56631925726566
-2.4023729696409766
-2.429510760406438
-2.5065870949511586
-2.6373838599246637
-2.527661482860675
-2.678799963847818
-2.7942820709819873
-2.829465381524775
-2.808416311375715
-2.6748527845073853
-2.8493978743346355
-2.378789482475464
-2.6916444001392628
-2.7993084781922213
-2.6456946653674955
-2.5898360859241016
-2.8050720874260837
-2.8456093139334935
-2.525965313375798
-2.6745668737450523
-2.3808180456709094
-2.5083596720946044
-2.7375888970886972
-2.4864871636826
-2.651631034395735
-2.414063932348436
-2.678360409809072
-2.5235817887226015
-2.768239858086539
-2.4765531954296702
-2.599016676876743
-2.692096155652452
-2.8474887613727327
-2.8798164816376595
-3.1383053955136004
-2.6597549618624727
-2.807953703681183
-2.7041523220232575
-2.405860437629584
-2.2860043186213086
-2.4747841636752064
-2.4845979000539695
-2.5807428645525685
-2.547770905691712
-2.6683453500142305
-2.6705065493815607
-2.9578143833304877
-2.736705730831702
-2.866944549032568
-2.8765642868858716
-2.8060174158374593
-2.7450188749702056
-2.902016633976939
-2.9301981604648506
-2.4854572648224025
-2.5920492898805487
-2.6566624863431594
-2.621271780388343
-2.306809524971049
-2.855057779667316
-2.5672266750196115
-2.7044686303850898
-2.7587095686038494
-2.690567292629645
-2.989093747639555
-2.7525649964259737
-2.618975621850175
-2.454012556815235
-2.627283363415201
-2.7562490178474017
-2.821110092506493
-2.4788693553141625
-2.3888217108144034
-2.5670720355578127
-2.57514752868197
-2.537334895646175
-2.5725470973471203
-2.616034304380025
-2.3209248105161806
-1.9999107523289008
-2.2390422600751374
-3.567031055670438
-2.4141928938432646
-2.418738678903047
-2.6919826309968746
-2.7029856047635206
-2.7679060778265154
-2.6300318414865678
-2.8497338949733817
-2.481737830924554
-2.4817552428606526
-2.4557891483132046
-2.5747923186864403
-2.555286177157761
-2.2187003648352848
-2.938669768806349
-2.8240111678070097
-2.874004445772122
-2.4888208201578217
-2.9603039546711476
-3.078455525310764
-2.849968341278095
-2.5756784492148936
-2.7713322298898615
-2.4974781373053405
-2.354443831192131
-2.02886577751365
-1.777396694579352
-1.9616798989782938
-0.9841264180982022
-1.6261248455989117
-1.7154554030781493
-1.5731563768508932
-1.5462787282492505
-1.6491299000142814
-2.0637043759872475
-2.1962717062652026
-2.1477518465623144
-2.2127577737028203
-2.331782911355493
-2.4861718130982196
-2.6469922335925067
-2.777738360331625
-2.570897141924488
-2.5891878473091388
-2.6068192260390566
-2.385194591602829
-2.6495680880795485
-2.7297296327973566
-2.6408471139583107
-2.7387845702683733
-2.656529130767682
-2.3796070659733783
-2.3710366790945585
-2.601714598991814
-2.477123055489292
-3.0105859315918524
-2.585465270327446
-2.4897783765105164
-2.565794035891292
-2.3887162237708295
-2.5091198723811514
-2.579939836620204
-2.749886716788774
-2.6270339293094556
-2.758753854702474
-2.420750854214267
-2.789077900460972
-2.7187806543700415
-2.915853641497763
-2.7841289939148965
-2.606201466263562
-2.342745622348727
-2.5349621749242606
-2.505057224179237
-2.3416413836548267
-2.244798192628829
-2.700353383092659
-2.401287899230907
-2.558823764559166
-2.490619549233866
-2.639583204705724
-2.7455447135838162
-2.5817804910532
-2.450719301521965
-2.5259453812455814
-2.6251629162011807
-2.352391875091296
-2.334278649571855
-2.629768422107143
-2.720688976550207
-2.525436010871735
-2.5233084233314296
-2.395127435125943
-2.8394293932418755
-2.606967743405112
-2.603601306925751
-2.5433436519511674
-2.824501162100406
-2.480525687027254
-2.7434190581661597
-2.936196806959315
-2.755495345013369
-2.832156034236567
-2.6063557265766693
-2.5881734038161572
-2.377045260469926
-3.263590947539439
-2.5614760222257145
-2.821238895854517
-2.3998391053687516
-2.632227420203837
-2.844678289334322
-2.683252706949507
-1.8441747409919687
-1.7051026393349455
-2.067406398709629
-2.163883995592431
-1.7335800433634116
-1.8712820707754676
-1.1701511534954718
-1.0346180364036222
-0.9906390705402196
-1.1536885449897207
-1.2362784895062526
-1.0663202647880732
-0.6763350847141931
-1.2391810159961187
-1.1461021559755649
-1.1426341915450395
-0.8851736748547917
-0.7471346671784899
-0.9701968591369092
-0.9726973634343467
-2.811730569859083
-2.420601288362943
-2.354974780472222
-0.8306767040636301
-0.814019479637938
-1.4034850349474066
-1.5773395154777559
-1.1956931461064628
-1.2663064708422622
-2.4543283375186333
-3.0514281714601434
-2.9112890761797274
-2.732469765448759
-2.7766964048346328
-3.0388774795013878
-2.600570965698098
-2.8182320611819347
-2.800800597662816
-2.854581294490471
-1.8721602983507002
-2.3952894616241864
-2.6352523086825252
-2.6342731434880102
-2.6425368522275665
-2.6074210903269144
-2.5237775605895
-2.732221320454882
-2.621804884444457
-2.563462755373763
-2.6113869254014554
-2.5647384961990127
-2.686347325906313
-2.6602434388331204
-2.7013131155602745
-2.704512019947145
-2.63895901359303
-2.815967985326433
-2.8041836232280515
-2.8608420131558594
-2.5599316881338243
-2.314457811779435
-2.3994571892940257
-2.6606244811339796
-2.6671939910487614
-2.3109718566771873
-2.441298286677433
-2.2970574959708974
-2.317094716842713
-2.2922907177179033
-1.856074713563865
-3.1035991142573196
-3.085891029709136
-3.130176318031023
-2.9856526828704752
-2.9441394146120192
-3.1026683439803016
-2.9122056070811877
-2.526351449857573
-2.615263063411701
-2.5894867248427738
-2.622664227390799
-2.5856020381298235
-2.5715039908544095
-2.6207567518053856
-2.612465683367163
-2.7657523191226647
-2.554809351582158
-2.3373696327700575
-2.2132350693706546
-2.851639946085403
-2.870948927380203
-2.950480537707554
-2.1464939949304633
-2.748523245585779
-2.6314812765239703
-2.6339189330756887
-2.443832437373672
-2.6299022335771545
-2.5159345408675136
-2.935436729583496
-2.588392888489555
-2.68855561122518
-2.5763939098168396
-2.764540130459601
-2.6730633921693503
-2.3351732531219977
-2.596122566854384
-2.6648285513633923
-2.763349005100269
-2.827344332558182
-2.619706608944401
-2.6185903758847795
-2.4287639073381424
-2.630173354666974
-2.506990922494004
-2.717628047811094
-2.745113089086452
-3.0357617818642693
-2.650706739915581
-2.627731788754816
-2.2908329522254163
-2.6128561353258957
-2.4929863143739137
-2.5447989513472247
-2.5993372340723266
-2.5429653014562104
-2.644644965100578
-2.6210230846416827
-2.5411405045743494
-2.5800443897858023
-2.987794905426362
-2.6685522507668256
-2.7629130082364615
-2.907509612633418
-2.6322096092246423
-2.876713196210583
-2.5308416490729417
-2.627580260177129
-2.9643507999853407
-2.8717192857584024
-2.7698542677415285
-2.8333814943548505
-2.8372591010615076
-2.73532481839495
-2.539624405729392
-2.5571405768768134
-2.40187141505877
-2.3197991291871394
-2.3557937495829493
-2.2594715931986187
-2.6318704757906253
-2.5144146861235517
-2.505094706956591
-2.6275573575933118
-2.5909166981090794
-2.5525079540720834
-2.9683368509110846
-1.9440947222150842
-1.8669314372513335
-2.228359975563938
-2.548763290256626
-2.0584038157033233
-2.461902858102661
-2.0074775079768257
-2.0136440862382714
-2.718330691862767
-2.385797760992288
-2.448094068332001
-2.320619474289198
-3.0483337510286947
-2.9355803812565777
-2.963408998549462
-3.3492462313361573
-3.873167182145616
-2.5020545832671734
-2.6834006213790875
-2.667008805301288
-3.4290332015442986
-3.303948102002265
-3.571105912517524
-3.6131118059174385
-3.547130782681068
-2.6268476091003823
-2.738139623172344
-2.6024192270295483
-2.9281743631455126
-2.446617468686256
-2.6170373862692418
-2.6868639738775393
-2.881658444585139
-2.7215102733299266
-2.658871676441549
-2.760505628045817
-2.7971236655518625
-2.6699625997230183
-2.8049593536541773
-2.7460522894545543
-2.5724201716172588
-2.5107767813204
-2.5598207840531364
-2.585874424599929
-2.6397071921750555
-2.5443334173832595
-2.9222896971947483
-3.1088456503320465
-2.2921764989569517
-2.5293215888144798
-2.453288399596628
-2.81654086459182
-2.5822380772988955
-2.4557635994253504
-2.524275659339968
-2.551041028538918
-2.6415270779213778
-2.6041867645989893
-2.5943851106425337
-2.6680107478358384
-2.7740879770197036
-2.7206194498338525
-2.749888644518445
-2.6801704130227537
-2.7565862031713677
-2.8144820076601027
-2.8212588871802113
-2.924310125649072
-2.538367975566951
-2.792671410189879
-2.8377399603232054
-2.382758624178744
-2.475571098230993
-2.3970129136856877
-2.559583410859219
-2.7695462921846183
-2.5720155265544205
-2.5117730369601814
-2.8834224759309723
-2.248701730938651
-2.4440632129809563
-2.459180660925123
-3.026723374941038
-2.9138808285882125
-2.7077314829775117
-2.7551932162366666
-2.7974308758901825
-2.543249076269386
-2.616298763073425
-2.611910882361232
-2.5693058933510198
-2.6555696260722157
-2.506336705632934
-2.63754839446721
-2.529291592236281
-2.446970987698994
-2.7007151987978038
-2.65564716442707
-2.639334484633318
-2.461070735585655
-2.4206820216760643
-2.2598905225885466
-2.448628442593805
-2.2522267354274006
-2.242208156999122
-2.2514384007158736
-2.2273187071673486
-2.9810749911356087
-2.7378654773931728
-2.5968801674273148
-2.5324257439171816
-2.7402436014118434
-2.4847670152772743
-2.2787187502901483
-2.5436665859259575
-2.477388128666341
-2.4398056293006474
-2.478616657404711
-2.4451538755845137
-2.6278297412690605
-2.67564185420933
-2.615751178525223
-2.491926287441728
-2.470807258726247
-2.5796585712509925
-2.5823246565390563
-2.584009137053749
-2.6482557762893153
-2.818375159361937
-2.4080474314087357
-2.4257299346968764
-2.476378290753647
-2.4490037935621425
-2.5320011796406536
-2.6542424447108846
-2.6020836597245185
-2.5325310727576924
-2.3818628497398353
-3.0074653709649253
-2.7915964842663366
-2.756115293326651
-2.679642060132675
-2.557258794623024
-2.6262657404051217
-2.765567526576996
-2.511021960019456
-3.12736854911423
-2.463165665267052
-2.7075421108399773
-2.542268195655854
-2.7061957002601917
-2.696997855033754
-2.6363878844282755
-2.3056990251432765
-2.947691757114509
-2.967697371837341
-2.868981462560642
-2.653978259408336
-2.6651016217683643
-2.4120097149375948
-2.183887572483655
-2.8138159253459123
-2.448485698386546
-2.44645026589474
-2.4082781947870955
-2.699922162659112
-2.769826106498855
-2.3966876711552323
-3.1090869951116487
-2.790561194477824
-2.3748710698487905
-2.9144463335725703
-2.4424885479075624
-2.5508215220665917
-2.7569914721584206
-2.72873115652508
-2.7322283355243746
-2.670212310521967
-2.5727612350568294
-2.386680443510045
-2.7835205850798337
-2.8905602303214035
-2.6610351976483035
-2.738917467001147
-2.457107776536112
-2.2277129231634274
-2.9291069115087978
-2.740360050200123
-2.438816738072162
-2.359292708559209
-2.4668498445978213
-2.9484256049056348
-2.6612938711939518
-2.8849194280507247
-2.7300366949116244
-2.5122200345871755
-2.642930823275603
-2.542672946074003
-2.604036505843928
-2.619343534913518
-2.496967056597436
-2.562082929274885
-2.350323860088438
-2.630169456133733
-2.4652143753541518
-2.7101846184739005
-2.7755016206641705
-2.65836143233805
-2.6831421792037813
-2.702373854920195
-2.7360906152732833
-2.6170655843656827
-2.649847908947499
-2.500400882148731
-2.7252073682366236
-2.877855922587239
-2.892421567704229
-2.6486014112336576
-2.645759158616804
-2.736020866542053
-2.925625767341575
-2.9078893829434316
-2.950019948332615
-2.9377458047893574
-2.6911958278801795
-2.4379255852336796
-2.6839540330419114
-2.4694198989816636
-2.86747347571934
-2.558227176164239
-2.625372823507026
-2.646318291356824
-2.8833114732458847
-2.5533936987685877
-2.643973830044842
-2.7127020778719277
-2.693577975116834
-2.4517309863351855
-2.580139427722847
-2.688039169179865
-2.403627678505415
-2.3116509407378003
-2.720932116101925
-2.5305043643289604
-2.532571367717279
-2.5827140919472362
-2.555018664111818
-2.6139716950878586
-2.7039576671527437
-2.8105517912785896
-2.5590323900610996
-2.4024975126795125
-2.3914442368781192
-2.427595970689968
-2.3521124230618162
-2.6269622652933386
-2.47187605955191
-2.282428852877868
-2.452760057805903
-2.612496133530827
-2.5928550957370637
-2.5927661717301294
-2.5139581473262895
-2.4255306025664174
-2.3169878584715238
-2.352770193390107
-2.347726330484352
-2.3416741639366374
-2.2752577188203342
-2.1616069670004103
-2.3650218194119272
-2.4293666759231156
-2.4542099283012204
-2.4458385525508644
-2.7808193346413383
-2.72561284238477
-2.4839055746864
-2.524275274189438
-2.6556124296744685
-2.854156695861037
-2.7775143731474112
-2.863021693793879
-2.871142289319508
-2.610368322009976
-2.619449204828954
-2.3281084214942114
-2.319997004273737
-2.381899804263739
-2.411686040944252
-2.5132998905086725
-2.47515276493573
-2.6096149952403986
-2.1356310397028464
-2.37060046978021
-2.477738899974096
-2.49293584409318
-1.8275484840929581
-1.6137872599851562
-1.2115861322115518
-1.68066659968162
-1.8931639256167851
-1.7278381252248003
-1.8440276763040624
-2.6246893701404237
-2.8352620807719116
-2.7928548910985063
-2.7653024424266484
-2.57031650812387
-2.6768269309155595
-2.688895801325737
-2.3780507920458014
-2.513080734249504
-2.673856368446697
-2.4580995900392875
-2.892215647187392
-2.6231049883878215
-3.072190446825653
-2.7970625324046607
-2.758142122925647
-2.52260363448743
-2.5977015647955697
-3.0387846515371217
-3.0823729086911635
-2.7128979675038156
-2.9342712816300147
-2.5120441289090842
-2.4061951218216104
-2.2651473781097757
-2.22504560478873
-2.2254425432659044
-2.300650222957315
-2.2708165570519174
-2.1445884145643697
-3.107830312797914
-2.7649000974375784
-3.0781524984079436
-2.9195890257225052
-3.062681146514275
-2.7808583736002164
-1.8784037768800297
-2.3268588687681717
-1.7250585837125316
-1.8313878789372513
-2.384652313347126
-2.424135594087561
-2.552471729034333
-2.543283189340771
-2.684213425439451
-2.4904523137841204
-2.7325461298692324
-2.921367292283772
-2.592942250500738
-2.647388913368157
-2.5942633128858716
-2.7302379785490825
-3.2425703736236398
-2.963490758149989
-2.6907930194459504
-2.6655489001613573
-2.731446033198534
-2.4998510437675434
-2.6375943710456773
-2.6870381528168266
-2.590414953362714
-2.4024280984916513
-2.4372262813091874
-2.5696143701231446
-2.3559124123432404
-2.3366805713376575
-2.754200781150798
-2.7296944557301654
-2.4339382447723037
-2.5663769193599317
-2.586988115921556
-2.5550857922685735
-2.5659836919865286
-2.4681316806141522
-2.6817791542293263
-2.77038351322933
-2.7884131688648184
-2.864227591614634
-2.534020641401931
-2.4341156042171352
-2.576792797478357
-2.5511885560413927
-2.4422641647443863
-2.270653346734281
-2.434473098068656
-2.5355542200396317
-2.4848624818679323
-2.7541017193466755
-2.591606005441872
-2.4946730481924164
-2.7369401447293162
-2.707532838442727
-2.8845724371422916
-2.8051539732038053
-2.7547316766005556
-2.6788289590505494
-2.3007353637731685
-2.5668381711190706
-2.543365467522596
-2.3372101554065448
-2.532451805971546
-2.854445889731036
-2.7091096055561827
-2.551991723869972
-2.704297002237419
-2.749170809098743
-2.835036801979701
-2.5316157240884865
-2.713725956333942
-2.5598483292536485
-2.8126438241723837
-2.5055852500302547
-2.5474904591692997
-2.7955583890215974
-3.08916402248204
-2.6245310366669186
-2.669171003159935
-2.864881112199508
-2.4242056484416916
-2.888684443039501
-2.2495021528994776
-2.591782343195424
-2.672141530424839
-2.5187812245826877
-2.490934361848493
-2.3919399995869584
-2.7142389237140696
-2.624168826142896
-2.463293055027814
-2.5742373659464453
-2.598980867569139
-2.732897232844146
-2.458059186960211
-2.347627595226424
-2.445692652130827
-2.2122567597649776
-2.218902283103465
-2.309027946932902
-2.5554211541269147
-2.498573325028353
-2.660283459274603
-2.5354227133691776
-2.385328178369439
-2.506877433537887
-2.5848297652645096
-2.580318719675933
-2.777636407681209
-2.4985508340082103
-2.3900531835404646
-2.2589331123597325
-2.5436081743138925
-3.07735971247268
-2.8282292377604943
-2.983632706493118
-2.5749993390240076
-2.6896800907277787
-2.6476053054796314
-2.56076513198138
-2.9739454461381856
-2.699582233589016
-2.623631213173385
-2.6960040427531986
-2.7396952032998576
-2.7003951152610406
-2.670796196129956
-2.830923441557996
-2.8410350499379433
-2.832154555656437
-2.4060832889498416
-2.603712554338028
-2.8695979419024016
-2.4828473607377637
-2.415275620978107
-2.370996098789481
-2.445085648993435
-2.6545091002224264
-2.5575898640470656
-2.4260385924712025
-2.5744277677637872
-2.51442092179012
-2.5196021856719755
-2.693998909600494
-2.6652528096954833
-2.5697756786443136
-2.5727728526504303
-2.582095783809614
-2.4163918679737444
-2.4796973132969464
-2.589044670665842
-2.77283052968985
-3.094089001474735
-2.8068935040565557
-3.069992225950291
-2.6600799457024262
-2.7226960339935986
-2.6069047996168404
-2.44258770875306
-2.6276403847578105
-2.6496414734811613
-2.6378961077890057
-2.786450321082054
-2.319350067724928
-3.20927568443095
-2.2672510227855955
-2.64196365719117
-2.891429188105067
-2.496095330482645
-2.58903876884445
-2.8141929313168914
-2.4934175394707574
-2.4672474945122147
-2.3487164896556396
-2.6213757638483717
-2.6089818885365297
-2.6397808825359457
-2.653557784627447
-2.6404308291350183
-2.72383509268629
-2.8778694018462043
-2.9968146831671434
-2.754858726256795
-2.5341275372050744
-2.384683909277019
-2.616569969045622
-2.9845239157550947
-2.2715807470931195
-2.5592769247750837
-2.119464626643012
-2.726888383121968
-2.4690881953211163
-2.480716016074902
-2.3429771486139956
-2.4446084370963073
-2.5398577102949025
-2.846214677936289
-2.6961760806907757
-2.5443264122631772
-2.623578920273552
-2.54359263668878
-2.7807278912799283
-2.419783486734363
-2.5787523517952815
-2.43518711682098
-2.609609430701688
-2.851901993243494
-2.703272173079025
-2.8006782972089637
-2.770161460999624
-2.476182570797141
-2.567097585815325
-2.580903941034456
-2.529691146775615
-2.4339805506916967
-2.6038080832820936
-2.715090312910575
-2.6499900269037027
-2.5117333491868616
-2.5804703161327955
-2.547812381366363
-2.581084771447463
-2.6824235714091635
-2.6916978634237045
-2.431783374203996
-2.4535696307856116
-2.5954682063755516
-2.7089124206860205
-2.9330394729580886
-2.55863004155751
-2.5211421612360505
-2.5025599411667927
-2.4968303733140393
-2.602586677666714
-2.5571933670565015
-2.4765141745491692
-2.4773744317719073
-2.5179537955246745
-2.3370484797632862
-2.4247759834191136
-2.3027010538793253
-2.407725584870486
-2.6496131743200326
-2.7928462327743824
-2.4900452008200658
-2.6391034233433532
-2.5193019020171223
-2.414879131326218
-2.7054066832681025
-2.719802203803567
-2.7519391452504527
-2.6308280457819286
-2.7599512610628696
-2.4004919462669045
-2.7263632705705043
-2.8569570514814644
-2.683942216183021
-2.9420917986799915
-2.832121307303961
-2.542920423268512
-2.5667528186789674
-2.37198845739026
-2.545464755550008
-2.421042030454928
-2.3670718236658663
-2.349516909361853
-2.547515905181709
-2.6323716133875985
-2.5343255450027793
-2.7134118462350774
-2.849057453583524
-2.684733404026199
-2.4866571478359636
-2.6565455349709355
-2.501063501802037
-2.6721030305652236
-2.7284905666522823
-2.732493871469858
-2.738829995826603
-2.650419813118171
-2.650419813118171
-2.5766247749593383
-2.4982180762590236
-2.6522661929187046
-2.5554581336370257
-2.8794748939587613
-2.758411818760464
-2.582876408775972
-2.456525404162295
-2.453309619298735
-2.534444589058078
-2.538529000742891
-2.7110451692908644
-2.6527401816755924
-2.5456035786215767
-2.7629874691125837
-2.6899197690262224
-2.458078552395893
-2.5851265879025656
-2.227220286796232
-2.7873890200571716
-2.8689358905068394
-3.0128881270725127
-2.6975598786617265
-2.739925978809089
