0
-2.148540804439511
-1.87444409902952
-1.8542028273548548
-2.4245385964263755
-2.339800687489375
-1.8251995490487356
-1.8909364939767928
-1.8470021374348455
-1.8991774609543555
-1.9023620016545166
-3.19293485875875
-3.0180288789528986
-2.6403941965973483
-2.4224462952072607
-2.263259039283878
-2.9488749990972027
-2.0299547143000765
-1.758964490080994
-1.9274185788544758
-1.6551147632698109
-2.5216248205048064
-2.5039370761073094
-2.3556709050453275
-2.370801055804167
-2.1435708855877
-2.7572890313462515
-2.2119270374465714
-2.606253967980889
-1.5268538931560063
-2.3367697705487642
-2.4568194481679275
-1.7786600045083083
-2.1390353464606298
-2.246414770022931
-2.1867499683368568
-2.063000248658617
-2.3410046841749064
-2.0805740005930757
-2.110460307214356
-2.011709168269095
-1.8338986726398532
-2.560962362959471
-1.9127999699101628
-2.8213932332055833
-2.252378641238975
-2.0061370301808457
-2.1420925200040175
-1.6734441141071508
-1.93972071601402
-2.060161238231294
-1.91889551212742
-2.2788379348782253
-1.5095266656586603
-1.9891978010372624
-1.7239276140441435
-1.2524731106706857
-2.285654137059721
-2.3353954630644
-1.9104367624117542
-1.9364875723348678
-2.5589244839538363
-1.7642235652757314
-1.890311107646657
-2.074535253862403
-2.094234064642171
-2.1037114829517574
-2.2627227477026066
-2.770333194168257
-2.1691897250075067
-2.2610943679100166
-2.189807747860934
-2.4879501834042417
-2.6655407173404115
-3.059710661023341
-2.681265970638504
-2.221081821814452
-1.710175220610279
-2.3483146145493574
-2.021301152135512
-1.9891123132361082
-2.0259802061712318
-1.6249258163658185
-2.247518892309075
-1.667329361171568
-1.9919641768415115
-1.9633824134080835
-2.256231266670091
-2.3286537602807855
-2.619922095268549
-1.5826265229520233
-1.9602400602334566
-1.8905081352088893
-1.9757074383929574
-2.0762676630941344
-2.4197270227166916
-1.8067817035481812
-1.7326848835145712
-2.1128197936298094
-2.2216982767265443
-1.6857918500202145
-1.672269506129371
-2.4041736684521746
-2.2352343601506983
-2.6825880766365797
-2.4974940132753125
-2.6209907094693174
-2.333011212150859
-2.4650759484931384
-2.3416039004624127
-2.7351007482534033
-2.6929016427026786
-2.958991763243854
-2.2356321666182772
-1.7572765835559632
-2.017483644900857
-2.323607688564289
-2.088808696956856
-2.3404945991899466
-2.1478387634474316
-2.131896839935894
-1.8542691663925126
-1.6998322927214047
-2.1104264600442315
-2.0446565827419736
-2.1205962304147206
-1.5043281178470997
-1.843845033274383
-1.8112130881686592
-2.2023252958263453
-1.7049018472407211
-2.587486675362936
-1.8077842875256755
-1.965773422589351
-2.0445643542258147
-1.6867126551268157
-1.8179093874207193
-2.170798325014302
-1.5638573472688555
-2.4437912701524036
-2.0095506930140448
-1.9640743912572667
-2.1894713063382762
-2.085100513065885
-1.7948870896214852
-2.871111491009407
-2.2058741754838405
-2.5169002233923705
-1.9627093095832846
-1.7765828629305183
-2.4411100483200787
-2.410387373781807
-2.3368864289378823
-2.0521232709805672
-2.3180092029521937
-2.141849592112931
-2.295316004722938
-2.4534955528243936
-2.2905545954757547
-2.6837481528749096
-2.5226001653602985
-1.8859552326009459
-2.4456876905283567
-2.063341033663114
-2.0242606283221214
-2.6334187499095445
-1.7501300201425887
-2.923530922715249
-1.9902023913715876
-1.7606125495841862
-2.0822919819724124
-1.982157027295869
-2.1960585830762405
-2.1362687099703805
-2.4712510547330533
-2.2656732345282804
-2.3297482601232717
-2.165123527837784
-2.2665673170212304
-2.4951757856818184
-2.1347155497743775
-1.5509103921323781
-1.4276713864833446
-2.185100550296876
-1.8968725906889117
-2.521873111740452
-1.7133324308057694
-1.8516549058463845
-1.965756565210294
-2.452644259286413
-1.9298315788476934
-1.7874758882509993
-1.7794997738761824
-2.062522564871947
-2.430505916687201
-1.9897975618290884
-2.0483034908685664
-2.0905411191272787
-1.90469933976249
-1.838625903297371
-2.0752707884602453
-2.040244210478601
-1.9685445023657648
-1.7376782137369715
-2.1048005389187896
-2.2213454046037135
-2.025146649736287
-2.3786705742384417
-2.328198343947295
-1.5952573846345277
-1.6373940028492502
-2.469210958952898
-2.59511898708054
-0.8464796945582981
-2.435214127294636
-2.274525979449172
-1.7067497681045931
-2.046567737567931
-1.6038501766678854
-2.557774661684274
-2.5835908132732124
-2.413230660992721
-2.092547689024168
-2.394304838375168
-2.0290283145360344
-1.650314201929264
-1.6944070259638042
-1.941574108212457
-1.949723875206515
-2.3736954567810855
-2.1729174458407168
-2.2231125134797804
-2.327862354247479
-2.3276469009557257
-2.1821791702342663
-2.140851314761402
-2.3109335402921114
-2.1261664068411106
-2.027044059405379
-1.8979353296303854
-2.9305268094000505
-1.8594944046584934
-2.503401932091726
-1.5512866740459523
-2.0649833851633614
-2.4134340660150753
-2.9804517802864696
-2.3662659388080334
-2.5541525271636436
-2.443160105057433
-2.820952731484988
-2.1186782786703247
-2.385924687487256
-2.126169607499284
-1.8507599097205538
-1.5410011015445022
-2.2186734349238817
-2.036251533081385
-1.9574611118481215
-2.0855980907488334
-2.07667055520028
-2.026412987154727
-1.9720511782666925
-2.018830137800105
-2.476989469569534
-2.4550986959662855
-2.2747194660517596
-2.5280154280781253
-2.346284803065463
-2.0100443094550786
-1.7022055350615264
-1.9467436064242953
-1.6367047241779324
-2.0862792722686883
-2.0799234847659225
-2.1511711831706437
-1.9957639754154772
-1.3665885323719604
-2.352572124728549
-1.8974013781015346
-2.193483716682939
-2.6987865107882643
-2.0783904515155203
-1.3793384140151779
-1.9635840752081557
-2.718298932741542
-1.5191623261419767
-2.4993291512763145
-2.0670166468363127
-1.9779320605249608
-1.9779320605249608
-1.9264463321903753
-1.8338105533599316
-2.2481523780109858
-2.2236048343933397
-1.5171465271063653
-1.8275648025192694
-1.613698045857657
-2.7795306304231504
-2.253571371044921
-2.3133163583190504
-2.248889626177765
-1.947988366355409
-2.2388698504183564
-2.0051341342509024
-1.2379017715169713
-1.3947295032850038
-1.6434129559071096
-1.8701786170907255
-2.3751999915464674
-2.4452959180526377
-2.1274982539308516
-2.117494118660359
-1.9160417351172945
-2.1685280089694845
-1.807159587053965
-2.057813488674404
-1.857451940649536
-2.3065360606195884
-2.124771068599521
-2.0500419914705437
-1.8106936174878556
-1.8539427933495516
-1.9617845562247669
-2.0949677331059346
-1.944950652984849
-2.137894678709519
-1.3741374842162049
-1.5759548435329611
-2.1146627737291697
-1.8701103855516623
-1.9154184832165713
-2.4368668879240714
-2.1339828444258186
-2.6939407134372524
-2.2009236178660054
-2.407063380091063
-1.8366303889388471
-1.792577611920819
-1.9984274446374386
-2.1057594858688344
-1.823718563020106
-2.222855780500898
-2.31781823522498
-1.0875945391157547
-2.811151027514742
-2.704523958316518
-1.8566596075959072
-2.1976989556035536
-1.9742773552106052
-2.6224393628254585
-2.5812658114765443
-2.6567552271628934
-2.74396137113062
-2.060529267226795
-2.5216455615484676
-2.4150332353891013
-2.3636577833743155
-1.6880784308629389
-1.9101497358908912
-1.8158460185349465
-1.7984436183728743
-1.5981055237841035
-2.4222090517580956
-2.003208015951669
-1.9101244342808184
-1.8887870097488169
-1.9188331090011674
-1.8138767181966855
-1.632599484057922
-1.628488492471962
-2.1482799984895933
-2.1184321282017526
-1.9287853863235254
-2.266464538076489
-1.9550257015855825
-2.245048953372523
-2.0129272195810044
-2.300465850655493
-2.66236806471064
-2.6466074552523486
-1.7999704808752297
-2.2382992593290214
-1.8046159458096678
-2.139786571804558
-2.033550858604322
-2.0826936027485177
-1.3504249071156516
-2.4371450277082687
-2.1236290259763275
-2.2470159808854673
-2.013456181613144
-2.395058877311548
-1.3396778682522679
-2.1788608793543824
-2.3511170700076858
-1.804834277768192
-2.4038635492486984
-2.021470965400003
-2.877283450315353
-2.7924810379695564
-2.8052390884043232
-2.645866862015415
-2.168721591914191
-2.0193594617719217
-2.4125359752053073
-1.7640169083580717
-1.4942337334559153
-2.102649652869364
-1.1606102495040092
-2.184631176522853
-1.899268885806917
-1.951606869914856
-1.8033983379152279
-1.6025892397842643
-3.52275332190985
-2.8732158374692696
-1.8821011295429613
-1.9814360171383238
-2.4495904272783853
-2.16497135434571
-2.1505717843852867
-1.8483526015443335
-2.6818362234653903
-1.6054241236603959
-2.0051785343106427
-1.8389945574283986
-1.7817473250593436
-1.9199602953895
-1.9750293660559262
-1.5668718983535985
-2.2236068631975763
-1.7563189537629846
-2.4907637378697225
-1.322927557443078
-2.2251090504014175
-2.5239397814176177
-2.0537654719175644
-1.9909768151799407
-2.0621840313677473
-2.0621840313677473
-2.0756244931728407
-2.0833578521986493
-2.097997498502203
-2.085134944283707
-2.085134944283707
-2.085134944283707
-2.132587859373888
-2.1204272558931287
-2.12741501470096
-2.130998609151811
-2.1317694506066385
-2.148187285767597
-2.1541962014447043
-2.1541962014447043
-2.1534375721264936
-2.1377238919209915
-2.1513206011057133
-2.224220685644511
-1.543625315845197
-2.357661343582253
-2.2132494836556256
-1.9394109538858402
-1.8718153589519082
-2.143402637509879
-3.1127480675054544
-2.493194577524153
-2.3884490201056443
-1.632771294276026
-1.9695371670123376
-2.3372311895114994
-1.022261246676033
-1.7919512886908804
-2.182496050674078
-1.9245076022040783
-2.1093527149799933
-2.2717613724383785
-2.0618128960518654
-2.4795394669207513
-2.0994541354728504
-2.2778932506175025
-1.7842001605234117
-1.9623644405706484
-2.1025326455161757
-2.4725218421554884
-1.8874067093193678
-2.321902788812997
-1.7903941813734179
-1.6478631367737104
-2.718163184779393
-2.0283551415050685
-1.9393383438940308
-1.8177214147623608
-1.674724043374665
-2.628738689918897
-2.154061670431333
-1.7974635649725912
-1.7932955162229085
-1.996700847553593
-2.349415003766195
-1.9981329436087003
-2.348893538384275
-2.330290553262206
-1.9970727396640224
-2.475156072822057
-2.297337055609294
-1.8954114202805266
-1.8945941607347905
-2.2265939764452853
-1.669950836775608
-1.9982692502476584
-2.003876042281252
-1.7323804748433824
-1.8761181571130612
-2.2869292547018665
-2.1458393475911626
-1.7388483602966898
-1.6694657281988896
-1.7691171359458147
-1.5854716276873677
-2.2068549074182355
-2.0064908194829947
-1.7539171528137147
-1.7179279078523102
-1.404996312413932
-1.7553523159402769
-1.634393382811773
-2.2188515875954162
-2.0421264924601057
-2.0764768336037394
-1.7047608885539616
-1.812159748692582
-2.187048594337469
-2.4560032535043677
-2.538407914747526
-1.726871989844446
-1.7689925306651968
-1.698016247584282
-1.9976073410131885
-2.0188712432222413
-1.7419419214947411
-2.160788169866066
-1.6764033798458275
-2.2972075386602295
-1.9693742688338072
-1.9140097851566338
-2.0455242212464917
-1.522763192752027
-1.3675715314264463
-1.0495614305402279
-1.9861343510327862
-2.0049354226545364
-2.0887497737671468
-2.294046967682862
-1.726651886586825
-2.386625497207137
-2.2185306614428306
-1.8735064018929435
-2.1845933376782503
-1.4956399049873537
-1.569485439214229
-1.59505746426902
-1.3578582982070964
-2.111502621617369
-2.0211480399691397
-1.7166531996268741
-1.8911518645502985
-1.7582042053039175
-2.313733356261949
-2.354614048229492
-1.8718047560759967
-1.7511032375542266
-1.7097473946929886
-1.7594749337965374
-2.1380527562612834
-2.0683136497632266
-1.8843662080194157
-2.171644842561465
-2.1731747546440014
-2.1007115456668286
-2.095077775396895
-2.0414114143578406
-2.035958878231498
-2.124357486001408
-2.3305641950865374
-2.452823617694564
-2.5414368401123246
-2.932323740354732
-2.8306839001667266
-2.370890409917739
-2.4248993472684037
-2.119547257633224
-1.7864807051724858
-2.0604879040399395
-1.9518901993740105
-2.318862406849601
-2.5784662386888137
-2.1930036427215893
-2.1743687601549175
-2.382913682764644
-2.156892360219113
-2.041162501511559
-1.8113535704028962
-2.1543531371814084
-2.395330385257133
-2.402780584032899
-2.5771408161093587
-2.796908769526541
-2.486964821756213
-2.545472623020189
-1.9434129428065612
-1.6592032700669441
-1.8887756350830458
-2.1499958429373267
-2.0238288147189745
-2.045433496030361
-1.727319355156613
-1.8390798740258256
-1.6290421096838492
-1.5816698607090796
-1.664547024429347
-2.1096696286781627
-2.185016430140341
-2.0898255796120138
-2.130117121789711
-1.890274782952258
-1.7476034776412326
-1.918248359153393
-2.054016582792458
-2.4133221766398356
-2.0684703066769017
-2.0570328392449246
-2.1416719923832366
-2.049437252396404
-2.4160558588687406
-2.679579135256248
-2.380280313792998
-2.0697038138278523
-2.4197828718340633
-2.279657486515292
-2.3145961283889624
-2.0320835463154476
-2.3447466813927997
-2.377750373385678
-2.396343368997065
-2.474960716538779
-2.4225888253731753
-2.6473226344072365
-2.644939351437008
-2.5290233233573653
-2.4701287508268948
-2.50530310074734
-2.8342727165593415
-2.7264357041806355
-2.6089095498830597
-1.9671776075504335
-1.6664710801228864
-1.995265456363342
-2.570186078190702
-2.0223886169775156
-1.9335743332009814
-1.974010961735382
-1.7189776815099291
-2.872046487977857
-2.7123775338711646
-1.7607745093007683
-2.153412826799387
-2.390900548278743
-1.6614642554134036
-1.532561309667051
-1.8080556549887228
-2.0175476413557836
-2.1972836535712976
-2.2902666207173743
-1.8754623882984274
-1.993062542572842
-2.0549224128199834
-2.5149543572994384
-2.194126479580608
-1.9556908882594999
-2.2046334630900937
-2.1219559409750386
-2.0312874494051725
-2.439687037467447
-2.0562921282066657
-1.725929030144607
-2.40212686216752
-2.16748361606243
-2.0453319403882495
-2.162865887797654
-2.2988189406954413
-2.1319055687687944
-2.453203578174486
-2.2873985865073063
-2.181083687141473
-2.3381988187835065
-1.831480983703644
-1.7925663730771457
-2.0094018933358937
-1.9678957366883865
-1.864243139615954
-1.748395618661488
-2.2084560816107914
-2.5688708363706088
-2.1238995797083584
-2.096165085999291
-2.234234536156299
-2.274870990883629
-1.7673767261302102
-2.2890963928964476
-2.311473704923712
-2.6033781028563125
-2.7887344341149425
-2.4168994630600813
-2.459522845995183
-2.541354250870105
-1.9862092956471233
-2.145958628087551
-2.1603607727678
-2.1196160600745544
-2.49650526288692
-1.865108762906361
-2.1288550421894197
-1.9457003171779246
-1.90049649208374
-1.38998087412426
-2.032195344759359
-2.5128518852137196
-2.1160916746982954
-2.228594695677758
-2.3396622571678827
-2.1877159067159
-2.3288459374643202
-1.8223374081592578
-2.4738995320655683
-1.8295622923241244
-2.755604865834755
-2.3016926868638237
-1.7521507568615862
-1.7359761825735478
-2.10564043616103
-1.9068461417498765
-1.767307483704458
-2.2051970460695194
-2.3963208291293547
-1.8814519166066157
-2.3964650308280757
-2.3292870861844426
-2.0981372977056933
-2.128996968242262
-2.333195042174055
-2.2309548919969253
-1.7210211337500416
-1.9034300159501256
-1.8739485244831073
-1.8455182330900737
-2.064175129108644
-1.9253246410941833
-2.160301686117724
-2.295568730218454
-2.3623249504389814
-2.5598757824358596
-1.998919309592137
-2.2989922294140666
-2.0268943690710883
-2.4809454932516166
-2.4194771646071573
-2.388208456304785
-2.290727312454193
-2.067382846166712
-1.8715606810659546
-2.1499342738501723
-2.3323152029007894
-1.9194960556316996
-2.27461226043083
-2.4575706456532034
-2.144420872023419
-2.150429946782827
-1.9373664312297918
-2.336132458296385
-2.1899022458798485
-2.082139842774827
-1.7774986953400014
-1.66843521359781
-1.833882049236725
-1.9634071297590225
-1.788825147657044
-1.7257563146905712
-1.6893264306572244
-2.078743244955943
-1.1344718317450886
-1.0346889182834695
-1.6308649162923514
-1.8366770738145204
-1.7364631875027663
-1.8145583250742257
-1.6616350570498948
-1.5240239742081536
-1.9951107165278383
-1.8986730524514686
-1.848248626898123
-1.8649359603700597
-1.8684443787525347
-1.9263460934234475
-1.9133720618469445
-1.928064788510378
-2.581243650895235
-3.025055363855311
-2.8823923299986487
-2.910550808081747
-1.9678889395280241
-2.4214027791852293
-1.827995897936358
-1.8644983656016427
-1.7158160554824449
-1.9991128259755502
-2.133498376455895
-2.7736724790850418
-3.0716440766103115
-2.9312913540410555
-2.330173272369896
-2.5493057906189502
-2.5033553642264077
-2.449651466469878
-2.60438898224278
-1.6880312600104654
-1.8544268395295638
-1.4458555068377292
-1.3426253870648555
-1.5031494973842876
-1.3615123376247107
-2.3132330560155583
-2.399789734409192
-1.728452164435465
-2.2987018237285195
-2.427022485689173
-2.36979279482833
-2.838475018584498
-2.5556559306835913
-2.5812110262112578
-2.7234346830468774
-3.102448784866501
-2.5796401480327145
-2.5711355242693066
-2.6747674301397044
-1.9496759789225824
-1.7779513103182443
-1.9359063845200422
-1.73713030018042
-1.70921396138281
-2.0933585443988934
-2.038580646033616
-1.5373079926028703
-1.5245537625556664
-1.6913981680647674
-1.5133244347074195
-1.319166026885202
-1.437090549374639
-1.6505306549950114
-2.754238459436356
-2.707306538581903
-2.692049731660478
-2.685343224970749
-2.7525045879415453
-1.277700093280828
-1.3362038415960862
-1.3622637277598073
-1.8243083113048388
-1.436757979428089
-2.1788956285761407
-1.6317325204857567
-2.1023273759964214
-1.9686105104382914
-1.645059912364978
-1.952679507600123
-2.482029573273621
-2.088386372314687
-2.030851308189272
-2.272445163899815
-1.6280069764998002
-2.2154710947185636
-1.9428039971991413
-2.205157131339063
-2.038035645851936
-2.312959968074134
-2.2664130127478077
-2.059081768780474
-1.8464051865944648
-2.275409029840369
-2.535548085562233
-1.6514401257196412
-2.1326728136859767
-2.1730818958172136
-2.4267912901286133
-1.7273132737268673
-2.415303658145484
-2.336826067443166
-2.2674399919420516
-2.2161279992615164
-2.0299570968502465
-1.916910143068052
-1.8113540699802853
-0.9570429854160619
-1.074835898583554
-1.184550191671399
-2.1081325753136397
-2.063814766427582
-2.7151354204803138
-1.8446485470972405
-2.3418959616858412
-2.3787801633251178
-2.3307853343750096
-2.421290695402407
-1.8448099231365647
-2.094095384508276
-1.8736428707483566
-1.4225138592586066
-2.2267408928405246
-2.5312561154908892
-2.3006419949985455
-2.386169500783313
-2.2023554545874977
-2.5413223790776707
-1.9340756760810376
-2.737937661108421
-2.0231419255511622
-2.2646949345311165
-2.0955163860611403
-2.036013410116809
-1.6508569352271139
-1.6229676307238226
-1.696912452284544
-1.678180089967875
-2.551110260844936
-2.3306476581070124
-2.268662287654346
-2.5308005676488814
-2.2364691386862976
-1.605335098045534
-1.9263406841207076
-1.8735989767461743
-1.8413263841714624
-1.6547819781547595
-1.9464089226965826
-2.2060465780355085
-1.9106486567129943
-2.2867725135208015
-2.581750518657713
-2.1943712638637445
-2.097150159483116
-2.6160387899180475
-1.8787156374025828
-1.667821435628682
-1.4418140871085512
-2.3184173126828562
-1.9056431368174256
-1.9830968114219816
-1.4314695298892546
-1.693961350366396
-2.049242150554977
-2.0123527412696753
-2.064868979304795
-2.1269925492178134
-2.502269949301572
-1.2782442609166673
-1.998451928069539
-1.7692106178214952
-1.990635629966869
-1.9818880096075138
-2.1840469484461655
-1.9970664035942405
-2.154583603469871
-2.106501463823161
-2.210832701479452
-2.1139767682312867
-1.964332467339475
-2.0407569124881233
-2.1281368536003997
-2.2998676703730063
-1.8055899615959345
-1.7581058473741515
-1.4223568222612106
-1.8790885565202573
-1.2413804430978999
-2.2902498581617903
-1.8277116092466046
-2.609286397206162
-1.974556191832569
-1.9671369812468542
-1.831695668156989
-1.8004781611575011
-2.3224024929404026
-1.9675518277973896
-2.1363748147127843
-2.029242342402008
-2.0449178404692616
-2.5597399590353858
-1.8041225108995984
-2.1037173596145116
-1.5703170423144042
-2.9616821239149846
-2.542955963466548
-1.693747301470111
-2.2548680396502827
-1.6487468161607755
-1.6753768576426267
-1.99931636103772
-1.756445543460461
-2.231045043886649
-1.7579324794358047
-1.5872016016648378
-1.7647408595805267
-1.7143927434123782
-1.8990123123870406
-1.7965652559745682
-1.9679745204335997
-2.0889987872845777
-2.672355268281124
-2.6037829061755837
-2.545543241083428
-2.345874852473794
-2.403382145785467
-2.2332388175728584
-1.6554789041647193
-1.5011336018239274
-2.012018610063677
-2.0724018413453655
-2.2548935940278305
-1.884500058571051
-2.176487626514996
-2.406170155512194
-2.343660205724821
-2.367965298016138
-2.272313538034753
-2.33480842151189
-1.9454484024847136
-2.34982280979513
-3.0045129173137965
-2.854611392114679
-2.5340255855537825
-2.5637747570656093
-2.3097119948059595
-2.192725266086234
-2.0575188342297275
-1.8471198884528477
-1.6448139331562373
-2.345713217209329
-2.23139012378861
-2.339334122073011
-2.1148962991076514
-2.132350206959958
-2.5551389083864415
-2.6724307468617896
-2.4000275182699102
-2.4323797285381765
-1.9951442317167731
-2.274974476150833
-2.4732386707890712
-1.707806293595494
-2.0239346284413915
-2.212708234107038
-2.399196622036628
-1.385956010246133
-2.210788850344665
-2.281263048218792
-2.0608137958318866
-2.0035766404391575
-2.385703376510613
-2.2508222899677963
-2.080802228058415
-2.546961756883351
-1.8184430506225786
-2.1520239483592865
-2.1742043127820403
-2.5386620220045475
-1.7628566741405536
-2.0428400701118905
-1.3602810550141389
-1.3896358301272191
-1.7664981454918185
-1.2910387244993948
-2.4011898373912617
-1.5244009066685524
-1.7943416378244004
-1.787620894489621
-1.6752076326933667
-2.2844183641304574
-1.9913260000508561
-2.6801862277586617
-2.641300540961021
-1.4867962624300421
-1.655880950833082
-2.9996734893546426
-1.5787301515298984
-1.9174073120061847
-2.0468520147056863
-1.742328448881684
-1.7667758223124972
-1.6609224583327962
-2.5750884067906767
-2.826330946285407
-2.087871374080748
-2.266054104309562
-2.0902309477622367
-2.2591050599273226
-2.090043900926278
-1.9448415103899896
-2.6153319358982543
-1.9055051094834408
-1.823341333583287
-2.6535830676741714
-2.6814546504509105
-2.7183745447421406
-2.600511505584994
-2.2318365076868414
-1.9172472270996341
-1.9977543076443938
-1.9879296389018295
-2.320466908122321
-1.73151906687525
-1.6697444325378168
-1.4323054661874317
-1.3534978393491304
-1.8563739594254036
-1.401714841073281
-2.5589468516928284
-2.389440984378118
-2.3227087771022497
-2.5117370903314415
-1.7535172257866063
-1.971204430943166
-1.871455740805121
-1.8644010741922403
-2.24306779808069
-2.0796701542963825
-2.3062205814550856
-1.6859154022298413
-1.6149770943469086
-2.2742676370812496
-1.7096278406133336
-2.779163154169534
-2.031173917006349
-2.1151602051481078
-2.211969693398541
-1.51433988827345
-1.6152129454819015
-2.063697709449296
-1.39396981841658
-2.1564404090901883
-1.2215606364077025
-2.1522521318337464
-2.336708523774576
-2.1527384178085676
-2.9037123334174395
-2.478541243078449
-1.3168026283304162
-1.9198572233269264
-1.7685795753836098
-1.8218009435419933
-1.7299606419895248
-1.8325895835847252
-1.9052139316378298
-1.8205427232401574
-2.470170702516578
-2.434789426251324
-1.938477927049472
-2.425125991739398
-1.68311136528093
-2.2473199396873516
-1.994981329051961
-2.0024621785371783
-2.158719569692694
-1.5198969008140717
-2.358883259255622
-2.2510122632003804
-1.9235795588051494
-1.904335761907929
-1.7284969708846698
-2.5246508749108147
-2.2979837606644002
-2.255850539679745
-2.082773965855256
-2.134452064743778
-2.05948805747455
-2.505796573051742
-2.583790309253482
-2.2851062970949516
-2.562875913758992
-1.966404054884717
-1.9823425180392036
-2.315287903319059
-2.212499577870627
-2.313342844838972
-1.5246811935028346
-2.0917519481970293
-2.0928838388785813
-2.4616520131445165
-1.7606751607388782
-1.9916109293349782
-2.3225232705105325
-1.8380339935381416
-2.046531771156707
-2.644964399779772
-2.6857641683091242
-2.1872747236635153
-1.7852051383529182
-1.7714725780392304
-2.2008962365911144
-2.149963666836675
-1.9759632949521744
-2.0644339282006934
-2.2948862160417876
-2.9144816875460635
-2.155193598834848
-2.1798840396759127
-1.8648147812943183
-2.09256722889942
-2.0458641655654732
-2.396716636789666
-1.9823056400515928
-2.151048490364637
-1.936628944665811
-1.8593089343623064
-2.1487219998747404
-2.4455630300258573
-2.2530461893384657
-2.496215181716791
-1.7413441697188716
-2.876077129238797
-2.895038250849298
-2.291700373082719
-2.800339105878823
-2.13587165965079
-1.7431870884339757
-2.047168933220465
-1.9794457793225375
-1.9065131867909915
-1.5718894922962217
-1.5210904697086944
-2.480969813263313
-2.248533064463947
-2.391702911280207
-1.9971913590798118
-1.9554217264335023
-1.941726237670645
-1.8995375477012284
-1.9068450259665404
-2.047402851884102
-2.0156626806515283
-2.271426693819423
-2.284877966927321
-2.1078989015654677
-2.3945282958726355
-2.096176662848702
-2.8751119971222434
-2.3950727067719306
-2.3070849374369415
-2.2770423849107004
-1.3251921093497032
-2.3432240191715414
-2.068257946320397
-2.0168622520433694
-1.332167386780511
-2.1713914213219243
-2.964609994623636
-2.9192910579527664
-2.889849927207147
-2.572420661711463
-2.450919585251763
-2.7069470527727484
-2.289884819831592
-1.833688068645591
-1.8088975858495502
-1.7794353685960616
-2.5514261905438107
-2.7058250466188998
-2.1675508081364634
-2.0820969456810343
-2.081408103974976
-2.079912199389274
-2.10520020041858
-2.2614799778452386
-2.1003032837368987
-2.275709162447155
-1.8925861422049233
-2.2274661807013545
-1.6072469941396483
-2.135163494895544
-2.117724687950292
-2.1287066827422505
-1.6242690963106177
-2.2113501665978874
-2.1356856384669682
-2.2188926703029317
-2.0643632954424547
-2.2256355690580087
-2.6027633272162474
-1.579774606524972
-2.0420238086529667
-2.04369649950941
-1.9662234664821212
-2.0084168913365996
-1.950937263872134
-2.210806407090101
-1.8596591897699177
-2.2320307362882272
-1.4892855434530046
-2.4179964880255036
-1.8531727858276055
-2.716253125036159
-2.6491783401656503
-1.8733471276338682
-1.8947134353418484
-1.636180430286381
-1.6365074728005413
-2.623464081747762
-2.0968868090201975
-1.9367624626212407
-1.9217675979258826
-2.43422495601516
-1.6499639691594807
-1.543222241875798
-2.2284567919656615
-1.9798217286529394
-1.5759242999285046
-1.3354808394681732
-2.0342459764798257
-2.0824719243136074
-2.3039044764479977
-1.8507766007468456
-2.447347113421683
-1.518759661988316
-2.908041413673529
-2.6876817947674128
-1.878739579326569
-2.2317534354389723
-2.184503161904537
-2.014259210971516
-2.7184147466359
-2.0542142463595012
-2.1214801690013645
-2.014762173278159
-2.003974329434896
-1.9615295375011186
-2.201490250819174
-2.0804264757119753
-2.161443233627332
-1.8052174086111707
-2.4451327687854385
-2.11829649373593
-1.5088867044756573
-2.0388124625679946
-2.1647839939480567
-2.3795872320573834
-2.1629214364505907
-2.2052804182603114
-2.032791130711032
-1.7513325403833684
-1.7558019411162116
-1.4451638595775274
-1.485293000426379
-1.7574500011436622
-1.6669243511476504
-2.136933365860013
-2.3177944213327804
-2.0038154748984076
-1.9816553783799273
-1.9541035448867743
-2.2422093220361052
-2.258623379819802
-1.6499850027892455
-2.6070095650312415
-1.9531013266969872
-3.5917285983889573
-3.397063822223457
-1.7063972045687934
-1.6270849249734665
-1.891965826613429
-1.8231973213720816
-1.9614222090258608
-2.1165619702588487
-2.309639748860633
-2.4530713470193506
-2.3491971657323236
-2.3603513022493656
-1.9695368839623715
-2.541136431943698
-2.3640483904612877
-2.3927292630200987
-2.1784753518860076
-1.6852615315122135
-1.6031093568849524
-2.077879155113816
-2.373967045723952
-2.3956990417764605
-2.241610865073349
-2.1514296571034244
-1.9011394273862046
-1.9400184631677353
-2.197145246810026
-2.1016737631128257
-2.4910989888194113
-2.4474936631418136
-1.1096834399725868
-1.2590395651849369
-1.5957585495221376
-2.2332551643893894
-2.2581129799986304
-1.940918802387778
-1.9395317467393445
-1.941615193793619
-2.5418965173382744
-1.84657415803652
-1.672263495745601
-1.764307419900402
-2.1590562323094096
-2.237664535230912
-2.2885895340099114
-2.2016393177007587
-2.1659131663736444
-2.3841406081399
-2.526966134905684
-2.6793673664693283
-2.1642303547766124
-1.843605930445998
-2.6488667922227602
-2.0659409790404877
-1.897878837679929
-1.7915510190455826
-2.56368614840345
-1.991637754127304
-2.072576459494215
-1.7025023972392328
-2.1012172457628364
-2.338168658602952
-2.078405616411781
-1.9723370395699549
-2.093121250600031
-2.4250191054679813
-2.3514703836572353
-2.135119248123666
-2.2067433882335994
-2.4355396011475046
-1.8232594049608688
-1.7997338280765085
-2.1935142563572154
-2.3795749459003344
-2.4136425268262136
-1.9304229287931665
-2.2023657341143474
-1.3776069309790175
-1.9854925597531987
-2.2381264665189513
-2.212516322566488
-2.0873700869370766
-1.8053119735730456
-1.9930544283789646
-2.0280124892270623
-2.075698378151878
-2.0350661554766836
-2.0096918188401713
-1.8610307002094206
-2.116451674332959
-1.9879994604003164
-2.178605601642422
-2.218592057195436
-2.1662506906006294
-1.9344202437622615
-1.6413238791428963
-2.0895544550607252
-1.8834699481278723
-2.0592896468969077
-2.4824051957166544
-1.6549979084343869
-2.4215541963657996
-1.9362868444535692
-2.1154586239265503
-2.014859171979418
-1.9914960488989013
-2.1878490165992552
-2.0452341044530282
-2.1520144126572838
-2.437984592525624
-2.5551836759524607
-2.286089790051689
-2.3140804439390434
-2.2600155111693034
-2.284564275452723
-2.7008733018075826
-2.467946794698131
-2.1844126405851587
-2.1186879131565894
-2.2574282837548703
-2.398798010021206
-2.45390681757377
-2.455010898013451
-2.2528874029347743
-2.295268769362521
-2.2861961876620454
-1.912610397105557
-2.377959450613
-2.597490928206918
-2.163149704632746
-2.0644101633426803
-2.538977794155591
-2.424943344819692
-1.7689337627885255
-2.113319229234946
-1.3177071313617643
-3.2216513528641824
-2.9293629754368
-2.797764456442126
-2.3272530898749006
-2.033184381527048
-1.9137283644932788
-2.231299191034664
-1.7863292914149331
-2.1782480493689405
-2.2432076829551244
-2.2903309564273457
-2.2005903389532113
-2.1618854201282174
-1.9219243480445876
-2.307195800769148
-1.8332670633277388
-2.073114635830789
-1.4272963690653369
-2.4911482252126063
-2.5674543949950706
-1.8573307625370021
-2.873632827164027
-2.3755931996587805
-1.911306327929128
-2.4835633598455997
-1.8420933716494818
-2.350643802712959
-2.4785047686124995
-1.9951674226517464
-2.4908345182760967
-2.1840868227624988
-1.7855608474179578
-1.79128426741002
-2.2408084698603075
-1.8942039740893457
-1.908020750672612
-1.7383047814455772
-2.685935211961708
-2.6170085766199267
-2.426919598029754
-2.3945984425459654
-2.1991221765485998
-2.1339963865105727
-2.2973521428368118
-2.0521246145539935
-1.9412123330624365
-2.0100813598469913
-1.81930247637574
-1.8140314538912758
-2.0599583713426237
-1.843463206249003
-2.367646057225772
-2.308865800191878
-2.178711962025174
-2.2826415256349564
-2.3801598863943862
-2.4459845854865754
-1.998592332818015
-2.040540806450513
-2.0277915571077876
-2.6198856515155002
-1.96289522172783
-2.5198379107478392
-2.3774616110748084
-2.518908333683862
-2.2903621195181296
-2.5031412568087057
-2.651438567976564
-3.0491485604532476
-2.949749978527696
-1.699094831034401
-2.0632398538173065
-2.341711709576631
-2.4877944718574456
-2.477129075066537
-1.85382932918428
-1.6003874432505374
-1.4128434660943383
-2.2462080017881902
-1.9566961207893034
-2.1654918885953203
-2.2767992287972025
-2.2170836806099694
-2.12026003559375
-2.20455994303143
-1.9454065839573567
-2.057574170368805
-1.8468564848936841
-2.122948858530345
-1.8940594084555085
-1.887889666053504
-1.9571279943443496
-1.9671616182834404
-2.346236809976912
-2.443907283980421
-2.230206521035318
-1.8735534488276482
-1.8658909608334562
-1.8785612620655547
-1.836843272724685
-1.899945573825786
-1.7917322642491558
-1.5707134724681011
-1.3573225430445344
-2.0417293750186882
-1.8919389528666593
-2.2408639467353697
-1.909034529565938
-2.0413016721600963
-1.858188115358574
-1.8687817381585479
-1.8438927155577383
-1.8443423742027274
-1.8358837848434444
-1.7394786288205928
-1.657811489995103
-1.6795799640369016
-1.8757937987676259
-2.140470702665008
-1.850015078069147
-2.232264248678666
-2.4853949592584956
-2.028813150256453
-2.4975048768149013
-1.6241886393159148
-2.825141409371786
-2.6514929605551187
-2.3747676432245735
-2.2966056737139766
-2.0761317655673355
-2.022941274363686
-1.687505885097772
-1.9408907963797128
-1.6400640052497875
-1.9320493657412643
-2.0090613638710573
-1.4900039716616673
-2.235152259995315
-1.8423827276132205
-1.8576235881533687
-1.976595160656938
-2.0540693391605007
-2.0825345887408755
-2.1113573812659148
-1.9851698876923634
-2.2581842374762364
-2.328163081878475
-1.7996415838654773
-1.8426067277606755
-2.4188424167372444
-2.18627926494039
-2.1270097890670843
-2.085607322144505
-2.1432619529565344
-2.3458582908635788
-2.045489547987258
-2.160377663233582
-1.6159920934088199
-2.913020383579987
-2.0227287839459693
-2.2401199077500613
-3.311698524674061
-3.1001251108455903
-2.0275179484928163
-3.1632426239896336
-4.060271552063143
-4.493868822389539
-3.801118866916455
-3.504269624463592
-2.637101606837681
-1.509172771444547
-1.6132626876325051
-1.8983948688259245
-1.3717766297523601
-1.5496169838018954
-1.830183543773263
-1.89185737660848
-1.7300591012253175
-2.030861123665894
-2.133423282153043
-3.2350395887705017
-2.7947048522736946
-2.672623100734148
-2.514490370863309
-2.770274208415271
-2.140976973985603
-2.2451433668149345
-1.8724761652077386
-1.8059659236589627
-1.4862080711479622
-1.825819782306757
-2.258181389110112
-2.171790203880428
-1.93753730983996
-2.652970964457617
-2.34026149625094
-2.328850286576464
-1.8787227146283123
-2.5748975615196374
-1.8948961114668752
-2.66822601961745
-2.4099139037498523
-2.407894960187289
-2.2549924122547234
-2.5386376418673864
-2.1756708015365676
-1.9621799958655002
-2.09838891860823
-2.819529211918912
-2.3907037020780004
-2.177459488235754
-1.8322338094159236
-1.7189214737398997
-1.460929531863811
-1.657499580968368
-2.239361350943969
-2.723540520868631
-1.9274655608882338
-2.0633476155763275
-2.102906602665366
-2.1835736443582197
-2.1173577978701656
-2.1707872753434687
-1.9044012903501406
-2.4239439229293485
-1.7689675127483286
-2.0376638168731387
-1.9635325325358153
-2.2105725044402056
-1.7115426411572168
-2.6070246051270343
-1.7280021483097037
-1.721972167839211
-1.8226813861079805
-2.1118919489876715
-2.1385419562111765
-2.1433094847334386
-2.4719840529276995
-1.5844270477912248
-2.742082690622363
-2.4618558439628173
-1.924189889545767
-1.9012251519375012
-1.8685153260930794
-1.444414094221598
-2.000618694971639
-1.2416266479160298
-1.440949178511589
-2.134066883319633
-1.8065525543144774
-2.4429643767556066
-1.7788608778553388
-2.1060013910903175
-2.397487295818125
-2.1875045379578846
-2.325782779175212
-2.2474638818446597
-1.8207813318534056
-2.3122689870497943
-2.3328509474990997
-2.1981019028654654
-2.1832194559438207
-2.2362823044768745
-2.7276699603418293
-2.711697221036872
-2.318150828189155
-2.2991356189028775
-1.7359248335893631
-2.105811308243476
-2.000229262620948
-1.4654534845276046
-1.585770352872608
-1.6322356580587278
-0.8589976375263448
-1.0889568701066508
-0.7032872169375805
-1.2103966007315825
-1.824663128920531
-1.025490021450027
-1.2076415884172773
-2.593908907506825
-1.7002938974788557
-1.5786671132829744
-2.0941677371781333
-1.8625414321732698
-1.8552060993273212
-1.9242106656145708
-2.1081611234506887
-2.3131616924607417
-1.713911951432537
-1.9844573773659826
-2.09259715376902
-2.3713045113730784
-1.9475370355293262
-1.918949615118712
-2.683106504909569
-2.104332769046064
-2.3531874469196468
-1.69305910589561
-2.148650609983809
-2.344098330582231
-2.6258504754113186
-2.0564608621497382
-2.4679685333717822
-2.4816424824726693
-2.167394528501113
-2.339634667695575
-2.951145646449956
-2.439812522618182
-2.1208564869869693
-2.3950329766555085
-1.917037304100546
-2.8280920979294817
-2.8022024259669087
-2.0434057123781693
-3.004089585247578
-2.8279289779578307
-2.1590094636502086
-2.0083480679574715
-1.8297700133680463
-2.05114272095066
-1.7420464661751938
-1.9505946399233651
-1.9538390296883743
-2.284497072242623
-2.028823193975831
-1.3941450619568871
-2.2569729840327684
-2.5345995070433105
-2.0761546445723864
-2.2468376079881427
-2.443426597814764
-2.0422696625118295
-2.189826513061775
-1.649898054164414
-2.2278135022347767
-1.9729325317490813
-2.175822791816781
-1.717879347027166
-2.68489680438892
-2.4504086817863704
-2.6264256022962793
-2.320939304355929
-2.008222146615987
-2.1402068390518085
-1.8559213235258434
-2.081558444223448
-2.043508502490473
-2.497225885536305
-2.1066260976041664
-1.8511667258391975
-2.328332802539465
-1.9267270108299295
-2.0680700959862226
-2.1072968932153016
-2.0157524289435607
-2.6644722018847666
-1.9497818526734563
-2.3824047042010084
-1.8160868942819839
-2.0577348321391447
-2.0732003601598055
-1.9585070578484463
-2.5214366736316136
-2.223535669227899
-1.8110700231857808
-1.3831625275847474
-1.5874869288718902
-1.7304588756539712
-1.745347542381225
-2.1027681130809164
-2.287718826051602
-1.8264314038606593
-1.057705135836819
-2.0818159084656607
-1.6331782617735326
-2.033332089360429
-2.120219613972598
-1.9371114148117756
-1.7690062070142953
-2.3082126552759714
-1.9104562219763033
-2.2460858187013164
-2.135166657035232
-1.8588010803733876
-1.9965264060128936
-2.061890873785261
-2.1843740841619534
-2.0625608597505733
-1.99015517251798
-1.7497623586987578
-2.0951483898979353
-2.5782590789272595
-2.530864744351215
-2.616536485369305
-2.3519026987381784
-2.0336100512289508
-2.137837528873548
-1.8069729166998318
-1.5363073994237506
-1.9818389055359351
-2.04892625054923
-2.045799493995374
-2.1948738562791603
-2.400003951122484
-2.2424026430693718
-1.9796288701160525
-1.8842293499273095
-1.9798121294211661
-2.1740212341959877
-2.815930271968638
-1.2321914882457905
-1.9234935806847562
-2.084987202721441
-2.5676661340390674
-2.0700584885463074
-1.886421455078726
-2.445898453931122
-2.1570873557098733
-2.1260687244460823
-1.8468782163053084
-2.5947598569788846
-2.0096145285193385
-1.9576140419489099
-1.7098072871518037
-1.8621317801991306
-1.7156015606977038
-1.7597907064987395
-1.7202187793550832
-2.8168835540080037
-2.6744521615559487
-2.189405884797013
-2.238960835359592
-2.185531017938858
-2.262925146994034
-1.7856529189324282
-2.5765630141832503
-2.472944382490496
-2.506095606347582
-2.2621420762746274
-2.0768592313216327
-2.1130987520251225
-2.2417239927451806
-1.973348318802187
-2.247178765597889
-2.5821637006296974
-2.619653699295731
-2.61397119801692
-2.195290304702054
-2.3324430524864015
-1.749968645183176
-2.020762579701321
-2.1579853326241656
-2.3401818148765265
-2.116877657629334
-2.2351382319422735
-2.1976858608445844
-2.024564172924868
-2.024267647675144
-2.309261477614935
-2.3264730302584797
-2.205716611700317
-2.4931713781821068
-2.1520953948916404
-2.1435243773257935
-2.730870037892425
-2.3423219402972038
-2.3423219402972038
-2.673315595655236
-1.6926728137483171
-2.3533290360962535
-2.108260189943215
-2.2135822160502285
-2.1185258153465427
-1.8557180672215714
-2.0608950284999388
-1.8594170635045948
-1.737148831110783
-1.9832125631976039
-2.6993827112224653
-1.76157174807791
-2.460991087370937
-2.4881729396813133
-2.308146115123199
-2.308812296546213
-2.2609927236232985
-1.7757239200741035
-2.6936127423253016
-2.269579761495445
-2.754107879958266
-2.0763543314567023
-2.2096962917298417
