0
-1.7673459947568484
-2.574559044792675
2.833326273586149
-3.10650133824144
-1.6780874515920312
-2.6871414445834567
-2.730060504850055
-2.2140442510282234
-2.9028814604278033
-1.8132846163619372
-2.555385771507442
3.062021159009131
-3.0960857828063943
-2.6970734713232893
-3.081995145958043
-1.7691620766320961
-2.5662061422208886
-2.864875563464121
-2.2914746723962587
-2.2012600357295433
-2.4273125394177804
-2.0529967929490702
-2.5108890555941166
-2.7895643001352646
-2.748815790201231
-1.7834520276563204
2.4452940857182988
3.0702575679515967
-2.2213297472305804
-2.113443902538318
-2.1255129659606773
-2.1304674378952875
-2.297604267854094
-2.2518813864787255
-2.2162985267139526
-2.1392007817933454
-2.805064692629923
-2.6778050445434722
-1.2776360018783743
-2.6174866266505425
-2.6714594621436127
-2.718998824502375
-3.0016973726487457
-1.863051571469793
-3.080990106406073
-3.0646400479706237
-2.934415888761361
-2.875774937288792
-3.103671180303788
-3.00263516007551
2.88658757104373
-1.2086714820443911
2.8488793810098194
-1.606270201284371
-2.386442665304056
2.922044999538681
-1.0767176910967855
-0.8129588038002816
2.992209155744984
-2.120920385390672
-2.4082450949567225
-1.7731326570765413
-1.3904295811280143
-2.225247917910405
-2.514443914229144
-2.0337471298808047
-1.9364687844934674
-1.9732695866609582
-2.0946187908409364
-3.0396690363670125
-1.9906343604230836
-3.027319202305261
-1.9520820304032007
-2.921605939629057
-2.993213377949697
-2.835111561886915
-2.9912103832148595
-2.9219110811096094
-2.3935459065575877
-2.090940717111973
-2.6132866582404652
-2.887804535140557
-1.8937179000458395
2.9336491099806743
-2.1827736400482642
-1.7448537976909473
3.135866890515583
-1.686955099632794
-2.68049650396814
-2.3024265595828375
-2.387880900587515
-2.5099848292353037
-2.051091453545279
-2.373095578834363
-2.486143019819206
-1.8468021295102626
-2.0998868492001144
-1.9767417939315346
-1.5033382051959274
-2.9317086116251225
-2.9913235294294758
-1.8380244938804504
-2.6588249979450573
-2.5444142094269147
-2.350260943917373
-2.244805276703797
-1.7406185157355731
-1.5859174496702162
-1.7710570933561025
-2.7293766903880616
-2.467502996789886
-2.237309324177314
-2.2773361858611416
-2.0023488296847454
-2.0604767896673017
-2.7621566210289465
-1.8247764647696947
-2.0562034359208603
-2.082570538077757
2.684661263124152
-0.9858128271967354
-2.671585257623345
-2.4487642302714043
-2.0278092735638005
-2.8457006444952917
-2.629510117732874
-1.3292173985942777
-2.1208338285139625
-2.7744821672817572
-2.345844569767248
-2.292542345572823
-2.200962052549439
-2.7142122409043274
-2.815701236951366
-2.8146866216031263
-2.336773235107639
-3.045286431393432
-2.1598720902380357
-2.7777888503923087
-2.5945953392006196
-2.310311629780184
-2.018170181941283
-1.570874764041829
-2.7595839488279488
-1.775583872931943
-1.9480666936629343
2.5665530016566684
-1.9307153995975137
-1.7408460564141954
-3.0901752303080308
-3.062509909816736
-2.573939182245905
2.9420404785780043
-2.2934412992600777
-2.7447749712991047
-3.100440198939804
-1.7420060345581272
-1.8983962836038553
2.4653606374325214
1.950083585594623
3.0530986556805395
-1.783081958040736
-2.3977156318100974
-2.243824288012231
-2.3679574534519894
-1.626527980834137
-3.008339787828202
-1.4037286237755178
-1.9487667482826618
-3.08076804817858
-2.4475843191125186
3.1030831748997194
-1.7531941289642354
-1.518201811911066
-2.6861536125264927
-2.0847323575732695
-2.457412494724732
3.130748848829821
-3.0146588198033832
-1.9527952475365817
-2.835546364257265
-2.7196767655998393
-2.4419582856121416
-2.109713411361664
-2.1740092978980208
-1.6621621589489985
-2.134729478656279
-2.802852910499123
-1.840133376147801
-1.8971887997951564
3.11959857258935
-2.6926497890366186
-2.078046147655666
-2.3601999606406103
-2.19652358945525
-2.2129028177303063
-2.14968280495685
-2.5227870289811527
-2.146056582446004
-2.125269271883962
-2.440552437877866
-2.5535383138854364
-2.4139236551717396
-2.7882264491717557
-1.4550726479507967
3.071183705454839
-1.9513473454607573
-2.26410643884061
-2.3050318351339563
-1.8484303200694079
3.13519433435739
-2.911246955501678
-2.8242155348049316
-2.203126278148826
-2.5114395703952077
-1.972203815011465
-1.4924517670388833
-2.9512507421992886
-2.6847377482215045
-2.857488554838593
-2.5235193968904177
-1.614008428990399
2.7545497408625685
2.9745661764973583
-1.9899339436845447
-2.6010146822075733
-1.935437971922223
-2.8435809149543836
2.6746165138008386
-1.8849524205719597
-1.9368226694007513
-2.0552799394459917
-2.154695258870685
2.9455100696032126
-2.726013197241368
2.3639139244001193
-0.2622222870008278
-2.1892730381810885
-2.2930049074519623
-2.074919743354915
-2.1794703420721824
-1.811338786234504
2.9205938651284424
-2.755542731218231
-2.6612480177373534
2.471290407822995
-1.3722145638031582
2.9266577896501684
-2.6128677248464847
-3.0847485445306724
-2.081863709906333
-2.3103251998895935
-2.3457054120961836
-2.1209427346833856
-1.6481815462066753
-2.6776208328075946
-3.017956636535633
2.8953691723483144
-2.3962878933896867
-2.050410655526054
-1.9117307905708605
-2.4186907009151817
-2.2602767493397415
-1.8673371039425921
-1.997045329451911
-2.362981708863746
-2.446700625515394
-2.913793469815989
-1.4519751920240542
-1.3459183892000117
-1.9580380336046976
-2.118568697439475
-2.3552677677168425
-2.3221266742684783
2.9260846900252813
-1.4298073079163804
-2.671323931665089
-1.3676947139851057
-2.9098197704986895
-3.1278289963498516
-2.442501586313089
-2.26983033425228
-2.3395156616076527
-2.3717318468771005
-2.3501621754812625
-2.0688483447683446
-3.0620687151880794
-2.6489151242555558
-1.7760286913640364
-1.7760286913640364
-1.806260648995792
-2.0044109291692287
-1.328507893947364
-1.33668402606607
-1.9512022919625058
-2.748394007070079
-2.865959214256794
-2.765030042747089
-2.7628112629047656
-3.1115426608296595
-2.6996271046666642
-3.02498094306279
-2.799126693560357
-2.2686017369475486
-2.4140557534280056
-2.2457907816423024
-2.294938105426457
-2.2844995557358665
-2.383899445479532
-2.092110669158746
-2.833275947920459
-2.5861616327365518
-1.550158747998825
-2.1131172945200554
-2.506806237270869
2.935617488736345
-1.6475615291989845
-3.0503630071747985
2.949054099252369
2.398697121818533
-2.0485047935375924
-1.7987193825059824
-1.711611379184294
-2.234649873929232
-2.228602062144663
-2.256663286211367
-3.093813330849475
-2.9485786892062045
-2.5568557693072798
-1.930012283746567
-1.8991936106262877
-2.4655184354380886
-1.9324504427109481
-2.438599576245526
-2.1723947111900976
-3.02974932318158
-2.7851685614034842
-3.024360416344283
2.843558220778878
2.7566525448194636
-2.8396137591696835
2.645048765068229
-2.6085510919956967
-3.0335409627848584
-1.5494675588773992
-2.3223989813013652
-2.291373808491887
-2.0102178064590994
-2.390265198790704
-2.225730556219947
-1.9649616873668128
-2.08356154698561
-2.063566193152912
-3.086182657422544
-1.5286569777271557
-1.615743464827364
-2.867311585526142
-2.1353105397278007
3.0383825678361274
2.676197321283841
-1.6459504147599693
-2.9525083224219664
-1.675478353935876
-2.209498568139967
-2.1899294562041582
-2.577975111169767
-2.6441109622492327
-3.1113541466371863
-1.862436003644962
-2.14633525585673
-2.630615633918172
-2.4945519927939195
-2.3433042013124243
-2.293489025290885
-2.6618964133749223
-2.107779507927223
-2.1061079397318316
-2.171871446765838
-1.7321136968818995
-2.236614604331667
-2.0407849548178127
-2.4699602963559393
2.710829587146652
-1.387789276323094
2.8632024892082524
-1.533288709075311
3.0689071592009225
-1.7926515926136692
-2.455973733506884
-2.431038665337457
2.952620983463906
-2.005657094607219
-2.2825125371901187
-1.1756575221678138
2.749807111110091
-1.9016910760477295
-2.141280962157996
-2.021706187110187
-1.4777103009062562
-1.6314408172649342
-1.6354433525042855
-2.030539983095114
-2.131610556600126
-2.3292680980875424
-2.3241034290300213
-2.164265182581122
-1.6396884393241213
-1.8556385999045693
-2.260197401234283
-2.987914086532502
2.717938032112887
-1.6799340679782977
-2.9624395040693408
-2.7764305001064464
-2.1129158208295458
-2.490798602940945
-1.8267464451281832
-2.018113274872352
-2.3975489251486444
-2.9677347602952473
-2.92446979414888
-2.300029642414433
-1.7763629648856953
-3.065015543809185
-1.771149894772481
-2.704549908649515
-1.823208366436308
-2.599968865943996
-2.2521313493261808
-1.6671678088001902
-2.524665511585173
-2.016553204495242
-2.554963816073357
-2.4716434218016197
-1.9476296393225887
-2.395279192708717
-2.876932589950105
-1.9659277110693727
-2.0371457395521197
-2.0371457395521197
-2.043002978916679
-2.0494565275245016
-2.0395958037238877
-2.0623925161110783
-2.0623925161110783
-2.0623925161110783
-2.073406886216265
-2.0638141268211605
-2.1051246682226754
-2.1278680474598026
-2.102780724281889
-2.082124412045534
-2.045717617386334
-2.045717617386334
-2.0531328276272838
-2.0617082618058227
-2.0045016787317884
-2.80414301152236
-2.0827424803534917
-2.4513044625867515
-2.128895807848142
-2.4482039984672817
-2.63873224792977
-1.965189266345195
-2.969167944484415
-1.788113622273247
-1.5083942357911047
-2.0998845088396685
-1.8357322640101221
-2.471993163948216
-2.486656556354209
-2.1733447802672465
-2.4339030490197224
-2.4655858541089977
-3.119158257210916
-2.5134146271425983
-2.631502824224814
-2.9116319178948267
-2.132164654583992
-1.9343637301868772
-1.9840707693897206
-1.8277258231442663
-1.7420045914067008
-1.7568313648335196
-1.8123651869988355
-2.538082656540329
-1.8554061066731042
-1.4210540719149556
-2.3412930436068002
-1.4709676647910503
-2.9624557417144537
-2.9672402961664552
-2.275674669886687
-2.6226742474192584
-1.784922879447098
-2.007348070449911
-2.306172528645593
3.046238239737495
-1.9711345532586966
-2.08781369983436
-2.1165497735811067
-2.3018766918385447
-2.4438475205289665
-2.1664367019060515
-2.397997964019102
-3.015107227723168
-2.9393272510702184
-2.1131891556580102
-2.771274732343266
-1.9982578610630002
-1.6811579120458129
-1.7908902895731176
-2.9149535823934203
-1.9430970675979973
-2.0937632816416043
3.0974915682721074
-1.9426108392361607
-2.5856668863307855
-2.5304970572127674
-2.1588848878261446
-1.661919161521273
-1.4981253097354292
-2.9050879628455215
-0.8048107350387116
-0.7088748783830042
-2.897843189256867
-2.677489777977361
3.048634703680136
-2.0559584348451247
-2.1092682741021997
-2.1472988403787037
-2.3692582954855874
-2.551030864660331
-2.1768597417829385
-2.704911550993878
3.1055061044910484
-2.886870122013973
-3.0453431501881747
-3.114035873656122
-2.149465511744812
-2.7376369019795996
-2.1953604579605015
-1.9624795358594518
-2.489812467819868
-2.9246868832623507
-2.353549602089754
-2.130970319239453
2.8848241003362847
-1.502051342150797
-3.068353120395156
2.9257697509876563
-2.080850437079527
-2.553325723617495
-1.772098465092619
-2.581080022998674
-1.8295261682721005
-2.1904707619906967
-2.059723183862979
-2.9450969213242564
-3.0709872193127348
-2.2070140197638333
-2.5391492016022754
2.9795118318493805
-3.0426913403790374
2.9099984655863333
-3.1142240638977716
-2.872721401049726
0.21154510625060524
0.5972249086166186
1.8935109559179872
-1.111456442368484
-2.807254690821529
-1.9678275213535064
-2.0839924733471933
-0.4944306126586935
2.746994960672717
-1.2896708760993776
-1.565612144096749
-2.247771749346932
-1.4983580784416373
2.867492854695431
3.018134838797024
-2.9683433384798836
-2.7331528873765003
-2.5231631841875104
-2.9964737946837467
-2.01685719434129
-2.185860204168812
-3.014098792654622
-2.904785687080388
-2.8567358194933345
-0.976556645708771
-2.765226093117015
-2.0623437198886916
-2.6481911256266533
-1.6650764187561085
2.9531780715898814
2.8314967647406895
2.823518163519647
-2.4873799451446623
-1.7807324626886172
-2.709397373647976
-1.4519787799455757
3.0916602318095747
-2.67619449538832
-2.405690109154579
-1.3620105670375957
2.9171102518426824
3.131946295321167
3.0481592619979714
-1.0739512823109227
-2.7859400086625965
-1.7293451835809095
-2.2616382368502053
-2.6733719620417227
-2.159022170594835
-2.2053056194094993
-2.8099608886148943
-2.9513557917202395
-1.8312877696150154
-2.4298450473878046
-2.562041424810524
-2.5993740778681347
-2.220684412357985
-2.1268559603145154
-1.5795304135204593
-2.2907415459092513
-2.3146539081114015
-2.868042848788971
-2.5449644239260896
-2.33206589944836
-2.2150230914809304
-2.3349852330703205
-1.9287554990584526
-2.2470143368854463
-2.659477362263577
2.9824217753102498
-2.443803812133066
-2.034829250104592
-1.913432740334255
-2.7884711965723157
-2.1441962171464213
-2.466290055446882
-1.7658613797506413
-2.525689023739789
-1.979286948036823
-2.7244761169968936
-2.6706867301665196
-2.6529765046900065
-2.465678614956428
-2.1841094191343857
-2.2924047461419286
-2.1168974772944584
-2.094313865021752
-2.2916632675408075
-1.9756912857763607
-2.380337365373221
-2.323123206793696
-2.7057119707594137
-1.8458017020049469
-2.079290130720898
-2.5749383139065842
-2.8411546138388517
-1.8545485167488498
-0.9502811622456648
2.8448522402751464
-2.474711464337546
-2.2810647214663065
-2.613057937469599
-2.234611515399497
-2.3854917975135295
-1.6000947125355762
-2.4356860726371683
-2.5564477277692075
-2.239568312068997
-2.3336616135237827
-2.316391628939528
-2.796077687526696
-2.3655981348234865
-1.726944219330934
-1.8174247889764499
-3.0383022288549584
-1.5259480619173886
2.505605307993855
-2.783587384466101
-2.252349674741654
-2.0820206512391537
-2.485119347399927
-2.1036014464585766
3.139216635110365
-1.913111476844803
-2.501126408963929
-2.247036229396145
-2.7195008414384056
-2.074639349373897
-3.010742207695348
-1.6374448885139032
-1.5862544715121758
-2.552476247705759
-2.4172593036827164
-2.927799968230993
-2.4131320241714165
-2.930360647868858
-2.3686325521751024
-2.563046774637622
-2.127729698939094
-1.8888333935515598
-1.7338462449089325
-2.2961070129568797
-2.8656539875930815
-1.8674434058522427
-2.7143196999582764
-2.742466620712087
-1.994266987675584
-2.712727574589437
-2.32694453698756
-2.929827872254528
-3.012160841720567
-3.025872069439949
-1.6495461922075152
-2.1771238039314995
-1.6798911888304269
-1.8705027280674469
-2.3515954528727954
-2.3432505126588983
-1.5979270515909776
-2.5032945635944235
-2.738979675036314
-2.482037508660014
-2.39700043254441
-2.333637645666695
-2.152125085240455
-1.8451150862556607
-1.464515577683669
-1.6233450128865656
-3.0890345482749866
-1.8618658770671908
-1.939070928281922
-2.6216625221774312
-1.8744865893309286
2.262305447513675
-1.7928101185570076
-2.345879521835347
-2.25083830813394
-1.7943456316722775
-2.625307796070173
-2.2489394142319754
2.901204716671717
3.1020201400822542
-1.8992975690911043
-2.4945359271840286
-2.539693399414404
-2.3307511616409653
-2.2461974261219315
-1.4668911223977479
-3.0892156668202237
-2.148674656558628
-1.9363901476055756
-2.9715709748408945
-2.2447055231797273
-2.409556848771429
-2.1896371805819013
-2.6247547331872068
-2.7509190427352626
-1.6775453593758844
-2.1661421376775736
-2.182910412626543
2.841829487184814
-2.1264358528575102
-2.1943365140712303
-2.3110397304075136
-2.540642779158564
-2.941898721292539
-2.129830977772491
-2.333011228729698
-2.53528382709912
-2.2507439116036125
-1.9086570211762965
-1.7215497381377465
-2.7739524845349632
-2.0917417484598393
-2.5310978874495516
-2.490817840345667
-2.416066080057267
-1.8914026213986603
-2.0782328806243684
-2.0576587580778427
-2.093874961428059
2.972176982254076
-3.1108322846994914
-1.4776688638570232
-2.49447485660034
-1.030885392241569
2.5183978076177698
-1.9125203794246937
-2.792552785881098
-2.9739060002569286
-1.6914766802118586
-2.75341687207647
-2.0394487337043548
3.1279102479744743
-2.652128125493395
3.03998162610857
3.023296184099688
2.9510218610905876
-3.0160596685186527
-1.618872254723915
-2.331033726826228
-1.8910825672932092
-2.5670461640485898
-2.301099373428267
-2.538710196000301
-2.1853795908119555
-2.894457477109841
-2.530515598053546
-2.7976380958933196
-2.1371788715127384
-1.9396061739977637
-1.7983158219259097
-2.580991044527322
-2.5544096473816222
-1.8432678411854693
-1.7217165596280286
-2.7931724312231325
-2.069647335095626
-2.361082698777713
-1.9806198003252313
-2.3053043350838682
-2.5096347019617657
-2.4548017834371447
-2.3191076785346856
-2.202258367131219
-2.2973513429597507
-2.4542650881667503
-2.932605638459736
-2.2869577435236175
-2.1247823614545127
-2.314441109240289
-1.7126386180638158
-2.7549051259091546
-1.7325248621468785
-2.9549008315196414
-2.8653072432973965
-2.82281946707791
-1.9443678563631743
-3.102411187347363
-1.350947439796093
-2.8464845067146833
-2.735349486509721
-2.3009476481242648
-2.3550314603117077
-2.595805403708843
-2.136011991729007
-2.493861434301204
-2.2038703779869047
-2.660257848792711
3.0425272473725893
-1.6744509616789203
-2.7167763406754735
-3.0446555349156648
-3.0239454686950666
3.0075799135262176
2.978297303222282
-2.327615045405459
-2.0083369953218715
-2.8169240790096777
-2.186401497632867
-1.664271215506116
-2.2659535688350663
-1.9845055334640151
-1.936279166978228
-2.128399127876222
-1.642414640837004
-2.0336979383341682
-2.5558300127312745
-2.4467295206870188
-2.194804433905882
-2.068919004042098
-1.0757238708267445
-2.1107590276426813
-1.9801466759593702
-2.1289625614497756
-2.3977525984658876
-2.1964876190422165
-1.9716643270147132
-2.4982958396128496
-0.27150792236863325
-3.014255040699139
-1.6782100362475032
2.7506722437621245
-1.8685619304374073
-2.166098287720143
-2.1383475323395023
-2.496849694242704
-2.445908845955437
-2.030438413193816
-2.364278773395331
-2.680348459537646
-1.10788778816489
-1.8487860340551152
-3.057704885424901
3.0855653105399905
-2.0899000096390954
-2.108277623895177
-2.4589066442094922
-1.3622166583336548
-3.0935199933399553
-2.786240013514233
-3.097806552302686
-2.896680000397476
3.1209294936444674
-2.8911776792807022
-1.9624449185476558
-1.930431191312867
-2.721129075412842
-1.7626776185898412
-2.006888706579011
-2.463399230373851
-2.6569873985670296
-1.7253358351217956
-1.5132706811958152
3.108470908536741
-1.5402548071323499
-2.176173001817775
-1.8996533909455207
-2.67400417015832
-2.6328949522565783
-2.5097515154907986
-2.101759449509633
-1.4794246071268984
-1.3188296138615514
-1.2995492197986427
-2.551403763191438
-3.051757742658792
3.08433413982666
-1.955064259089435
-1.7427953809621184
-2.020448763287819
-1.9693910213379895
-2.4520606079689355
-2.1500237924818433
-2.469115435242959
-2.4239442188562603
-2.2732041865951467
-2.521347209162846
-1.9624723423186645
-2.7149110113429473
-2.9861812361329165
-2.430056143914339
-2.924869100941932
-1.904367214741859
2.7469709693738635
3.0531960422958764
2.5784282089245756
-1.281517893462301
-0.7682799584380314
2.6671767588782394
-2.958749779767681
2.899706828492064
-1.731267782327317
-2.175124097958188
-2.6645094182665887
-2.813834992037233
-2.382983025457959
-1.986172497938521
-2.8365195643155237
-2.212690416305334
-2.5120724243364756
-2.2704149654931443
-2.582513809462299
-2.4425066675864344
-2.4543219633155737
-2.1734170522256773
-2.529869227209995
-1.946765382739923
-2.9252309134729395
-1.600836727227986
3.1217500594350827
-1.2856014035409662
-1.978674663774385
-2.8581475349477192
-1.9121133115075186
-2.432200931419333
-1.8490241772343912
-2.846436666125238
-2.8320669369331406
-1.9382459051006085
-1.390727408896748
-1.5834694314064763
-1.8712079907918953
-2.120580379352593
-2.386943113714708
-2.6283872029267177
-3.123302866672701
-2.3368969446222096
-2.1382532942542185
-3.080375070630027
-2.572084646875368
-2.9348230759136578
-1.868179537907333
-1.383086109880088
-3.054289314255546
2.7068451192631016
-1.036392784022181
-1.0446941048781861
2.7737605138934405
-1.7318873141031539
-2.730886064342878
-1.8501692288752827
-1.5333210401235882
-2.6410724814784854
-2.565240794842977
-2.473594577267601
-2.74718599677386
-2.658884504028205
-2.468251084146119
-2.1586123085012114
-1.6048120478895884
-2.709756300241679
-2.88298469285024
-2.2839204470489216
-2.576104996543495
-2.2273072815916737
-2.27766772279587
2.944610461313726
-2.0558540770634037
-2.3437956944205864
-2.3177843212876224
3.0578525624561874
-1.8268202040443697
-2.251402290941243
-2.287372403318358
-2.577746322423965
-2.154708462876242
-2.814986943905325
-2.5095203876694248
-2.0679553636789962
-2.2627189184323764
-2.790232586892889
2.720287816548669
-1.1937728291997003
-2.250117760530761
-2.556378411636694
-1.7337514835650307
-2.632502993502238
-1.9674475054615137
-2.0244978209437527
2.6907675208189366
2.856352807822662
-1.6538304026139763
-1.7521999841853682
-2.68770968658185
-2.5490609156538864
-2.3922280643787506
-1.8574661807105042
-1.8907180637048058
-1.0250411413750478
-1.617928716885091
-1.3533603996404253
2.925669401699156
-1.2226979848944188
2.8145365810995773
-3.060218861921719
-2.8725771592232716
3.085719718257436
-1.7444087834969484
-2.4299396895704035
-2.152909809382119
-1.7635936437933177
-2.615179303494275
-2.977657247469458
-2.7575890165131347
-2.9197682240065745
-3.1011773916217567
-1.8427855525418997
-2.1219994323895874
-3.082587966668661
-3.05170979628499
-2.4542348704786283
-2.299364158477031
-2.5989818564163896
-2.965006312221856
-3.1350829755358043
-2.0257720946181723
-2.372912419268246
-2.8870001417107365
-2.5952184321569636
-2.4159577791813973
-1.7954686483378108
-1.7848946422074239
-2.190116760138141
-2.222273254180958
-2.5408934373791032
-2.1459336539343905
-2.9572397504077403
-3.0549831095949864
3.097761094336695
-2.962399270647528
-3.1009143824149366
-2.6545701439728773
-2.6052280630546454
-2.8440195821610446
-2.6536872421342057
-1.8294395195980588
-2.09208933263401
-2.751492985121807
-1.5934609001166467
-2.899784386371791
-1.8411137129986364
-2.8953949511719808
-2.2286036326671153
-2.7119651502531816
-2.2221728651242896
-2.288170591296878
-1.5289237897809758
-2.490822170003345
-1.851659686023987
-3.021858759007636
-1.6710595812323084
-2.690336203258984
-2.1002270928410565
-2.5349441266562667
3.003910793949119
-1.4889430682664015
-1.8146414147358494
-2.9815335912887626
-1.3873411999249445
-2.7594807947207802
-1.0906938946916924
2.9257139707869055
-1.4029923226170313
-2.2206060651238793
-2.319571980389475
3.0463785493971773
2.437424331968157
-1.3435521438311586
-1.9334965535781736
-1.8047768418223955
-2.3633582903007295
-2.339199829965462
-2.8972954002937237
-1.8762159649275383
-2.6163680198848436
-1.8932037061272935
-2.4619123550604973
-2.141091285278852
-2.408056018332361
-2.3689397060142166
-2.868772043577456
-1.6714033733378912
-2.2821398357460354
-2.3178251033134223
-1.6234570804120276
-2.9066913288305614
-2.3575422307889977
-2.2576878522155437
-2.4525810393526
-1.7703517807600957
-1.9461288861220025
2.9883787015153125
-2.09331492597965
2.9840187311776147
2.978545018321903
-1.612967527423556
-2.254620726889338
-1.9031705762137012
-1.9849579631676042
-2.6723481050210487
-2.497140086666377
-1.5631879644619595
2.8731717569694424
-2.860878686051869
-1.7880296208202096
-2.599879849746496
-1.9610705920986462
-1.561004294253631
-2.875111047131164
-2.0841973127437794
-2.3163916783626832
-2.331356165381921
-1.945090376533383
2.9233934928325196
-2.639343761415913
-2.5140644616418037
-2.187113188769775
-2.3676903507682585
-2.320962790434299
-2.101216088232269
-1.3501037289843218
-2.6632450998664865
-2.108816354400848
-2.5043386673629335
-1.6608595419173844
-2.4487718478894354
-2.7529616484082253
-2.4724295831688448
-1.8061683767556238
-0.1739544909307509
-1.9727066405604536
-1.3014309284691543
-1.9164533148201124
-2.913549870749384
-2.446504082473315
-1.806053487994943
-2.875263267225535
-2.739423975051617
2.874436308310299
-2.3564160225181348
-1.9046440452983107
-1.6027243466596848
-2.1056734643247297
-1.9197499350226086
2.8580115383206883
-2.7196446632989884
-2.6754183301308143
-2.603669552602462
-2.6055056688200726
-2.084617010217143
-2.1352814000736786
-2.0502326048625457
2.92236222329949
-3.076078874235869
-1.9569303396811706
-1.8301643750051189
-2.812600636018099
-2.4358469333209887
-2.9310967332848237
-1.4645262276650635
-2.885974232709961
-3.096088908813116
-2.545283596171464
-2.0315008027085395
-1.8366232853118007
-2.168969837940923
-2.1416216844804628
-2.008874175073944
-2.758911403703794
-3.02459553521128
-3.124090392968951
-1.345062631931008
-2.451032210162515
-2.099947981131454
-1.9637397299385584
-2.1358261179489397
-1.9146284201752946
-1.9537867912870124
-2.844122205696149
-2.6286656276691525
-2.1421026343012053
-2.8257994290125112
-1.7766693974593317
-2.0212903502291
-1.1525234403841016
-1.159324303706367
2.533417827035407
-1.8214576263709756
-2.0745028675130155
-2.3245467091210608
-2.1812701154787466
-2.3901681353553568
-2.0918618644771603
-2.1195074367705193
-2.261353554767814
-1.7739577873836017
-1.3434568358576588
-2.440473752314239
-1.3884890280416458
-1.7334615823849817
-1.3982250904009317
-2.5816758686137864
-2.0930829201960806
-3.049471699208317
-2.9534232770564217
-2.3318108384819607
2.912992183547979
-1.5831255112218678
-3.0574887802782222
3.114393371984906
-2.16985921558249
-1.845616303287399
-2.5707024485651133
-2.0809416016282882
-2.160642965298575
-2.4379267560181064
-2.4349392511676915
-2.5759529563257666
-1.9129573511497324
-2.0682837547490913
-1.7635971578885354
-1.2487794030134123
-2.344180860049024
-2.3115805933471187
-2.338728664389349
-3.0376526188114927
-2.3607711292908857
-2.541831566884435
-3.0103708844520267
-3.065882498269089
-2.589850909946954
-1.9127260758202334
2.8305449189517904
2.5588930775612932
3.0090340563060614
-1.8294445552164746
-1.7253816589703885
-2.3914769724268603
-2.529881330119242
-2.125916209502965
-2.3775520251415476
-2.3025445263569577
-2.209796811571055
-2.055743025401583
-2.4825833200605385
-2.3032903670220333
-2.377213674299226
-2.7989494454519073
-2.0717804795585892
-2.3038298119408105
-2.300572928138911
-2.8683530832803155
-1.777541068277094
-2.4724062551631456
-2.5034599204595573
-1.7001239752294368
3.059788218366396
-2.2625289171937646
-2.2130049608166726
-2.1530305507698384
-2.3231915758792288
-2.4631377448318834
-2.240498785443647
-2.128933776078164
-2.4849841438310123
-1.7744271314605542
2.8244137513314977
-1.2988611028292945
-2.3472437340001524
-3.0613954328447393
-2.9966997898963137
-2.403391982010865
-1.9502155884864636
-2.6250792602418813
-1.9171090423124846
-2.010392354618324
-1.9753235882140765
-2.1496268956604383
-2.999147605130825
-2.907171787377655
-1.7811402155844402
-2.4828848638183243
-1.738092433579713
-1.4818479205997659
-2.9224612562468786
-1.9368865660882961
-2.0035744731953398
-1.7714039595208164
-2.619150416773865
3.047870040160834
-1.4800397608558762
-2.3911447985714607
-2.5971348489723813
-2.432332297340498
-2.382818163376412
-1.8555568083445846
-2.064467800214205
-2.321953195822037
-2.319768370537331
-2.0146875481542605
-2.767483413893752
-1.9528559230151878
-2.5152679906057576
-2.0692976638290923
-2.9152428711502183
-1.6394047569747738
-2.058505513316677
-1.780182582353428
-2.713118300772161
-1.1294880600704809
-1.455208149234235
-2.8905786930614057
-2.608660091815843
-2.236482553587122
-2.06319865121953
-2.1621957963356686
-2.39666667456563
-2.6214592505391647
-2.4725339108017512
-2.0873385407362606
-1.4685508686638475
-2.225251303054098
-2.1586708361914373
3.1354275652575825
-2.863216784997974
-1.9135972777067782
-2.387373519228332
-2.308702924477853
-2.248859031541118
-2.227025895243264
-3.1005476815947
-1.8962165407169924
-2.4642450724557894
-1.8759339962865114
2.6728636239791306
-2.157895658423954
-2.575984614885663
-1.6885411246406954
-1.7731839801512188
-2.385478767949252
-2.0560091069795416
-1.6984245448183235
-2.4340209129870165
-2.6005387286001764
-2.681770596283521
-1.1573460220680496
-2.752236038018815
-2.6535316738319374
-2.5753697198833465
2.7601543653824367
-1.5544358737023356
-2.163322360382598
-2.1867127372744464
-2.6167688124238677
-2.98198512572046
-1.75496688770814
-2.367831947375381
-2.4486726598057698
-2.2612136459054892
-2.41824768637909
-2.613753140475229
2.742815191099735
2.9714483800823017
-2.5728650058941214
-2.434780834101249
-2.3388748455298978
-3.0161574054784155
-2.9875994179302023
-1.466643416668179
-2.6895180475532894
-2.471198814864693
-2.264935147223366
-2.3725885350970217
-2.137200961925823
-3.0764259150317312
-2.894492478650014
-2.7915633295681617
-2.274470271146145
-2.676839715080677
-2.453447111696637
-3.049150408906478
-1.9283020794904755
-2.6817099403050695
-2.720482599979459
3.0447287861836148
-2.2008160751364714
-2.6037545992825
-2.739314466834666
-1.7133958227245096
-2.0709224599804448
-2.230895841757198
-1.9108169779135644
-3.0415062845550147
3.08163421852606
3.096653803890445
-2.3519005356376543
-2.3645775603240033
-2.8607504363300067
3.0510084737354997
-1.9620173795691689
-1.8151167787406313
-2.0345999245262836
-2.7894792807449655
3.08176277187281
-1.9506805261682296
-2.609357241482185
2.8397757775341126
-1.2172103721969258
-2.349753501392915
-2.1397003599706417
-2.1824006218138625
-1.6116766397389068
-1.3805779175792225
2.9419601066177914
2.731328081865621
-1.4329833951117696
-1.849944807714755
-3.052031442395901
-2.4823945814694004
-2.5928172743839704
-1.9124035653286993
-2.7184428643840026
-2.693358983299666
3.011055956762497
-1.858074126370577
-2.158025917883267
-2.0656015463894897
-2.0763750272250516
-2.7233842707229585
-2.1994689246806076
-2.5449653159991894
-1.938602011208657
-2.0769916262993595
-2.1313465284902327
-1.4815334050148323
-3.1121156126708085
-2.5908037122678627
-2.2013618986423884
-2.0323610724132335
-2.1242880014468026
-2.1146654415926447
-2.3367735021425835
-3.1354344090244046
-2.4033426348847398
-2.0637352135012135
-2.064284089646722
-1.7135615360290928
-2.3765983067909486
-2.2750889823553377
-2.7579444353702725
-2.8583558511960936
-3.065429363710897
-2.883460685950154
-2.422959768583385
-2.3490639313229407
-2.5159919427970037
-2.6740694420070232
-0.7941429539938512
2.3834828507151555
-1.2353473447175805
-1.6675526717164173
-2.6335729709037414
-1.2034910418610163
2.713548512886111
-2.6849328448965393
-1.9872975977405423
-2.4365224018401888
-2.3891702456856505
-2.1913317237884433
-2.291051969508813
-2.2139469876173754
-2.362034975610359
-1.7246910611137976
-2.4696710363676777
-2.8651350561372757
-1.799481223022922
-2.7321338460331495
-3.084304237670021
-2.011266777663045
-1.8256494007422175
-3.0873512195433532
-2.2038030715183465
-1.377205960827129
-2.8668425191908318
-2.029925768533089
-2.4475277993495004
-2.2043479719877537
-2.4060760367682326
-2.534563136664942
-2.3959709958919957
-2.4518136188650805
-1.9239642101183199
-2.4297698404876895
-2.6076096155060204
-1.9216307182045602
-2.99264492664168
-1.2708765922918905
-3.019294866679984
-2.7323435918772025
2.982547685013697
-1.5150570395380027
-2.330276522019953
-2.4683466639328477
-2.3241378319647117
-1.5280493410879918
-2.320816902854868
-2.8377098242182006
-1.9759663411316728
-2.7628785337102526
-1.5084580751157288
-1.7549107126476526
-1.990922781228785
3.0946174039088787
-2.984931539513904
-2.9068454505501213
-1.6889162550107697
-1.9421720192074783
-2.736078201388408
-2.0274015070223994
-2.2038825278500402
-2.053938820202716
-2.8507730501527773
-2.118219218605673
-2.05710640153909
-2.5388395438588836
-2.9544377742354433
2.512053565316433
-3.0212704794135368
-2.2734121555049134
-2.5211004621039548
-2.204700791259664
3.0358785734238416
-2.757032730169299
-3.0583251273626635
-2.7505513358000853
-2.053740037185089
-1.8336565608605744
-3.1132491576687746
-3.114236620585099
-1.4563271224773429
-2.334331430909468
-2.3993576963336762
-2.0836765047997856
-1.958671889057885
-2.599653544522048
-2.476710271521738
-2.0354931519601065
-2.6608465804965595
-1.4932587382862783
-2.9665478950498665
-2.60240695291236
-2.3674664148492353
-2.50781482692351
-2.499246735707845
-2.7373541156148233
3.0938093459298
-2.09214405307599
-2.908741548016862
-2.4596942663735666
-2.308286312366792
-2.5799843555979427
-2.0831758947277192
-2.1905370600285954
-2.7688707702737423
-1.7397569259224204
-2.4713249836101836
-3.0595032306254586
-2.3133046298155966
-2.3395776226819285
-2.0689330461108026
-2.2494236801035283
-2.915361677724202
-2.5776553012705348
-3.0837982660440515
-1.3846431683371305
-1.7375158268319444
3.083377536167061
-2.3095890496968563
-2.0975958754817112
-2.364270977392123
-1.8813097722168086
-2.7855992978237962
-2.2170460115792663
-2.322362005766645
-1.3987227120103485
-2.8827528436663683
-3.0143544793719754
-2.148697703676699
-1.7266988177172296
-2.162869214175279
-2.141753278421312
-2.6099713500235455
-2.647651345705267
-2.312462699350785
-1.877780209828657
-2.0948329923899003
-2.5030166510019067
-2.6813360079055713
-2.1052103829656867
-2.6331035140713506
-2.2517868790932645
-1.9031332999626682
-1.9858114949331112
-3.083692546389132
-2.5849169245323274
-1.5658447642713325
-2.713195843517173
-1.4236906781158989
3.134591087662859
-2.6137030542015647
-2.374060889597613
-2.3135056640805676
-2.1921466294711998
-1.9043679923200416
-2.2807863330785323
-2.2512409218652674
-2.436270899699821
-2.3901751252572527
-2.9568519905160975
-1.7270800429099624
-2.0385714861045936
-1.625555812900022
-3.1129862875662346
-2.63761964639222
-1.9511159264410691
-2.042464896525123
-1.8365214433934278
-2.2178502531820747
-2.1431991793257836
-2.7457713314547205
2.974245780869151
2.858551042004463
-1.3388484103476592
-1.7048458534340296
-2.9575032346399985
-2.664429662770695
-2.219754877269615
-2.3039573346413333
-2.4982381657371735
-2.381004639368331
-2.242478494956366
-2.1160266896570774
-2.1001035538025135
-2.3100407982912077
-1.609944320943227
-2.415558884827327
-2.525815757099485
-2.701193398126493
-2.6070531528366643
-2.3205245159117793
-2.1527072262468123
-2.347622638558551
-2.0696562108321372
-2.2890638005762187
-1.8565952062757594
-2.1809507109624717
-2.1773549704462254
-2.5965120562158557
-1.913354734808541
-2.4104129078120216
-2.4249491360365307
-2.5803401645310355
-2.2959633240176878
-2.2980018776072693
-2.3322610827405725
-2.269542618982159
-1.9268749066829132
-2.0914285739401044
-2.0943653248531287
-2.4128638467056276
-2.6515471030638884
-2.6868090373624263
-2.404251556759599
-2.30331207891022
-2.4504885332003545
-1.8756082611584952
-2.1478678558693054
-1.877197302390275
-2.721630092751871
-1.861349408690227
2.943122940155171
0.9110228822952966
-1.913210161724965
-1.3736734290301669
-2.675097839637503
-3.1402273101888354
-2.2426239842739117
-2.438795982034145
-2.3538001226023684
-2.26130201182576
-2.292616963414875
-2.367771880085401
-2.2591030913750276
-2.051381262607744
-2.6396716319249762
-1.1237427575387062
-2.1976109970345554
-2.915141020282378
-2.136826860570066
-2.4547442773643495
-2.340863387326166
-2.342038109455011
3.0849027309408084
-1.268503481139194
3.11865816916162
-2.7298744375748494
-1.994802948833916
-2.065967767710178
-2.689033417709963
-1.744596068589903
-2.6002248546802877
-3.052246498521734
-1.3487050963242655
3.0977799498402185
-1.5461904497025907
-1.301749396535884
-2.07754106440462
-2.1871428968774858
-2.485243021254415
-2.824897703972581
-1.0321528662944581
2.7925027854769664
-1.3523178050800009
-2.0800467072697972
-2.821181070535992
-3.102169730592292
-2.688498544818348
-1.4881516148791387
-2.9400496673009093
-2.572084006853272
-2.7103428767144844
-2.5312538692475353
-1.3334142652316696
-2.89138753569545
-2.295509317264194
-2.343933768046009
-2.8606797305052143
-2.174226735668602
-1.8885922214097304
-2.7685243881231307
-2.8103983839340674
-2.5635225292755055
-1.993410141677012
-1.45829104982291
-1.9349094083836638
-2.485882007133966
-2.80060418094604
-2.765029919147002
-1.5998422647481314
2.489390388154851
-1.3320412446577794
-2.2217616362703576
-2.954947460939317
-2.9400831365616447
-2.053504346004441
-2.422156847427889
-2.3389193049387376
-1.9028021486809406
-2.981071631162354
-1.466196359608208
-2.9634881575094183
-1.8713404709643535
-2.084524020750304
3.016823295544571
-2.6834186990600606
-2.354152001472403
-2.602270856848747
-1.2395516758575436
-3.100255502867865
-2.748932519006121
-2.1482243853696548
-2.0164777305310344
-1.4137975579138684
3.0245817224761553
-2.0282018681942477
-2.896122195037561
-2.5512771833291867
-2.569212367560112
-2.6123782386705443
-2.4531283989703065
-2.0712104781467633
-3.050970301525639
-1.86135558172481
-2.2451784430617763
-2.1353899991581446
-1.3276727462487885
-2.1314931177917185
-2.2507941860078766
-3.043587742107604
-2.2675748245514047
-2.703128444635451
-2.662668926135067
-2.6360193134984757
-2.4866311812705124
-2.2154877755451294
-2.6723220896527624
-3.011147659989033
3.018232998719656
-2.5540106625948567
-2.487097503773931
-2.1810132376827105
-2.1843002462887173
-1.8549656574631752
-3.1353821501644226
-2.0235203464791485
-2.3176109996223064
-2.2141346790037217
-2.0625715106716256
-2.1630953662223926
-2.3244064928062698
-2.9908927839465043
-3.0266893028557376
-2.3671577745795402
-2.6229619514337066
-2.3282383804011157
-2.231007926745095
-2.352189684248545
-1.9175334983772456
-2.5686686311835465
-2.4547373209935848
-2.393314486510906
-2.3274871990739334
-3.102281596309934
-1.650072475826091
-3.0481546887919158
-3.0876445907812253
3.0272971765341166
-2.850967553764583
-2.88440574387849
-1.4470353951015953
2.9915736800698665
-1.436131446929999
2.9788712476549635
-3.071245065022173
-2.0197261069460004
-2.361676949473471
-1.7739660630702987
-2.886872610243621
-2.0943500855405524
-3.0485810864241016
-1.7042225072750365
-1.8179248925633613
-2.758277222536339
-1.720199669230613
-2.0408280516090325
-2.236689359960802
-2.14778613913117
-2.355494005701702
-2.0190927215789394
-0.908273868845275
2.581747138208146
-2.321464826454427
-2.519345006484759
-2.38079767599682
-2.6658038600276135
-0.6372686134545933
2.3713633609655447
-2.8863104603869743
-2.142127747935763
-2.893009217904394
-2.6163942002763902
3.107663013709612
-3.0178723824178184
-2.0945890294158183
-3.1050638844439518
-1.924354228608992
3.0829443760104493
-1.4655564918869544
-2.7424790232637775
-2.2890136510477674
-2.9116884950889346
-2.4816506632777613
-3.127599924139186
-2.197473461883472
-2.1441153692355566
-2.1964368570052737
-2.4586131514103164
-2.3053320884269666
3.0839947443805404
-2.87455269559342
-2.487085620896836
2.632299209781339
-1.047958396145792
-2.971506350587578
-1.4264472656404033
2.256644985459032
-0.16583179428840597
-0.18430306616003328
-1.9871787495934927
-2.27674413796924
3.080117716208462
-2.2028405465263137
-2.2295496413743225
-3.0164051098217413
-2.5919084257295544
-1.9041732187784404
2.7550836979000026
3.037885759809817
-1.965778960617436
-1.692392311004125
-2.6974672153446853
-1.6568150640380703
3.133306333161122
-2.583470604135177
-2.5759618693540687
-2.51577617225565
-2.2244060538139716
-2.2244060538139716
-2.291991785254909
-2.294269675573099
-2.213537112330165
-1.8995086344792074
-2.2196402417642527
-2.4150858210857016
-1.8668987416163882
-1.8007702838179163
-1.3409585252155174
-2.8095753966284884
3.0834540165244197
-2.6022342617511067
-1.357502240257396
-1.8357152831534083
-2.604372724890147
3.1077982776876665
-1.526016572883115
-3.0094408757601996
-1.3057474292713134
-1.9725197196542594
-2.427386618079138
-1.563569476919168
-2.687336929091854
-3.0406232086411698
