0
-1.9689729585345077
-2.868276587824919
3.1565651728336284
-3.460905305918992
-1.869531390029474
-2.993702905847875
-3.0415183700078914
-2.466632607427345
-3.2340555354583356
-2.020152469485454
-2.8469159392947425
3.411350623157944
-3.449301495991246
-3.0047680239018315
-3.4336033344511505
-1.9709962273870447
-2.858970747690665
-3.191713750879457
-2.5528966475722226
-2.452389910018993
-2.7042315235409657
-2.2872121142475708
-2.7973428332720114
-3.1078106320744765
-3.0624133446170623
-1.9869164417813694
2.724264487388109
3.420526679533582
-2.4747492665617212
-2.3545553082547945
-2.3680012659699012
-2.3735209668615243
-2.5597255354860997
-2.5087863774030397
-2.4691440612566744
-2.3832506508192055
-3.125079380672202
-2.9833013663285466
-1.4233945961977656
-2.9161015457585497
-2.9762318506884045
-3.029194722264241
-3.3441448216610206
-2.075597067841788
-3.4324836353622583
-3.4142682870233565
-3.2691875564863757
-3.2038565754250765
-3.4577522705404355
-3.3451895961927933
3.215902764194661
-1.3465622865910032
3.1738926503220433
-1.7895208973293497
-2.6586990261197667
3.255405339294753
-1.199554599967821
-0.905704885084224
3.333574145311488
-2.3628847426750523
-2.682988777274213
-1.975419789919787
-1.549056186004019
-2.479114440182724
-2.801303246538314
-2.265766361036395
-2.1573900543670272
-2.198389261389949
-2.333582541188527
-3.386448467508318
-2.2177350884493516
-3.372689707547271
-2.174784531216731
-3.254916189410242
-3.3346929338063873
-3.158554135039006
-3.332461428215132
-3.2552561428350484
-2.666612637822084
-2.3294848558833805
-2.9114224256254944
-3.2172585651556886
-2.109761952297294
3.268333300053946
-2.4317945012505953
-1.9439147481262615
3.493621015526365
-1.87941070016448
-2.986299879829516
-2.5650979764457245
-2.6603013419026085
-2.796335448609258
-2.285089404956903
-2.6438292426070804
-2.7697736558634705
-2.057493814769379
-2.3394516038870456
-2.202257594043812
-1.6748459454708096
-3.2661714207165113
-3.3325874826705704
-2.04771478607537
-2.962155988674781
-2.8346926909248538
-2.6183895274619164
-2.5009029924632546
-1.9391962857161615
-1.7668462101549496
-1.9731074363391168
-3.0407565428454033
-2.749007093232229
-2.492551867178851
-2.537145177432908
-2.2307859982701923
-2.2955454634116945
-3.077276158815348
-2.032955360840955
-2.2907845858054094
-2.320159768308363
2.990939773874782
-1.0982788908822982
-2.9763719974953307
-2.7281305220002
-2.2591510867468503
-3.1703512689185267
-2.92949673203137
-1.4808606360102061
-2.3627883109915437
-3.091007860102446
-2.613469313026167
-2.5540861258178205
-2.45205793154649
-3.023862063183178
-3.136929390915418
-3.1357990235793536
-2.6033630787655437
-3.3927067208085995
-2.4062802372532537
-3.0946917848384254
-2.890598714898801
-2.5738826117354643
-2.248412323196375
-1.750087385729003
-3.0744099843311403
-1.978150651759594
-2.1703111063839873
2.8593571784470018
-2.150980296847118
-1.9394497852824621
-3.4427166404656147
-3.4118951329067375
-2.8675860085064264
3.277681994594944
-2.5550876362783814
-3.0579115305001743
-3.4541526839546246
-1.9407420990708593
-2.1149740673798605
2.7466203236610025
2.1725580946282603
3.4014101995914494
-1.9865041529211107
-2.671258064518988
-2.4998100880675946
-2.6381049362372657
-1.8120897775892277
-3.3515450341301745
-1.5638724446341998
-2.171091026456135
-3.4322362437103404
-2.7268160011467786
3.4570971827740795
-1.9532065827704357
-1.691405260837027
-2.9926023773642014
-2.3225682181198457
-2.737765420258591
3.4879190840936896
-3.358584970351015
-2.1755791154426585
-3.1590385416645708
-3.029950006001747
-2.720548123855679
-2.3503992254783186
-2.422030282617476
-1.8517892667192086
-2.378269240844921
-3.1226152682580883
-2.0500642593361036
-2.113628828261856
3.475496733030112
-2.9998396675836894
-2.3151192146072894
-2.62946243294875
-2.447113108158292
-2.4653609541663326
-2.3949285114197343
-2.81059818221327
-2.3908885927582686
-2.367729770151521
-2.7189818905426675
-2.8448577152058774
-2.6893151737692675
-3.1063201529167377
-1.6210740313542777
3.4215584750649484
-2.173966030035295
-2.5224061199936982
-2.5680004738202635
-2.0593077567998637
3.4928717310667823
-3.243375404705262
-3.14641503904788
-2.454469061961249
-2.797956153334884
-2.1972019016063804
-1.662717532353305
-3.2879430074724922
-2.991024984743998
-3.18348399831755
-2.8114141020237198
-1.7981419376606447
3.06880145075544
3.3139183738045968
-2.2169547649462125
-2.8977504060955144
-2.156241641954223
-3.1679897108773525
2.979749073326312
-2.0999964665894244
-2.157784312092986
-2.2897557326030866
-2.4005128091415844
3.281547412530128
-3.0370093269229397
2.63360010278428
-0.29213781215530377
-2.4390353806303238
-2.554601458884677
-2.311636135717311
-2.428114347840803
-2.017984650103067
3.253788652793392
-3.069907726020264
-2.9648554377148546
2.7532265895443095
-1.5287631156837316
3.2605443777285736
-2.9109556983821467
-3.436670853403103
-2.319372301926572
-2.5738977299854002
-2.6133142796076334
-2.362909641677922
-1.8362136813414487
-2.983096138870163
-3.362259017191456
3.225686210985869
-2.669667443129634
-2.284330938366855
-2.129829836262306
-2.6946260660273658
-2.5181395218917055
-2.0803715135795757
-2.2248774503259803
-2.632561535809794
-2.7258314917176514
-3.2462124370907
-1.6176232034020253
-1.4994669524762434
-2.1814200226708564
-2.3602647633407536
-2.6239675527600466
-2.5870455708676032
3.2599058962612792
-1.5929263050666533
-2.976080858269228
-1.5237276205996992
-3.2417853998697366
-3.4846661214066854
-2.7211534068006666
-2.528783023733256
-2.6064183739003473
-2.6423099298327255
-2.618279491068117
-2.3048720840415746
-3.4114036047646232
-2.951115550993077
-1.978646217125316
-1.978646217125316
-2.0123271756003867
-2.233083351552912
-1.4800701878082854
-1.4891790907027365
-2.173804428166479
-3.0619434425254126
-3.192921029541132
-3.0804773937055576
-3.078005485248789
-3.4665217657864438
-3.0076129874879283
-3.370084688930584
-3.118463947344227
-2.5274142623944345
-2.6894623424024777
-2.502000928340087
-2.5567552049799893
-2.5451257775062146
-2.6558656640746707
-2.3307882814433514
-3.1565091057844157
-2.8812028523924034
-1.7270079912480973
-2.354191439290875
-2.792794228246774
3.27052624051584
-1.8355229299404232
-3.398362455715695
3.2854957613900204
2.6723515274240524
-2.2822076468726524
-2.0039255667272013
-1.906879881546618
-2.489589014608627
-2.4828512406258016
-2.514113818261778
-3.446769792258068
-3.2849661143781224
-2.848553641207991
-2.150196966304407
-2.1158623571380266
-2.746796123989175
-2.1529132816629826
-2.716806237468938
-2.420231496428161
-3.37539706779571
-3.1029134072405533
-3.3693933696685874
3.1679644276458747
3.071144152264092
-3.163569963705298
2.9468080997580546
-2.906146604192136
-3.379621275092703
-1.7262379480910934
-2.587348943939862
-2.5527842766495006
-2.2395527041251886
-2.6629576518165075
-2.479652140091548
-2.1891335587143383
-2.321263836072694
-2.2989873202632762
-3.4382685764929555
-1.7030532000803595
-1.8000749143699066
-3.194427685548018
-2.378916592037317
3.38501523272756
2.9815102266012876
-1.8337280121524313
-3.2893440582339086
-1.866624634506568
-2.461568332117585
-2.4397666858420672
-2.872082374773828
-2.945763308078033
-3.466311745027418
-2.074911273206877
-2.391199058514046
-2.9307283705902782
-2.779141963170233
-2.6106391276481475
-2.5551408071144017
-2.965577805310443
-2.348244693440942
-2.3463824250538603
-2.4196485355905057
-1.9297211979915185
-2.4917778904963592
-2.273607093427777
-2.7517447328403937
3.020093500719061
-1.5461146630772125
3.189849804613588
-1.7082133406542876
3.4190222099385315
-1.9971655354421687
-2.736162518540345
-2.7083827430518617
3.289469572165938
-2.234471685278477
-2.542912070741217
-1.3097819422532397
3.06351775997691
-2.1186447449071912
-2.3855681477321036
-2.2523517321063817
-1.6462942919292993
-1.817563093007171
-1.8220222558848669
-2.262193328187247
-2.3747944978084354
-2.5950017211782312
-2.589247842908663
-2.4111745137862832
-1.8267516417434848
-2.0673383903685525
-2.5180511213892447
-3.32878907483887
3.0280129097975723
-1.8715886769105556
-3.3004082347833705
-3.0931784677013083
-2.353966980554642
-2.77496036933107
-2.035150085623887
-2.2483489239071544
-2.6710723391944717
-3.3063075982064087
-3.2581067656321236
-2.5624276079369905
-1.9790186261085334
-3.414686621155079
-1.9732108249681148
-3.0130974076021304
-2.0312083666338667
-2.896585278300115
-2.5090648571623726
-1.857365984139639
-2.8126909707568637
-2.2466108735225365
-2.8464458452430486
-2.75361987698206
-2.169824190873327
-2.6685436652332983
-3.205146298429096
-2.1902097908461826
-2.269552699738203
-2.269552699738203
-2.276078159922397
-2.2832679590523286
-2.2722822785050076
-2.2976797447436668
-2.2976797447436668
-2.2976797447436668
-2.3099506848746554
-2.2992635393453007
-2.345286977406275
-2.3706250260036916
-2.3426756255547296
-2.3196627461654713
-2.2791024968404683
-2.2791024968404683
-2.287363668387858
-2.2969174275585735
-2.2331844542431654
-3.1240525499426406
-2.3203513265501305
-2.730960555707325
-2.3717700380265194
-2.727506376373876
-2.9397709652780817
-2.1893871009498116
-3.3079042866428785
-1.9921098525631904
-1.6804787913023338
-2.3394489965275107
-2.0451610480734104
-2.754009519322129
-2.770345779009498
-2.42128995375751
-2.7115739088054718
-2.746871234092298
-3.4750061844471323
-2.8001565336445235
-2.9317167756496354
-3.243804285379681
-2.3754118098400614
-2.155044845778432
-2.2104226927475983
-2.0362411955907933
-1.9407404912780772
-1.9572587712449496
-2.019128147389724
-2.8276388053494186
-2.067079373239391
-1.5831744596229165
-2.6083985278168353
-1.6387824248588647
-3.3004263248937575
-3.3057567233344565
-2.535294108070384
-2.9218809941761408
-1.9885550951127742
-2.236355575426571
-2.5692713028967726
3.3937671158284357
-2.196010653552495
-2.3260010940853193
-2.3580155113582553
-2.5644853772588676
-2.7226528913854007
-2.4135937700283576
-2.671572606485588
-3.359084534709702
-3.274659229607765
-2.354271498678127
-3.0874345062267
-2.2262283131229004
-1.8729521427409868
-1.9952032948458627
-3.247504900649389
-2.164774522509116
-2.3326294315629874
3.4508676599318107
-2.164232822978312
-2.880651663040021
-2.8191878059443467
-2.4051804102474605
-1.8515185470267406
-1.6690383389082923
-3.2365137658254044
-0.8966272471438284
-0.7897465864982489
-3.2284424751278924
-2.9829501327018293
3.396436979405325
-2.2905116338795466
-2.3499033049119316
-2.392272573192358
-2.6395541843160677
-2.842064204634785
-2.4252059182575114
-3.0135003077692875
3.459796531322645
-3.2162175498797883
-3.392769910344446
-3.469299415805025
-2.394686428398161
-3.049959117385851
-2.4458172812703065
-2.186368231941042
-2.773861731377538
-3.2583486212706254
-2.6220533708918343
-2.3740812192235126
3.2139381086340473
-1.673412271167806
-3.4184049638363145
3.259555027529005
-2.318243430272964
-2.8446208716619044
-1.9742676125553562
-2.8755415092318737
-2.0382469323753565
-2.44036974628363
-2.2947058827893896
-3.2810871303943476
-3.4213395728795937
-2.4588003350296965
-2.8288270267798916
3.3194282522773193
-3.3898155698695995
3.24198448131527
-3.4695090756554263
-3.2004546777205736
0.23567914542678825
0.6653590744075824
2.1095313990310536
-1.238256507839936
-3.127519223935097
-2.1923263402297795
-2.3217439244965754
-0.5508375321440973
3.060384786477127
-1.436802464250099
-1.7442243818838885
-2.504207893956167
-1.6692976629396232
3.1946296347382748
3.36245754958685
-3.306985605790808
-3.044963545762995
-2.811017250936501
-3.338325313884732
-2.246949543929074
-2.4352331948092822
-3.3579610527280783
-3.236177005050019
-3.182645387460285
-1.0879667216165416
-3.0806958104038387
-2.2976253816236873
-2.9503089552690063
-1.8550359986954976
3.290090215468846
3.154526945200332
3.1456381084373164
-2.7711516953219437
-1.9838866163276827
-3.0184978937139206
-1.6176272006501442
3.4443710577719022
-2.9815070783146016
-2.680142306934628
-1.5173950000120007
3.2499076128736464
3.48925314079099
3.3959072971482462
-1.1964725865376407
-3.10377286475291
-1.9266368399534408
-2.519656334162443
-2.978362537375533
-2.4053333548661295
-2.4568970325014914
-3.1305341572256866
-3.2880600415261934
-2.0402095053057323
-2.7070529516739086
-2.854330900153582
-2.8959226340635564
-2.4740303089172593
-2.369497475299606
-1.7597305115303665
-2.552079882641991
-2.578720277160323
-3.195242374688883
-2.8353056764259854
-2.598118708592774
-2.467723118503171
-2.6013710932280603
-2.1487968018357977
-2.5033640723957333
-2.962882777716705
3.3226701754787262
-2.7226041965345655
-2.266971934514843
-2.1317259522864744
-3.1065928222269936
-2.3888159884245717
-2.7476557739592917
-1.9673189718167239
-2.813831249887916
-2.2050931110413226
-3.0352968894910806
-2.9753709618915276
-2.955640272396514
-2.7469745775240555
-2.4332826721616403
-2.5539328284106664
-2.3584028827112347
-2.3332428280287307
-2.5531067585187093
-2.2010872390842318
-2.65189720547841
-2.588155792408985
-3.014392043104922
-2.0563792538906465
-2.316505116984969
-2.868699125704604
-3.1652866061655884
-2.066123945510255
-1.0586936100895628
3.1694060748408934
-2.7570379359285218
-2.541299081537301
-2.9111676113365963
-2.489546279961307
-2.6576396789561425
-1.782640880406696
-2.7135603479620345
-2.848099048413594
-2.4950685708042735
-2.5998964690728283
-2.5806562451768933
-3.1150670966718077
-2.6354764556828805
-1.923961962653447
-2.0247649720434278
-3.384925728305728
-1.70003523868955
2.7914562914315906
-3.101151842362141
-2.5093080901458986
-2.3195471478488288
-2.7686331981840246
-2.3435899794940047
3.4973529143988498
-2.1313680375798056
-2.786466418990035
-2.5033884625047937
-3.029754011602437
-2.3113237531006656
-3.354221533110844
-1.8242521363328164
-1.7672216809994943
-2.8436744836291727
-2.6930313684118414
-3.261816861297797
-2.6884332298616243
-3.264669675052084
-2.638857053329275
-2.8554509449152166
-2.37047089404711
-2.104320198825391
-1.9316514030700433
-2.558057466860378
-3.1925809812150794
-2.0804899429002424
-3.0239817816604897
-3.0553398326559833
-2.221782142534872
-3.0222080193031804
-2.592413077535763
-3.264076117944028
-3.3558020114337075
-3.371077479105495
-1.8377340124376784
-2.4255001058311
-1.8715409059121813
-2.083898286671667
-2.6198762833399076
-2.610579313945971
-1.7802259227267352
-2.7888819266778504
-3.0514550801718383
-2.76519976909914
-2.670461272029979
-2.5998697668523127
-2.3976494182765955
-2.055614305857121
-1.63159425396407
-1.8085436820113143
-3.441445824177229
-2.074276103965594
-2.160289062693006
-2.9207538466631275
-2.088336645160395
2.5203996632886665
-1.9973421467546029
-2.6135082525870312
-2.5076242998808067
-1.9990528382719464
-2.9248149901758036
-2.5055087714244735
3.2321875010587786
3.455912872052931
-2.1159781756628893
-2.7791240647216373
-2.8294333091826323
-2.5966539794463577
-2.502453964693185
-1.6342408117505405
-3.44164760555955
-2.3938053488131037
-2.1573024462211055
-3.310581465760314
-2.500791858598129
-2.6844501820003246
-2.439441066071875
-2.92419883133415
-3.064756545878594
-1.8689274534387943
-2.4132656005572155
-2.4319468774739827
3.1660384721683847
-2.369029440050721
-2.4446765211503227
-2.5746937774328194
-2.8304909985367126
-3.2775240649860367
-2.3728118964391567
-2.5991718853885954
-2.824520672566342
-2.5075191341599203
-2.12640539711082
-1.9179520542222628
-3.0904177487104865
-2.3303772725734717
-2.8198571816593496
-2.7749818014274465
-2.691702016344411
-2.1071825360079584
-2.3153272509323397
-2.292405937810934
-2.3327538522933913
3.3112566092878213
-3.4657303466784484
-1.6462481275508114
-2.7790560269247364
-1.1484935415553121
2.805708218279121
-2.1307095050459908
-3.11114005802614
-3.3131828816207634
-1.884448123462705
-3.0675393390851653
-2.2721184300608823
3.4847566425905363
-2.9546951061972146
3.3867967189260186
3.368207724912312
3.287688014553681
-3.3601456343339287
-1.803560651015431
-2.5969687809682194
-2.1068259686573825
-2.859906603073951
-2.5636193787874033
-2.8283379373986968
-2.4346977508690646
-3.224670505359294
-2.8192084620095597
-3.1168055236053385
-2.3809980717096773
-2.1608853717031207
-2.003475966099112
-2.8754423796870623
-2.845828454436874
-2.053556318568959
-1.9181379074758094
-3.1118303953601805
-2.305762226862061
-2.6304458779145796
-2.2065780212521036
-2.568304061818409
-2.7959453772051943
-2.734856867013754
-2.583682154208158
-2.4535021356609366
-2.5594437557559395
-2.734258943077233
-3.267170784500215
-2.5478644066684955
-2.367187310739692
-2.578483201214769
-1.9080243125645024
-3.069197379763496
-1.930179270881962
-3.2920095157789198
-3.1921946787345488
-3.144859701490354
-2.166190288704341
-3.4563485317895033
-1.5050697403062223
-3.1712245577469607
-3.047410743033299
-2.563450343962535
-2.6237042863187314
-2.8919468291344077
-2.379698068910653
-2.7783726225869647
-2.455298052132938
-2.963752305740603
3.3896327563778783
-1.8654800326132461
-3.026718687255289
-3.3920038487574877
-3.3689310828821073
3.350698469871149
3.318075164635614
-2.593160080639417
-2.237457321398604
-3.138291740422825
-2.435836241522556
-1.8541389341534877
-2.524463979077755
-2.2109070567081175
-2.157178804413097
-2.3712166945178588
-1.8297888608699637
-2.2657115574917563
-2.847410861601629
-2.72586368338342
-2.4451978234329115
-2.3049508044504265
-1.1984474001081673
-2.3515641304762274
-2.2060509206814354
-2.3718444071862037
-2.671299248500978
-2.4470730340750166
-2.196600866336428
-2.783312925262114
-0.30248279553505
-3.3581351262685115
-1.869667959706533
3.0644815909429193
-2.081736073917134
-2.4132167479948596
-2.3823000587413183
-2.781701796973497
-2.724949382302007
-2.2620801707242206
-2.6340065754317705
-2.986134945809144
-1.2342807251431223
-2.0597040522739296
-3.406541929221274
3.4375807998372303
-2.3283254197130323
-2.3487996367706727
-2.739430029192116
-1.5176246031514729
-3.4464429894556274
-3.1041070955385366
-3.451218578790042
-3.2271465843308422
3.476979491683621
-3.2210165331013476
-2.1863296653270194
-2.1506636647735338
-3.031568002001229
-1.9637719925321666
-2.2358438052114495
-2.7444351502593833
-2.960108747503731
-1.9221700865725198
-1.6859115640384759
3.463099573856841
-1.7159741632331718
-2.4244408318369897
-2.1163745913118226
-2.979066870703268
-2.93326772405334
-2.7960755173591534
-2.3415378390569126
-1.6482041740922182
-1.4692877649942908
-1.4478077748551899
-2.842479645146267
-3.3999163090417777
3.436209171503515
-2.178106986274643
-1.9416214977449082
-2.2509508555881426
-2.1940682114871617
-2.7318029656342198
-2.3953084003706815
-2.750803486083895
-2.700478929469978
-2.5325417806766617
-2.808994101124554
-2.1863602177280193
-3.024640552568928
-3.3268585328917406
-2.707288131063581
-3.258551627181594
-2.121626189818183
3.060358058140501
3.4015186965200024
2.8725871640054996
-1.427719351836667
-0.8559288714469404
2.9714605569270445
-3.2962975697545827
3.2305187269028437
-1.9287787776119523
-2.4232722641984195
-2.9684889138242667
-3.134850236193688
-2.6548446946399986
-2.212764196160651
-3.1601227688637947
-2.465124321009404
-2.7986612061659395
-2.5294343523963425
-2.877138868653043
-2.7211590677690576
-2.7343223068047533
-2.421370470833528
-2.8184883502058082
-2.1688613359227102
-3.2589547169510715
-1.7834675475497028
3.477893671395581
-1.432268727535963
-2.204410974572712
-3.1842181579099167
-2.130255996947643
-2.709677605796692
-2.059969363922947
-3.171171259282926
-3.1551621652602266
-2.159369917070706
-1.5493879913351072
-1.7641189107027755
-2.084684009013088
-2.3625059471835623
-2.659256567987991
-2.928245709936874
-3.4796236300283314
-2.6035009016308033
-2.3821950695416154
-3.4317984334747056
-2.865519899206909
-3.2696411974227364
-2.0813100562875944
-1.5408749377640942
-3.4027366939756782
3.0156544664042553
-1.1546292419333084
-1.1638776156722839
3.0902038771747984
-1.9294689884236407
-3.042438113126586
-2.061245048324151
-1.7082493601773283
-2.9423781834389544
-2.857895269041697
-2.755793629242122
-3.0605976168557683
-2.9622222834857195
-2.749840525836492
-2.4048767338188264
-1.7878963910853884
-3.0188977683050853
-3.2118888530776974
-2.5444806014354113
-2.8699989088653903
-2.4814087455492086
-2.537514537626765
3.2805451727873005
-2.2903953704818694
-2.6111866925517644
-2.582207822276732
3.406706453927846
-2.0352322592966443
-2.5082526244420142
-2.548326372760736
-2.871827484755101
-2.4005275195208555
-3.1361336080317628
-2.7958180214123494
-2.3038772275603727
-2.520860304872419
-3.108555160060628
3.030630768454658
-1.3299639268715044
-2.506821548891354
-2.848021824377715
-1.9315458309159712
-2.93283104884065
-2.191902970376131
-2.255461848373784
2.9977426615462073
3.182218680055739
-1.8425069852817164
-1.9520990213804954
-2.9943359755082914
-2.8398695147806827
-2.665144450143245
-2.0693744700027037
-2.1064198808222985
-1.1419825516567803
-1.8025094700381297
-1.5077579817131765
3.2594432299319007
-1.3621889974311245
3.1356318657647266
-3.409342711725272
-3.2002939801228076
3.437752823097611
-1.9434189646652147
-2.707158391072208
-2.398523667359361
-1.964792522106077
-2.9135309925591373
-3.3173620883771995
-3.0721874609578856
-3.252868818733035
-3.454973978970032
-2.053019008217611
-2.3640868923209934
-3.434263786876385
-3.3998628927250203
-2.734225278016199
-2.56168620252969
-2.8954856661837334
-3.3032678762214602
-3.492747667918396
-2.256881497052734
-2.643625187354826
-3.2163624028218627
-2.891292893166856
-2.69158136000626
-2.000303973846406
-1.9885236364388603
-2.4399753582707446
-2.4758004131266804
-2.830770253000491
-2.390751639996377
-3.294615269296643
-3.403509640680041
3.451167934770109
-3.300363411347657
-3.4546809644626233
-2.957415721382134
-2.902444468818096
-3.1684784232575396
-2.9564320940389077
-2.038150398421854
-2.330764510749691
-3.065395966253673
-1.7752502521405769
-3.2306051329423835
-2.0511564375260427
-3.225714930776364
-2.4828529903206817
-3.0213586140902398
-2.4756885712244725
-2.5492156216968223
-1.7033504512810533
-2.7749866250323953
-2.0629055436829313
-3.366606311751241
-1.8617017478793616
-2.9972621372942463
-2.3398306640882263
-2.8241422175337876
3.346610760248716
-1.6588085450790784
-2.021664057661364
-3.321680663336962
-1.5456154680616745
-3.0742950619287477
-1.215125273182338
3.259492883666272
-1.563052142851358
-2.4739430234701607
-2.5841994257550938
3.3939234326597494
2.7154969159163516
-1.4968307549470945
-2.15407873767177
-2.010674088876698
-2.632981079390002
-2.6060665107310705
-3.2278321918791044
-2.090263315883035
-2.9148553231855905
-2.1091890967703835
-2.7427786453682126
-2.3853568316417615
-2.6827781299184816
-2.6391992486917677
-3.196054759374333
-1.8620847613703582
-2.5424968498013536
-2.5822532569036993
-1.8086685347157758
-3.238300051180136
-2.6265014970457408
-2.5152552714703984
-2.7323827702249726
-1.9723216584365604
-2.168152224841687
3.329306695236912
-2.3321299254239447
3.3244493194200615
3.3183511402136965
-1.7969822852531985
-2.5118382343731627
-2.120293033260229
-2.211411101674212
-2.977221874034516
-2.782025318701145
-1.7415236406811523
3.200956412315988
-3.187260891299811
-1.992016267837846
-2.8964861067251833
-2.184798549392547
-1.7390908473269866
-3.20311694562328
-2.321972132914122
-2.58065630023847
-2.597328004798093
-2.166995237300347
3.256907674908838
-2.940452243036691
-2.800880504253705
-2.4366291256593113
-2.6378073612502635
-2.585748905809843
-2.3409324886246723
-1.5041297750825882
-2.9670803561631387
-2.3493998281314763
-2.790045146608865
-1.8503380411424488
-2.7281390086711497
-3.067032181406071
-2.7544957272556925
-2.012224376518456
-0.19380001973264302
-2.1977620918078213
-1.4499041575097855
-2.1350911278092846
-3.245941047121621
-2.7256125261409108
-2.0120963807192798
-3.20328653168648
-3.051950067977397
3.2023652294928238
-2.625246805752929
-2.12193460247839
-1.7855705152923211
-2.3458983826930155
-2.1387638416143515
3.1840666461618663
-3.029914241322692
-2.9806423645528843
-2.9007081563218184
-2.902753745126686
-2.322439711406545
-2.3788841279973627
-2.2841325748643277
3.255758753401946
-3.427012107226339
-2.1801859579273213
-2.0389579486692773
-3.1334750591598244
-2.7137395603728884
-3.2654897364795055
-1.6316061189443496
-3.215219453401412
-3.449304978627199
-2.835661261309829
-2.2632637625235215
-2.046153721185347
-2.4164158978786756
-2.385947741225
-2.238055785088702
-3.073660712164409
-3.3696553119778643
-3.480501000948373
-1.498513566480102
-2.7306572434737233
-2.33951971003042
-2.1877721947596567
-2.379490989794431
-2.1330580407858717
-2.176683779066869
-3.1685927545577655
-2.9285558986551377
-2.3864835600144523
-3.1481796311951764
-1.9793600179202637
-2.2518884546403677
-1.28400861796485
-1.2915853550700662
2.8224417906286936
-2.0292578940856
-2.311171700761054
-2.5897416944323055
-2.4301194476795036
-2.662849514937804
-2.33051109197878
-2.361310598374427
-2.519339174238087
-1.9763390548892321
-1.4967245738014046
-2.718894228167859
-1.5468942456918247
-1.9312228564752805
-1.5577410428469436
-2.8762053316566267
-2.3318714513529777
-3.397369463234916
-3.2903633951033573
-2.597834549097629
3.2453197363980024
-1.763735754520909
-3.406301169805023
3.4696976991882367
-2.417406739814191
-2.0561727040342617
-2.8639800133530366
-2.3183449952929545
-2.407139057287991
-2.7160566588138955
-2.7127283256627135
-2.869829523199989
-2.13119632851621
-2.304243082994883
-1.9647964371054478
-1.3912459037465148
-2.611615799647489
-2.575296344505433
-2.605541592417899
-3.3842020077592303
-2.6300987631469632
-2.831815408636728
-3.353807847603227
-3.415652481769184
-2.885313019323706
-2.130938668232875
3.1534665084637803
2.850823374962588
3.3523185079507636
-2.0381560085267907
-1.9222211382166254
-2.664307670165226
-2.8185018338706356
-2.368450513391076
-2.648794100815965
-2.565229401412277
-2.4619006005317017
-2.2902716495354483
-2.7658078491758653
-2.566060331012517
-2.6484171493525817
-3.118266477955933
-2.3081387302613288
-2.566661318289962
-2.563032874196924
-3.1955880021585883
-1.9803311329560345
-2.7544697378837557
-2.7890661482150723
-1.8940819416876555
3.4088629383714895
-2.5206486274181885
-2.4654747502060177
-2.3986581834802
-2.5882319613544054
-2.744143833243525
-2.49610519686321
-2.3718123378469387
-2.7684825699698097
-1.9768619438982373
3.1466358690279184
-1.4470411543355097
-2.6150281003532156
-3.41065351127335
-3.338577091671098
-2.6775819988711977
-2.1727051570174325
-2.9245603819285795
-2.1358216637114102
-2.239747165541626
-2.200677592892029
-2.394866223733513
-3.3413041649315347
-3.2388353226491806
-1.9843408875501947
-2.766143794433136
-1.936382016483832
-1.6509039503172944
-3.255869084483687
-2.1578554984086757
-2.2321514688324497
-1.9734938745920556
-2.9179551487153095
3.3955850795530322
-1.6488895073893157
-2.663937600387857
-2.8934279436312433
-2.7098239585466426
-2.654661024333552
-2.0672472676510294
-2.2999917868069955
-2.586852301201706
-2.584418220994734
-2.2445323745210906
-3.0832106567221707
-2.175646713059071
-2.8022213373400775
-2.305372663488378
-3.2478271927987663
-1.8264355956063187
-2.29334929478388
-1.983274003113502
-3.022643321326812
-1.2583452554644488
-1.6212249912476593
-3.220349211777833
-2.906268039213343
-2.4916307747952264
-2.2985778474548373
-2.408869042435371
-2.670089437405145
-2.920527384860984
-2.7546119570650394
-2.3254717266507963
-1.636089909508237
-2.4791182115191868
-2.404941938617277
3.4931315700213137
-3.189865731332785
-2.1319092608395973
-2.659736076143182
-2.572090377929556
-2.505419218306351
-2.4810952573513334
-3.454272428725388
-2.112545649394065
-2.745377489898293
-2.0899491789619207
2.97779620576757
-2.4040783250029873
-2.8698647935140795
-1.881177666203604
-1.9754769681669941
-2.6576251629192154
-2.2905680869242326
-1.8921886324350699
-2.7117052192365225
-2.8972201535104167
-2.9877193264591546
-1.2893813819591033
-3.0662237900444365
-2.9562587777888467
-2.8691797484603714
3.075045476631018
-1.731773071133671
-2.41012413009282
-2.4361829888146604
-2.9153018399817707
-3.3221837108944277
-1.9551815859894481
-2.637965111849904
-2.7280285047544712
-2.5191833039289375
-2.6941325103544016
-2.9119421263001852
3.055728169557451
3.3104448848275236
-2.8663892851734554
-2.7125518356483527
-2.605704450575635
-3.3602545215758117
-3.328438507394427
-1.6339648466114889
-2.996350642620785
-2.753124547239846
-2.523329371242179
-2.643264352986949
-2.3810226822987386
-3.427398740033151
-3.224709500036235
-3.110037719983899
-2.533952305979308
-2.982225907638534
-2.733347648087373
-3.3970115186569796
-2.1482916540770307
-2.987651750567564
-3.030847773675556
3.3920854568671617
-2.4518953003585153
-2.9008029055184696
-3.051828066559138
-1.908867902617274
-2.3071828238614094
-2.4854067051716897
-2.1288117716520256
-3.3884953174239683
3.433201230756868
3.4499343195343957
-2.6202161713504637
-2.6343394493481767
-3.1871180102595194
3.399081560071848
-2.1858533507344853
-2.0221936533792673
-2.2667164464192866
-3.107715913280903
3.4333444500609716
-2.1732231369294115
-2.9070447229216554
3.163750465870292
-1.3560753326250654
-2.6178241935591986
-2.3838072231738483
-2.4313789273795163
-1.79554412716128
-1.5380805993437399
3.2775924534316667
3.0429305580423303
-1.596464734904513
-2.060995024164924
-3.400221233704365
-2.7655975784177427
-2.8886178002658482
-2.1305793642603885
-3.0285753356572345
-3.0006297699917246
3.354571076115334
-2.0700517729012264
-2.4042234450608264
-2.301254875963052
-2.3132574450680505
-3.0340804803699277
-2.4503944607795405
-2.835306670270889
-2.159766649402234
-2.3139443886021245
-2.374500348156802
-1.6505535533471432
-3.467160082610151
-2.8863745217178405
-2.4525033939216723
-2.264222175754781
-2.366636551867434
-2.355916206105526
-2.6033633762650634
-3.4931391945565475
-2.677527021997846
-2.299175623230683
-2.299787117692603
-1.9090525212581975
-2.647731577887258
-2.5346416026103333
-3.0725834276337562
-3.184450239834503
-3.4151476515354298
-3.2124191496608
-2.6993821685798842
-2.617055954162486
-2.8030278813286706
-2.979139589064829
-0.8847424365480474
2.655401542262554
-1.3762814544307538
-1.8577947539883513
-2.934023094187771
-1.3407908379529714
3.023122614018404
-2.991242338945486
-2.2140176525253943
-2.714492089449024
-2.6617377814226453
-2.4413289305651027
-2.5524257207942496
-2.4665242477590157
-2.631506794870332
-1.9214517537786695
-2.7514224727416
-3.1920028476708575
-2.004774321516032
-3.0438282474939298
-3.436175857971247
-2.240721346791072
-2.0339278853661633
-3.439570453557813
-2.4552230670327266
-1.5343239542488254
-3.1939051059666994
-2.2615090412015904
-2.7267530333491115
-2.4558301322551213
-2.6805722629463484
-2.8237177624510723
-2.669314392507157
-2.7315277988768414
-2.143458900605572
-2.706969164824553
-2.905097719732179
-2.1408591931963934
-3.334059630957342
-1.4158640420612643
-3.3637499187887325
-3.044061922109048
3.3228104495405346
-1.687901718360524
-2.5961251907532583
-2.749947009805115
-2.589286170688453
-1.7023762414572727
-2.5855863747040275
-3.1614488190933208
-2.2013936740201845
-3.0780804306173217
-1.6805499137108768
-1.9551190022195628
-2.218056413627777
3.4476655976721458
-3.325466265131773
-3.2384717558146763
-1.8815955931725126
-2.163743940341464
-3.0482225930586324
-2.25869680032201
-2.4553115881083696
-2.2882616123051855
-3.1760023579548196
-2.3598754143534144
-2.2917905658964925
-2.828482041856199
-3.2914936307889158
2.798640195622108
-3.365950918513994
-2.5327734756366533
-2.808719204025742
-2.4562232027731192
3.3822255711102316
-3.0715677109081136
-3.407232931213428
-3.064346889244195
-2.288040151206179
-2.042848539156917
-3.468422947637655
-3.4695230648674253
-1.6224716221074567
-2.600642702308133
-2.673087463319612
-2.3213919088033053
-2.18212619127092
-2.896233983559354
-2.7592647762340845
-2.267711577349074
-2.96440820266636
-1.6636165665939966
-3.3049853299123044
-2.899301513449036
-2.637557877691125
-2.7939178824481585
-2.7843723039593113
-3.049644069451299
3.4467653527204196
-2.3308254739514953
-3.240584168805587
-2.740307506917024
-2.571626236791764
-2.874320843052196
-2.3208341868305884
-2.440443607906772
-3.0847562891021094
-1.9382364017723954
-2.753265109896406
-3.408545437917654
-2.5772170669876355
-2.606487403779099
-2.3049664485029457
-2.5060482845750722
-3.2479595533734154
-2.8717260794896404
-3.4356121627738863
-1.5426096326149439
-1.9357396277849392
3.4351434340964797
-2.5730775963911747
-2.336899265344603
-2.6339978900246424
-2.0959382481477498
-3.10339328405379
-2.469976822635082
-2.5873077500659925
-1.5582954354194398
-3.2116305534720424
-3.358245909362726
-2.393831025252459
-1.9236885644944006
-2.4096192868809525
-2.3860943480081693
-2.9077288917913227
-2.9497075947703135
-2.576279085221134
-2.0920060170405703
-2.333821179835876
-2.788572308537925
-2.9872351582392276
-2.3453824708815976
-2.9335000795596686
-2.5086810881801562
-2.120251504362946
-2.212362008271177
-3.435494382134249
-2.879816142148538
-1.7444835404384236
-3.0227297105049984
-1.5861118619919845
3.492199663213413
-2.9118863259539416
-2.644904680464218
-2.577441036166642
-2.442236804438053
-2.1216270561060626
-2.5409889333212057
-2.5080728456392887
-2.7142118947871596
-2.6628573022798734
-3.294183271972229
-1.9241132816113828
-2.2711411020181598
-1.811006700263619
-3.4681300881041826
-2.9385314330373324
-2.1737082096689333
-2.2754786906155493
-2.0460402606722856
-2.470872815820772
-2.3877052039413433
-3.0590215600072366
3.313561425968777
3.1846676989084894
-1.491590397902894
-1.8993425134862274
-3.2949088130225777
-2.968400059454395
-2.4729947281886195
-2.5668033893669744
-2.7832486716853064
-2.652640605161439
-2.498310760747057
-2.357432751613127
-2.3396930311476836
-2.573580882543956
-1.7936141774658758
-2.691136957948708
-2.813972441572468
-3.009357970913178
-2.9044777732408598
-2.5852606309130106
-2.398297972607763
-2.6154502320872197
-2.3057721151834363
-2.5502107324009806
-2.0684041307965293
-2.4297636040262263
-2.4257576448855716
-2.892734099811183
-2.131639047531433
-2.685403904195546
-2.701598492226444
-2.874717244305682
-2.557897385225798
-2.560168506389575
-2.5983361592931264
-2.5284624845811563
-2.1467016628282414
-2.3300283696634083
-2.3333001586344704
-2.6881344574764814
-2.954047798055292
-2.9933325760814498
-2.6785396378627233
-2.566084519892819
-2.7300515413419117
-2.0895862824715836
-2.392906504588534
-2.091356608839286
-3.0321261777037973
-2.073700714499583
3.2788879483699356
1.0149565649098569
-2.131477980885209
-1.5303884149690148
-2.9802853110293133
-3.498478891941038
-2.4984728481554384
-2.717025050133712
-2.6223324719373338
-2.519281751040021
-2.554169256406659
-2.6378981918070745
-2.5168319676256217
-2.2854122767708116
-2.940817518522171
-1.2519445023820164
-2.4483245721981066
-3.247713722315242
-2.3806059017388357
-2.734792800383552
-2.6079198543705813
-2.609228594205537
3.4368426301084187
-1.413220195468057
3.4744490440519455
-3.041311075321715
-2.2223792486084486
-2.3016628774972245
-2.995810723974838
-1.9436276161033925
-2.8968704714094113
-3.400460824422644
-1.502571579972664
3.451188941396241
-1.7225869712215354
-1.4502589578790441
-2.314556509134751
-2.4366622230046557
-2.7687709813209356
-3.147175033213274
-1.1499056148806182
3.111084353345821
-1.5065964431676506
-2.317348007268062
-3.1430343891316173
-3.456079528536716
-2.9952148303224533
-1.6579267990474105
-3.2754640624063547
-2.865519186168147
-3.019551264121124
-2.8200309585786196
-1.4855363005060749
-3.2212503309015745
-2.557391583292689
-2.611340518251741
-3.1870392379888717
-2.4222725266894964
-2.104051512655833
-3.084370390081829
-3.1310215640240684
-2.855980975831443
-2.2208275436018834
-1.6246596033218992
-2.1556527774549243
-2.769482865650011
-3.1201099932897383
-3.080477256004604
-1.782359632213985
2.7733914989220763
-1.4840066394269644
-2.4752304274905557
-3.292061464897364
-3.2755013499943684
-2.287777571291076
-2.6984876464842125
-2.6057539821184217
-2.119882573819159
-3.3211660006735566
-1.6334667872249193
-3.301576523433421
-2.0848316031332463
-2.322336113273425
3.3609963794449027
-2.9895554523844226
-2.6227244947680832
-2.8991498909202207
-1.3809654350139962
-3.453946916904893
-3.0625433903811583
-2.393303708614905
-2.2465267891411878
-1.5750900891126964
3.3696399234223553
-2.2595884703793194
-3.2265251419686463
-2.8423386244708544
-2.8623199370501635
-2.910410369370814
-2.7329925751466204
-2.3075037004654986
-3.3990390330006313
-2.0737075917823575
-2.5013187313565304
-2.3790051165651187
-1.4791397626172045
-2.374663661040353
-2.507575144099568
-3.390814237232282
-2.5262701951066537
-3.0115137764322717
-2.966438449881093
-2.936748526802909
-2.7703175090194865
-2.4682408158637243
-2.977192890713302
-3.354673241267939
3.362566908045153
-2.8453839516296484
-2.7708370317399447
-2.429833264082436
-2.433495269755857
-2.0665886755568033
-3.493080973765342
-2.2543728591242687
-2.5820147272782723
-2.4667333518424055
-2.2978791598273505
-2.4098712393942723
-2.5895854815950976
-3.3321075957607644
-3.3719879462699733
-2.6372140263192105
-2.9222015207884686
-2.5938545285597434
-2.4855315773307813
-2.6205383073654436
-2.1362945436772347
-2.8617141687256784
-2.7347850503979996
-2.666354816311564
-2.5930176490100876
-3.456204156410193
-1.8383203369132306
-3.3959022022097995
-3.439897293936491
3.3726651689747995
-3.176219051433696
-3.2134720241464203
-1.612119851715469
3.332866171647121
-1.5999719309603773
3.318714587290263
-3.421626834814079
-2.2501457552854425
-2.6311079234642394
-1.9763482747043493
-3.216220321978124
-2.3332831807509895
-3.396377245245995
-1.8986480531289995
-2.025322129748832
-3.072954180691095
-1.916447963241668
-2.2736551068992545
-2.4918611745916652
-2.3928154652288813
-2.624219601015285
-2.2494401104010935
-1.0118939313554776
2.876284732014268
-2.5863082164093374
-2.806763477951528
-2.652410030456134
-2.9699310314579486
-0.709971149360318
2.641899405352739
-3.215594039479018
-2.386511538728004
-3.2230570220793173
-2.9148844903566777
3.4621995106701893
-3.362165150976174
-2.33354938444308
-3.459303860777637
-2.1438934142003863
3.4346608570359534
-1.6327539204495822
-3.055353650147843
-2.5501548615835534
-3.243867317160441
-2.7647687906155554
-3.4844109155841188
-2.4481713464041
-2.3887259170120023
-2.447016480871311
-2.739103053383861
-2.568334981390599
3.435831056263125
-3.2024948947727765
-2.7708237932095505
2.932604016535131
-1.167514312308802
-3.3105094688748014
-1.5891829337061167
2.5140934296754027
-0.18475064847958705
-0.20532920804453345
-2.213885245634833
-2.536485585993105
3.431511718876475
-2.454150732760406
-2.483906924054402
-3.360530485170471
-2.8876052659747393
-2.1214100619025573
3.069396324068785
3.384461746555475
-2.1900440702581925
-1.8854682136291594
-3.005206688053058
-1.8458321506154183
3.4907683380061356
-2.8782048188650307
-2.8698394530675744
-2.80278749469106
-2.478176532356211
-2.478176532356211
-2.5534727550453566
-2.5560105175730845
-2.4660676120129406
-2.1162133203617146
-2.4728670145372935
-2.6906099249185673
-2.079883140862011
-2.006210444298317
-1.4939412443848732
-3.1301046865395747
3.4352286396849414
-2.899109120885444
-1.5123723425670041
-2.045142129962423
-2.9014915497398306
3.4623502061852967
-1.7001115657015093
-3.352771739240268
-1.4547131045864519
-2.197553846104505
-2.7043140534368946
-1.7419486778350632
-2.99392069212854
-3.3875114961462716
