0
2.872538317008716
3.667129979257078
2.984867978948322
3.226321297242652
3.042677368440039
2.8008861451214364
3.2503852427971696
2.788106021677828
3.0733419150299532
3.3777269318494034
2.85063054542396
3.350448515753436
3.6990393646021773
2.9496798578362853
3.2235204207359924
2.9307398721837505
3.8532745212077515
3.498920454360509
2.8395013140942353
3.6254851246990856
2.769022746202748
2.745281335002981
3.0049265099315146
3.091620530819526
2.964034744707622
3.0707009458063426
2.937313914845518
3.5567110762465735
3.0689004909764828
2.729823712147613
2.7718898969924224
2.951506496072581
3.0242663420101343
2.985411369839976
3.0919626479632867
2.8851291955835743
2.7137990312883575
3.44820426621085
2.6085835513523774
3.513048014414918
3.5422349267555964
3.326258115210831
2.9987986241199818
3.1642812530349964
2.8874631418995613
2.910241777202034
3.33736713190367
2.9307993872092264
3.327532633365225
3.263272625918075
3.0747206883065643
3.130472993982994
3.195544941677457
3.3201130999984807
3.3994519606303526
3.4532611764343373
3.06431117698676
3.557654456639099
2.6434508658747142
3.2835833396786622
3.2203658062892266
2.867073024905294
2.6889850704247924
3.3167618038822466
2.7936577399265157
3.88901290038317
3.9568476304370703
4.755102043209694
2.1825526847346186
4.689159602620389
3.3632589031511233
3.0222994792996816
3.182779865023735
2.844209559461377
2.685052947759231
2.4093708571149097
2.533233615380285
4.146120480844909
3.380652081975413
2.7961533989287646
2.949078918062261
2.9677203167785478
3.1224571927214138
2.798477180827829
3.7008057641060583
3.6284020546898055
3.0569818922639
3.103282936239393
2.9562659633186144
2.9816501533678337
3.7898976531763178
2.371961937882793
3.7845171176405494
2.8232002696430896
2.978876348673863
2.956754703072366
3.910864060198895
3.4550018121851838
3.2289137037303752
2.7880598552749376
3.004540063148115
2.765106513724464
3.041157208221743
2.6047502425352977
3.621733209927273
2.9184785461900957
3.0413479191066557
2.764294004663142
2.940510831774025
3.16267642056845
3.2178392496212003
3.264639211026112
3.1057210743797103
2.886797253630791
3.1515178292030717
3.106272982898147
3.2162607858800087
3.5584460783235285
2.615901988619654
3.2124168288926405
2.9890909253086972
3.173965940360871
2.9967145253345726
2.9098074757885968
3.2652250180407862
3.2715523026085185
3.1892578515513654
3.3135933507485618
3.0315228819197677
2.974831852998228
2.881911162611447
3.22912388030684
3.322128707841383
3.058292515643096
3.9458061882710807
2.5820006422604007
2.479111743411532
3.8850039022098164
2.452922182041242
3.1964531779964744
2.666651618012047
2.905816700114108
2.764078383962527
3.0002404753291554
3.427668138422457
2.840175835331452
4.095955067416129
2.610318115485473
2.4739437185173356
4.070934538710889
3.86687052489494
3.8554930909341145
3.6191859625220735
2.879719198834452
3.0916212213621352
3.1884990818994714
3.252591268943664
2.858570658952274
3.034966554600016
3.199759914596293
2.9769443977686882
3.6140309076225527
3.0886273550511287
3.3487165888668446
3.449557848830501
2.966562543700315
3.0520323162214402
3.248411345277005
3.1909513947169956
2.901556663196421
3.203466183927766
2.6617534168936725
3.211548646925791
2.706577806210811
4.0207020045183
4.069485332559338
2.8888450099607
3.4963279473116047
3.2050286134270567
2.7984538235875096
3.59816001708558
3.4716649749474913
3.2442754538044434
3.175705455785497
2.817396921300185
2.6815198441073047
2.59896029277786
3.3056673803152603
3.111886524411895
3.0138718404311744
3.343285949581644
3.25199634382141
2.6855891818518316
3.1580103253689717
3.025025428693422
3.2403409369168155
3.3488323844113834
3.1909395661854005
2.6973703018229154
3.0322931239236968
3.296671783875604
3.0926710987786095
3.3387907620656283
2.9482286229812917
2.2837972521063032
3.561901000056757
2.61471454711231
2.719597358473019
3.4064145863082596
2.8828647693145415
3.0918883476467323
2.7225144465161044
4.4041537284267545
2.913622575703628
2.909415215719243
2.8598704110247337
3.213366840102516
3.008071452354288
3.043990313220586
2.990504021660809
3.1988376708629898
3.0779461867264204
3.5923305276256765
2.9823912644950514
3.4763881194698776
2.8046480473450535
2.1106283063020657
3.030349321823916
3.2782616118107444
3.3270934612922654
3.1919419742282775
3.046146197258826
3.2531361476299905
2.755133885026279
3.5918327733125786
2.71511857610848
4.043509609435995
2.6238377563498445
3.253713497767983
3.0012783766617472
2.8830063537949204
3.0697306423085378
2.831734282011922
3.109334520671384
3.15075426154776
3.0898452442064706
3.4855721425078863
2.8276465163240823
2.9575754324281864
3.3807272616905526
2.721869621609263
3.1063554638448214
3.210780259490986
3.285238182591926
2.768054310548607
3.308068930676166
3.2402921923472694
3.3224591791083333
3.065059473705231
3.062713909548592
2.895501005847569
2.861993487351794
3.0605575845846906
3.2109482041870794
3.114210891441763
3.1247375577441123
2.700127078493887
2.6677056908715686
3.918283199355924
3.7445483692213415
2.851177082763241
3.057288935534114
2.9764708877230297
2.8092434960291475
3.1861510697870394
2.8997137598491713
3.8631585061263793
3.8379434335276805
3.894900879044342
2.983593442972341
3.4860064177541923
3.2765686249505057
2.8260783438403605
3.579158437646505
2.725794044544314
3.6874009986260594
3.3526980492995744
3.2889828723153776
2.8251094993743275
2.8251094993743275
2.8577887215239417
2.8191240855405164
2.885884018618439
2.872489616128911
3.7451118385114777
3.4918395382326524
2.936862969126722
3.0821603538683964
2.8316558245174677
3.0724143327340085
2.878033352229498
2.96951007072698
3.005243077466036
3.011623973688268
3.2740680617471387
2.8182998439518343
2.6445748266153446
2.7043721288830276
3.418563285906634
3.341369087522902
2.681168839189671
3.933661167528673
3.7177396858536245
4.397783934487621
3.0336076608482077
2.962812815891025
3.183179236936003
3.5335106690939777
2.752342877660065
3.459248432539468
2.8909522970758084
2.88699995393155
2.929414432299657
2.880613466932569
3.195524522959959
3.1146131949205786
3.549054435301502
3.108619717989787
2.813911364810261
2.507595791090026
3.267512833067226
2.701524555255261
3.316503245271215
2.6781855539786674
2.6634201558319264
3.777365208581165
3.312385873776222
3.143601055471797
3.2758016244744876
3.5135773787583515
3.6057860482568977
3.3797657918215367
2.9046613211495207
3.851108283335196
3.3107214960234357
2.619508773598692
3.3420412586419785
3.0411860524463017
3.077223429652222
3.233982390885616
3.3293524231754907
3.231551006035699
3.378211200826752
2.6716836182469628
3.2321011971189226
3.7793552848005
3.2539831580112715
3.320219578446948
3.475111166621015
3.027102112375045
3.547709641359776
2.8383959401479357
3.0068890384614013
3.1955656182270644
2.9798061400877565
2.5588009955921494
2.5105935491869746
3.02490932946259
3.531861929105134
3.3681854549740096
3.089702730572185
3.4747209568601836
2.916029506246792
2.5115180182937955
3.7813060607364655
2.777939050398236
2.6747976135129035
2.752721612561018
3.718041884338083
3.0471573236205023
3.0795324519271348
2.7967147039855402
3.2587848873927765
3.4086662958096623
3.0299360671778888
3.1683931665956893
3.06084047370466
3.0566378763866937
3.205653849639473
2.9249361487833423
3.163657142739378
2.6628061318897207
3.290669915443789
3.0786331749001294
2.752966624057531
3.118846450555898
3.7349697707685285
3.100955784609354
2.9017279101601336
2.9217332243241136
2.9157299499575666
3.37273598097324
3.1013597103433614
3.475026650507556
2.586394347542215
3.700003267170896
4.225306891347554
4.033654550376156
3.032481082564723
2.8540503513916473
2.9615839001478084
3.0221549577449447
3.920345118088038
4.454836034549968
2.306730025810657
2.6129603828672168
3.610029011037683
2.8038123402657376
3.168777408025219
3.0361243319194227
3.003639833019912
3.1712084943264944
3.0380205084583163
3.295515186332317
3.0234546448813884
3.2033022342657587
2.980953565699149
3.1869748679240044
2.56425789029604
2.9861559027276066
2.4188929444476592
2.9558093927787272
3.1787810176180606
3.1795035610324422
3.3115079857014256
3.1812086194911657
4.0896822241521384
2.9785440907565652
2.78763333903697
2.78763333903697
2.787573069953805
2.7826349022976062
2.7948969571525946
2.792486221150236
2.792486221150236
2.792486221150236
2.8978875474832413
2.9015759805035493
2.9275253873770826
2.9138110780113213
2.8972402871736347
2.8942577871563215
2.891124313800433
2.891124313800433
2.8979782577947435
2.8953898408822334
2.9465180636497403
3.564312420128723
2.63515105074639
3.714563985249174
2.4409678830365595
3.649631135712833
3.1373251980639503
4.158622994729496
3.3903824257263553
3.5373368947015384
2.9790137982055573
3.141034376140342
3.3817704997065676
2.979394783683487
3.0857251550670144
3.0322992959854047
2.818358386817518
2.9969308309282767
2.8332034979403256
3.4588713598608813
3.104709856042842
3.613880791282541
2.4628445298016173
3.6615414464771523
3.258155035790608
3.356369606831008
3.0121545982087774
3.446721464651261
2.9603735080334768
3.5246091482550495
2.9429464640192533
3.095350283674745
3.060795605040876
2.802728278527562
3.3329802402903272
2.4082356685175546
4.622683095568693
2.5278298991917083
3.808743068462426
2.7994656797498676
3.41415829414631
2.598572237104813
3.2556710852604076
2.705553749279054
3.3320739437371376
3.716743389378493
3.2637863158992797
3.173770718423433
2.843512344484605
3.0171927627290365
3.186085323451732
2.3794159813517894
3.221942705238516
3.268784963389196
3.3376506419403027
3.6971120936474158
3.499298983420298
3.330899100839772
3.4013726233587955
2.827257662023301
3.315649401184247
3.158788848705466
3.1547577708864507
3.630853856744862
2.8392428815912822
3.374133223150964
3.507774036039074
3.0860354339774627
3.021809149528661
2.599735955741645
3.2060383160375365
3.1921601513194893
3.0373924231884057
4.260948716061771
4.29166012511007
2.6439940979498333
2.946593223740081
3.82133803823624
3.211035346273424
3.256060786060459
3.1114166076411363
3.313390755354149
3.287551628930174
3.3835204114937913
3.228417616039622
3.400627696152935
3.555021820423571
3.6976135734754214
4.131229504718308
3.5821845609984013
2.814601453422318
3.0289180533997064
2.904842474148743
2.6326956062977684
3.401627124941889
3.246161843150148
3.162026979274711
2.838804398312342
3.2800836293701727
2.7070352193511273
3.241573235022106
2.9623989603650656
3.0791966467528584
2.7857195302715243
3.20620565257883
3.21853164490906
2.8498826362657206
3.081071486198468
3.3263771608603543
3.460283425944446
3.423422408526793
3.4808357665292857
3.277317161936761
4.073151324738802
4.186312037076722
3.3418863260237077
3.36925375420986
2.8417298332711822
2.7517917726827137
3.0501944888370813
3.3243940906502343
3.2863432630943326
3.2879416279968434
2.972306167690871
2.828508528578936
2.8754851729620454
3.564821102103999
2.853458459130548
3.063698287444988
2.6265027460957677
2.6938920189643567
3.0131237315319694
3.5826917345571103
3.2643825431348055
2.7815488943052378
2.6846679530403645
2.7669883324985944
3.137288966203423
3.108207123578808
3.0396102624623085
3.258711331807217
3.285726503315022
2.7207747826438906
3.0543998445595553
3.0451447121193085
2.7580464740115582
3.417477463958312
3.0485137891496024
2.949683249183681
2.898585884021304
3.391648761450987
2.7076214264844984
2.7040966599770915
2.8581233765041922
3.050582267030005
3.839518491867656
2.9246554113848666
2.5970874333601
3.0749981458285833
2.7515204494444108
3.1247040141311095
3.407388940808628
3.376364738361847
3.0053630692865267
2.8121039373765995
2.847857290740155
3.1839219576861995
3.1085898949250237
3.279638806482582
3.45190808196284
3.42078295340008
3.0103045550257477
3.7154599595986557
3.2813864658287173
3.3711295138323614
3.3884456649561288
3.40775788952881
3.8483833920779076
3.0962017893510585
3.187120188920251
2.8488294236064657
3.8018454395450547
2.899892582178691
2.911994039882821
3.878801266235784
3.339578173629844
3.0321785392529352
3.309269103951264
3.1751494498594672
3.0735470891940793
2.9495536246867915
2.931925432558178
2.9437122355566836
3.3000910589543007
3.2708646988805765
2.8152266529294807
2.988250605838564
2.8648306448918968
3.320290729252695
2.916567355571476
3.2498398167615457
2.7725879568115963
3.0455847236816864
2.9840824493744944
2.9530042785665915
2.9039462650694
3.0836113629308337
2.9673034566575205
3.3467492445270763
3.268231192682437
3.2838989531972693
3.1787171146855577
3.2063210107520583
3.220751906314575
2.6974003868820122
3.342401883479469
3.649181400270444
3.4232969571588456
3.164470654659328
2.5857577960550984
3.1001439859172666
3.3080707388799206
2.872393244076044
3.082265370962812
3.020020166999575
3.246359932570266
3.092078936315619
3.6735555661197683
3.7537603806137523
2.9276318837448385
3.060466773866437
2.857157381960722
3.662271333759553
2.8592734906173805
2.8801682299219085
3.0970804009596025
3.2703510232929136
3.241953556326845
3.318045484790691
2.9662201400319264
2.7585105967181933
3.437054802068736
2.658698161586107
2.733335534803581
2.701206544994254
3.442751304429834
3.28391582686322
3.5057009568144
3.2817952059558007
2.698122838904511
2.6193747938473817
3.46987348676889
3.0209115000145768
2.891271326186649
2.547874273595065
2.9691781717539487
3.6486137685883095
3.275258279471127
3.352555054516054
3.700034144468483
3.2697735487811266
3.2718907663286894
3.4354124419118204
2.601252197706303
3.3552823313275244
3.5567280929549066
3.651313980063093
3.792991896684817
3.030455100771306
3.1085737854951856
3.249738335885642
3.3860019885210675
2.9454595102883583
3.8196873702129954
4.206062559009077
3.5918790984638886
2.451318562199469
3.329347494411964
3.0312977667179832
2.6538670874925776
2.5313440540109102
3.3434241113385115
3.4275518159371807
2.589062589987992
3.1557885443645928
3.4480057322101323
3.625241572086122
3.9570633202214367
3.590108009360746
2.9106173730046074
2.7210648813342795
2.7578578171035546
2.690388141068501
2.8198714747944944
3.0237287629050864
2.8297435381916607
2.850655471911716
2.87527159973584
3.8666214024353875
2.4558929399472262
2.8371879969187783
3.288868297918228
2.802733492531694
2.488019147100566
2.7847365245946327
3.4904937104400746
3.082894303359361
3.218512678962991
2.76599566014598
2.493080212507873
2.6808326301314023
2.703359278279516
3.027763668550882
3.09342491957961
3.5291620717482766
3.3683437525978754
3.2594248912348713
2.7037875884954676
2.5932989289536534
3.9587956021287067
2.465289643307365
3.3790425019606083
3.0803882709713957
3.225537087482504
3.8846831387041005
2.7223914700665253
2.8679370119054486
3.06764540619302
3.0023869889504144
3.130319468424693
2.902423715127088
2.883661150524471
3.740819023661918
3.0763232909325833
3.501659869693416
3.6419777660506765
3.80742434793791
3.4763968827052154
3.4793133878459916
2.7047116362324957
2.8120464926278657
3.1000291379580793
2.94830912837481
2.9553847357080913
2.9498570305226477
2.8121873341512824
2.7389379414429764
2.807088933126876
2.8581966528154794
3.320608181639592
3.574630786883795
3.042674973907127
3.1572489065045595
3.3038458701932902
2.7540639595903906
3.094315209308388
2.79116985310974
2.894937552663328
3.043943271749503
3.074689882908829
3.5994387602794244
3.1445429827404476
3.210474813068162
3.4082277190380474
3.620290357722926
2.887342594620634
2.9232165726810444
3.1987176202316348
3.6484943312030476
3.4277511110623324
3.429475812408078
3.445729032435889
3.2551782892751384
3.696765473009352
2.6101440917739693
2.581098339234708
2.6173957760793214
3.1995038673981093
2.880214522449997
2.9232048593370337
3.4664876069124624
3.1377322238443592
3.2905301874836215
3.4191734213031846
4.021237690904391
3.037707084285996
3.0419327121575597
2.7950473244930274
3.03084267285176
3.277427816201103
3.5197487751894414
4.003764671375004
4.008740800572159
3.6285981751667205
3.621868395153786
3.046803660810998
3.1207556599937734
3.135330897069471
3.3437040990658575
3.1056253737597737
3.215569429396757
3.202300021670912
3.0604763351183006
3.0662967914605836
3.075775705553874
3.1199801246548393
3.0612963247572598
3.83384833098431
3.8717628678740317
3.3594520545686195
3.5342915668326347
3.0117609721725755
3.5033334670486695
2.641608427246765
3.4714040390350864
2.6318584703212307
3.9339237155033824
4.039931998543858
2.537537861430079
3.5472328387900562
3.099049294897202
3.108786815126363
2.976835550528678
3.068500321105349
2.6180453088175084
3.560684049405403
3.0325040750451855
3.096613779267637
3.195623559829559
3.12023863739973
3.1553399169801533
3.7387202800382062
3.51721223207073
2.780382608733161
3.8614630410097712
3.483226088278089
3.071793085892595
3.262799397250404
3.323653515200954
2.8097063442248986
2.711604759236375
2.7735863018795492
3.414725946429486
3.0386886646828475
3.183890607193759
3.3246746079851683
3.50116555696389
3.3938585613823573
2.691820761368283
3.3333585586673826
2.942473416921172
2.988750379519682
2.2010115532617553
2.2248219513689085
2.2733864600239397
2.2849816315991176
2.92577774749639
3.013232967705952
3.323772718808077
3.227619996588307
2.8523407272741177
3.1132387397726142
2.8076481147537793
2.99875711863297
3.0088317358244208
2.702111158233311
2.8537938170141386
2.730187034709693
3.0622739949821116
3.021787699584432
2.9616883124304656
2.8358054905612113
2.838659942447962
2.9623933143055776
2.8914434714067583
2.8892083942257343
3.4365683686314306
3.277173794013204
2.898036666762092
2.6497468761843774
2.84435152514591
3.33973627901636
2.8882560193151097
2.862860166353877
3.332938506881614
3.172926247107577
3.1286832768907087
3.1152462364880895
2.72824851290252
2.991905765025369
3.245421987755899
3.255273950201019
4.12023304970809
4.63389638134999
3.688161296881449
3.385186583071865
3.2906463002513466
3.3704364564525786
3.1553623180059764
3.251781413476081
2.9920390148707554
3.4102391760842123
3.0604270761575445
2.7233648407438658
4.0097237693815755
2.688049373556693
3.188274813180363
3.984158632827993
2.7136576917993662
2.9869860159700914
3.112573601076407
3.1777370510180263
2.8223546915169937
2.82376798568383
2.859063578090207
2.7720289986241093
3.0892478893212916
2.8398947892766815
2.8969690378147863
3.2513356581192117
3.060761379778762
3.235732883634386
3.507998888452149
2.7217054926685122
2.849896871825931
3.537727679261654
3.0786601322475984
3.5099878174324255
2.7879483207530993
3.36802701104929
2.6527167333064914
2.6159725402272014
3.0896759379959433
3.14163883344241
3.842382999992034
2.850729715270467
2.8240325798169197
2.909217143320662
3.3840031715847476
2.840870012946018
3.244222930811485
3.4004116150139274
3.8047698203182083
3.291302822566605
3.5381966634352775
2.5274218771836185
3.497255479450042
2.836001240846237
2.8108703612359074
3.0407891786094265
3.352928876407314
3.2908168674653715
3.2054731599954103
3.991628111976707
3.2180952837924472
3.2967613907631867
3.5038290016911766
3.458157069160133
2.858406881569074
3.2607267744845116
3.0063251822184003
3.3135454332849372
3.257189507694959
2.946373316105283
3.0962532965719523
2.7383560032464715
3.487075480613068
2.880830857975398
3.248353049326534
3.046843979676218
3.437049008760722
2.931533871751566
3.567033245639205
3.3735839809842347
3.255655189702563
3.4895696771497704
3.610812637509177
2.7725257140391917
2.8492173931096603
3.3882822265841726
2.597705822519666
2.605566024999763
3.3393785261667697
3.6211642652620966
3.097750881990734
3.207976046859289
3.2226411679470948
3.194288136051817
3.2859195150510114
3.0637740462380285
2.761376002829752
3.0376652370355535
2.624296476764378
3.415797278300161
2.8547209645424316
2.8618677406863724
2.6141263169387967
2.7196895663723772
3.541859448619331
3.188421139978547
3.15358163554612
3.217769364875698
3.8411599798182765
3.414292432011097
2.9485258638879013
3.092396272190372
3.2774544875057283
3.0121908009104454
3.0073038758957793
3.567813012002015
2.6758499736825527
3.180623373970832
3.3924999610669673
3.3219638570729413
3.333289221188864
2.6061124061989567
4.585478937713337
3.1583887625143205
2.9008774495243266
2.6479405460615784
3.4827290856293445
3.4827746959123127
2.758268101090538
3.546298521837476
2.978452631003432
3.0861312149624043
2.9179481643944656
3.1601203135692026
3.074645897955748
3.0244179915384684
3.828373262049872
3.185838085149701
3.5583840860805815
2.951038660438142
3.403201985444157
2.8172604023659287
3.736981897179685
2.6251755446659306
2.699502270525704
3.2881055417252085
3.354838840937395
2.819172425786775
2.84641366904076
2.956313908075826
3.015469460154962
3.285050179894885
3.140436488011311
2.7828868792907384
2.521943012406354
3.0305514137453846
3.1455087728885447
2.8021064973320846
3.1343727013801503
2.9300882356308575
2.769231049172243
3.004085068788235
2.9588886615990826
3.584911076705003
3.493725786986719
3.3693758835340124
3.4181097271235683
2.598647927291382
3.1604295814051255
3.3599489120071797
3.5068005146950187
3.467263381318564
3.1187898674182404
3.666683354166683
2.664233048004301
2.887709484679138
3.0125978015164994
3.0687007410736307
3.4253215669779142
3.4600531840600994
3.6678476756351124
4.147918237520286
3.3358294805451236
3.408654420721567
3.5094902026906216
2.950654123844929
2.9160436816581776
3.148013106751899
3.057919707373051
4.030365745105514
2.622302453135603
2.616262484951319
2.897642497393111
3.1454494681770537
3.3179852198325928
3.870239409588576
2.973519886264799
3.4841766550390543
3.2851982616038176
3.710311435577866
2.6969494407351338
3.1466465551438234
3.4418254975133795
3.4957299893227023
2.7545383355168376
3.2816562735492405
3.2707566249441946
3.6329722053098443
3.128816164215167
3.0166494111881894
3.1584484312458088
3.2247460115225226
3.419147727274102
3.4462222051563884
2.801280577299942
3.670180665453012
3.6769387225120838
3.693489967383617
3.8574039653737793
3.7176533584086826
3.10485485478827
2.5520740185848685
3.223531538901389
2.898600019583667
2.8268005722808907
2.937523466576436
3.368064889741672
2.774292234744636
3.3962127545845457
3.397431659730984
2.823591576684345
3.232475740710549
2.709059365564952
2.891449814209826
3.18583115820001
3.0626155836478954
3.0608944213087734
4.1738472572128975
2.536846991724034
3.243184097898617
3.4650662846023863
3.3723440667223903
3.836642826576456
4.387743174327701
2.3853349396663055
3.1086796798137186
3.250893146818862
3.2890966346076804
2.9875906417648905
2.815137411334868
3.5455014576902237
2.73317755403425
2.8187081799670985
3.3880963110570814
3.392473131762417
3.36319553120382
3.757272019687508
4.087442506187737
3.884373604787042
3.511968805566165
2.8218215767919377
3.0455586179205274
2.6124064407175487
3.856730764355275
3.4543268757891314
3.0188936230586383
3.042750050925975
3.3039263124236022
2.882299143459909
3.182604127698279
2.6477939138987003
2.662339980243369
3.60634999363003
2.8940165993897033
2.843356543575538
3.580938857374761
2.7672338612872345
2.7934534982540677
3.105272075873538
3.451557175851533
3.5704612222228844
3.0592647368430104
3.279040362267234
3.407763604117382
3.441888194847351
2.9114219922531537
3.7367174183102208
2.479968268397744
3.6846705977105594
3.8559016355186846
3.547226535698714
3.702088774882497
2.5906941989343943
3.30280168709136
3.2208086810128926
3.067834898377117
3.548446216601249
2.9422977674872293
2.798238654926662
3.0780036620346847
2.999708974461374
3.1014546958112934
3.2498774667293477
3.086377933222292
2.892509122098884
2.702903019171546
3.4380769623180987
2.9618242802121513
3.3067158213780137
2.735403386804727
3.8263999943368674
2.7549565006685532
3.950530711074253
2.5936857030739957
2.5787153047666975
2.5757414489692563
3.043067892448875
3.0434079384705983
3.0163504540788493
2.8423497342207686
3.2655494266840805
3.1956450745002734
3.674657861251776
2.5303077056406797
3.8123841533458096
3.1088991273905036
3.2245760493231987
3.1656037878953796
3.9082788089713687
3.7750543565653336
3.3239876049814
2.8524756974996315
3.385265914057985
2.907062558464084
2.63756348899093
2.7615193628458314
2.685384550942847
2.681578573676165
2.680785193990338
3.6323671226389362
2.5074130161101182
3.2231319874623465
3.17130519459539
2.858879068342699
3.322585376088453
2.6163468381426473
3.6594554655512828
3.144815798578499
3.110185413831475
3.331465733119354
3.2982379848637113
3.4031945788496847
2.906927955160055
2.7499872654209137
3.141981866127024
3.4922095293948914
3.0396733122362543
3.0808417978494207
3.4313182136170837
3.522055837592702
3.154604685667261
3.3761126717825887
3.0350475025650545
2.9445004954500122
3.233509026945149
2.7885126312883894
3.6167813364863393
3.338284372455468
3.2396192118272404
3.319136045318711
3.4594282231920057
3.655439496524008
2.9152370123699187
3.2090821644151633
3.912220949064793
3.741689928221077
3.363583234360155
3.437915236034518
3.462056734301148
3.0014880259246755
3.1196299476162888
3.834678957318545
3.548481200312439
2.8185662018037374
3.08829625986928
2.8968035217505093
3.391424624565469
2.6634758731899058
2.98504082176642
2.8643955174136604
2.8141180576885416
3.0674108204709136
2.9616703827975708
3.241961498783792
3.3838611816942112
3.299153930712194
3.6998576617508574
3.7023222662768336
3.6068151163388285
2.4766418705192685
3.1427782400076323
2.7813973998452903
2.9553237780401425
2.8626044042583954
3.6421199990100837
4.052972686148091
2.892129762872841
4.071687715313337
2.7125465101058457
2.9958237205314138
3.8549263062465133
3.456555412298715
2.9112709464466304
2.790695274417277
3.0209152421784133
2.709316010968165
3.4672213073219074
3.0269391938262804
2.791961281039331
3.0975085544510126
3.144229811558101
3.2730277038716595
2.8725585610987046
3.6408173921665803
3.148165472998542
3.4078746697572853
3.612899010457193
3.063351434263783
2.8220790746719944
3.552702871488367
2.6930666910184726
3.3428124532715504
3.4699083174600776
2.8632447644745507
3.279757588642498
2.805457771798076
2.604980970235699
2.5000285349596165
3.390104182685534
2.769022964501668
2.703593051564893
2.8656334709051636
3.0860649783925087
2.708325303736772
2.8543702836450326
2.9408770763642837
3.27375448743366
3.363744024859785
2.7818206315906733
2.7363566358530873
3.806486046401787
3.735803799565936
3.30931799328382
3.4408888752941293
2.7612705450901287
3.4151001743898646
2.616200669942459
3.306261703588666
2.7608501037287283
2.963509639092874
3.072695532794715
3.19750422293799
3.0362486736294616
3.095049016650647
3.659762676924165
3.515445069507029
3.523146753556666
3.105533030498635
2.870984416309465
3.1109829778222724
2.5631476172628243
3.323542175898574
3.165002373174826
3.932432039045832
3.4933950835030085
3.237975401543257
3.909736940038888
3.6383716546944025
3.3450968219184793
2.615555411349031
3.9415039405473786
2.8706544753379957
3.3364940312551004
3.250219799331612
3.0673727798823553
3.15618780992061
3.10173241417782
3.1565339408545694
3.649834592726312
2.6757357974096454
2.9298694959051397
3.1130714495306453
2.7666608990905255
2.7722120175036196
3.648505599383386
3.0619254027878515
2.8009353750990154
3.560082364965694
3.275479190992928
2.717840405481264
3.5518748670856626
3.0914417484685357
3.1538065244278664
2.817246012161692
2.9196128559981327
2.6692636953990956
2.7307736202818567
4.153525834810903
4.18932703765744
4.27514914006204
2.9242973509549626
3.209926178102547
2.8445966374080935
2.941939545484355
3.1019324540570046
2.9723661486762585
2.524591759932914
3.619001248223231
2.7083376164640733
2.571867397235697
3.3614783115268443
3.3566098757277616
3.320755457697017
3.158374836804148
3.79635733226072
3.893523026391462
2.736892784651065
2.8422059894600906
3.11837867063529
2.7243301584089927
2.763932977662366
2.8699710774062135
2.604096104531333
2.7330102450157714
2.79596918577284
2.7277620927876343
2.8022634952177343
3.197976006875711
2.6535257271822417
3.908425144922294
2.756241213542164
2.761416723216767
3.735456654327996
3.137923953592202
3.123032538037816
2.3364639054177614
2.6186950129337703
3.4519937419532534
3.478985696037617
3.889400932430991
3.554873409233519
3.3720202475945587
2.8676799773718074
2.924393354847196
2.6811952636471212
3.2001998014170487
2.8189018144120195
3.9707951595730373
2.891893211363541
3.2681929728567307
3.2600694087638535
2.861839687475928
2.9930427881555643
3.2917391965955014
3.1106854497612177
2.9801760154880492
2.959841551295488
3.0806584793345473
3.245755040702422
3.1250902236462657
2.966281936113982
2.967333437339589
3.481770756075145
3.697073372504287
3.074948889028
3.561114694272617
3.2825968894597684
3.2483566248289546
2.822844120641515
3.190778312411951
3.291176958800935
3.187442403966522
3.238410662908324
3.8070920507903727
2.6878613807890575
3.2611865844230405
2.7427577566790053
3.2543083652345115
2.940166875226957
3.6131364614445194
3.3546425321594118
2.8545768368176345
2.609570272135348
2.8735139231648383
3.401741222437581
2.6506181340350152
2.724852831489222
3.5916090616143244
2.7716690234217496
3.0287126257027213
3.2173273742561683
2.7355149467290882
3.1036611929697377
3.1642726083384303
2.7534883770498264
2.7819840937240263
3.0438545484118698
3.2361635732741605
3.1470718783113814
3.0099111799363882
2.8210681785072946
3.0322066904374325
3.0572815697702085
3.074463085000626
2.9204161087089333
3.1962408310297663
3.2672487131226893
3.887436562557346
4.102016103463522
2.8511847277821647
3.095751126179802
3.5847538218552706
3.5464414292304496
4.212561170523234
2.79535766662479
3.6342725121120814
3.4019479121051632
2.705239258503994
3.7283733056174646
2.6077984185277616
3.1951789372398554
3.254849287749773
2.7887076709788037
3.460148903392511
3.060477936081736
3.0813610864244168
3.368113128810006
4.227520937122791
2.3839863781667923
2.6579647501104575
2.827362809175907
2.801081310198045
2.663727164361725
2.5826748878549184
2.715475119206521
3.4114386776482974
3.2882198899886466
2.9743556975377743
2.7613727567085684
2.747310091700045
2.7205490636551937
2.7743129992821025
3.28070877076738
3.3891592384981726
3.045671279545784
2.714512265809679
2.717204423314705
3.4952196312075516
3.0758639496066906
3.5185110950695213
3.460783268054941
3.171733365333939
3.0929786306823868
2.9199675163354404
2.8693851455517003
3.2307884655041184
3.048439846051335
2.856655680401115
2.727846786499173
2.7434150864963955
2.7439563812248995
2.7375100333565046
2.6513126658159134
2.960193548876213
3.485104184947667
3.0804903108548833
3.02125761968329
3.3688826945950696
3.155278501921131
4.065102756079529
2.458418694996428
4.363808122184214
2.5183070091981405
3.923390729765427
3.3255350491251803
3.3200466568203786
3.4489062266911668
2.885222203425662
2.9498721833305903
3.3977649331350834
3.3171233386965517
3.3126574154238666
2.990952800827645
3.31240592326997
3.4189041407627307
3.057375776745452
3.4617181551462584
3.007201057839175
3.0387257117016158
2.8934977352185034
2.7462097793894586
3.107830864936469
3.9252185753510105
3.630987255946512
3.1674304339323256
3.014357456432905
3.013888366946517
2.8991849729246346
3.3940066123049872
3.4358823067441535
3.971644105502503
2.6977302791026445
2.5299695285128823
3.47802691447948
2.5042844194009426
3.687416353945201
2.735973073556231
4.7881028956154
3.407764360093351
2.8010851437141606
3.425286738977209
2.5215742304375706
3.794107686195307
3.2876447670155176
3.0605528573038905
3.350342007667317
2.958586894775791
3.4059413357653914
3.163562479841157
3.227759753734415
3.332728248134786
3.734225899926459
3.730843684974121
2.7422168237557134
2.845385893027561
2.908823391999205
3.0245852208195454
4.187041466806168
2.468353044137968
3.356948906558216
3.5108534639899123
3.829850718489649
4.528916820846155
4.013082174965999
3.3913006330438695
3.0804772818410577
2.6529812362650587
2.9052726323207505
2.7054723259614364
3.113245543358155
3.3560453086425794
3.502454055514191
2.8505126459563863
3.3420912760491563
3.295258786230521
2.7914839732612253
2.544140164844068
3.644296736146642
2.9921284118482006
3.1448379436657405
3.3361718116771293
2.863839110510303
2.6413026036956277
3.046179728472436
2.9566241944627785
3.3595655195486396
3.194561462087928
3.123466331950174
2.695027469406464
2.945393427232843
3.484584263041539
3.082517523308417
3.5863012401979133
3.3747049995374874
3.0112123556259056
3.484936195876477
3.6132940448223962
2.56378871261914
2.5503709065054694
2.7062626360181494
3.3101408569610387
3.0346712260469744
3.0371662789154215
2.9734450599023003
3.1186843690621253
3.095013454525398
3.1445271109442188
3.034147487161001
3.3721491379565833
3.152703417627802
3.257523378849061
3.3574024903206126
3.433166371822116
2.6895266957284942
3.2786172703804506
2.9943384835007523
2.873260037049587
4.219851737148962
3.3855524097161864
3.625754850128338
3.061436498086865
3.0300246322473945
2.8896477396917697
3.7718327056179217
3.146022464857526
3.63630597951434
2.9810748930118427
2.9151695463988485
3.1164793578276417
3.4862459068085054
2.8058070896220415
3.5017427978357403
3.349192319145062
2.807550608929002
2.7068021607789454
3.7688360818309046
2.7515612084466623
3.405698838321019
2.727308702671527
2.7949203862997476
3.5210795215482635
3.4392300303533214
3.0955734520431366
3.3205001726798944
3.9671556465840636
2.6495596234073293
3.672070799413937
2.790103335382004
3.760444830509058
3.488127098676059
3.2932557020039472
3.2235302449426335
4.417545552759097
2.906153480774251
3.475531547948414
3.636504603106304
4.210932389587491
4.51715168497386
2.8903165127488237
2.7825441702723213
2.976678596288707
3.042886570762913
3.048854327702618
3.2920399791592305
2.8998667225306636
3.2635050138429014
2.9139496209486513
2.932088109890137
2.459718748341012
2.911638598683504
2.7222293313999257
3.0485005429814587
3.524413087444449
3.597760800707243
2.8507608481784072
3.42821560828084
3.224787014167988
3.1276070878988174
3.582820101856018
2.8097365872155464
3.4006390130274347
3.05078029894369
3.858356180099389
3.1424518364129796
3.1404002359771748
3.4795861562721058
3.410557615206606
2.885050976519292
2.860258851352575
3.2574930125115524
2.940655740019819
2.9137123243501066
3.5387668180746954
2.8875280784762856
2.7217924383792287
3.7717815706565
3.070437591732516
3.1608934652954392
3.165653097377675
3.0622845547803093
2.5041772174901964
2.4753587527585603
2.7472684453449485
3.3578759849418205
2.260493051557762
3.729651916756097
3.1165185202720176
3.1984832176708933
3.2545383839585305
3.6279827331116645
4.211623904128587
2.757168839818591
2.6304932474040283
3.0585903053758434
3.4226020159646873
3.1810920469360817
3.3132368855109604
2.8952210353265295
3.209638299435956
3.267949998781883
2.8602104780237183
2.6995398823842662
3.44748425635762
3.2564785132789207
3.1619295570991315
3.0754566881440737
3.4549858844165002
3.649515357073626
2.9633320860958707
3.114578216391105
3.1128538687807303
3.1874367582864767
3.216544701227492
3.292477609954019
3.11813410467421
3.766254788078569
3.2209292973879897
2.662007931953115
3.21018809052975
3.0050222525748795
2.8302005042206813
3.169154749644888
3.0167229486793707
3.42889139336449
3.0408455625658926
3.417181670095814
3.468452374109012
3.0206291062799733
3.3228915279393765
3.129070324215173
3.235064362963207
3.4417621613519076
3.4799778144039872
3.169650222977577
3.4087337607218817
3.2708113573944506
2.9959078363126994
2.757613429662613
2.599264317925157
2.9159577822988303
3.0261877701231694
3.245161946798757
3.108882492115724
3.2824304193359826
2.9221838187542315
2.8260845192179627
2.789975565432826
3.360763836183525
3.6085398794571697
3.6964556458044555
2.6150695995057758
2.399088484926898
2.6300304093736337
3.206153233485794
3.4511326155187305
3.228820458687887
3.1355663574699832
3.231999374612815
2.7658133660474973
2.8685355368697376
3.366788167995228
2.762409203186643
2.826660376744465
3.1369027925861683
3.3084227768589605
3.1316369464824407
3.198570818433222
2.5467124595147084
3.2441520878687213
2.983803583427943
3.8740369248766795
2.5151117794416327
2.995916444137647
3.1116562297952495
3.1943352492323633
2.44614297737884
2.705933499488054
2.894132462157387
3.138686388095715
3.5249460479438777
2.654561210052614
2.8150476590055367
3.1231049974787632
3.110695631446999
3.1992435613324206
3.057993296167503
3.1324055693127497
2.7368516579128688
2.7102662161189213
3.0241111230484066
2.6980210290731774
3.307256746403421
3.4249480735982796
2.8520938604523622
2.5836521096073093
2.4821777827717213
2.5741461653393567
3.302914367570539
2.885256783506942
3.2781235559820328
3.176098596189316
2.8284968060961404
3.495694304509008
3.4979845375804173
3.652904559534926
3.5227503004072758
3.7186057405616935
2.765256982092167
2.798785387430521
2.682662501052663
3.4339681992298994
2.9612128448332906
2.602047686225392
2.7501549425021263
3.396575060740458
3.246820877219948
3.0869325859011854
3.0278468367771696
3.0189635507609824
3.2216049080491613
2.589682042671074
2.7375160815319073
2.7520450186869065
2.4204094353363614
2.2490229681105967
2.2490229681105967
3.9703093854183633
3.9451605032072634
3.6189238210097323
2.77569997687748
3.0165664129493672
3.0949582382511185
3.0173740947864784
2.9089632881035294
2.8389919525105003
2.8411975058397387
3.3688567375742515
3.0755081492864056
3.2915465329742863
3.596599724263937
3.031031134566542
3.663220184361442
3.0972887904746513
2.951462508386353
3.0429707414671023
4.020181764788631
2.9749823953849326
3.018141060803649
2.6248702479647403
2.506636352128457
