0
0.7325150305739845
2.2638808133878525
1.1458537701117097
1.8804236398939767
0.9490720634268165
1.7451298934905026
0.9455318674687971
1.7789042041061094
1.5553645368436582
1.3357560313216936
1.6953215264865402
1.5178823203623797
1.273827357980397
1.8345906901883493
1.7969187123015726
1.0021949198314486
1.9311129160241898
1.4708749493200117
1.3207557300241444
1.5964999128489512
2.3384537920665447
2.001999464631708
1.2328259846778333
1.7331972696545122
1.033282079405455
1.5110639255701714
1.1285092161219663
1.2198206422867204
1.581399972328144
1.2167230780417304
1.2083134591553197
1.832988205193852
0.8710387870832392
1.2989506314888295
1.1515156169382286
1.4939855098358885
1.4226968229658175
1.6773649598187925
1.7147621832675461
1.1112021382854032
1.4371851842078258
1.6921947054209299
1.47795128205606
1.7252722304320682
0.859345670373962
1.4447972657886636
0.6337804923557397
1.772228951273707
1.5970166851141951
1.7973850244816942
1.4160362952912282
1.1685358287812666
1.6912409656062295
1.160095946520682
1.057319858435127
2.12472034086814
0.8515473044007966
1.8590150447645961
1.3049951472388566
2.2467948202502894
0.9146690534384387
1.9648826296259594
1.6684422949532336
1.4026319114868
2.035912735495635
1.704967544632628
0.8455273697672769
1.0623498206109288
1.6796448466995617
1.8119112034284757
1.720110748966143
2.0599485733953316
1.5765044523748144
0.7331920919963177
0.8501716837891607
1.586695334616444
0.9849582215249281
1.5484491174886814
1.2139291486531596
1.8624098647090537
1.354146541255165
1.2518927070947785
2.015999884511279
1.211860771767246
0.7910722706443605
1.3091440501275928
1.9999487544490904
0.750594593560939
1.8045926566438941
1.1715521452705577
2.1250639607937187
0.9318427090369154
1.2667330792060938
1.6702999215188774
1.7031594355691262
0.9929824328082066
1.028849489449136
0.8422652818806295
0.5136215999571669
2.285168751607562
2.337856321204918
0.44064628269647527
1.9641577066456024
1.0852006947971455
1.7478149042988786
1.581307365580109
1.1863430194066507
1.332943762525567
1.6999720738167146
1.0552683938201437
1.1927907687254204
1.0199352548845535
2.268659666707653
0.6348508733361232
2.1857112654116153
1.2388259562353634
1.43884979849728
1.8684633987835775
1.0021452732979597
1.3232906152270352
2.2441785838902333
0.5830664775121361
1.6932178427434106
1.4371016480139813
1.3608193320792528
1.5438579647533541
1.6385385606506386
1.5108836160235253
0.45129328727722284
0.32086359434038736
1.9473525626068693
0.9809401840831574
1.0864070483687271
1.6271998035449295
1.9915973976062895
0.8773991059769892
1.1882743808711445
1.769004748912675
1.0882787163980914
1.77340913618126
1.289520537769237
1.2475940122128129
1.7896351931080692
1.242113548384464
1.534116430611971
1.2595744097152761
1.5272069009510703
1.513245990720737
1.286420679734044
1.5237128652663952
1.3773305550685024
1.2695404820261997
0.9907966908867138
1.5215277662923077
1.3582646056380387
1.402009640916063
1.6033940634454444
1.7894681621911295
1.6668101156413155
1.4454778615996107
0.9975291216132054
1.7746665246027638
1.329198684092814
2.292974519089907
1.159346992483225
1.7862302574478304
1.4014911392378704
1.3109759970835484
1.4666156462463247
1.4936147989628203
1.7625869165394266
0.9145288053105904
1.9969104817791044
1.7169798579595383
1.5993310154331382
1.8580147759928427
1.0569536166751483
1.261872324101842
1.36183663323692
1.4060007694020402
1.614172593653104
1.3992259364013766
0.534713264132529
1.6785667028020341
1.2942029980810041
1.045192581072534
0.756187472111415
2.06401779586008
1.7593062747960588
1.2622883320148701
1.4705125878327623
1.491671628553499
1.1844486482960066
1.533529075695738
1.6440340704158705
1.7092909903689666
2.02747241013551
0.3468254554394269
1.0506845234624123
1.304205289329919
1.9109516785597698
1.1856946586526806
1.9265148496360631
0.9857660044504908
1.1863281691846472
1.3890436908309831
1.684569283120935
1.7623668280958578
0.5427493070167048
0.5033940654925398
1.9366194018073355
1.438680582398032
0.8780222862345225
1.965329692017024
1.789888796037317
1.9409343199870115
1.5661233249536928
1.2570935771087313
1.4961315511609488
1.4228034947258843
1.5871412580602258
1.2397816106017499
2.0257587656486424
2.4594664605151095
1.0903560437486912
1.5305509324469848
1.3751724485464243
2.1896008055823626
1.1792185522728988
1.596606785973517
1.1190851075246198
1.1442417510978025
1.7576864569321502
1.414014362740406
1.03126526055254
1.0613337150943696
1.3885818698482781
1.3982905822931233
1.5426948455268732
1.4250634687686976
1.3396382743661388
1.6349002657728766
1.4926645107231487
1.2443222834453613
1.6977120665850258
2.3796295348851975
1.1097270519784805
1.6004036388174994
1.6100646478229776
1.1703013635519164
1.8484292755122609
1.7993956530231798
1.1117187143791967
1.6099306698668492
1.6527875541396162
1.1315278975305523
1.500674820861855
1.1899582876735915
2.126695073527604
0.9526617980275951
0.8592448067025281
0.8497907876652826
1.149363881777394
1.419827002160264
1.6033429254909644
1.2475415223022028
1.3952134082821204
2.0939591940672426
1.2835323184292877
1.585448617904055
1.8242183776535572
1.6520309221104748
2.428814399052615
1.6874165491408937
0.8443223844602701
1.9315804783627555
1.5353334192947083
0.9861834074705013
1.5810552453949918
2.0203096880513622
0.8550230724339526
1.8157382436112335
0.272087573335188
1.3606396771967797
1.5619116368938442
0.821066194368203
1.198729687839624
1.1634521538362337
1.676193617908173
1.676193617908173
1.5968142203313838
1.7254881604184202
1.9083209774447378
1.8851640360926694
1.3833563722822144
0.9151171777200997
1.5633257802694673
1.2999798080419978
1.337538240633453
1.0909563352679554
1.5260206118235782
0.9636306520507045
0.5573004587811135
0.4143817767771308
2.4111218294700874
1.6802418655094034
1.030191306155308
1.461346732136405
1.327517173852507
1.4429735574375395
1.4210945903548327
1.5304089007020545
1.6069630007330886
1.1248537604711313
1.8367198436515417
1.1177338184241512
1.2135437694455113
1.6901650050339654
1.5767396845856643
2.076337996921632
1.195968285044997
0.6271887170016461
0.5300507160526379
1.0586318138756243
0.6631787704483362
0.9872915998693828
1.9092074724040249
1.7472373295948949
1.063499131742273
1.73683452801103
1.9020325682122767
1.8564555674040857
0.9995320086158034
1.3040902535005925
1.8976308703903855
0.7660081709381727
0.997691988488075
1.041085231871987
0.9889120947436486
1.5216570408157442
1.5629694096334257
2.2379291352700217
1.342213957117729
0.7311364127234278
1.705420513497543
0.9054402864422137
1.968632947911118
1.1885088400643895
1.5203277172929883
1.5254904353539682
2.1718849230601585
2.0340496173357523
1.8856602869115888
1.1800480630936159
1.554001284820143
1.6205593520370862
0.6252911874465061
2.2330743598607494
0.8180813776481817
1.479787737652417
1.2847602388511488
1.6377389689772095
1.0403417933648158
0.8054806451808944
2.047101322689957
1.4303773990138917
1.7158188872188431
1.3020291972660027
1.629214005877759
2.040980758780442
0.7746147885230836
0.4376690372681812
2.251226840184488
0.8989705458628457
1.6620934250193273
1.228618842774802
1.4101237549778418
1.4587753901754021
1.5016898427512924
1.5626236549680217
1.0118047017229728
1.362850134474646
1.3898443839210033
1.5808407131232287
1.4391467950818408
1.6114990379812248
1.141179017453985
0.7879412583332986
1.788252005871254
0.8547560397564741
1.524250509165528
1.5594621910074824
1.3808943527511053
1.2159979455988146
1.485908623804003
2.0202004383915413
1.271957592574341
1.2424294471771653
1.8767486744484203
1.693218137351402
1.705303181939586
2.176255404927755
0.7427905218269184
0.35041557661794265
2.293692159067425
0.7265950664016524
0.7386204291697134
0.9100973344711085
1.7933163723323657
1.2953840009031927
0.6266539139497111
2.3715778923250315
0.6479667651514435
0.7858251220427498
2.3678043141917273
1.55988245210938
1.5426752962004335
1.4827957748756266
1.3253464693096173
1.4159725351170482
1.4109297663194156
1.7690767027826824
1.8450576559311682
1.0548683012335487
1.909866673757299
1.013473216556782
1.8300086833595541
0.8645672818146815
0.9621299748081131
2.0645757654992645
1.5984682648789486
2.3639797151830453
1.4753913381957688
1.0567647935266493
1.706364690445566
1.333561882542143
1.08930056589153
1.5712216121574785
1.546531254958755
1.546531254958755
1.5143617949898676
1.5291643037434859
1.5428120751897376
1.572698927561984
1.572698927561984
1.572698927561984
1.5474892659216888
1.5661257250556142
1.630864001097287
1.6175868147193087
1.6298031271079627
1.6317630923896413
1.6248020592934433
1.6248020592934433
1.6292320024370701
1.6344086487606027
1.473928540246126
1.2284296586668222
1.4337006623064739
1.0142757315738002
1.8088346761848058
0.8280315060518311
1.645499626099431
0.6783211942010622
1.7424276577827535
1.4156455668878172
1.866231311964933
1.4807998892664498
1.1182991427477857
0.9775136922861588
2.149823773767864
0.950265979381805
1.8716451056578434
2.095213445521703
2.7300356875941687
2.256279719033627
2.148359570412264
0.8851076593003
1.6229363731391215
1.1395520554878014
1.4612077640814325
1.1649329809284383
1.6937708792441348
0.14676795253489958
2.010875462999506
1.2387552339568753
1.7041183307527858
1.3723623271454108
1.2175159327177012
0.9342024743637923
1.8706632784437676
0.8160410319125057
1.9945728890063879
0.9136316023087094
1.9395011628806933
0.669047257856607
1.6142020988673207
0.4939421143749946
1.1614966485970704
1.3453573824557232
1.6109767135253923
1.9410599521659158
1.6908969786266363
0.610632735933323
1.3802094946569399
1.5656409697516638
1.3879119521211882
0.8275272280840427
0.9545467604420311
1.3608452398516075
1.1363091718062228
0.7670784313826765
0.021433069301403273
0.3546538066430264
1.7787848908151738
1.2268388823377923
1.9833587602006582
1.2502991062263555
1.5530141468806988
0.3544134113768921
1.6674248796779172
1.6922502276668747
1.5717282320132544
1.9494231483649223
1.151650191198332
0.9783224155955826
1.1645654794914344
1.2821838208901306
1.281628998290997
0.9924061982433796
0.8859489770410479
2.0647769347185245
2.0338192108069864
0.6985290097669494
2.3127985543906293
1.9306146051897952
2.084390098151796
0.7602878913741304
0.7311867523614382
1.6701425728945878
1.1898488180603408
1.148810321064038
1.0568010214736079
1.5482722658553265
0.5390935367529314
1.6753824242066133
1.0137989719164862
1.1956847122149696
0.7329769609640227
0.9728824134919046
2.24880971053768
1.825813842464915
2.1831116480721575
2.1811106782256062
1.1712258829165185
1.7499065103618825
0.9068641029102424
1.2629548733897447
1.553535168676731
1.5113090448208601
1.9644331498246272
1.6755461601412576
1.0433440420764526
0.9262308830098093
2.312848173716996
1.9335174464076224
2.2561777004585655
1.5481580439515594
1.3154829529268584
1.919427784176005
2.266133487934771
2.1412050380464835
1.8258625946987135
1.0373297354740565
1.7517397455251795
1.1063675356436065
2.156876521389053
2.188096527578035
1.8877100485514937
2.1611674820329334
1.9745424958474773
1.948756508622877
1.0261672666507264
1.884380548362445
0.9178191485260164
0.6892345053415075
1.700290329905128
0.5124917045028033
1.4257410879799908
0.20003712862194914
1.1201119757696856
1.0371907944074679
0.7295830402878611
1.4224143036979222
1.360638510808643
1.3299967048919443
1.3889755298443687
1.3055380891287656
1.6686887934517054
1.339003621891795
1.3202008797609437
1.5197080657660529
1.089026494714683
1.0159247025755724
1.6485478902951127
2.294588980513815
2.2494586850380003
1.9386754847068604
2.0403177266327686
1.1055999717150509
1.6388002376572106
1.187873491914232
2.1149331406061367
1.851381560899634
1.0127191976997227
1.926849543092751
0.927046724290563
0.9549678212463785
0.9520146018368876
1.1820361872820524
0.9805108982412933
1.3688820728810671
1.3212222143240382
1.2099560515593764
1.344219655846686
1.4020214416691694
1.1787807328515305
1.8435941712490242
0.7214012296761413
1.7512410970350856
1.9274269892243006
1.8713697526790087
1.922581730342895
0.7582127896554697
2.1084934578714645
2.3511426320484974
2.12249677553498
0.8226312432234957
1.5360726197650687
1.4746253366943654
0.8300759286664989
1.186835401508713
1.5979942401774914
0.964190734725128
1.7167791049603822
1.7923405815251834
1.6133641325540664
1.479083919089139
1.4996560985676
0.08362771546517124
0.3910981707952914
1.788440742887068
2.100317970146938
2.068536898147397
0.8644909240508918
0.4382257002706889
0.765054717387963
1.5835740179399718
1.3667079406594074
2.3746375622180875
2.825219552083844
2.4542524495286826
0.8544104724387643
1.3087903660738625
1.6636798633539083
1.2699348992335038
0.7881104712468036
1.2513229428471966
1.2636062682775164
1.7820415838263242
1.2725905429550304
1.4400169548447392
1.2879667126308179
1.7551296069246676
2.2715661597897103
0.5686251414615496
1.4207841840333504
2.6933500471575127
1.4739539458136188
0.9857840497978662
1.7679010166050908
1.9246396030839663
1.5310172094960155
1.5014054374922468
1.5488873078958512
1.4737989267517015
1.37463364669553
1.3387601829761566
1.6627008404746813
1.1792888450945922
0.9089007187592908
1.1058114279944464
0.8336117179724936
2.042498264194704
1.4767516422521965
0.6359857114106057
1.152770655242548
1.6928777953616083
1.5124782878731438
1.6203527273894982
1.814203298538878
0.6173343733753853
2.771279825129838
1.7774481834334412
1.7977784865078383
0.8311815204551387
0.7859363712605617
1.7625723594837688
1.4203744797503468
1.4438542427505776
1.1327594387052295
0.3133150743876419
2.275766863344155
1.2606369149680674
1.6693425546639031
1.1192278908369215
0.7528890964579915
0.7522723223271088
0.5916443614792777
0.7528632207159475
2.767711441065168
0.4967952046047653
1.4340885703643254
0.8216899144783529
2.3493941233744855
0.481713040272812
0.23069578572312277
1.936646842660628
1.7005323066833093
1.814491259495258
1.7057712867198507
-0.018467628050238334
1.8954793889691839
0.8012253778032192
1.6140528716397702
1.4611684582067341
1.942389979896787
1.0915005072650756
1.7721283853861347
1.7437775545303602
2.006455953537797
2.0476954030822623
1.131155235334653
1.2211316664328422
1.4523306905906566
1.1647758661351617
0.8820226504125253
0.7628240510282492
1.020688086512341
1.2126929482966176
1.0657722199418989
1.5984778244978082
1.4446019737422982
1.3040781333458906
1.9436493600342177
1.0227317843256092
0.789524179747099
1.967474564868585
1.3382763738869978
1.4870986873918914
1.9995320546928181
0.7285416008156297
1.2230222005299682
2.200768985787359
1.2473811380203264
1.1999868934265099
1.1603785873862082
1.141056821669262
1.2308869286933717
0.5681380403700379
1.1446027486500745
1.2549490196936148
0.9548510173170388
1.8286610312428064
1.7917901644072587
1.4886893205338683
1.2927824406993191
1.0888588272991873
2.365490786405344
1.2438242361533263
1.7308378333815175
0.7442783496283957
1.1798366007792487
1.5918286750404307
1.4313864050117335
0.18676243931824288
0.4048302405219346
0.39817927389561286
1.5640821418703579
0.7985448048993271
1.3470522110410645
0.7876059771250492
0.7973932386145932
1.7493353936171767
1.8290855256239422
1.581955220808117
1.9373780124254858
1.8432818655710839
1.095167018619789
1.4038551464574398
1.5970335049520816
1.452846160156273
1.5586537581095445
1.3460961185562625
1.3396367325454859
0.6354832482025866
1.1524051949684841
1.228760023485667
1.2218529827889393
1.5102908571571456
1.4190887093081066
1.4131193899541787
1.4022985498652565
1.9934220424994666
0.9244828306658759
2.0403878001282987
1.5333011778275492
0.9761106729329192
2.400868124632064
1.1585576124624628
1.7206502647317705
2.1349122241445917
2.1576820439405693
1.2815288100049855
1.9358471793345036
1.399569605281218
1.2623048764556464
1.205905638598584
0.3029776592764675
1.1320337017021287
2.5179886206681994
2.2072180316995946
2.2067795860520425
1.5148402495189812
2.044832989169983
1.9250044261120636
2.092662307370377
0.6877086454201301
0.6839026101526418
0.9892213532914943
1.491820666957104
1.358993899243782
1.317853435330909
1.6293766850021163
0.9980918558201016
1.6276706615923782
2.1281869481723525
1.4221083125432465
1.3991191455046077
1.3050405371814389
1.3700018375245941
1.18265497871113
1.0038483246729508
0.972534788947124
1.3382006001754403
1.0951451287333387
0.9690807914954245
1.2355787889606535
2.0912802992208057
2.037406061182532
2.0403900285292496
2.1522107695704387
2.394928689087186
1.0890108939994576
1.2629364733497723
1.6240087496275577
1.1333952891189347
2.4309456035402044
0.9141216259431408
0.9561653421664886
1.064838704645541
1.5137014463887994
1.0924582794842972
0.9767993297385774
1.4438214481804688
1.6140483545640452
1.0618407758997392
2.1408374430195614
1.9398074252630677
0.6795181335448642
0.5751668061694047
2.11011972306831
1.6192632148129231
1.496055417041712
1.5972425793063498
-0.0707717531975487
0.1750664314967846
0.04064714326803093
1.2486747315082027
1.6340787359561149
1.8025366225961328
1.3816036580338025
2.0958536421204745
1.726344725900947
1.558246816087922
0.2083847634079601
0.07881107620399046
-0.08046952116082032
1.0298074219146778
1.5177641162947948
1.4040936361296774
0.9186542975816213
1.6922483882910648
1.5502123723687313
1.0872416846976398
1.5026462851958768
1.418968948724612
1.4124990764088081
1.3904510925120044
1.580847824943813
1.6537009438481642
1.319907436148702
2.7562437443721546
2.5500102685631885
0.5966154529362623
1.7371376885145682
1.2570218481973918
1.4695916314422066
1.5048165867796512
0.9301235571113753
1.9859661246984726
1.6958807912222096
0.8400323995986564
1.2119691365699201
1.1341607035493948
1.5752197792831144
1.2344763667772023
0.8907796706421103
0.8270312955648683
1.164159657709471
1.0150348483266391
0.9729419538477301
2.0739725135259017
2.001349617278696
0.3236719239380238
0.8116733321796082
1.2847470868737727
1.8768240126824045
1.3918496701104246
1.8151124324204466
1.903548008746829
1.9169484737893565
2.5937514724479924
1.5497464188719638
1.9671099412505613
1.2943972466300828
1.9062979833333733
1.4811079246880192
1.6102455912359246
0.8269123489250783
1.2200329456015102
1.2068259578764782
1.8583844509221465
1.1708329415743113
0.9850998278851287
0.9963979755553163
1.689175123763584
1.7237494513421048
1.6334465454199172
2.242952361629906
1.5250319525195606
1.5192094617499547
1.112464916802584
0.889857485288164
1.840966844145674
1.457853275887143
1.1866566218418932
1.0213889587577734
0.7511223564386073
2.149646055837386
1.803720016503562
1.5289019611783676
0.7471769430475212
0.806747874523476
0.9854152315666544
1.2968825435349647
0.9062832750609611
1.7582096290259066
0.8990621306523872
2.0439052259046124
1.0361200379649163
2.088693010921625
1.0865778310936687
2.4462778859686356
1.3646876450170145
1.4103216541566987
1.6677051676147971
1.706938658263359
-0.4112794126570584
-0.25036494249752683
0.9265355579620532
1.6200084382786406
1.823437127544753
1.8135700469177052
0.8106905912004129
1.446564181875729
1.4223873977505417
1.6111729319408785
0.8347189187556668
1.6017838557005828
0.8103628795671084
2.4327752885649017
2.0128597306231146
0.9633278740005266
0.9537149984737521
1.7537857656613833
1.2108422891109352
1.1183457081468389
1.6930303924832932
2.0115905722336094
0.8609659705803843
0.8807979791265887
0.7220884779592862
1.16569008871128
1.7408938774945506
0.9900422241928429
0.9306584439663045
1.6916003438650127
1.7017462487259483
1.1714839653127653
1.3939720676813692
0.9903545070759079
1.4646236403817887
1.3228167105534032
1.4258329523723439
1.2503602336369146
1.470359535578053
2.2047623889649994
1.2466636111142644
1.3198684178413562
1.4805513675214388
1.0836802953301887
1.3500319320427094
2.5962285142507366
1.8322724836399633
0.2883894751337282
1.1699084543183094
0.7293336203097762
0.6307587567740289
2.3933246136340114
0.5508547633389608
1.5831274889234153
1.5531336635328559
1.5794579601537846
0.7117978275822572
1.8817280550677495
1.787001283983484
0.9061649724340083
0.7563939886705464
0.9096678023957536
0.7119194513904007
1.1667013951897884
1.1426296822433153
1.0332630437341102
0.6652669636415974
0.984099282765332
0.7811001566587826
1.9384268361658015
1.5626240588978857
1.477674340030644
1.647346622642141
0.9757450490150289
1.6843044182329108
1.4129929028263497
1.5562034461448926
1.852935848600443
2.3232250815349897
0.14150508153394445
1.3231858915397785
1.9662908743926621
1.7852705658000514
1.1248288018523296
1.5029016028775661
1.6109031480728435
1.1395748313247602
1.2945437728858444
1.7998703582469404
1.799963739452014
2.3130604154718983
0.993391757845368
2.2451923542272785
1.3222694047428623
1.109393887744216
1.18346721833819
1.5623141508252272
1.7753777182656882
1.4517215846507567
1.5422781942515136
0.6774384985120265
1.0094924097357159
0.4745188927094813
0.8599528671691372
0.6417789748759319
1.9486895651960865
2.0850144310120498
1.5088002348150176
1.4672149261622784
1.769901696763754
2.048179344111647
1.822621992559367
2.0311295900978634
2.4287225067204727
1.7013798623976222
0.8235647411298387
0.8161083439572773
1.0851074736873962
2.5136443115118614
0.12918773598651803
1.511370368283997
1.8864914794902772
1.827087181467562
1.8028967818611492
1.311152311231773
1.4334666757861556
1.6024296794499413
1.6263943456947196
1.6189629463510127
1.9859460317763922
0.4761235228225518
0.5836022170438699
0.34231191631069635
0.13937468229548514
1.3560066184464057
1.7082243213357835
0.9596040994288885
1.042685360031928
1.6908431896139946
1.0708448454831607
2.011618688954593
1.8914949176397469
1.8806151443136898
2.1158146980166634
0.9969498623149332
0.9748302481407051
1.3123549919521802
0.9586921370138386
0.8820869357180531
1.0803221698598837
1.5616791719089687
1.5370447791207236
1.9398691470130645
2.100835357208462
2.1728839151163584
1.4306350388095643
1.4617221632101887
0.8878710554856147
1.54981180336273
2.3531053417004473
1.1880107709486745
2.2517455779403797
1.1139206935766839
0.6259175824776722
1.1973256847281766
1.64726134403121
1.6492645748825423
0.6539114272351165
1.8439176114266587
1.542329575441164
1.2287882206031138
1.1598871800828556
1.4863643753930338
1.9410259705784283
1.185571292091929
1.0214091614882235
2.092948750405675
0.5834482322255699
1.4234125071124553
1.996776657898694
2.584036002704138
2.6669418066193105
1.499467887486357
1.2454606059310225
0.5264880796138068
0.9572837460395797
0.5741604954568679
1.3845614746350303
1.380575682839011
1.7395697076820822
0.4973120971372369
0.5216797453959229
1.0946843132715764
1.0913286667253141
1.689812086254243
1.1869529690761904
1.3025397297060504
1.9343536605291773
1.5930668398072823
2.3905804351418816
0.16649463053969632
1.1029318341368701
1.695421980685821
1.3673686037128159
0.46591400221130025
2.0240692139117553
0.7195469143554729
0.6887426614088638
2.1762163858283605
0.7193327262428337
0.22398948265947177
1.7580008753612324
1.2700041589659101
1.5433755014538273
1.3084933381239228
1.0618986907468626
1.264117916361738
0.8884470774970684
1.6109424863208521
1.4282432428208756
1.3706991973163645
1.3463738781073724
1.6542747878462696
1.4796431957110405
1.0074352483792282
1.0899143857707596
1.5312218078340283
2.0204706614828125
2.2131794066884787
0.9906587411075264
1.5318108883589738
1.5491702847512927
1.6898062390679274
1.7893521185211807
0.643147882053907
2.034286284362469
1.3292200549038404
1.5260868973439161
1.434602437351548
1.8785652733025084
1.9440586364398762
1.2723977225770835
1.668536189884637
1.2679809169732115
1.3738499141435137
1.5275205244034238
0.7844578552018238
0.9166849432419235
2.2696947309833706
0.9744346971671556
2.2711706213609912
2.311466951681217
2.374838742714925
2.1483586151237204
0.49903440465301946
2.1974570107986002
0.8677628900932377
0.9105739065851048
1.3310644815035502
1.2722404246223065
2.15873496492554
2.574146901317447
0.2162397661813729
1.7406099183105463
1.479079000379767
1.2058890046254054
1.5285300711456866
1.2773318714978192
2.082239140702237
1.3714358471170849
1.210200270114621
1.6907206117559734
1.9077241101889626
2.587458074129889
0.8068749525849013
1.8262809555267794
1.920616692766198
1.5882526493748839
1.6705612888910821
1.0471846163843377
1.4632050427723875
1.595557217277745
1.4812380931385387
1.484987374839377
0.8528921326567765
1.9729947035867144
1.2689154049555555
0.4726387083280478
2.107671066561462
2.1316741265518186
1.3400808183385713
1.3587671764684417
0.8278046620531385
1.9978664100393517
1.591606311589904
1.7475553817560814
0.4783271471252228
1.6917080819263264
1.3286012309075217
1.3694205264749462
1.3412199620938878
1.0987257457906983
2.074741470863533
1.7492261174232302
1.7643543658641765
0.8921564787353852
1.4078020515359808
1.4494490600910208
0.9147700924241214
2.1691698465116755
2.22659015609032
2.5448313738746933
2.33198808017669
2.449195883976639
0.4327429435781966
0.29691215943320926
1.9580715510019353
0.9259988057929045
1.9292432686444239
1.4234555045832686
1.2928329499677598
1.3054029566555694
1.7005729334177084
1.1871189714051085
1.0504096609793356
1.0527802648190787
1.4755218713063596
1.620968789862122
1.217516565512081
1.0181888548277889
0.9099172572529675
1.3438021186204985
1.6499116152011728
1.4151258987379287
1.1319754627716
1.1730690244956026
0.5041936476455086
0.6647451393471011
1.0428366016220074
1.5598310155733788
0.953226357723872
1.5525066898569828
1.4036731687930528
1.5596304202611828
1.280447363883089
1.8527922260629779
1.1302638991976657
1.8989800405488957
1.7590629001659461
1.5117878205659103
1.4700384422929123
1.6106440970182794
1.470928331855977
1.725343251861358
1.248719164680088
1.465998914251732
1.763260386696903
1.2519186172922108
1.3407820412952414
1.5521837046347464
1.775190446003521
2.176303346486159
2.222523659724433
0.6339758156654649
0.7652554656940423
1.2679663507663907
1.5228816945041734
1.4461595735577275
0.8749710671043051
1.5110269508708494
0.9689535787112041
0.9979285777974147
1.2550152504723324
1.396526330366758
1.2395582476475595
1.2264749680824607
1.9239654396062578
1.7440960571374124
1.350374403430724
1.47395939680955
2.030842478837284
2.1680759140937513
0.019681436967377695
2.7912648059036242
0.7370332152337887
1.723469197287028
0.8684998856339001
2.019668460755603
1.4009470324888424
1.1938826490855299
1.5097631187542857
1.9400906299191327
1.2613250189269978
1.4818869587119936
2.485160144817571
0.32786181252297447
0.6094310060902012
1.762800926469602
0.9102683402559603
1.191593862323704
1.451079163683947
1.2849794281325941
1.580976831955832
1.0857460414785627
1.378393350059257
1.2749763727135852
1.6835962376282059
1.9115252332596573
1.909325104240868
1.7934838724654791
1.457708854357555
0.8842840053003616
1.4946185913953984
1.9176948651469758
2.1402458590129907
1.9967202024550994
1.0542104868599194
1.6108453031435377
1.159187574056038
1.9561909303899543
1.5895870120054032
2.217965291172629
1.312981206686376
1.2913415540162836
0.9553840862478514
0.8378219527902797
1.0896853884749509
1.342421393478525
0.9665979788466222
1.9078443463037604
0.7269669472028673
1.2146787257400398
1.6172303798888576
1.5654732800697697
1.6549732787160145
1.4488632280457825
0.6748263326812183
2.048504560200247
1.5567896803943555
1.5620710780389195
1.3400925452202923
2.2674965827236
1.1660484052721916
1.091611680105404
1.447302102252647
1.2186868585794974
0.8766069037844705
1.1818038635518442
1.408579600286595
1.4466965192195755
1.6496251048935817
0.9949159780419419
0.5641948020477684
0.7159716578562944
2.3828039298116037
2.401742471022246
0.6286243918425375
0.5585875044218694
1.5345484747191547
1.6823570967030932
1.0924885173315069
1.019160165247244
1.4823073393054471
1.5307014458277575
1.4521570912674584
1.2645683904076783
1.3931644493721271
2.225448134213341
3.1284303345493454
-0.2733665701808199
-0.10119033225634451
-0.1108755411023939
0.8904258129773035
1.7012888931520682
1.0444359470130493
0.6587925575615657
0.6269722081365054
0.9666844471842708
1.1763352419055315
1.9584012675385185
2.1424357168870576
1.7432421741786324
1.070573646156998
0.8209069106505389
2.2991537855959225
1.405841423864417
1.5247039443840535
1.7256749967345935
1.327138679565042
1.3605411841638417
1.332267917180348
1.3190772014464809
1.3776041942263697
1.6217748163105705
1.365232016657194
1.573311696529346
1.4861158255297569
1.447787837340451
1.299349621652564
0.7973863807616371
2.253342229999711
0.4311545250829377
2.6477067663378517
2.561709875853239
0.5526594032842898
1.1653093159330525
1.6487830281866784
1.7454008100424507
1.7057593474813955
0.7971019789380338
1.413743890003898
1.328525206227136
2.0841116763116823
0.8259837653823656
1.4194506581147504
1.8346735775229739
1.6788930626656167
0.5655451551375281
0.8775283175830081
-0.18546974643325786
2.6976387941055266
1.5119467361703762
1.6778491699546971
1.4668974058241477
1.3734138680839942
1.652949233421807
1.706055055690349
1.2173918334133043
1.7234391047165154
1.8382996904313105
1.8191076436436873
1.5928205769712245
1.8151136780623314
0.5296697450213661
2.35335417351914
1.4192472606472144
1.5133203386109917
1.3862495862518256
0.8983013167622139
0.7489041271733681
0.8013387538607959
2.2994597317645744
0.7041317286498847
1.8371833729844305
0.898844729863981
1.2880709096172602
1.532337978162567
1.408446784135009
1.233740663845283
1.7101011606340453
1.2563552615541416
1.2945308990907203
1.696266034470649
2.7034414640456825
1.5619352025868807
2.0908477853010665
1.7067041134139234
1.2640455738005292
1.289349036778093
0.9308230097309744
2.0393989436343882
1.4356920998854465
0.5644771312888979
1.442160036842722
0.9944684900670522
0.8952654109660392
1.1488373906110152
1.812193796588894
0.6654344878125613
1.8225707169923562
1.6186822732291903
1.7137897280564456
1.5369128440093986
2.1548432738023533
2.2261897220072493
1.7378938890508306
1.6086676312039776
0.9245777358777185
0.903807410257945
1.4933300843097108
1.606046629993831
1.7098576646191423
1.5289618093328887
1.0321202422249756
1.1339567168358775
1.0081042276016134
1.7234613844303
2.0347620979985153
0.71370584276589
0.2677987299479327
1.9232825318405014
1.4899406146312835
1.0907317793721265
1.377474186816438
1.7906368609351782
1.3185784683572919
1.7165499901332537
2.09129882615073
1.5928576843466906
2.0740727909519094
1.4471547248686767
1.295937901822884
1.1239263558132577
0.11626995260331442
0.9805676915108487
1.0000692539310307
1.1904201149478983
1.4205695414843158
1.5944460513930534
1.668380808492052
1.6256918493191386
1.4987443107532672
1.4216118192912932
0.9132740945560983
1.3722635471550735
1.5839934368547595
1.5933321627429404
2.1374819349495406
2.113842078405881
0.6307565729948424
0.5016444215171935
0.5084059087205166
0.6330886548921766
0.608947311202641
1.312149756108553
0.7845938218768195
0.7001892309804677
1.1105695201184258
1.441071675618874
1.8585574586129825
1.8255521468615665
1.852339118164083
1.847038595061049
1.8378816497986263
1.8045567886110214
1.2542720903975522
1.6899613690304223
1.3217319225484645
1.2327383265070155
1.582905254907018
0.835801779043064
2.2735925108483417
0.8777995427782693
1.827849030957034
1.0521330870117414
1.853787045606659
1.8031543481662997
1.9367497364034256
1.847801580767768
1.8392514452509237
0.3903330358297658
1.0300179297744292
1.2816268250764415
0.7973847369430489
1.4536791117242531
1.1860405292349838
1.1484493318632139
1.9653132950025696
2.6398155266222805
2.6870608017040274
0.6800725933131443
0.8868428411805476
0.9109150151768515
1.1710140181259374
1.387391512601927
1.0569380675493607
1.4042377826412211
1.2011593615334244
2.406729608013308
2.522116429337108
2.8217174385482617
2.9182615930641282
0.9058209746293894
1.240335189522425
1.339017524404157
1.0710338281296103
0.8182930236579519
2.0592595124163044
1.2686565035625315
1.691445663217273
1.9346317723433972
0.5442028431560523
2.090997390036709
0.6044513150818374
1.7617181900736978
1.4858737696362083
1.1928508858005942
1.5035360088845253
1.3676689255222882
1.4544839998365586
1.5483536722877485
1.1218772315199528
1.321206118334769
1.2565891474665767
1.131240962966812
1.0435770846529902
1.0062182264433688
1.0975975943266405
1.7284124839239512
1.3880122788779883
1.5154607053514237
0.44433452431395565
0.6927526063351799
2.5158879573330837
1.6717961157033137
1.5986678439881867
1.3291168298363651
1.1242602883050492
1.1325785977616099
1.0043675137909092
0.7461408043631228
2.0850829073381583
1.9262316133489452
1.0420529335623232
1.220981209793824
1.1869333322295168
1.6001959400717847
1.3302799628100193
0.8397607025714366
1.5350557489764223
0.22759765872489307
1.6008584767187648
1.2096830253093316
1.3740305205943701
1.0627294927736914
1.7807773639479703
1.0588381901153001
1.5692110607790357
1.8703009520413834
1.452883280276256
2.017020008196852
1.6587545726454005
1.1722369838228572
0.6212035349946617
0.30452588549402754
1.9943219043001847
0.7608485927684665
1.2968383757341446
1.4364148277508624
1.6919934506315966
1.6420949150997495
1.2293327893775547
1.874113292559084
1.1002999245599585
1.3848398093678844
1.382314402345868
1.4056907209760856
2.1220564474446437
0.7651855178184793
1.358433278817029
1.7349489238381082
2.011634013000668
0.9331439853076644
1.398795663673635
0.941375496022035
2.15406691218484
0.6857490670090107
2.5141499123456814
1.5741132574032735
2.1004878452656848
1.7337308538025562
0.7417269069683641
1.193390707483697
1.2083924869791025
1.6924297543925413
1.8477962288155845
0.7389921753433087
0.9796780735401062
1.3688852791762305
2.121038162310794
1.4135553991532799
1.4209723462372152
1.6723460641646246
1.8669629069223195
2.1049744668369423
1.1610880583589263
1.9989004404734045
1.1559164000317435
1.9465366530031802
1.1982061238508874
1.0505107056122625
1.5579446149106504
1.8821134273652278
3.1460416323545672
1.9163074778647466
1.7282549816912782
0.9313655683362563
1.8401148050205398
2.0777213551522795
1.7440617968037775
0.42532007697259433
0.6457243033507154
1.1812274896887909
1.3263968936590493
1.1179655611909742
1.7169263032581055
1.7682318500080016
1.396948024071727
1.1244324597061288
1.6216112735365051
1.2970847862400583
1.5585186453562139
0.9403119694790685
1.9992208450111986
0.9096002716740368
1.1174234780515053
1.6111821217179936
1.3966457140166892
1.3812401362999505
1.1201465806881599
1.6090709320261147
1.6367436065910839
0.7900644928810864
0.49130275226930126
2.3683560273692428
0.4299510132147369
1.4548606383470986
0.87382143487905
2.1047236345839853
2.6424048674591702
1.6932588867091636
1.0576408075314718
1.6151098959980257
2.052410534393385
2.265653724206375
2.3091089614295117
1.936881895671648
1.4757855646833122
1.1490485929770837
1.6172872203432391
0.6465334922040363
2.0055617826526873
0.6821854245337201
0.6862939853413887
2.723489298696151
2.003904429334825
2.0066340570800363
0.7563908033662511
0.6718550145994276
1.82981124126143
0.825327572320959
1.8007527309239353
2.1217123631671364
2.070989491147629
1.5138665437699776
1.242241441848958
1.3856625507822193
0.8768421353474759
2.036714608107392
1.2957109644002849
1.5891796843808628
1.1565786629544696
1.4713950925106747
1.1541655643224669
0.8516660728382593
1.3525411084865337
1.4469240909950383
1.0937682861492226
1.8017849606373315
0.9993271811708336
1.2448090373896108
1.9915298318113
0.816489499087186
1.2811628333741696
1.7087610803176203
0.7744696324274061
1.8722978772958978
1.3630207606511606
1.2253032006996638
1.339408060968222
1.139647842748401
1.9666161949986933
0.9397668772540468
1.5659805012061048
1.7534241567965825
1.0377408210660202
1.2301616841274847
1.0364608256673475
1.3394380412953393
1.3438945550172632
2.669504809895872
2.812531893496886
2.8817605806229176
1.4839374742933826
1.3579927555013545
2.5770560398225237
2.054116697174096
2.387132557359522
2.8109920833630935
2.2871270594406843
1.8225194447172846
1.7850513248338467
1.2454193502090602
1.088888481665117
1.8274538837661696
1.0256021786326692
1.8697193344300582
1.950975408120973
0.9218681611696097
1.9914174764903525
1.7269833581084055
1.5145144332623248
0.9723841954654706
1.1919032091540547
1.549846341322519
1.8548572893938302
0.5258968082582376
0.762896118100288
1.4352550127916015
1.007917046913031
0.6332769773988777
1.883082399870608
1.6736450973084085
1.3216172548620218
1.3949477061657092
1.549283662990437
0.8176015958403041
1.4924577676785755
1.9527762298857347
1.3905825238702874
1.7566985429322166
0.22967520342213177
2.5857447582152435
2.227290975883557
1.6061232429481567
1.2985958732978908
1.4772309620368393
1.5428149032780845
1.5877425035013646
2.0480291703977676
1.0025104541561056
0.9706837825986157
0.9840461255174954
2.28387712401235
1.3041153996192192
1.9042849252312726
2.0523038878986752
2.1348347922819113
1.8276220206322913
2.108998461559495
0.2965613420993052
1.7606967664793425
0.8111098967985134
0.5212212616048465
0.95320102211317
1.2689562884779908
1.6775381946796009
1.2053151883472537
1.3417827656606913
1.30406019323967
0.9470599454708394
1.352187770510439
1.4210352919473666
1.9346378532847426
1.8653699824497367
0.7064052433749256
1.7335494041926789
1.7337283736566984
1.4483743198084877
1.0337600889764351
0.609429919206118
0.9801725028140786
1.0471100651429037
1.30706276028925
1.0689909916059022
1.1544737489725996
1.6088598173139974
1.2070750182148944
1.8133264753888227
1.2168589237127623
1.1265958903015405
1.5391131155171627
1.2722750076446872
1.509744367746573
1.5783768725425775
1.807087713994614
1.6383860789692237
0.7298829872909486
0.4577715797842161
0.46847433994181914
0.3740825139960775
0.5319285511067311
1.097330626493152
0.6877500376821007
0.7284262942543517
1.2468499832663336
0.8397409459937543
0.8397409459937543
1.7755287757612723
1.146667077599147
1.8754964495944109
1.5797852470307137
1.6692401941034114
1.5345211835501962
1.1183276559360815
0.9784973981886071
1.723286296674524
1.9487503924553253
1.0466105844102858
2.1372456719319404
0.7160855732030875
0.634389852546963
1.045718788156116
0.6636789662303049
0.8724789399356128
0.6948775287514183
0.7363564841306632
1.8025358279813066
0.7742692935318088
2.2048940806569823
1.6727471677848713
0.6981177286035041
