0
3.518866494193327
9.550235713565295
2.2419011741626345
6.055617945084658
2.120725816839778
4.468217338207568
3.7012061467703203
3.6474867589307602
2.7804726108187845
5.701055763881184
3.705598708975306
2.760514863526857
5.683235766254173
4.421740124522573
4.065092542347232
3.9663654982334102
6.252019190313342
5.899421845515518
7.585673408235606
1.99819085346868
8.119995257183438
7.718259661298699
6.135672410376637
7.853387834563337
2.260307259410691
5.849928917182473
2.895524544076993
3.768607896570128
3.3923257752312495
3.958820465222944
3.1287133854231843
5.395613766926603
2.5698378284390384
2.5172350259104244
1.8820791400282273
7.930309489335629
4.4114535872226135
3.1601913266494623
2.5752770006848635
5.582403871905889
3.9959460850945234
5.059815089367646
3.147900627535914
4.25270344554584
3.275355916120709
4.606486767440791
3.5560619424801745
15.044904623799827
10.031260052687577
10.711481315453035
11.98457114833333
5.968017914307012
3.248075804199741
5.25976666248799
5.786255523966244
3.547034494545576
5.0509263956047485
3.0415349737543225
4.499515636998301
2.9522697082119063
8.381002312861241
1.5931842937190173
2.7496018565225
12.48388122445297
3.1506792891116953
7.023392104011048
3.331833719610138
2.4288937699254944
4.324516979089747
3.4130823749466024
3.0769845127784485
1.7024267003839624
3.758533354940607
3.85149244729105
3.2450256516805767
5.841375140179458
2.3435267901389123
3.420128074145121
5.651718073883686
2.6003432214569298
2.9979943557116435
2.7337617173638087
3.095279758160836
6.5213608225310775
4.575863896353198
3.842060662681486
2.030681791562954
6.821466239150839
3.164758503563318
5.228256180357913
8.061984054896673
5.747068938171909
2.675736175022128
11.314782343956203
6.127899480836348
5.5746005871672555
3.5991369216722484
4.5046836953425595
3.2556765449536926
4.4300131130442155
4.209987041264517
3.0840066415902654
1.5933116861179502
9.987700178317537
1.4943546030274444
1.3631063985601217
18.544822120250668
6.360948418818533
4.620599433753958
4.064484723822371
2.90845389218685
2.762462691440094
3.5359837651901644
6.165483682574406
2.9731161020678223
4.713904593915589
4.430214990017036
2.7756316834446024
5.291017137096082
11.413487590988371
2.326137228797611
12.320948290672721
5.094795952177481
3.271192396886549
3.7965786275985782
4.216291306424685
4.674535450047603
4.081906665921525
2.8472292048781394
1.900178687635508
11.359613089939607
2.8574427432382143
3.545677841371138
3.202332653697871
5.369368877547351
2.9578793320428187
3.715693547806221
5.318331429069397
3.7020127354160386
5.16381134414321
4.238618168986921
4.307652937178609
3.486838932685541
7.3695996415661496
2.959181690277287
6.635930396581007
2.413882373004798
6.480400858642973
4.004272273284931
3.695413420547554
3.450264027803064
4.097511568845918
3.6780252493658545
3.8236460313184186
6.568806179497641
7.7816839181507556
2.4118610830478864
2.140998029039346
6.309585572769314
10.55664876715153
15.016297969441082
1.407172854563194
6.347755042300575
11.80258953714565
1.7355082417008778
10.672883375157186
2.215471632229674
8.675312926174557
9.380511245879557
1.765224505604213
2.6750132566763836
3.4429704599583273
4.323059928381269
4.747825501871787
3.557986088565879
5.888905207980184
2.739058786173289
2.6132919001069927
6.9642164423539015
2.1555815276624752
4.7678274155252875
4.3559750055832
8.559352785768501
1.482556057039398
11.18452136921415
4.297293477789781
3.750665071223915
1.7752966693263568
1.4225031296429234
7.279218987656679
4.191020967041698
3.892290434650006
2.4827482847540936
2.0436336656653835
4.558361127184091
4.482545874782141
3.9830017692813735
2.3826304515519388
1.6130102767838166
2.287759123326232
1.8653144024621886
5.783943777267474
2.3614628136274987
5.328153412832978
0.9974963910653143
5.449105515379273
3.8168438593544844
4.084351434767656
5.915614232996952
5.2447927935481875
4.207643822828754
3.3671754634824955
5.764442577744414
2.863039195202749
3.4208609507221595
3.14957202025152
4.799414853909049
3.5431142537082128
2.951531909475158
3.617599597075829
4.0801695566451945
4.134437280709093
7.266946917221175
14.543651059265576
1.4110129607028297
9.196947133772591
10.385560411750882
4.5406181192898964
1.1283642039729223
12.357178068069505
8.175491104368101
3.9762630766200213
3.992992439256893
5.373525845820393
7.302033518313811
5.152385338138751
3.0067185951587625
5.483930268406835
5.774738656009805
2.984748590807615
5.679028082032172
2.9295575398143625
3.7682623228962013
4.539550324688083
3.2765769643742177
7.331688633303509
2.2523598887591967
6.782340458003593
3.1281518613992736
2.7853310004190073
6.230841376201257
3.193928149217713
5.154712944154122
4.418124587395693
6.252074190370856
1.7091241007044455
2.365243564858365
3.012730416600171
3.780798452377425
2.1166765095129265
2.3911895112976187
2.3960909722294916
1.5420644258369423
6.6149949357317075
5.761936855364351
3.2059469035878427
3.7102792347500917
3.665740132131048
7.282141223950931
6.1376010276374755
11.456888355376151
10.458724541111799
4.320963247712735
2.7901404112317567
5.78180036051905
2.6360992076657417
5.521375700043198
2.147378121158993
7.442631435979076
4.040090384693367
3.9944047032781613
4.720626173268906
3.7578543424719824
4.527679792705592
3.854657723520952
3.4059338231558303
1.7808203756058754
1.8982073783414792
3.289715171532176
3.289715171532176
3.3361415496557547
3.1454206594601453
2.954965457607104
2.8261245544193296
8.429277220259932
8.925840831769612
1.532411902837619
5.216456563253385
1.9881205685270242
1.109963162409165
2.4375061079158375
4.735048502288666
8.98227205391554
3.8922166476894766
3.2634414730981494
5.9409708518645425
2.8240270631682307
6.865525329324151
2.1949998647415216
2.7745429282497276
11.292373931722759
2.0001169650379365
7.35619809512706
3.8272725843634534
2.7978080010990594
3.2617169660336414
2.9795038310856508
3.896539064765048
4.076140988858244
2.3845265838397895
2.851044033216937
3.6668647838952313
4.921776282974173
1.8614912809705517
4.204521228764961
7.412975463256409
3.602660813399516
4.886780376831563
3.062372246551452
1.3249222958774727
1.5585856402388594
7.606374538082235
2.3345685208173177
6.848579206392352
1.1312474062944058
16.5825920506518
4.669657496275542
3.5778979401426083
4.426350749154027
4.501701916181815
6.283725566467206
2.5087299674581014
1.7197501559117963
7.934952777553149
2.2689502673495365
3.0870902258391166
4.423375904697924
3.6335672902163085
0.8547135463883389
14.89316843884265
5.224547155924818
4.64648013823424
4.58500528484683
3.611017598442427
5.935421010352448
9.637460902434661
3.948156613797421
3.595103419166329
3.1192715737108987
4.562330343788116
5.349194188763026
3.1006428614091943
5.999712582899636
2.94305636343587
6.953249795389468
7.608543052387667
10.16351988881939
10.465397712304156
9.236611138506126
9.904489791317621
2.486050267084113
3.056266103360061
3.1357252365225543
4.78188858423724
5.2253357534750915
2.5860828931934368
2.295681671827853
7.864773138878814
4.039413414714316
4.498771780104577
2.6619908797440583
4.773081606135232
2.0286154944480193
7.308202256434655
3.5447384280383054
5.349213585550379
3.24923865469008
3.5202532783181297
3.386595225983218
6.185233048086029
2.2096149534628275
5.325764189193121
2.7408577408916317
5.145691298108893
3.414600333904075
6.341041456247365
19.37646079622555
5.967651113732606
8.473926067607929
9.449105873043754
9.466697732069555
5.2816192355092255
2.778528269043923
2.328242135095418
7.409812639642566
1.3647558457638136
2.4811086413856027
4.004739958528242
8.592900049849204
2.5645811600167847
1.1616402078989687
8.427312496675727
11.207799703735272
9.469237077252302
1.9270869733779024
2.0991875943438347
7.100755127060705
3.435844252882592
3.73820313531101
4.309691692325881
4.337628515584077
7.235832365866921
5.748896093775478
8.799406347706386
2.3571896368163108
1.4170534294424162
9.166754384799626
1.4472204999455893
5.346437986812417
2.0537328845165153
5.408041441058309
6.7040289811986
2.2728567051500996
6.238875726570529
2.7292421691977413
4.559399444152863
6.034104991893267
4.08941125182542
4.040240158766566
4.040240158766566
3.912021998817858
3.9322912331766844
3.95643452181063
3.9781491244300358
3.9781491244300358
3.9781491244300358
4.336655470960723
4.225905172304308
3.861175269804427
3.844175141851771
3.8890802450728734
3.87621511478623
4.01588444295486
4.01588444295486
3.987441424237425
3.9748747678295984
4.896720308787794
11.947299479170612
6.787179523910648
1.3499660795030872
13.493428077905959
2.152374348299193
8.302817251464463
4.0030522952534096
4.02180861119954
3.0288519551957633
6.004820906419015
6.236650591550405
3.1833064156399784
4.431752263943972
4.6923879363299985
3.2411223610348765
5.645941049742213
7.554959874377874
8.32468978042154
2.2628700788318064
2.7516784412448163
3.88721321956272
3.36521751472271
4.004342917162555
6.954821396724501
4.876434307752951
7.174048868151284
4.8353892222632835
2.5377910912965187
2.362884735952156
5.873345938312512
3.1579839787928994
3.696902302393456
6.725061167192471
1.329895241685631
4.981206985390022
2.1718059685470124
4.248546830130048
4.533344275592551
4.333076605556861
4.218934223013436
2.2194936370870257
4.4131686706604905
3.6107892303270757
3.6415501207272474
1.8963857189773536
5.077885312453543
3.3347244198458146
6.094857903205413
9.41082202125128
8.364430165647017
2.5572439407317265
2.607587715021901
1.5622792988355358
1.795721841765878
1.8064669053691733
2.8572936491643666
3.10682319237381
2.502705189655767
3.9454881924170575
3.978882900741607
1.6479383604995435
5.260915777940598
3.0829080187650737
7.338037889254113
5.537145318453684
5.204522146190201
2.005818860629799
2.229262128621049
3.0743212756172293
4.964440914599931
3.9479501946957836
3.3148835849218563
2.6671519006900857
3.465367193028514
7.44226497822453
6.1911160280307636
5.25556884330897
2.7332993816214826
2.5195563275459367
2.364216420710162
6.765748668575963
6.735795318982669
11.690825604165669
6.036778946333876
2.150390882063822
3.533712386908038
4.093288520777989
2.6843672935192053
5.41268030425044
4.376263863629882
6.290661399112968
7.0192472811467015
6.440051267497266
3.8409752557786696
5.296778087629515
2.92564107267758
2.224859284469583
5.496757850862399
4.605511505056011
3.9624948118635803
3.9291199870193796
4.328056160280667
6.757353815385152
4.117593833767076
3.9123876591559914
4.989814498672682
5.4448443340798764
5.690530491467957
2.7458211529754264
4.192473890488358
5.0975677804968065
3.7783832293804793
2.4626020064558523
4.330733248892858
8.616561338823658
11.820080045727059
1.5194672831753595
6.004313725838904
5.132974800938368
4.029745851980506
3.978339350901958
5.066969559683777
4.21590402425626
3.8968039399523615
3.8291927871440383
2.1225594393612712
5.211002732903167
2.889166048270613
4.115576984859265
5.24015507091197
5.122973584301278
3.622460773625641
2.745637962410779
1.7103717443769526
1.9801134680113348
1.7605684992674355
3.74997151752362
6.6024732621948985
4.504709288799564
3.242060319995094
3.4507790581949296
6.147205012307714
4.280568775681738
5.95585261751418
5.42392506747768
5.45970724673269
5.467382419866944
13.052407411650771
4.074872384380933
1.7494968977403504
2.085109452601611
2.088968542181819
5.479041187411939
2.7174441501611435
3.2592284093778754
3.554661191816933
8.72987099737151
6.536224353367329
2.413598600639953
2.4771977861613963
3.1597272208254634
3.3101481911054638
2.686278479679321
1.798627787061572
2.5652622267889584
5.608286129225565
2.892922127625229
8.300646600612206
7.394124044239102
4.606578878828978
2.974474437894759
4.671179664188925
4.556327330406186
4.481592020014195
4.96636858309417
4.8194662123140075
4.46530014230223
3.651826993830627
4.85412414656068
1.9625090746648737
3.602535341657622
3.51099016543551
3.578248353584811
3.2047820218723944
4.738534402759466
5.423567743117556
3.6333468503295543
3.100480322188155
3.253419203963776
3.5988866364274394
3.397945993857454
3.48644987488412
2.5923275445913476
2.906753245007994
6.046817280628803
4.8250820303105755
6.777935201505773
4.11940332794685
2.6941001490032512
3.3762011054694763
4.376772055134952
2.421794110809971
3.142717280343194
3.309567841994256
3.2833896699304423
2.5687530987180796
3.177480203929362
4.743257182387153
3.023726420323896
6.9490705824938725
9.558320673428568
9.201626793560425
4.1520656983222635
4.631122300063444
5.735320488054178
9.053756385245995
5.523904673640554
6.1364128987960385
5.102679774059752
6.817716880154366
5.55069281118802
4.214584770230343
5.139722818587489
3.446075114598574
7.143267408689066
2.2020326283021383
3.860043842948508
4.0116223331849765
5.212575340839193
5.768342850507239
3.611521073543656
9.780693102435023
5.219929321601238
4.353766981700001
6.562060429421308
2.873404301538201
9.28974193491877
5.9924651702121805
5.659581695941588
5.29314103282545
1.9578431333855892
4.889152048145948
3.561211791137668
3.6678784186318243
4.205093979931792
3.295618186799988
3.557876482974963
2.607210006798011
9.626363986824153
9.369655842309523
8.065806452314357
1.9258963587341011
2.2642704974111556
2.532952748089621
2.253527045069268
3.8304222578936185
2.521082918772158
2.9113632049559888
5.9860493625332785
6.015391096051907
6.012323568407624
6.590098419564614
3.4925649589194347
5.504874233805787
2.258952892461171
3.974956134232437
1.539236231701944
1.8003710618693243
10.871527576300618
11.015511026471117
3.0711612615987285
2.991256233569952
3.1552406358550735
3.4174303692629264
2.8254151321695833
3.026809006849264
3.5857809453654768
2.7901769941404773
5.7937397055308635
6.376483059722106
9.884755707540972
3.664195808831751
3.6887537125626064
3.417633749315418
2.959065791029041
3.808369596558207
3.5178889467143093
5.306310054896761
2.066379056767037
2.078799028171155
2.565870683236863
1.4756608801861681
2.527828782749342
8.50045766002612
1.1862875529511552
1.1463629901562786
13.40502775235136
7.744328720983853
2.0462164841088057
6.066063337710725
2.576745043878923
3.1684715274186286
2.696826006518739
3.504383000613692
5.582529695932729
6.056850373353354
2.4193500622877058
10.996697094319185
10.972027441268883
11.899899233162751
10.45945418317329
13.311084525058446
9.085183643801509
6.747800879680302
3.832928950589608
3.4782345402386547
3.7149962218608112
3.6735338547575864
6.450156376908401
3.335189376980783
4.36241246002355
5.575164924528233
5.38461441814519
5.7817023732887405
3.1526370101059014
1.8768044018056897
4.234013764036955
3.9235383087440603
3.405973028514166
2.3974709093953956
2.5068954170453246
2.6676166247529496
3.8316804186113194
3.5186995977016977
3.937398918071851
3.820764999996736
4.39744955014156
3.333616611828303
1.6667921310951823
1.8917613687773533
2.773059923707373
7.167283225096018
7.222914619103959
9.956521044246031
3.969425433675605
4.284343890543652
6.151585319356991
7.404132684587889
4.9312446274769455
8.584010507365784
4.954921396980896
4.7963678763623845
2.5729677787974343
5.246417625437921
3.70119414918503
1.9516324235752747
1.490477735872512
7.075373684736637
1.7701156286704631
3.138748571323058
5.217314142681273
6.394206290316564
2.874210634373166
3.740107722354261
2.3894021083640196
2.4249638694820344
4.2796859062774075
6.882141330083585
8.771379192622625
4.284902116961687
4.683791792978531
1.9217510077017792
1.9386028577195602
6.51759257600325
5.172263030044496
4.4410212373518885
2.1808792472934213
4.323350182454361
2.8152066119077697
2.2028387658694015
5.164435201076916
5.150193470688142
4.10890200813977
2.049235846102274
1.877767728466718
1.824567027873328
2.362840037959251
5.300925319497231
10.08797313327992
10.017922666335386
10.588515711178992
10.207430635372368
4.686218653254968
4.65653590643262
3.255791189800727
3.9899574315982225
3.7959125591813376
4.944023269439277
5.660065205381775
6.55138727416998
8.419546238902358
2.3408289271444698
2.319325577984112
2.296162186861964
2.3077870358283583
2.3280502159020147
7.0263424518085005
3.584491134353041
3.2383138174765596
5.185659546450449
4.125958962647837
7.9054989970249485
5.924672648781303
4.85655888085722
3.564222213929631
4.548509277403578
3.9846740480571117
5.886655708366923
1.901267250247246
1.5448455206718346
4.441135140851944
4.071298458825072
3.1041085659125125
3.3521889373204887
3.045971337696929
3.1711014257073837
2.4203043959193633
3.719257393537086
3.384741551669941
2.574577602151325
3.15688278653429
1.693633031438321
11.239665183378586
1.3649978370853468
1.8988497252253527
1.0144971334634214
3.6571680778153284
6.741878253385671
3.10577475990173
3.6260708021194206
3.772660877303046
5.109393188501985
2.3842063612817
4.721764474330322
2.751943442047009
3.225702601251518
4.920640190268163
5.256289920792659
2.4067714413944006
5.067416399722509
3.573397371583508
3.2698153670012564
3.6314401155362996
2.7729088986467545
2.847814240024653
5.614801173015082
3.8633264245608183
7.008264355125387
3.5492351325936733
5.770645988813164
6.381485023362187
3.328502594206457
6.568288619098671
6.965583971892809
6.6965661754751755
1.547168303346624
3.1425277066143544
4.144083243449017
2.8242161976180538
2.868683485879162
3.5744135953581786
2.6063632035907043
2.404185490545467
1.980518843003278
2.0810747607501434
9.674928844126152
5.654706123147922
2.83161673224542
2.0448962959590524
2.406700080670044
6.854846527859265
5.589495375624851
5.580539802573175
4.157309153958269
3.8138813163996237
3.4876705892984
23.95221999083708
5.727708572385298
8.588301564379522
3.7463723797545265
5.326112741523922
2.7460117276207643
4.904353916437373
2.7675490100136635
5.250266060836651
5.170306714316908
7.603744310025975
3.876998347643865
4.992295056613081
3.513666593975333
5.875444927055365
5.8529681863001795
2.6871731039382203
4.463000533746773
4.353527429362976
3.1826723314159313
4.150924211576634
6.93161773251507
12.711851481381132
6.325481001034805
6.124864541614118
5.331997929738041
3.0685489225506
4.050433648313074
4.490082447381911
4.216729959280568
3.398992550233376
5.013114302354174
3.1966803509264774
3.226318733397836
5.8149642869099845
5.229329598450784
2.622220369472693
4.058203804312521
4.196419729266722
2.9148230308498984
6.638431210063928
2.5570107804559488
2.5394226502583988
2.945632406244074
2.7523241733825605
5.284753447089888
6.587310444360409
2.807429080781048
5.643341496920112
5.958608422353867
5.946102515114271
3.189157327019421
7.966871658629024
2.564001956468764
1.3997925614506574
6.928117139330104
2.345591518719236
3.504965522398297
7.362481009892412
10.115229504041828
1.3106456596397866
1.404471583695054
2.8675765173069068
7.64456590208021
3.4435610020312524
3.702795496386363
5.570168945146393
3.1121103838505575
3.3942407335101135
5.413531770224548
5.523090415854152
3.892396436372881
3.4453894189219625
2.266352940310866
11.588650103303074
11.410072151853347
1.1999566403188473
8.893872427086688
8.396696197636437
4.150459846380439
3.72475294991646
4.91453638873487
2.5683906212850496
5.450579519917331
4.505355364695919
7.921065937169453
6.104365715350651
6.015255873453202
3.5289916213212944
5.271268475932506
1.2465075833815447
1.3907833167515267
6.156101765228672
1.6493393003608519
2.4205516932695907
2.6931972185044106
4.623676155411841
4.368153306151736
3.6304745209531553
4.84456840391865
3.6828958145881434
3.9564773488516307
3.950136199976549
8.719481172261
3.7643396468963974
7.565931581363173
7.501646444691832
5.209590877430087
5.3100827757891835
2.934615224439228
4.869243902559092
1.508108198217976
2.3212526513917195
3.5448804555523927
4.929574556840721
4.853799396669371
6.491776769577274
6.14820230743773
2.2222483426751714
4.636788834277091
8.615193450696628
7.70073219746845
6.731243571446275
4.827197161403221
2.636657806962053
5.781831453168455
5.818514159019236
6.221782761603477
2.04273595273965
4.258329232367688
1.8517003745952638
5.659837332212343
12.428474678267792
4.199885912194917
4.30514202273903
5.8513084641165785
4.636209585406467
2.1972324155777203
10.468314520183483
2.3007545097634496
2.476343047208156
1.611686612286149
9.752067139653361
1.5281274467306076
3.687951224439091
3.4057746953611425
2.7312267951988973
7.256765150828443
2.226671828894739
9.029862291350408
2.1872747533655352
2.4674964221615663
5.650044401876692
5.627362560583174
2.4495297343260436
1.9969969686877915
1.8949952176136189
6.0743577020803325
3.942881416742596
5.780502906588705
4.431461827555612
6.0645106557467425
11.721013112045432
2.703059685100375
4.609667548498178
4.979194041859648
4.395624245817385
9.142800404634926
10.692801096063143
3.9215108697371153
5.030643440202786
3.6001636365288006
4.7160918006605845
5.593091986114698
2.4970648864357012
6.81356324374038
8.680170462558433
9.707028315915393
9.218767877764698
5.608640283985903
6.548463944314879
5.053978831851911
4.05587023088871
4.0311011275717705
4.9116007777167106
3.5119402171872762
3.226227562019864
7.5270969126965275
4.409562004151258
6.757534664113651
6.55007986504721
5.566597615902819
1.8841822319962727
2.0339598890164328
5.588005621210441
2.8877588614973657
3.0920096410420888
1.8728839803302584
2.1290550224302103
3.005617779111073
2.5021388232614328
1.8406656629164608
4.088013467925646
5.809533563040765
4.0821104407383295
5.403857387602527
4.179051550215299
8.384349963602672
1.9956374579540157
3.9923256937126936
7.6845859103439675
3.2625142588691523
7.595283651304098
3.259082195298713
3.7892906109506157
7.586256982059404
7.079720577193075
4.009192002443432
9.19675977409006
4.892426564682524
3.278385924932611
3.201453844993934
4.0485624658173665
9.298930094591316
9.372801452004818
9.790431754708324
6.787927979124708
4.881101975902178
3.9308644682010287
7.89235641304692
9.563502738673497
5.692253287656341
3.8153012137483424
4.264626986022733
2.415954338034143
4.48368793643304
4.577939503224982
4.540595116407899
10.576287455752075
5.940216686281625
8.70246536570178
4.244261132788258
1.570348845483591
1.7028413331531846
8.124800157732759
2.734544618929241
6.509859109210101
2.1453081957781355
7.416429044203372
1.3489510906866597
3.4402341729486943
7.764203243585351
2.955684266026596
7.509635981447279
9.05118614968225
2.0808591818468867
2.0340708587039034
9.5137938298045
2.3958338998563327
3.5661864380401056
5.938733670629492
2.5808074322141965
2.9622442473377366
3.0272916153296707
2.9170307516647784
1.0573571876927963
2.4215966255892165
8.052553628300828
6.770014744025536
2.7095622177796783
4.922480260436338
5.614337628733349
2.715655707282835
2.6174741985634333
5.496226278479389
2.5096959641155254
4.686520446469611
2.7614106006308807
2.9267553174163066
2.2186579497597445
3.719741361790503
7.303546493568338
2.0481856476078626
7.018001138073776
4.323393470942304
3.2711328340116332
3.4589187027998163
4.964917537237158
2.78322964138348
1.9162769967799338
2.301118690752951
2.6561230685031467
3.574505979035772
5.508471578699654
2.33139859734806
7.501455934545551
6.968360172334399
3.025013126085848
7.802246786476879
1.9880810651953986
5.0620549437045295
4.6496242100198675
4.623481527173245
4.146430978246752
6.045952792061705
1.718027661608524
3.716340461823075
3.7113735616159964
2.167866932331461
3.2133976508421678
5.784508184313494
5.698507830289795
6.662336816603518
10.016321876924918
1.7902383106838748
1.8080193988571251
5.114651813809133
3.456290624671826
1.4435727464463284
13.816764186497467
1.3046520494220657
1.3034852335970732
1.3148621020561788
6.623457881903443
2.3211128549229834
2.1395991643425174
3.74486005201819
4.714989042880386
3.1254897028185935
4.703072762357681
3.843300574204841
2.4021681385246314
4.07531618646455
3.4682064532715553
4.103922452880847
7.981189802900222
8.728796337971202
6.819657312318368
6.824358678175217
5.147741358083557
5.241880397935765
4.619621663089949
2.599439633619985
3.661892840605427
3.7010505253530175
3.7449131953864585
3.9759996979946854
4.722158788068232
7.220389655782708
4.355604703573449
2.8193074820421575
3.7936859474988602
5.57509121838293
3.6516237881478357
5.154708565237426
5.05327305052172
2.6680905778852533
3.542951828586765
2.9963224237460073
3.3769170044833294
4.2438581938549245
4.874448712189601
2.4136797050240046
3.1347433918689176
4.9014714053420105
4.2710296310155
3.408721348205433
7.662998215906279
5.486733607623957
2.6652194128064988
2.3774257481741983
5.363697872685301
2.5295501804608844
11.987649134392463
11.781177964675225
1.7493786018390058
6.7144053480421375
6.057120375175348
2.940836919452152
4.048547830389879
2.9446479370846768
5.605435824630943
5.649879138341215
5.105752073345679
12.046506859890345
3.585514679627188
5.584441155824929
5.355400250742661
1.7166535179250146
3.6989415946322834
3.4530427140124496
5.516200565539259
4.149482042559433
12.806401514454135
1.751309532496469
3.4474560966411745
6.277315053818959
7.004669168752501
2.6931052747878486
5.024073932467999
3.454513452786087
4.085177303168686
3.6216946780610386
6.028461422080664
4.792724089686917
5.988860943574776
2.8450519431608505
2.351007176482325
6.120827968294445
6.0121178333280705
7.810723395990125
1.8768879292165752
3.23524148470426
9.310497874453532
10.324884992349418
1.3863872661752885
1.899283733125873
2.2361152150799697
3.569724723946151
4.5657478812512675
5.8603700141555315
6.470540110121551
1.108955460696181
10.596977408960377
11.44677749186801
6.0094730266504826
2.1107777840637922
10.540139139970767
0.9091012870819624
10.088779511324928
3.1874283731773554
4.819886038936519
2.6514724651728105
3.323994516355153
4.049139222499593
4.382137897544165
2.053922261616094
6.018340004495265
19.07711121466857
9.345459972193987
3.0306545368749926
3.0862460032381462
6.770659134272317
3.4787536770986685
2.5165356409419837
2.7085425266367626
6.169893290862723
4.94995012941314
4.8025215829950145
1.9222451202581077
1.9924037074137493
1.5442423845697673
1.4735576211420363
1.296298611492038
1.2437938486857356
4.208536196160251
5.210176676938062
2.750975120146945
2.7171563200558526
4.368690525182286
3.497578578920697
3.827086468072943
4.219544239238415
1.6255025523974829
17.376095349676767
12.135059717011512
6.915807517613691
2.4596587470859057
5.78335564873833
5.371886115367761
6.50836008486039
4.034548872750079
4.6391823941451875
5.041845115063663
4.531777953482262
9.211446626129357
2.624714877364772
16.407282530837016
4.092327811007408
4.613527598372075
5.804313073456746
6.727857828564399
3.1116214184581263
4.573612426941889
4.717348741821082
3.583874223413064
2.8937927513495554
5.1651833607609925
3.65734056201398
2.5259681311297215
3.13690478155141
2.5865719721820373
3.3020227994621187
4.102752528765431
2.31530553910001
5.1152146008125605
3.720072477896454
4.408846100392926
5.9000250169839585
4.191680047455939
4.193357925425956
5.636813108117091
4.31208029581753
4.246054143771095
2.5659984325399883
2.3416807416152436
8.006047890047878
3.591683690747772
7.348949828302639
2.6527663209757706
3.189688318037678
3.197195212738438
4.045083988559973
3.3389499277098795
5.56493021686453
5.594168578279822
5.413277702376262
6.104266609876771
2.349893392403396
7.196698942771085
6.446169687418231
6.615762803725424
5.054068107943715
4.403731321906779
5.259910194099226
15.57405733682101
9.813191410516252
5.736667622996838
5.104389555547485
4.863370564057224
5.099087088667105
4.148882965597656
6.50751009316729
1.1463438487503452
1.5253123732215625
1.9004013130807644
3.0523909130591007
3.1736602977298785
3.844269901708457
0.9828030426326575
2.2509692450793986
2.32854293561534
2.6566648975413476
2.4406530146913497
2.90009856821032
5.0830201726895154
2.921941424587821
5.036129146247188
3.7083569770185063
2.797119629092513
1.1089683523424405
17.31860539866767
1.7738662797326934
2.207858778244918
2.295926961569338
1.5687027887751162
4.753487934167882
10.361935750680622
2.173905322302654
8.858681697297943
7.49999771251502
5.8115392951026115
4.041565122708185
5.079337788919775
3.927637148569271
3.2232783070027886
4.088968741827648
3.8999449044443413
3.487002887944876
6.844079588208269
7.389243201229548
9.482576895999921
2.866652484817911
4.782718537303177
4.903624096720176
5.194427209047363
2.3002631174123844
2.7165180897142602
5.395722658683568
3.770853886546553
2.903281387293457
3.6739493579738363
9.54630771412902
2.090457037241835
3.8465122452959526
8.331945525400592
4.594426970173491
2.5458248457963553
5.634401720646917
2.4105739586842487
4.528008595866441
5.492977345951044
2.9467392011699682
5.459278452883073
4.595326063333652
7.265058580083385
3.268220710677915
6.216630452336572
3.902078486522026
8.939464531239969
5.8917123919913585
5.621127880796983
1.3706732811347562
5.325659633853852
2.2335799458308867
9.107757980607433
2.0874097018968376
3.079841797253624
2.874190174700356
2.78668502210284
2.6085173252030933
4.265130053242724
4.695043812770101
2.1502765494579914
4.87959558330266
7.076746157498749
2.9439618885334244
2.7767608921143014
4.932996219841448
4.215409184303178
3.005515275835417
4.829360401945552
3.143889087456937
2.7381096045279825
4.172025837291835
5.6482551252823585
5.109559439383297
6.113083089161296
2.834072308344634
3.078174095446933
3.33404109681772
5.20154215271894
6.461013113400369
5.194653737132882
4.117209243804166
9.474719211355199
3.346383776568929
3.3850236621683583
3.038702232589002
3.974743437741187
3.122437065925543
6.370851752738725
7.710969241411343
6.9625724868045324
4.622117348353356
4.3742252742227645
2.911465786670275
2.879745933930212
5.034062619616097
6.402264142676972
6.2456214180737755
4.153000599374485
4.56452973972019
2.960468228292199
4.863459232339869
8.03501063384056
6.240449452633022
2.573889598618328
7.238592710777765
1.2544095939456315
1.9467085434278977
6.421322766391395
2.8697411205070416
2.8337829045484773
2.4802926725000436
4.481144073149056
4.44784582811877
5.5953055083189165
4.890100386789734
4.083845194449532
3.7792664593069323
3.9036544150717147
4.124409525024948
4.986182661106289
3.342627245561286
3.4320851179789895
3.1716118657968058
3.190038632557762
3.2087195634757837
2.6841259090392127
10.318990356732172
4.405544121469473
4.894206128650646
4.958785732425496
2.709417934701081
13.814786027528879
2.1317977651587388
3.9789170250982644
2.910506672512602
4.4931231779532945
3.8211190980117467
2.9422703340887497
2.2915675801183593
1.7834885130200604
1.654671890232054
2.474009758253567
4.0300831347556345
5.806071672435999
13.592129156982132
6.9244128472987825
2.2571361211816963
2.7040032285624576
6.657978704055041
6.229727214593567
6.8809285519253445
3.243553852394403
3.0183430812303076
4.623196924082848
4.660548727047376
5.165474893103012
5.742602859140249
4.139987845333694
15.277251446756573
11.417646563408036
1.3624275916606825
2.345041654881641
2.1459392320930175
3.5718675112157996
4.413862755939819
4.215077823792712
7.83674883982144
3.2387778851100353
4.008451873278666
4.162646395668874
8.319969778742031
7.024618499267259
3.2511707344579315
5.909881274322535
7.530819079388464
2.0179075098990364
2.9192874973877956
3.6424092054499386
4.418538448412526
9.71187235268635
1.7840794940803906
9.862695206759565
13.774500666285986
3.6889723203665197
4.491548974628923
5.679454386419242
3.9367285025194687
3.988043516772507
4.251416600749477
2.700660300159903
2.751448412095705
5.662090216801353
2.1499632889731775
2.32885376990895
3.472660333844546
4.35877428880783
9.109894337900801
8.981728144341647
4.016940593976074
4.426318029806776
3.43696889185008
4.294466735724263
4.6108204127134
3.709754546012711
6.231282278664368
7.479018342970165
2.471293995768875
4.016634088077499
5.83302454750713
9.43712467334534
3.3040440646603244
5.8900118098441645
2.7600782066143457
1.3593304549850564
8.275909556897743
9.202241257362415
4.280193757498373
1.9668729496347122
3.576178554398935
4.340717488966709
7.9300470926249815
9.76885809791696
4.777657264812624
2.029154949010729
4.399932915436457
3.8731615356211657
4.013766245608648
3.9619815543256243
3.9385451689165114
7.882819904708563
2.0631722472774263
1.8869337645525075
2.9272203138984927
2.556203758603849
3.1974488147368745
3.0012334344419798
2.5618550860848037
3.3163991009346416
7.185012728413346
1.482845463667164
2.4355873974518234
7.1434422830541005
7.358951393048313
3.970197565355878
4.403549319102523
4.029334952929788
4.904725472929487
2.2717330787936585
2.2311912750907954
3.4298125835561333
3.4433324438061534
3.7688114242269095
4.802864103084006
3.470827141208613
3.552173336476295
2.2740882866469048
4.201056276688563
2.068608962376531
5.974506652741799
5.941270849346804
9.237704319369684
2.773180028340444
3.7086228874474574
5.3389258989652015
5.844086745566648
6.291942537818655
2.3871913363545687
3.968512394920925
3.145811788793091
5.882790378574556
2.7487911615102623
2.6832654764593094
2.602543866543707
2.608927351497434
2.9237673562270206
3.2100208004455926
3.0385629051704597
3.6126012713698996
5.05145931311103
2.945899006169601
1.1015758458187883
6.007244819321443
5.886336044118409
7.995780891654399
7.279288373026085
5.127959678037153
1.7487021709585295
4.479791823117323
4.872639929276978
8.931397841935482
5.909563484071009
4.430923172686369
3.231463899488938
4.184202619331194
3.7294263980172513
1.6325866003062648
1.795340468616061
4.003908752409399
3.5047571870753433
3.6457722607398835
4.879305528948769
4.849567636469861
5.721518435431917
4.190279507832721
3.2678866255011587
4.200430106740337
3.1695573685662053
8.789417207317667
9.639878351853707
3.2347774083914143
5.933089108334863
4.529367466095815
2.3701923178693423
5.0674173893387975
3.3462364727365017
3.681957559600283
2.8110439924239725
2.657596764990146
2.313813709570434
2.566578799444757
7.942135685093033
1.5553963893717095
5.4988090554919
2.032828958380065
2.1281027181371885
5.437722520091573
8.822807461058028
7.238801704759673
4.003935036354506
3.681543839567894
5.109432471739137
2.5105612410653912
4.063777942812363
3.8890596142071927
3.1266241431843245
2.290042539754002
4.661139194768828
4.527715882016062
4.321559219820375
3.1775262653760765
4.367798456580999
3.599955477730505
15.03771806094482
7.3198686639949315
4.313124810803807
2.7844977801671704
3.7038881001727444
4.288642799104464
3.616955583422818
3.5103657691729
2.6926791900135845
7.802574651041691
2.08465539461805
2.694099683353656
3.9153418223230423
3.4663226260643323
8.438285213515528
4.584012860819362
4.176483609606002
11.491834207835518
15.619048183653794
5.282179714615503
7.061818474117454
3.2711519684219095
4.859353993249828
5.250248106397155
2.246431746831816
2.792451704778311
7.459825175736472
3.120348945023352
1.7503078846672508
6.90109718258149
2.8566587431431074
2.6096440862624317
1.8506263901067679
12.163589812811002
11.136232874723868
7.651909231475767
4.3820290605434495
3.923804269671451
4.423419255786232
3.7962768931204103
2.2649335182209884
3.966626858384564
3.2492346316483
10.445209235944432
2.354747237961808
2.89699844112734
5.117880760576206
3.9896551307669266
2.757222377770772
4.34957289815272
4.361649072012863
4.310710059823356
2.3794939200658956
3.6956513844463745
2.796789286737089
1.8822522502193864
2.5923205909407696
3.3837993244478346
5.458868401355392
5.271359733808049
13.031028451479763
3.3773073980558994
2.7305475100704677
3.900028758891245
2.697337750462805
4.333418529480188
5.21953354719163
3.9684926743822833
5.120375353836239
7.077214883324274
3.6649175209343428
4.717152008175795
1.9768928230941465
2.1434158771888305
6.807127262276633
7.367839400111241
5.6374284174034415
5.96379590249035
3.145735623902389
2.9900643464514762
5.583743797137867
5.617745197515421
2.62932825822167
3.487735802886378
3.360158811736696
2.0131468549844196
2.9886197457992623
3.666409257927843
6.275599368914045
7.2089706734613745
2.2741751084707893
9.537342206720911
7.553848228194291
3.7669521947079088
5.64582773781632
4.404877792163209
4.602540698913957
4.9755132727905185
1.589945163635653
2.438220720492306
3.7842538913244095
1.584906867275554
4.368110126689038
4.844428937604198
3.0880207966273017
2.8293929482368867
2.1497749066329948
2.905721682156698
2.2367820057504275
2.7288330990375314
5.300033566381605
3.620757975330235
2.599855800554692
3.327191586017028
3.841838401436846
2.481693898984381
3.8098881812061975
1.9931062325236626
7.2716837854799286
5.76487107527116
5.938482119193269
1.9357810653265293
3.0677983544821843
4.176834369142941
4.228090427208337
3.0115496887581186
5.7552778430971765
6.075887836446547
5.185034761621805
3.0332092282573697
3.369424638190084
2.8160608858891285
2.812923751263265
2.7073233085999946
2.765758883239565
1.9329946442018968
1.9329946442018968
4.357927796952625
2.872829394268691
1.917273660572732
2.9998026315567947
5.579228537412944
6.593549342238123
3.85783964442685
3.500722977603201
4.778634664780776
5.228821530986003
2.527995856742799
5.588828012208173
2.24486877152666
1.8544093821386964
8.077508243890431
9.010760925346087
7.707177829573675
6.459048604014745
7.282891581984915
3.9432754192080237
6.1539248520548515
2.8707286977622837
4.062516331917655
7.228151727620474
