0
2.7793623285352216
3.007373843985346
3.1638836905728107
3.136215813485218
3.5163769247915027
3.4452277267042954
4.367448684454939
1.771566761038013
2.703374140481302
3.998303336699954
3.237712702570429
2.4166184027675373
1.473031897138249
4.520516958315581
2.225053284538746
4.0197558758945675
3.521838522599997
3.6102247014730633
4.882985349633798
3.140438202850068
4.4581231875733485
2.2501569726235906
4.986711247367549
2.2894957721263935
6.688226743910664
4.576089373681531
2.391290773581427
4.646619468893227
3.150202530894951
3.316875876266518
2.9401242418968665
5.306439872681683
2.180456591591283
3.9125238094475114
1.945473518054507
5.822067399442632
3.685392669077272
1.580916349579358
5.255129137351191
1.8872199034177033
2.848257316735521
2.621852538653923
3.785627729271258
6.462053974174165
3.2467275149667403
3.4274614145590716
2.997110628387402
4.147897495004014
3.589836244636187
4.9847158885929055
3.5338953658843524
2.8003340515450588
3.6513125959833315
3.939003681130297
3.426514838679616
3.6209089502555716
4.035095236049191
4.768322745678431
3.060353250462907
3.582485651776198
6.380692947020115
2.150824699834981
3.1394636659527793
3.8022636457386176
9.44931850881475
1.1639359774237306
1.163606907065379
2.0616424247152656
5.372970035376049
2.238402329683301
2.101379336609412
1.059783910999861
15.39370734757736
3.2512746873190377
4.987338210808571
3.6141495475564485
3.521176913833844
9.827358145711159
10.91107789320901
3.9053459129025576
4.835982066197499
3.5220285256253123
1.333274455558498
9.91549314238232
5.289002456564963
6.05701122069485
2.4678851240929456
5.749998657428307
4.691669426744468
2.897135697997523
3.0134532422051756
2.789100765415854
3.8528356320278885
2.761676139074122
1.797155125360805
1.826606614220076
7.664307607114698
6.790932748823586
6.086559106436882
1.654517466104881
1.4148217264817826
6.075481928257032
2.820648398770244
5.614928349886017
4.421555796751182
8.962816378471786
1.3936923520666615
1.3047158768314941
2.2529381418446395
6.319878099051187
6.316294600631136
5.416468159733015
3.3513501548004783
3.2536613112271944
2.130035244668138
5.6815749128489195
4.03856089689724
2.578498051868997
4.8153383456336325
4.0076632732737965
2.234014824084958
2.717044604739007
2.3036004597847164
1.8984059465731669
4.57687450426933
2.914240134587787
2.3563470153594706
1.7613241601201204
7.864018750032713
4.709859393070257
1.987473283206895
5.319846790490585
8.38734969595654
7.497258482670964
8.562647173648614
1.3107893519609997
1.6239448437599326
6.458051444754823
1.5987582491977654
2.6837210514088463
4.652999158155051
2.718558108980273
4.637188861236311
2.4978932913623058
4.500275234344619
3.9713467983486774
3.2837381820419633
4.867099562472028
4.982288650965159
4.092772255031289
3.743985852192462
3.418191992238386
2.303623001584343
12.499446582399266
1.1514434504174407
1.2876232434625803
10.478509349131553
12.149527233911098
5.824815179802515
6.632685139920962
3.773733286497815
4.3473094048959835
3.639864289766898
3.2534462101024584
2.7164197489809743
5.552529644942236
4.845594458613467
2.820466656465536
4.452503749679656
3.5340870209977373
7.29554128721814
2.8423741763285983
4.64269388537142
3.000211601387541
4.158594826875247
3.9781211298563637
4.594348449410418
3.234196642492614
4.7911838691523965
2.770058036141842
3.597047463519432
3.3163443554723533
5.279738823688711
1.7374006688143206
7.2033133512713645
2.2786823110894106
1.7295720970500126
8.237716989575793
6.007898241308102
3.87764578439466
2.6514300945930884
3.858713851965214
3.4668504151152706
4.282116674216116
2.2421255375741533
2.0805594710272723
1.90047068980061
1.8562390667952622
1.2467402615827712
1.1004110828448226
1.7985524621072129
1.3204500359016957
4.294921117721076
3.220165729636212
3.954208294835678
1.365968683616113
3.618303726683178
3.7012400188392314
3.5852670411346312
4.73553411712116
3.1165245832209036
1.6148607155742662
2.703545393799823
5.61641294897536
2.0603413300298232
3.3311176944469327
4.727495723033129
2.6250028955416296
4.637442669232859
6.292945753170518
4.729380987484984
2.505091803405383
6.2182362043759
7.17989795598347
2.755813190952354
4.079510018946879
2.557071556423919
3.0431429008742628
4.062476973498221
2.715443795624209
3.935393804390355
3.223954701440635
3.225542458395054
2.834661951209639
4.5757520892142125
1.6097873220990033
5.39625901530864
1.7907038129976658
5.759310419776752
2.8321147470872616
4.533620983653067
3.360647943536254
3.978180564871492
0.6953470359217802
10.920709883203473
5.743749711850759
3.067594348701499
3.8117960855542954
2.9077034340550387
7.2373611274577065
2.5565164145067065
3.139654857934542
3.2378233012403026
5.044919554881966
5.406714137713607
2.822753812439742
4.27225990708215
2.765273284128608
8.071502299612407
3.1645806775295364
2.9481057401526436
4.04054517847256
5.21304688746062
4.437886616940227
2.916736557744072
3.7733926704533896
4.498277738949709
6.08359099093674
5.6429882363155555
5.214291311438833
4.136093493312685
4.347641461154491
2.2492051581676025
3.630460722535598
3.696478695463272
4.968631361500752
1.5079016910905756
3.7715122153378964
2.2419915581077907
5.6122113661821995
1.8521698266617985
5.865474078131107
2.0092640487873275
4.607567005193407
2.5322433884986415
5.371489996128971
12.51224970358664
8.85160020055278
4.440527002012798
4.440527002012798
4.423538803521106
4.289141317101093
3.9812977429045016
4.128163755530929
1.4534558950603873
1.4753357202512416
3.038471043057743
2.877575829785751
2.892831997751733
2.673231368287966
5.84221115200284
2.730856669268675
2.373284107211042
5.813226556532673
2.3936787948998064
3.404139288318885
2.551245677383974
1.2703296407264055
8.551227057646653
10.333224149950423
1.8265066818607834
9.108531900119695
2.4799652054247923
1.8573496729949959
1.3459047413689782
12.472190307280295
5.376129981700453
2.925645166841569
6.922580614915794
4.8450979082304775
3.969259281994957
3.620930113245553
3.4149005067353952
4.937103484857378
5.99696135913799
6.196233191183703
2.3129292878870666
1.6816435556249367
4.836646844116983
5.200342448579447
4.082006039160417
4.017182608987434
2.692856451911531
3.6777171267200814
4.875414540780957
14.701962725892038
10.209589870120539
8.92070615177328
9.402188467406527
9.899158425214024
9.07431696837619
5.3229994009218515
6.934545936674473
2.6580154270587486
5.880032730922905
3.0118552394913043
5.509521410937734
2.2649464028905153
4.0040327583753195
5.460712269411671
3.7380116976984152
4.079232972321032
6.8287905038642505
2.0917010546102364
4.701638703595545
6.714658066449067
3.205800678511888
3.0414655178647965
3.1653291563922497
4.00852888230438
3.269934678887504
4.021600354688259
4.043832822852055
5.63123777876342
1.3207715057018137
2.0081848865895306
1.911072129553226
2.5492235640927112
4.867622151744471
3.9443394756458834
2.1463021250230114
2.981911910476794
4.070874895022377
2.978446724531484
2.1625966262342304
5.523007608582399
5.484444729922015
3.522039384398796
3.585912900746694
3.6349315534179953
6.629951596252279
1.7037398061847808
4.474390330564018
3.896722751131328
3.9736122242934275
2.9528832318375002
1.7025503853957245
4.587397599511834
2.828504930482216
3.4371927366778485
3.8161720005658553
1.9750208024962603
4.600116651224948
4.469029662098188
3.1058660136003025
5.416444624815715
2.8545040388070686
5.969474122117511
3.6023440762398065
3.2824875507508993
3.392941281967672
3.1330905638975874
4.364383764709728
5.474767452955395
2.757843837338782
5.070032848367558
4.776723817411664
4.1932842868691536
3.917438732390554
4.048549343293584
3.8669678946908435
3.024138006085715
4.234811451921984
3.482987045408816
4.720502682770168
1.9444384901021008
5.032125638027753
2.4359506230556813
5.455577425928074
2.02010550076413
1.9454391255937458
2.367434199183829
1.8613345014681781
6.169396718324684
1.701473877366706
3.183470725905716
4.27859559422052
2.958034099502968
2.5738985515953865
3.842547780718104
1.4139861888183969
3.6179470364952917
3.372622305554149
4.87252936161483
2.3486485662102305
4.450802381444176
3.9980156436158274
3.8333279039354857
3.448812087596754
3.448812087596754
3.4366639162209096
3.4703525973660936
3.5175779381655663
3.4578525779947267
3.4578525779947267
3.4578525779947267
3.3026914146685606
3.3176237417537804
3.2439088952459327
3.2633127649572855
3.284599492580388
3.2767026606713276
3.290584632863116
3.290584632863116
3.4005191731601445
3.4787036150649033
2.953085945373008
3.7556142448736756
6.010845756981254
3.2542112732762005
3.659384549530363
2.9301020205364985
5.511675585573988
2.8689692513371954
5.046004934690713
5.012562054806559
15.07631373876033
11.240827739606749
2.5726579538563366
2.760341672994734
3.35578782247534
3.343266410560796
4.208838630377061
6.529031661855492
7.203315129772921
3.2631347837236055
2.8023800048821346
3.7096460762982533
4.147846809665902
3.054456070803689
7.778576527263821
7.834573833155814
4.591978347110746
2.210104098336849
5.787436100826294
6.231243611011341
2.441091033639404
3.3622905958496867
5.5888199896523325
3.454397375015791
3.510021561401809
7.156618788487967
2.5768042947383694
7.049401560467486
5.506610290106002
1.7263345954938134
1.5430872536190634
5.174936610422687
4.8998188317084725
2.0040408169016763
6.533639067105684
8.59224160244341
7.6093614885386796
1.0943465657016058
3.1591537488150117
3.948897876297041
3.9870126124527236
2.2515360012410865
3.1680947933886996
3.1759063459001347
3.468190410625766
4.119962793792278
3.4688202973757924
3.520340188074386
6.032908854751075
3.382450268109392
11.138014965127505
19.562919623494917
1.2175557804347923
3.170753722186634
7.1765047085086415
1.7122062145942516
1.2151816909288171
1.0381492535991368
3.640047545841806
3.613125661526914
6.076214250128291
4.407642404371297
4.63742398811668
1.909220950507345
2.373748021527175
5.953442464452738
4.456494052428192
2.4065627246649504
4.9259574187970125
5.03081379745809
8.583987263947288
1.1698977053043336
1.1312366206087714
11.273505734890588
4.652693917769073
6.3796835598997985
5.095723671348454
6.685087763146986
6.739108098342795
3.213119069976666
7.784707234241877
5.075694751769114
2.7669095076854084
2.3611460328808285
1.654035425844118
2.3128830999326406
2.90687797000571
6.173692957558927
5.334617319781305
4.1010728931141
4.204015720182279
3.1380277568902817
1.7024359437826486
1.6444884550048433
4.635759253382887
3.920191250251339
3.869071819386866
4.276288018899939
2.444218311739299
1.9371072461667054
1.9880886929806987
1.7307651216470106
10.344580724141794
2.428059090664669
1.9339555050938722
2.3632076329854286
1.6915086658650527
10.291308972106895
3.7212194654567106
5.024173324730066
3.110948323844632
3.074206588229668
3.3986841935314462
4.007015955361352
3.004038393396801
3.0526526734035446
3.743348580903322
2.4369761690030876
4.971077563468449
3.33001961331204
1.8686054684265578
7.233804291190858
1.59949147397455
2.641325453128501
2.826444276030564
3.372825555981023
3.0297040236596633
2.680913476527745
4.313555170712533
2.841811072493135
2.826810438682091
2.6221359903320502
5.901551249685166
6.333115597510761
7.414532252886653
3.1258055831306626
2.9620576069284246
5.2170017692983155
8.38015227223128
3.757693776835579
6.340671396103804
10.09959967638514
9.958530394254096
2.7989211726658483
3.1370823535274
4.476558962246333
3.3506940980762527
4.921614725960717
4.495673205459888
5.686236218358345
3.532484456134087
3.961951961790702
3.9986474384823527
2.4011741219819394
3.1768878867391432
4.3525394175790035
2.5888106768172614
5.662084473896848
3.2602064453027038
3.032202570528155
2.952944999146853
5.582824859423483
3.14327345312928
4.577753299521535
4.442311188386039
4.650136342338581
4.827972790002078
3.6708922639265635
1.7195559606292556
7.439584584764455
1.5849170172061724
5.605722147209052
5.48904992230515
5.720655573128315
4.444752734110829
3.9030192703556916
2.6902720630284636
3.2601575836404653
12.887525222147715
16.03244557448834
13.378073133529494
10.323744035513128
8.970441880060099
4.547128247372151
4.508232643314059
12.712047873897298
15.198772943573678
14.089184670563917
4.446501167561973
10.226189885135048
4.432066175827973
3.0456327762702426
3.4187542912330158
6.339439994527906
9.209825360804999
10.087486025934256
1.2368618981193116
1.8967909422763085
7.755654920266199
2.856814352469633
3.5415344885054325
6.5615253089280365
7.694791812678445
2.243600872159656
1.7841953005211766
4.956945000657388
3.003490498241488
1.9782471019160295
1.6852748527509749
1.779525179756506
1.5317799795921265
1.8376747475998563
3.439160130760951
3.779742659273957
3.998436122215839
3.2401759416080687
6.262034427849423
4.203541140720921
4.066781361973283
5.198194664514845
2.4817009832456676
1.6499962206907623
7.069473739428843
3.59334780644919
3.027962657158604
3.9653669515691887
2.8277337559943625
4.08144156911655
4.719764749589713
6.040968055296399
3.5965414809572747
5.329398437982063
3.113477089908836
3.3311973268243684
2.7307948806313513
4.666766038712618
3.956731523309849
2.0887804143254836
3.294598850045098
1.9469341961116937
1.802854145242174
1.98681087736726
5.895874319680571
4.658925338111379
2.762118406655866
3.479091756576305
5.525029856893051
4.622852211866841
4.039886733543538
4.633673037196143
2.207474594134085
2.215370540310023
1.9776894228879485
2.4699799131289875
4.596730098410882
2.943540863454855
8.813812259599205
4.5883236737765305
3.213786020532537
4.438697346932077
2.0405799318641806
1.6250783968930218
3.0269360375576992
5.828547814928868
5.855253367770347
2.121107338195732
3.2273973617615734
4.864863456635182
4.967523562283635
3.9697399206859667
3.009602070958201
3.5982104761508538
3.261037882516086
3.7495105133559252
4.300648521796732
4.850549982324825
3.93808604613183
3.5552413410424415
3.2263587858053038
1.4356402563701287
2.004931748441287
2.1254853355281176
4.151539760395242
3.610955735772526
2.9905883730448526
3.1482566456670593
3.580631909789947
3.58354513449187
3.6916860860929535
2.7216106106796425
2.304718208657791
4.4689617219594595
6.231736342035196
3.0103697649454
3.3907577388989467
3.031851820894232
7.08421240803735
1.089837419623565
9.192158603912805
7.511757966805898
7.336816041449345
6.815589706752478
6.315294427360405
3.0753376776111767
5.59166898364311
2.7278980238393715
2.087817686138955
4.463742108208285
3.8165231110605
4.528092300783842
2.567503601571801
3.6705366963446124
4.824145412462338
6.541197930879034
4.7158533518514485
5.100769867642629
3.356833512936049
3.5280584552556578
4.880791532336025
6.129289553469911
3.302348751956577
3.2646488649141094
3.0156176689705485
6.62664448142973
4.992336457209117
5.510990018010924
3.1711739703985717
3.381290463240179
3.518037902915392
4.543029105128336
4.388818178030589
4.817492741566997
2.197755716126029
1.831913086882232
2.6105714494368444
2.1236093273612324
1.832405051345415
1.9072257674168183
1.8665655417348805
4.82776252101649
6.56955499521452
3.1220481855084588
3.818871124724372
3.2417997736393795
5.012449433000693
2.827352158649434
3.6069397001032453
3.180764461194058
2.6451760442549146
3.905986025304805
4.823413452357991
3.01418431888937
1.4530765772637184
3.840142573961293
2.071153760499742
5.0209181184010125
5.5065538515443295
2.5516564795198935
3.6740384570452407
4.376828248445172
6.152852550163026
3.5002633257361158
6.414344392226834
9.385271925655841
2.614130871221778
3.3891221217186196
6.370756784006101
2.7177643988562417
2.6628204004752285
2.559065824838723
11.769540985723458
3.115617049166058
2.956175961688514
2.5744447202023584
6.2066786321638014
2.725022572796712
2.7644066620269383
2.3849884454864587
5.2770524336576266
7.319918955226147
5.005087569798399
3.432741607519566
3.3636386675734986
3.002217962617745
2.9445353701848798
3.672925181369129
4.61146908752865
3.449904418789923
4.067341908652192
3.1084891500724146
3.6603303530814983
2.9621523119839606
4.660771974508902
4.6965725747807285
4.572798847858093
4.821471204996983
4.7658466006169515
2.9243138984189647
7.530828695332106
7.921706340566777
2.060712451852853
3.2410027571125415
2.222777864000266
2.7132180606281358
5.6392855259541195
2.2183447495606177
5.684133367983563
6.231942611776173
1.94142058772956
3.81876089169957
2.802015525713385
2.754212380217433
3.879389811427932
2.3015673934782295
2.572461441887676
3.8579122588908428
2.855650399663368
2.974120749172769
1.89202629957938
3.243627158168394
1.5676521700142394
3.0149851597543913
3.480600950421097
3.5281794783045273
3.0486215723833068
5.6141433147882065
4.253046895300914
1.757772235467228
3.0417240095721816
5.033188228965522
4.115319938416931
3.5575300256991924
4.334046493579175
2.917404233880786
3.826399745924215
3.435708542476234
4.583454794997759
3.8490008517216356
4.0529383721687795
2.057618451309999
1.8573136923780322
3.9097318328729154
2.4628316973144777
2.713814574829191
3.1951249367102506
2.8787183075832155
2.289764100400781
3.8054915953503126
5.2465454604363
6.847146228090416
2.644053323991281
5.518414579707683
3.311173400937593
1.610564824068752
5.291838503000026
7.60630118647028
9.61118540115824
8.244750564409324
4.455789177462463
4.004181143495177
4.203652964039512
5.262368109364698
3.289660272374467
3.5038980439648855
4.151259091788629
4.210235777919866
3.0562405885211414
4.6227893044861945
2.476790473474905
2.5444342204390793
9.984703737917926
1.227874294660173
9.555479668883963
9.408793691801911
3.5695536892932727
4.994926921216193
3.858706916796449
5.5534596347472664
2.77940221305656
5.544540195315567
4.015458471375101
4.669976139928548
2.3082147573270375
3.3693426668462316
7.822612440559744
1.7451501093274204
7.523018931511756
5.175746178850157
1.0780783457375813
1.2264086804240337
1.635245267764948
5.230714465980607
5.185849076848027
11.147929819892877
3.4990481330866796
3.3588795571240744
3.820520134205877
5.420557135922552
2.1013623025958656
1.7770689874804528
1.7706286463545304
1.9302592201633475
1.8825324300494855
5.200157064002877
1.6774986021484182
5.276832883302786
3.3051020036258816
2.1509173941057327
2.62388131624345
2.9392228717571487
4.568471438713933
4.498724375864895
3.4504718786185964
1.432672127204049
2.626634705432775
3.223123890169836
12.572230037102816
1.4962633736991984
1.5318003487100724
2.2537063867992395
2.038433621921012
1.8504356790539949
5.808070785712783
6.281664135851261
2.0649461453230074
4.055687256670641
3.095219831115322
3.137296831055234
4.605905616048207
4.134999236274324
2.9698584788632076
10.102948331719821
1.9161386518962895
9.739385473571378
1.8815795269755937
7.632322980787938
4.442792929350466
2.2783345442865395
2.3437248421057304
1.3188193797212726
8.441373501740594
4.770094121705682
3.3215263437825344
4.1098512392061535
3.037046991305366
2.950400209480292
3.025429079496763
5.662646225469475
3.710338173448328
4.155549410685863
3.1363275358658154
4.69514004597076
5.298078887075993
2.5092641629305414
5.801058237545961
3.4653967267461403
2.6410173393160083
4.221976949072797
4.224533851186096
5.259530519230325
2.1526327191889187
9.65848598695426
4.653861595427276
4.431723687654184
3.917440953016743
4.942448264312155
4.0309148621096105
4.502725591244259
5.167111647241257
2.5012341257364086
2.129222028041959
2.433613851776447
2.327171751074134
1.4755599608645786
3.5097303999420126
3.103762743488609
3.5826638998074865
3.4852128757801215
6.678914969102708
2.5766290565401966
6.028255554273766
4.9748521628736615
2.487119227653108
5.225644771738919
6.361387009913667
5.8161839038953955
2.246161632719777
1.7473993619587938
7.641510527982308
7.349413680426773
6.5706130646988266
2.2651863976271174
4.904621666650313
3.2042375933242018
3.5577821136251533
3.584024164574318
3.7507198611217194
3.3383120665913566
4.100069153155778
3.4739902285112816
2.6223852953970317
4.301596077985613
4.796859325878861
4.458605945507442
1.7133725968015294
6.370738501485899
3.6946029298313654
4.10309274609724
2.6619624581715056
3.9076227486306414
4.125488085380593
4.072241008570791
4.8987831036864815
1.7126993351887505
10.836604631027118
3.7107749738090696
1.418049741109226
1.8562471517082655
6.75088803047296
2.094185289639936
4.549952579303095
4.261785420648901
5.017643047384281
3.787209061528195
2.6217461489761713
1.281014318566824
2.7088096755041575
4.44880026906649
4.669902434691375
6.241277206859137
5.958780832457258
1.8903778470605541
2.3126744618932804
3.3584609124278635
6.9172039395467735
2.9668074708976397
2.9176254657423923
3.5300881825461885
1.9439732428136292
4.956512194149102
2.4782088855950337
4.879741903811582
2.716922419697383
8.966287964195596
12.945239407755576
11.217971622369065
2.538579525426627
8.174971803177447
8.303436121139669
8.174565215057585
7.580083623353816
5.587557796856822
2.460724626321198
2.213133485224366
1.4175550233393983
1.4533244943881107
2.0916302903518793
6.167844662478838
1.5232970919499182
1.4607627271383916
7.24868155568224
4.863851528871188
3.867814950067319
5.8787788835952295
12.42560939220089
3.790529049328374
2.358280666574796
2.2424561248367123
1.8140705576543261
4.595610179789791
4.5596653837466325
5.789447497741437
4.819734610406446
7.738688574674249
6.051777364364256
5.9187148746393925
6.0792878513003625
8.903200567656853
9.061108060790811
6.37139298380354
3.9589253371972415
4.633312670123952
3.072295256253439
3.2836762706536007
2.816894082580469
5.540489284300636
2.074816825701807
3.343018282665565
5.724986358274895
1.9030745824438355
3.662117439176098
2.133422701839918
3.884898706545466
4.489716416822899
2.2391938422355753
7.585556906317862
1.757509568584338
2.331791435132661
2.9363613726383857
4.882834351397584
3.731366934595363
3.5613530991854603
3.3343392525260898
2.066057499913738
2.92317137349974
3.213608558902917
6.730341715392786
6.66454735381787
4.239582617872218
6.738088304789543
9.807598608618326
5.339176501719177
3.8712003363591436
3.877546247565215
2.7020040488631625
3.078025309731561
1.7503018951555762
1.6718250947010922
4.337481061785566
1.4054234023066123
2.2080410280072087
3.4334959497197572
3.7740410405838145
4.6765260753062385
5.346704025587994
3.0458313702114133
7.682500488711107
4.306566249878342
2.1977978159814513
3.1612182883542257
3.0108322111042862
5.14573640502634
3.865519804699868
2.220285755608869
3.249291599272174
2.277497100856725
2.8521570052915077
3.199351878107716
2.6928249212068995
2.2037962779774585
2.662328141997327
3.472008815900702
2.506190987027835
2.5976542197149297
5.281184440707356
6.128626588392042
3.3067631227449397
1.5128519230035333
1.6017436182817306
1.4816521243505203
1.4645176049021655
9.514530503720255
2.5386601962564153
5.323769365005052
2.4890908893305848
2.6653204107599993
3.6499927906282945
4.023433083553413
3.828141781686888
6.001383756038
2.9537368037896012
5.123794092386189
9.463559326040638
5.590202272336682
2.6721284069150424
5.930994224505107
3.816713797092166
3.538615776564804
4.070270418491782
3.9780667065866733
3.8547401383283058
2.829734119176494
3.533302866976523
3.308752599004618
1.7769905014720302
1.6806867226364035
9.297934649556062
4.244595698798724
4.8159858327756275
4.409000268949908
4.628574411233093
2.940347559809256
4.763874661791355
8.167009311503284
1.910580686411547
6.008109821864946
3.392773368846979
4.602193384638198
3.2805738247318232
2.6319654750594013
6.115332007376831
4.745434166874886
4.031866861253575
7.0039808295063555
5.184336156720358
5.609004997248229
6.3194908871673965
2.8528071776023216
2.8467638490862264
3.971633790472739
4.550286990849296
1.3604849551195988
1.1276029062858084
1.4324961686660482
13.822720177321475
13.108383359816171
14.465853303740277
0.718810421742312
4.365927336884085
4.796947471000606
2.8421401144844505
2.7415590494616984
2.9509577692338884
4.956418816099783
7.256319631497798
1.7920552383036095
5.151449203392887
4.137894914588009
2.961252329038072
4.109185307432862
4.3659513582256135
4.479131701651451
4.77929131980222
3.5689842994695216
2.6879758512380016
3.850006597557045
4.60889200866011
3.212834549044648
5.477895307707369
3.0130570819558207
3.3553430584699533
4.59589506363374
4.102361342499087
4.970761881012958
5.119702197813118
6.742775522413383
2.6770694793976277
3.4150420115392968
4.015107528456589
1.9579707033293852
5.9167075740808714
4.138735066867702
3.2642687266231705
3.7871986834548497
4.272435194672643
0.8624562429252756
9.213090974562805
8.630467627363691
4.026967806038923
5.034815254812235
1.659281640372501
1.9072315248000478
6.815220699126784
1.3216090159159168
1.3274950070645375
7.953598092099241
7.154131627609681
2.60019385453415
2.8655521934650316
4.336741197632553
5.669114799330631
1.3587225541851353
2.882256706148721
2.1878837558720408
5.36300164756522
2.136999029263603
2.539916915350669
5.332844750097981
6.510652052039917
3.909294188853527
2.9609146046435693
4.1712028441356255
6.96002357027986
1.5748551359960077
1.597033545379891
6.860859453749508
1.4875921448549851
8.396360620937243
2.500335911478775
2.1431776166872343
8.573214814424851
4.677735184811028
4.533043071905612
1.962402162953341
5.06887963820624
1.7853878149189961
2.7436747201476708
2.843490607818467
2.3769062427018213
1.3816869947719377
6.693006596119706
9.377007416746881
2.8415006424640876
2.647750033367962
3.061735281326522
4.772881439246158
3.0899905937075904
3.452172690792193
4.043302025979474
2.773835582123093
2.639062618313672
2.4114452907439747
3.6772210849683638
2.3518763135476886
4.200569475534023
2.869861753377575
4.308950227483513
7.388930686071374
13.405638119088904
10.225605992285143
9.255925940778335
5.165711496512621
2.6001433026032945
6.077434781088132
2.7703170484831636
3.179749040497252
7.218589123891581
1.451909121419155
2.4017866914997525
2.3196141186433
3.6541838298717177
5.675721947311405
5.15091823611807
2.4454335902942885
2.3937304210283363
5.384979071546728
1.7138644252379338
1.6649618703229592
2.6340003047624974
2.395492203358557
2.469505735050481
2.2658389778516606
1.6300890772962233
3.9586478995566172
4.567273029375612
3.826661562130404
1.95533267378308
3.870695362409279
6.370586515748384
3.944040440577771
4.205200287442972
2.4633006753936875
3.4462642787164324
4.4986586120743
4.955930890317033
2.3107604301759292
1.7833245260518213
1.7591712174990732
1.429354745846719
2.0557928756084416
1.5875764607695317
3.2260973742764767
2.6499266550584575
1.8786781028276547
6.131548561718188
2.565388756770822
3.512468270243651
5.688253679543839
2.0842633728077185
5.940172651912749
4.615069528301742
4.679160213712817
3.412225587745816
2.68870740012215
3.4753872345727848
2.142046171372637
1.4896260275616642
6.9550192395592525
6.577574244361527
6.7624531704847675
4.721479311947858
4.37060807725713
4.1948189342224795
2.8002494243848806
2.562353913994419
4.17884681692055
3.375563464897277
3.354097942273254
5.352091972060306
2.718830797006478
1.7239668546985183
8.350470123207483
4.124103209058061
2.5285962251552925
2.0183992743383925
1.3331922618450327
7.0355436272712835
1.5881209961063394
1.8296612651656412
5.526936260574471
5.748009280427986
3.5830289501318533
3.274426395430104
3.312644064954294
3.197195699626524
8.189946053913454
1.9036885627872004
1.9075406055948803
3.309486324139317
4.149393788641571
3.1711845074756826
7.310859026458037
3.3381872526521885
3.4212571106914655
3.878184206443244
3.1425167555337374
1.8267256912494212
3.825757458564369
4.8487916556863935
2.823364011345005
3.6899640083020966
3.377047159841627
4.200415590905198
6.560232581562767
6.929161735233474
6.297206549027175
5.3416717301267
2.429145157611843
2.482443731512074
2.6491609137673247
2.967905208071177
2.9769208005116665
4.289505536837544
3.5669643075975865
2.7248700507694505
3.1329161848049676
1.5921179884447243
4.087394455919836
3.3172732024914793
2.721653374054516
3.4113329179794927
2.7314707492073125
3.893933866669314
3.5102919474486347
4.6330039464273005
4.015673088006457
4.129122792553644
3.993452235070059
2.523827148716822
2.6600945322176828
6.355019456381951
4.080720209828805
3.157472842407307
3.6806670458847264
5.13961561871849
3.102711373965439
3.9707689306687515
2.3085690209981893
4.024869830506024
3.590742159215923
2.8926718931941755
2.717578027862031
3.6840689782805423
2.66072284319824
3.962307167785638
3.307580383231643
3.8356652294185816
6.117103903183791
2.2118408827291476
5.761656420712743
2.1151532398452497
2.415558471797573
3.7173733369469595
7.928853640740645
3.646980398664873
3.870694346826497
3.217507499408212
3.1856405205292035
4.270366566752088
8.076433662481724
1.623545928639526
6.314417914728568
4.535803275170665
4.79383500602658
8.735244857057783
2.620167775244819
3.436385012983569
4.632787394861901
3.8002242670489284
3.186446724463016
4.320711237140981
1.173159523594507
6.692975488107705
1.075256451893164
2.635226432982488
5.048204966160616
8.45288882340875
4.46043674778183
3.336660458243096
3.9327180140182065
4.606949800495544
1.891828555000213
6.921206033899005
11.98727021462049
13.323857557150072
11.776134234685346
12.248035528356546
4.844964979738382
4.832468855358161
2.6771076454700085
2.5405459338886063
6.244656546649791
6.6730117767185115
2.6923752032383144
1.9949021283599484
2.595893589052955
2.50600755937368
2.197032528245065
2.819977523119525
2.700413160641018
8.386902604957195
8.788162943983483
2.5097746995387444
7.448309806521388
3.8339154511653875
4.2087051564934415
3.1797997807995815
4.508461551318061
1.3436268963526532
1.5663429987849986
1.7775711253316802
4.085380790894122
2.4661824792596763
4.038838931136248
4.291669050678871
7.263041479212718
4.201619305920057
3.9177311591683437
5.211526678144878
2.245693534641857
4.739515921699114
8.312336087415247
5.169801399528208
2.6046324625082504
1.9729248388425331
3.377068127511154
2.214550510276281
10.317652706521232
1.046641927229636
6.4429333508877065
6.3812550557544725
2.1060385810384505
3.11225505109193
3.680663504943789
2.7626777564969873
3.4109355326579047
3.253330462423335
3.1563066536858475
3.066244622700296
2.7625662260431256
2.0021764237165423
4.321471228738328
4.947620077100676
4.7970699557562195
4.833893200326982
4.879033718035021
5.95614856087831
1.7746549644459801
1.6830727016564544
1.4843041581458012
1.8495488271284735
3.658797742670645
5.683014592889717
5.48151394166901
2.982088974055966
4.3860833193757065
6.15528830506831
3.2201016866826735
1.0495008159546484
1.9155486762943918
3.678636678615366
4.884318951632672
4.9285061495059255
5.082363729484496
3.64993081530988
3.1091675633983127
3.8289123165651895
9.540656105186265
11.882723681596309
1.4259813193076158
4.319257947274049
3.8005236027253795
3.4656811054248657
4.342865673358544
5.034860689725947
3.995647453550332
2.41819115153216
5.463101990518418
5.511453412103994
10.334800486159239
8.216790577967013
6.089946321620476
4.285049239913853
4.7480539291977
3.1179831457701503
3.043930492938327
3.7560038852889783
4.154496310615559
2.5126476564475446
4.93700871946751
3.130441740559366
1.5609916456769737
3.1813318453411794
3.4935400327460715
3.26257272365868
2.469233363479539
2.626065197507636
4.8162094688531205
2.694167568695287
4.016020756994409
2.925620311527145
4.612925283980906
2.7076152194257483
2.2242860722861715
3.9020417320442427
3.780923973479041
2.714512056167788
1.2368491269856647
1.1763769676239113
1.3701569620645966
1.5561768824999966
6.222192683505813
2.4397395904564023
2.937780177635059
3.3137210229270093
7.5139285663480395
0.9095833826680537
7.917264295058844
10.498480099175264
3.427568081193515
3.655827025789057
4.935625245322365
3.353466336858171
3.4074432279329963
2.8195481100178554
5.279064713188348
2.6419961424407763
6.692597677947025
3.126400890641305
4.676008393643401
3.0020265206801575
4.692998060835582
4.193908268588188
7.108947036552426
5.9733931085536
2.483359342335196
6.59748343948972
3.182760453942488
3.446228853137234
5.104203420569469
2.947386235929472
2.8819491748129944
5.018349062485056
4.918187506559173
2.290024841468207
2.730679370090035
5.344240516119781
1.9257437460184565
9.031114993930766
4.824435393770264
5.27915828694369
2.3763079382964944
2.2376503287223044
3.832825983507422
2.371495492002912
5.677596075255638
2.7868092023478894
7.988381983327689
4.915209767062228
3.2032521430833607
5.230944996642473
2.8327760534949173
2.467504621896681
2.936190791282914
4.131895085162207
1.6386529321851964
2.53460683781915
7.029415642183229
1.9426049858879015
6.428332464493001
3.8245829523031025
3.18501586682854
2.729926857568997
3.5194689496619027
3.8056797408906506
3.6381493108904013
3.8196254110236993
8.051783407896945
3.622106986364838
5.8015138935267165
2.714085638698016
4.1106002833049065
7.2176305367558875
4.029863002047341
6.556547012198842
2.6597144504240147
2.5954728195528523
5.163809749967119
2.5069393782094305
4.5070146525704065
2.6154967988738242
6.737730613674971
5.153208700352368
4.505998174380696
9.393622926272798
6.557250275983833
4.085207244404909
3.093022329354047
1.5975870689596507
8.753269831922957
2.587921957061829
1.7171067738250292
6.986841550709944
6.90424411858039
3.4030862799320643
2.950698795634642
2.7817300091831187
6.08978076423651
3.3570302602386404
5.3569143596065105
3.9673768407174466
2.9645327423922474
4.098800219895667
2.792524553397814
5.316702202784793
4.469738256227226
3.3077091942584587
2.199798194565926
3.12162697898578
4.143721143398956
7.453712145390876
1.9071728705317774
2.499904784795187
3.0229078255939474
2.1379708042343237
3.204938064687418
3.1201830740477865
5.2107583264763555
4.523406098172574
4.5474470979994335
7.187286147169357
3.972791234553498
2.8556375184883613
4.957303112054713
2.661077569002434
3.1133704088115612
3.0727427256587085
4.034322696769441
4.498622225929532
3.281464893258011
2.1376481195452834
4.761762974956782
1.940357644367633
4.78866964221546
2.432705162435786
2.241521451645681
8.015721943494981
1.8807306101647088
2.4737751679596602
6.1225464651102595
9.197623244400845
11.11380203899265
3.3856066304633727
4.12359789355122
2.535058450183227
1.8796142880076394
1.9524692585463261
6.512119458689068
4.9559396506279745
2.8426268944658046
1.5170566364878475
8.013757201066914
6.931683118902233
1.812981714710982
4.475411629894011
2.7541951936471953
2.8128895537008796
5.477235435930852
4.95648734147689
7.576774816778317
4.306377552439235
3.535226801369205
2.763713787274996
5.299691715646546
2.8550251262082935
2.5025536396691384
4.564516840086939
1.6357716158738937
9.800472388440259
1.25225884818346
5.1058102810004735
2.220394581426587
4.654368390282216
17.85735150264702
0.7213896664168831
9.999445593753876
9.633826929158896
1.6938160934310973
5.503119178608191
2.600623998082645
2.9230454978740212
2.76777234421444
1.232319134408029
2.0496486322272958
1.8844947924001758
3.815845154219944
3.3293310547923585
1.594562708748624
3.0426306755948462
7.811638201396358
6.553553151666676
4.2494087896461785
3.057531734233398
3.232208806572265
4.183590111572314
3.9045082613167383
2.626032350031611
2.2550118986655767
2.3831674312488595
3.2234891773273757
5.289915670917152
12.976685472136484
5.995046852271386
5.520488430470467
6.061373094720527
4.9537290951011475
1.6684180598725642
2.771313950977755
1.9851905604957163
1.7308799483905521
3.260948320688591
4.003199464373811
3.134626907066709
7.187372299753854
1.4117363465153459
1.5072332086952616
2.177443107935218
1.3933043223060346
2.5205722012054546
2.7279192428298162
3.8310486526274787
4.315938558238557
1.9036284163808814
3.2335168498383884
4.31016440900649
3.499348104884373
3.8181013156480272
5.128769605765997
6.193889986257425
8.66390378601669
0.9818917443262862
7.141584312049789
3.0194019114199344
3.131680014018915
2.3872872127471085
4.334069840388213
5.320574939965759
3.103720495936923
5.6285159881913716
2.234594334972902
2.8420912338984134
2.7490110694434047
3.146850750678783
5.680940399440526
1.7918390332456522
1.2200639730802982
6.309678968810739
4.367677067396891
5.910276949961002
5.161682269487501
4.407020780354991
2.280527046700145
2.969436450029146
3.6633465692852645
5.924671441488535
2.1277449915523965
2.948801392507559
5.443587833519332
3.2547982008000576
3.4030584440041687
3.128931629883952
3.9476771833600814
5.826748494664239
5.809702451380876
5.340375322393566
2.8155849731456395
7.0914826891236356
5.423616340488054
4.319645937691452
4.559768581236331
4.390228265538401
2.6659828757543234
7.917053823541593
7.281305593184847
1.5424822769703153
8.770333314874986
5.701664753890644
3.585690266736136
4.632739579749249
3.8337373043140386
3.477447727309256
4.212567051896749
2.1154297769056236
4.15861097699419
2.8030670276476024
4.254094248302889
4.026058019772346
5.0220703303813785
4.671001582226806
4.671001582226806
1.7498705453396866
0.6996113062315691
2.042122181596475
2.7419817567172036
4.053515460966523
9.315529734219805
1.0898692391758893
2.0385364487998245
5.153606078766802
6.966798617909265
2.7598277574366694
2.5888557567888903
6.98356844542877
1.6059614071539177
2.6331831894074127
3.4941735157341642
4.801536316095374
4.99459200332283
5.212732485140625
2.3927271623528332
4.637201774092622
2.2858607755537994
3.4354854611911163
6.08807441756932
