0
2.312450635193701
2.557806200331195
2.434661927189282
2.2320216159983204
2.1398994678713845
2.517921948711
2.2192639975677952
2.506865923387969
2.2430068275264134
2.3413055576036794
2.209679744721553
2.43867935114003
2.2693344457764018
2.2250964424132937
2.230858143826421
2.2491384444505678
2.4113238117012155
2.081694883747123
2.2809226525987047
2.7275956067287863
2.593534209814742
2.3007980613008785
2.4810966337619025
2.289519082688843
2.533932939812378
2.2144861078937477
2.6101147691675575
2.142058203704877
2.2807558772143457
2.492692028313463
2.3172177688383875
2.533899022825821
2.491964778183448
2.0750116683026665
2.637826365876046
2.430763026444528
2.554874733300028
2.393240501735335
2.2126197939798846
2.2309734572489095
2.4840549889728694
2.7353414050166687
2.4526644160825124
2.7339974171432773
2.604616116528219
2.527016318162407
2.4984889921742135
2.5344530043878564
2.4872066293859705
2.4719929327925505
2.11597334188757
2.097173738197825
2.4550293897362896
2.2033688348694453
2.32168756741509
2.4341242410143127
2.630260173809278
2.683771141329239
2.6075486180695377
2.5265701526384925
2.4390291930307377
2.484997188282582
2.1514468698171534
2.1584364028097176
2.346506653290816
2.443661755617107
2.2795772902003226
2.414238114779426
2.3075441292028764
2.7522590419591126
2.839520333756495
2.737595038257704
2.608310605701847
2.653545184443723
2.6570455881701034
2.48842210067254
2.489349519855874
2.5030404948172387
2.218558819265272
2.262481437809154
2.514011574925206
2.630753029846662
2.5083613300512306
2.3100725087854697
2.309719671057794
2.0962560908019667
2.400100008140947
2.8095023119792235
2.4896670647782533
2.4511557624244733
2.1695682778588665
2.188562688872889
2.4871711194913906
2.333712254678795
2.4444590175246796
2.3976841666628914
2.2935342723274816
2.1189504688974035
2.2188717670925295
2.4262871974847364
2.5017975195829516
2.3758103120271934
2.2487425537619057
2.292222693540374
2.2024529375636566
2.5111001715851082
2.2600842226445974
2.2586978559696873
2.2748034410835984
2.1831047271778736
2.1791442883824126
2.377480400239759
2.3058687480728137
2.3859224271106014
2.54778511028019
2.323945577408206
2.3587203613666006
2.247286953885665
2.401934187773993
2.514172244688851
2.3279881677552594
2.3772867875937673
2.4364961280559236
2.1013745574962934
2.238716808819608
2.2281940770336757
2.1765374078514674
2.2200292519519333
2.3202876866959428
2.4397213902185997
2.3545990355010256
2.3569882467008503
2.3172699976857603
2.453654155746281
2.3539020622142095
2.33301982361497
2.6093210943982084
2.4421407174930128
2.460117264878552
2.289259491360836
2.6516316908828337
2.0787151466525526
2.3262395173397787
2.351151405534873
2.476165400201289
2.6257667539257286
2.2768638254955422
2.4746164167735656
2.143607760953711
2.2496928025095566
2.285418979724006
2.3855232979145744
2.2269928052757604
2.199791831182652
2.375650644964919
2.355208167885684
2.398160724031961
2.341978778475409
2.4502447041580795
2.449743882622321
2.442547315159155
2.366028547244361
2.316495879131207
2.399480223657204
2.25483175917977
2.3146430529054896
2.5929918177154327
2.6289261291611887
2.3374106512351855
2.2147972408433274
2.6921643676803293
1.9566988322102667
1.9677129703332967
2.4641729338239546
2.4819048880838266
2.3399362724301507
2.20268715596274
2.369733240246342
2.286409722999246
2.4405941776757025
2.663422283990174
2.658200110032656
2.577620112696505
2.8243710447854435
2.7967809482025543
2.204685116542437
2.2622543707273812
2.6986937840506324
2.538975827094551
2.5375039624478877
2.5506512180478644
2.557331866154058
2.554071729404533
2.5849095095620487
2.566827986679516
2.4790301168623006
2.4257471066052547
2.4234434827918108
2.4300181147640862
2.5286968010285253
2.2392016888392985
2.6137849214555877
2.6674833304397882
2.5633654042184593
2.553257836815675
2.4610483087547124
2.2336094517562763
2.3119046077716945
2.3444799451863876
2.369786447176646
2.2578542389305714
2.267783452440741
2.2644228763051966
2.244553926330925
2.2807768416429735
2.2579724200131817
2.560511738648968
2.3295752701087062
2.416210915726764
2.3254426648877966
2.7773557015907033
2.5736115171615315
2.3133512983763405
2.3607724972204784
2.288017627101156
2.3699285730227877
2.24193367807141
2.2767364828082712
2.5333974048903105
2.4866849532992235
2.701079143024276
2.6612600057214344
2.4752760032260737
2.711459861199623
2.588682575861703
2.3422832471121553
2.151781716771824
2.2483497427563788
2.4736386642219332
2.3799170289048037
2.374052253826476
2.4496561174245692
2.256990618116866
2.1593021755676776
2.271587102204086
2.4899235303427383
2.525206654633113
2.3532401423647435
2.3156177133410414
2.1277561953498005
2.129913082798446
2.10592354531986
2.521268462712197
2.2949162757668335
2.4183917829150037
2.401216808521014
2.3754881396231866
2.3222022886993727
2.633864880368756
2.177996665754991
2.684729952676257
2.4175333371919154
2.557044148185885
2.1494467786091183
2.4489156023510668
2.3337086755231913
2.1633698755157673
2.5259911234331724
2.405111303094256
2.455026978450732
2.470369754554502
2.3252181892426886
2.2703941449830727
2.2218353714927126
2.1469598413610873
2.2768317419853896
2.2642061081277163
2.079248597987273
2.1554062234063682
2.0533566342673506
2.337681109941195
2.538776176411618
2.781530271842997
2.263180692281204
2.336267427455038
2.705641560415249
2.4786216852291516
2.3658913568044313
2.6738145328644345
2.4074496666410496
2.225304975517853
2.640320444671543
2.6518851601596465
2.618946667639635
2.50003048328895
2.461466860529042
2.365190905047029
2.384647316028049
2.323842938215009
2.122961263169736
2.641000523853517
2.4561887428101485
2.414522396681469
2.4457494997882683
2.278660976877032
2.5467358898734913
2.5372525139503423
2.235818643679635
2.390317089096181
2.264391552106968
2.189716371783988
2.118624548330215
2.131692305855644
2.102996621485317
2.1439833807857664
2.2749983649949956
1.9550315173001118
2.566654761030566
2.3982127303604974
2.7571910714218215
2.3010917826338173
2.446254311301982
2.6357917366877053
2.3384819637308465
2.510622527004396
2.355981984399414
2.4987246500286724
2.2292187135617856
2.257304411433345
2.3508496223047595
2.421453253329012
2.481205083860115
2.390527560593326
2.407093993007838
2.150093879507282
2.4400603338608433
2.352583554647161
2.279689185630744
2.087180821767355
2.546702867021534
2.5654153732309712
2.374221450609894
2.15575510380918
2.1844929952521004
2.132070006178346
2.0934884138490055
2.0655122554376764
2.658730346171671
2.163817074240176
2.3868225718734575
2.2826109700107753
2.18783242766003
2.340603793425757
2.383780185443305
2.3773643680439567
2.6461994209689923
2.3807754126008387
2.2697654319857494
2.5270454505280298
2.400771863410576
2.517585169477083
2.494196762765077
2.3756286156643314
2.5076824085755693
2.207798976435734
2.2662740916537616
2.360000464842988
2.4715417881793065
2.3572796851152535
2.361249140704001
2.7006157899239134
2.616061137239356
2.5516083243217778
2.5356127381831075
2.5049368948991293
2.5280666805351864
2.3360228170581285
2.748564444593297
2.714487566525655
2.5370533096434187
2.293136935512438
2.2968180540477716
2.4183506642638553
2.545567661659063
2.2943417899221163
2.1461788435288205
2.768774200137034
2.527818743775102
2.4738335960711106
2.443657693425075
2.238920073160215
1.970240497684071
2.2261670971741054
2.223771650987812
2.323446052217564
2.2704379270078907
2.606940366848396
2.233801517742767
2.3934004589723843
2.3637182706827478
2.4318139441441855
2.067440066211324
2.123190803470333
2.210146665406817
2.4119876264676536
2.0345707359172884
2.0504278364833346
2.3482045987349687
2.3412815688051083
2.372397250409534
2.5608970448248334
2.146052796840384
2.1494029210903363
2.0955852353954665
2.0607106117010927
2.817996745210989
2.7414184613220436
2.5414848154589773
2.7924208765321756
2.668751956796232
2.595759058306367
2.5615972012089117
2.741179811104567
2.4892985588637497
2.5245119753592813
2.6317580361578643
2.498977747395343
2.3055777595701787
2.214525724102353
2.5585981437954555
2.267934018769459
2.2545016329302094
2.4501029898857265
2.1658995502377576
2.4115034070811774
2.4431543461695258
2.395171373531806
2.4015273339237204
2.2776528067909254
2.382899408348931
2.4511910965730634
2.671643337783968
2.6159392560190167
2.8598031484320954
2.5053272975606995
2.518416654346676
1.9662482906569676
2.4735404983692133
2.4335090257843195
2.4537366219396186
2.4143876418809005
2.3708882017653248
2.2396358731152657
2.2805485689867377
2.2237686084907304
2.1001386821077412
2.4340957056189456
2.404483601229063
2.161763330576798
2.604983224366127
2.0176787038485196
2.175871022496055
2.4688000990764896
2.223588529121736
2.2320170317729415
2.2209338739017497
2.249246832409281
2.2562537237033022
2.446865641365772
2.5464191563741845
2.415224323728045
2.4253704625509385
2.212487618294726
2.446297433393327
2.4232192786593103
2.343778670239385
2.240038039643144
2.252085117473753
2.013120458255817
1.7613143644040925
1.792081685712365
1.9569533530503924
2.2775446022443586
2.3264879454577483
2.5142295560503767
2.6243536119872504
2.5111569225917605
2.5075758582085417
2.5619905313704106
2.6178940422748025
2.7101091335556515
1.8308803648069185
1.9635754693380092
2.1624811241039135
2.0794984567581856
2.0761308617058103
2.0764600658634693
2.076066212213865
2.3093464798576946
2.1193048798713177
2.5318382944984887
2.4594142516612383
2.5492019202798004
2.53867405776859
2.452580037769109
2.3360023198706217
2.839735648661002
2.4145791870086444
2.431597238587306
2.4948797264761153
2.3889945241083823
2.3718903427203037
2.051771400132346
2.426767580376028
2.447267613601235
2.5737164993342345
2.552572906019305
2.50779236611707
2.538964163837221
2.5450890723395045
2.291622925114736
2.614952158143187
2.562593372646602
2.2797402299285006
2.1553688419870793
2.447141354664371
2.6579525309103644
2.722840976219426
2.566859495811525
2.7125402555303637
2.420148601854365
2.3759038248912994
2.390506382566976
2.4180570947668674
2.4335928182009887
2.020319689262769
2.0729711453416013
2.0775421434538326
2.0948202324511125
2.124344757126933
2.1627689573713997
2.117918470896697
2.514877566036087
2.4540774329441923
2.1707589094464903
2.2672896029014806
2.435759189045444
2.4713542805223074
2.6747377962398424
2.5186797045308498
2.1988518981068674
2.4393293309455615
2.545716153522127
2.36834741614537
2.531536762265632
2.38187010690655
2.34598415959262
2.3431027390640096
2.5459975258869876
2.271356393712944
2.4778817256627277
2.1762816302079737
2.3594604415417653
2.1382433664984566
2.1496269629248888
2.149151769322223
2.1536442873701427
2.1856157275619186
2.1464401916689506
2.5939065217414417
2.310534707101313
2.1564795150464207
2.423344107303975
2.0802692379250733
2.3638528569681765
2.4241436704570036
2.4134519986247045
2.38453773947354
2.453764908186465
2.379158027828544
2.1351532319751962
2.4677925120697557
2.1987168783964233
2.470109137285764
2.5146462230287905
2.5341115188564114
2.518875129309177
2.558107328788359
2.435720863634307
2.4759994425674834
2.5103073870648265
2.450602024692011
2.404255126147143
2.3599641686800097
2.6606365081877343
2.2984260037807047
2.289026398156707
2.4446716628579064
2.2873682678348985
2.37494168181855
2.3791421502752073
2.459746091188976
2.388324207134536
2.48735685484809
2.542557529123414
1.9078634697015062
1.7969549472043436
2.4596826373451544
2.4854120916565514
2.51707221521769
2.4860057846743664
2.49678048463692
2.285146043392279
2.3300484586148897
2.177743393674787
2.645191795720153
2.6920430608801222
2.5319363423920094
2.536120634272444
2.5421582833623697
2.2477961507386
2.6132129426128814
2.5538042042539573
2.5131989820170246
2.432031828427628
2.552546971995882
2.5843966253102604
1.8598546390718063
2.7715176734732454
2.1569232777240788
2.4249177547136074
2.50221358145193
2.2211074995678457
2.5003384418979624
2.5356152643208123
2.534336522868343
2.544833550652301
2.4548055844985184
2.5729459665768837
2.580446500630222
2.4267871366421327
2.5199295758329288
2.716138581685029
2.662173373446978
2.747423571392033
2.6642597702419026
2.8445777455456183
2.4623703881139187
2.626245399479956
2.6355011878038437
2.6001446086945106
2.116827324207255
2.48276762497975
2.248129696138784
2.315221136724222
2.044308353560042
1.8699982065161145
2.133429699822049
2.2802502834922267
2.2891063666192815
2.2786134211399
2.432380060814835
2.29700695567087
2.499384464535131
2.059984010377615
2.5534918814890863
2.577403185323489
2.5680098595662346
2.6273852560327886
2.513282044875112
2.572755122761568
2.4353946775345814
2.4102035632344103
2.6243725634966255
2.3305040371225405
2.209629882628125
2.2388722508711187
2.4191554135193805
2.2081012972796885
2.1704741667978906
2.1363569841707175
2.5123211325695314
2.4979135645758865
2.444024125795204
2.5273559535705425
2.7219627914680484
2.6506043828615318
2.5549786335559586
2.3684058998528075
2.2543256840639834
2.376702555929851
2.1879710441627966
2.3466799157786182
2.3929780530152223
2.3000448746250193
2.202860783317206
2.3544683838601848
2.2695334468665105
2.3318829760753763
2.297986335606008
2.297263660456303
2.5846138049057235
2.499582814578837
2.5177958063735346
2.3176408976906493
2.2629845915056266
2.4608023360966316
2.050308093601023
2.361053903372275
2.617643620845001
2.542965834515203
2.247078104934664
2.5477316179984046
2.419668771074905
2.4531029129228483
2.3624918932727783
2.3823667845001086
2.3540205079207364
2.3780955971136484
2.501953663877849
2.3965686673789484
2.3274211362761967
2.24286442592119
2.344294442051359
2.241455767054924
2.3197412248680935
2.5158170095197923
2.566188273447179
2.275722187931983
2.4627925062283587
2.4192411119048725
2.4792667500781773
2.3251007542491684
2.286788829471652
2.5007224328482116
2.554438456897694
2.536928313955792
2.4628783098331715
2.4064021611849924
2.474450329299219
2.3816116352939796
2.3895950303318
2.4746856376086384
2.5403915618389203
2.653200866217678
2.37314063181201
2.5222979170079727
2.5958133192957193
2.170728890966227
2.761665392893472
2.8354584810603165
2.896055987688396
3.068813474329512
2.1513980422741783
2.15653436497326
2.1925198117743556
2.2571522867539366
2.3132338128611245
2.3734603962829453
2.1855833959812596
2.1862748075145513
2.191051322273529
2.0614228479103742
2.0644385177006024
2.353852600590526
2.1630181322710085
2.46588515249548
2.4705185002109893
2.403011449435655
2.440597888013416
2.5240286448022773
2.1560341585315275
2.3323555438161137
2.1244020772532086
2.2524165243855636
2.2766747079991343
2.3592651849592237
2.3535278666017865
2.0888854303201283
2.171693999858395
2.28624606349085
2.3143438349520666
2.291342686830098
2.6677020350591705
2.4660486965819057
2.3028561742224
2.335809641961817
2.2708233338814585
2.420683832367061
2.3466785764128733
2.4272747643861834
2.444679546706519
2.2977159280777073
2.2725880290753726
2.3326111940916956
2.163444440434404
2.3464001998906454
2.6705280698872866
2.305880217813926
2.3673748144472655
2.2712561766773285
2.1382627002331156
2.5868211117632613
2.5334230560861717
2.593426324706309
2.5065120815840376
2.668214519634287
2.4033030785782694
2.0467049391878045
2.2766146431675565
2.3222849106044428
2.4186713488493967
2.442114378972535
2.1748612194245913
2.468071952386793
2.529129730506601
2.3310095842245477
2.289402860472861
2.4386851102276665
2.1112074516665316
2.398578845805927
2.3301946723708618
2.47090659323921
1.985495869669604
2.5958608190205688
2.6102134704133464
2.026600568624927
2.3655866610692957
2.2606538305553756
2.534837154524601
2.4278494957199928
2.295089993428308
2.5643959626589443
2.256957554627014
2.036378790697519
2.5546480005828216
2.199290368367408
2.151403690218199
2.3337865250484016
2.3433945027571985
2.4448024918367723
2.3565478177712507
2.556811921153055
2.2909336713367505
2.1451013723586274
2.33478567605316
2.6763739851163395
2.1953406525192753
2.3940234257709
2.398321689219044
2.254226581021681
2.3465899891322652
2.0136964064113294
2.0136964064113294
2.4692068619153993
2.29337025950482
2.1770561934244927
2.3726426140195787
2.5269510349462085
2.407639530115977
2.3945468333287185
1.9649532713366724
2.4583525456180064
2.358292094820797
2.3848475814803685
2.335090381660866
2.1522702451729745
2.3131480192505647
2.243397033617553
2.3260838153145835
2.319450254907467
1.9363934201400752
2.131153090398191
2.326200189608257
2.256774747489424
2.3084749725621445
2.2890830766520183
2.373567610530765
2.633534150603974
2.352611552649192
2.5445952175549698
2.41024355619337
2.351089843357206
2.3535982757941496
2.509934585490099
2.398885853482789
2.337571949826262
2.2394933874879386
2.4727052812290866
2.3115245145131866
2.23741733522034
2.5244633930118607
2.42118542306578
2.6701597212354735
2.5226058356216132
2.4929397035509973
2.65930691353268
2.5247093251312127
2.440530727386855
2.3267237006571753
2.335836548619181
2.387722076535084
2.564148336882289
2.551500720400237
2.512906471977962
2.3778131992401925
2.694430617485204
2.723569540906812
2.675054398284099
2.425514177912693
2.367472383740597
2.1067213687244473
2.1180439887569062
2.1110495529235087
2.236651437577884
2.278334108593148
2.2854253723759985
2.481485185915201
2.549448462346964
2.3764468179194997
2.584619683618558
2.3743072572967185
2.245659784805402
2.447800779875453
2.2363870703706072
2.5854502644004693
2.2869647909425272
2.5032776530200604
2.4556153722250946
2.213398538216056
2.235255893590725
2.306322369262234
2.3158357320715863
2.44417524060539
2.3691244849593907
2.3204646879985065
2.296660168392684
2.2774870152649473
2.2512492112590436
2.215162224079074
2.1364961941009724
2.519336469512062
2.446229090126438
2.4204695006024375
2.4922659252756416
2.4482907684880653
2.321821829980865
2.0234221770038507
2.134913842256868
2.107364638829233
2.4287680745129734
2.3132026692657788
2.306055858014019
2.4159824660129083
2.235147848433205
2.110334184334079
2.149478606208238
2.4603534364710855
2.5361548929068998
2.439904505154914
2.4465193152159648
2.4492081891358186
2.58453274415149
2.8086933113053885
2.7085125231313403
2.714435193173826
2.633931862756843
2.5725845181806637
2.553386615136534
2.658704371641563
2.139531462641974
2.175234008744357
2.2590735913024753
2.2929809358102635
2.439897987470087
2.4796921471718254
2.5188481531250537
2.2271565445573813
2.3002711849735458
2.4193556520401853
2.452412869762485
2.337949476592745
2.718792817608819
2.799109817419335
2.812228922017301
2.2859146816933014
2.458001365182888
2.6190039395176314
2.6035246411062105
2.2201051448594633
2.6358640756683096
2.135375892779524
2.0415420547346574
2.0480735866836226
2.0437995728557965
2.28132223217555
2.4441338708556515
2.1655353119103804
2.548004081635841
2.433835003171142
2.1889012119725795
2.1236036431817213
2.0755484833068167
2.5432913300360145
2.4132927826789277
2.5153845398393995
2.318194163497007
2.4394373084678485
2.4820688154592525
2.419549909834783
2.5308888867588277
2.451842907963194
2.375833206851436
2.429843858723445
2.581726622030534
2.6523436170422072
2.296733480671185
2.352654498775892
1.9836972038216163
2.3268851223447253
2.5866922152230654
2.3946432197171186
2.428062034327349
2.162778074446543
2.2015845708095494
2.099113481389839
2.09039956556299
2.4380035106054843
2.275254304119247
2.286991246684063
2.2779337276197613
2.1844569600193706
2.4603941338714743
2.524093742604982
2.4292501197327683
2.311789841122397
2.23608572637821
1.9502309341981112
2.4309711353873538
2.2660215136829724
2.296203748283023
2.137432228026165
2.297913198283493
2.2360960172789786
2.424856955846144
2.197106850929734
2.2883565304207814
2.161724098728192
2.153679546651192
2.5316806112437953
2.5667610929271727
2.290322924477881
2.4808789706517342
2.379087232823119
2.372372426051309
2.2584080495881294
2.334986216274281
2.5097074563661006
2.2822080543257104
2.32980580336806
2.3150996400961192
2.217025844829025
2.2812518567524362
2.374153639551371
2.250077882490327
2.307717971472367
2.32828237767002
2.256840784117819
2.2999152548818342
2.5097559572708943
2.730219092310308
2.63345645125398
2.5179161786598083
2.116282595672161
2.171744431750947
2.813456408929181
2.29725586375527
2.223247642005982
2.1329671259128133
2.3366368461813396
2.350301345343772
2.2439714510116517
2.301354451749449
2.37338484344265
2.6643958330489284
2.689506765099582
2.150074201672438
2.587781445733785
2.7603696253963266
2.5671379607443794
2.112523321127632
2.4356092514454692
2.2950322276709816
2.2891495050810855
2.2891495050810855
2.3002679019041525
2.575051838364101
2.822442155659376
2.231721554200075
2.536868510205591
2.4544158695371223
2.714049241839807
2.177092290863516
2.2239205680367164
2.141294962310468
2.5289898136454267
2.4269986982439615
2.1530922288504395
2.1153954514701216
2.1464791336391924
2.5516610419600387
2.5232543727324868
2.4206665689669427
2.197591907617473
2.6859516467283595
2.5187842694604345
2.424140836987604
2.181393009942156
2.2583455742216803
2.7469338040842253
2.6977315186365765
2.5951945415006925
2.5067092885449838
2.5305732343115963
2.4756951080894822
2.0892009501917475
2.222220007142793
2.099610068362119
2.2350937545297795
2.513809722210638
2.386486115522043
2.43085422179762
2.3014820279511783
2.51481559700935
2.304010999800797
2.252464442088978
2.2354234619504485
2.446042527725632
2.5526731403796257
2.390949985571486
2.295165640680441
2.486134022609841
2.503863866470135
2.5288415064897096
2.2751320889168576
2.5578685869008138
2.4809523887203744
2.293563258593302
2.285011320249828
2.192836204107335
2.2506274883622894
2.418906099473937
2.2419051466586484
2.258664699369979
2.356002625943392
2.435351131556444
2.3928891706293207
2.509706291830639
2.3707303675230973
2.3844487961741465
2.1892670506261234
2.185903945652582
2.5089521571824895
2.5481355495878386
2.5282514294666654
2.4927704164572035
2.315119078895299
2.500249754913835
2.4347040373768825
2.2906680146722636
2.186780677911485
2.2080044582854397
2.3651892883426666
2.4614871619314767
2.3301167715434166
2.238164427738361
2.2907091596964553
2.1955719890812633
2.375119648152287
2.5883161316468106
2.6621653825436717
2.6363397946281704
2.4424982487408315
2.5274194742680556
2.387490303335965
2.4487177523684767
2.4605700934599732
2.2543104573431876
2.2040549682798556
2.418468492602603
2.382038541859743
2.1615689697904346
2.500246770858739
2.5853913981631695
2.283762860512043
2.469779359956024
2.4008646472084063
2.7598187518160864
2.296461380639199
2.488592058447907
2.5076798511990552
2.51522524155916
2.664635164545348
2.235878794664025
2.397529996920452
2.3884313776395754
2.3986542478178428
2.3052536110536246
2.3958658540071642
2.6395072819885463
2.737519498518941
2.8693572634865303
1.8612867178882697
2.010963776573938
1.8749282344847829
2.5290072425347168
2.1855310511156647
2.4246142084593947
2.2154992699632485
2.3366457420137
2.2846959590058957
2.249588743959651
2.2070359314720718
2.3137590233416536
2.364736314309959
2.4503799951045333
2.110615056583945
2.1311312739414685
2.3840600944592887
2.206247018669173
2.4508735109878046
2.3327620337591775
2.4925412188544787
2.361972875187641
2.274999071258734
2.1622760373388585
2.1788784324560404
2.6861892817823483
2.6700620933211265
2.5253839415012127
2.7495916494688397
2.5946588920772986
2.6156832123171867
2.5676958679771085
2.4164616467373423
2.7747722170727322
2.175541924309714
2.2031695563442897
2.5499136148843475
2.6343108739511405
2.6803655527075048
2.2034616088512453
2.7488408869398535
2.4344268310775643
2.7200463333743246
2.249655335828479
2.2274776218290593
2.2215630709550824
2.0887161752364043
2.3404331158764515
2.3135355947394363
2.303931223234708
2.1330652630143128
2.1788953161553093
2.310562263218217
2.2022929750234903
2.5279599049508072
2.2795774958948414
2.30473842321515
2.32384072370017
2.3671274970586804
2.4922093253987465
2.2199802078456456
2.1718608211092905
2.4071120650314812
2.3976602621251986
2.436541198646344
2.291650739267062
2.418665932497615
2.27064972678103
2.4202298360790637
2.5406365335869103
2.475583476792966
2.342486050968327
2.471596487781917
2.2580918357110678
2.8070798841234885
2.6239848017187803
2.6743185988443523
2.578807201624718
2.492186421243016
2.2497677218568435
1.988998539772553
2.3829076090745955
2.2155636955593927
2.29578047533488
1.8608858714672374
2.435475778323126
2.2761614969869415
2.3798289340295407
2.5032833036179096
1.9364418899119105
2.20461255570378
2.352226020594876
2.4474522106491197
2.3072281969652817
2.253004992171733
2.540771997466291
2.5510633305207806
2.444747341217887
2.0564578872962915
2.728959702668194
2.6013254970352415
2.575317452289186
2.2886394524988063
2.537542201183201
2.645304737423495
2.3222673973589947
2.5638997989158225
2.712448492929375
2.5750309733379284
2.4797023331338046
2.48484707070722
2.583625878664667
2.0467813350477777
2.093908452137357
2.6344349953656794
2.0417532431677663
2.441311803383219
2.2655837525240226
2.2429253204220894
2.4547712630709815
2.528818757394346
2.424547772134885
2.558254620026171
2.5702485466349336
2.6220869210807205
2.6226469865455
2.549462137979075
2.37006593666633
2.4855808223571016
2.31098096168974
2.5336043348385795
2.4418751739269773
2.444307550739708
2.175256524016744
2.3269085752480456
2.4294298520849194
2.4030973124754955
2.5309262536939943
2.5479260033323508
2.4930862992632843
2.5461987397656065
2.480630148651794
2.237081230969753
2.3976039689422075
2.4528100230849823
2.282706222230315
2.237062695528405
2.2156332001514647
2.238503526538569
2.445200937907827
2.681333940783484
2.540214748252815
2.2894247841972466
2.0338265414790757
2.3747122738658626
2.3777518194084823
2.168576005090962
2.2550434364275955
2.275682649523853
2.2902632822300975
2.0815832567782215
2.648738471967899
2.667617845186584
2.3266702969581377
2.6061597875325906
2.694961200265494
2.3422603781566074
2.3444914308606646
2.6383661398320544
2.5966770283808143
2.2425619690048784
2.413512077620526
2.448835288198861
2.3443614476506984
2.3328869519386806
2.5396403960433056
2.2676676660203303
2.326858086963789
2.1439556340780945
2.1758688423432915
2.346054587368379
2.3454026322737938
2.333245254011696
2.334320601751893
2.4750818788742617
2.151316608354128
2.1425221391309828
2.2444519421672173
2.2963955162590852
2.385791722447791
2.2968688965251727
2.379646706309592
2.4363437934224734
2.3660914377340028
2.5426492268315344
2.1654374764015096
2.1813105833624773
2.4031844888916
2.5691547499387344
2.362312016890353
2.317959533861853
2.3514005474323474
2.1805862077399465
2.4252364802555926
2.2027238815836903
2.638308299503056
2.7990544566663527
2.7943452575493186
2.2960999428822055
2.2354403480179816
1.9861592768638432
2.3483295632409216
2.456769380689263
2.519888418992429
2.2369434098670093
2.245676214521271
2.3798189546398008
2.295148730380481
2.1200546524468624
2.096347575625304
2.3848507046626244
2.5564019994934664
2.857256677334054
2.5379935784612315
2.6708133435999897
2.418120766882155
2.2442780790114223
2.176521332515797
2.428641750134122
2.376183784232175
2.4376138060395705
2.5248899217619987
2.5903506083705814
2.469895982590645
2.4130554769157735
2.34133840497921
2.060086578779089
2.705850286352631
2.594008985303858
2.411359572614825
2.458815781199377
2.5920084868724156
2.232733085329566
2.578455192353818
2.26475507525742
2.493450318963489
2.3846748181191635
2.6769033892236926
2.3677438371408104
2.512282885288113
2.344597778396362
2.333593927161112
2.407491225298132
2.5031580283451667
2.203974656281139
2.558674258520525
2.389422284598041
2.346967655333252
2.3379327532742025
2.321760806488073
2.2754830061233706
2.299398381678972
2.3865702061534178
2.3757086987791403
2.4315794528921226
2.384481012785126
2.4780836642434867
2.544760314472319
2.1806933710855922
2.6012542567853156
2.4862594770727036
2.4773942871382073
2.710208431473624
2.5409742840025458
2.2943053908068407
2.3437100203086674
2.2254018811987453
2.4926390456382057
2.4018235557267698
2.326479946493144
2.322128222975897
2.366697240629973
2.862366629569301
2.6525462013258623
2.442162743173873
2.386047232931051
2.2497521148541253
2.3378644575693968
2.217670276131635
2.213202454527801
2.445128907368253
2.119159301981863
2.2512501952811688
2.281135728655812
2.15052185433754
2.2543027731014433
2.3759513435477566
2.1993085051542463
2.418484924362652
2.1261985350546153
2.0945298431586266
2.098265542164181
2.0368323681127505
2.378461176631208
1.9950509365740727
2.1528150498544294
2.1898809572672606
2.370379878553548
2.1534784525188524
2.106587394561033
2.4632553059032123
2.3396376355387085
2.5912094739075298
2.408665184641976
2.559962557834325
2.5139719879284264
2.5673317697725437
2.330759623237316
2.387210846250551
2.1701295258383624
2.3874209654471965
2.6034579674977376
2.2138848857559528
2.3497910040510512
2.173122751774737
2.1492021239768957
2.4461960350489163
2.5045954218183777
2.56409102086018
2.7260313547162256
2.635848634575488
2.6519629442005175
2.4337020680974986
2.257975244728309
2.264665729767891
2.089659653156341
2.4905026514792823
2.4447088771518257
2.5069600855474987
2.6497550393474625
2.484955223791626
2.5967874860480493
2.7958853591813186
2.44500456519411
2.5073404399782597
2.15337444119848
2.440009553388027
2.410494814235345
2.675216990951401
2.4552894450757132
2.2357020525165594
2.2195839006027427
2.3672456427216755
2.216950792209665
2.2574626510943374
2.193172296758613
2.149492000930016
2.518938881742078
2.2644157531847
2.313832519013212
2.4393211988536523
2.336477223102584
2.616785165236219
2.3507419057894166
2.219000078464946
2.2351525018672684
2.4432824494973433
2.52642925726103
2.4938019531010043
2.5234201822700144
2.30960885767093
2.4622343214636593
2.321740954635299
2.3706484255216678
2.5014159379185013
2.3720752017415223
2.2803871358278722
2.1260530915856926
2.080167350162135
2.4044221972806867
2.321743726196647
2.5040054009455246
2.5331499220954012
2.6751664408000213
2.6606192000426003
2.574537574660961
2.6209911308598084
2.617062227513022
2.504601816322776
2.373611282449974
2.187732864734478
2.2988833145050123
2.480668084754854
2.3560242097198953
2.251260637878066
2.20772554462435
2.3704522254305376
2.3646286016243048
2.4106243381343497
2.496559491262354
2.335437987809495
2.2874618217925766
2.1347578480241967
2.1361139401843965
2.140231356767976
2.1849912612416427
2.4023026535223297
2.4990171359421005
2.506540170725726
2.1150293791931163
2.488566393354086
2.420047442596095
2.3300766100048853
2.391583357975463
2.219036339259913
2.1992021329560933
2.3254761687420595
2.4505343912421025
2.100801867667328
2.207009390644069
2.2762523446192384
2.1690280160007633
2.25732753694343
2.3967224333666217
2.1399652221759244
2.1537094138037096
2.2136017512994064
2.232857697618696
2.398857728859755
2.418118509681268
2.5849474118134683
2.590175916773584
2.4085717195803324
2.568968944120463
2.5421549251709874
2.2823623155531814
2.2621079596060976
2.326164957262152
2.391829619723546
2.228983214302972
1.9226242801212325
2.427411728107931
2.1664871133464927
2.27763313837365
2.665008862750113
2.377325487709848
2.528066422875526
2.6302693264226087
2.467159329335293
2.6082622220176597
2.6300098824729146
2.5464706620110658
2.3779292315192224
2.443203696740758
2.473627940443556
2.6367017939586055
2.504234779246903
2.5336536214090004
2.5888080963388536
2.3976926145412394
1.9542773884216706
2.407036516364103
2.406488650403903
2.398186547218088
2.523174391099403
2.1420400284729544
2.548297529353383
2.342130388423857
2.6362704655297837
2.624236169369883
2.575056697289194
2.3710850776381287
2.2915958453532603
2.110859908013076
2.266629380375439
2.1565182421659035
2.229626142954176
2.2475970186246137
2.2882135337888396
2.3313595587226033
2.503707186098889
2.401872111395628
2.304680494156607
2.233286192626495
2.2167701082018034
2.325504534256836
2.1492014965417616
2.260847137833812
2.3697945571602705
2.454689938179211
2.379215407888188
2.279973689378771
2.5173722953498165
2.5905537329337562
2.607652647280493
2.508808295555894
2.6578283958853013
2.364252273523984
2.4709498455875507
2.349026558954481
2.5757011462926505
2.5246910110402583
2.337705098620747
2.3255840486387522
2.305919481387404
2.1050889151086953
2.2929487846505707
2.3137616931011395
2.382575320525096
2.6691314206149745
2.7249425025370217
2.764483542336198
2.6644242969075194
2.621281767831166
2.2251954920062733
2.3532431152608018
2.434102128878576
2.7101971405452634
2.4092916016529506
2.4579937170928328
2.432074716197817
2.2468906881000383
2.196869513516104
2.1665254755853622
2.352200330670698
2.3501465305330624
2.2324621283409574
2.54853732310774
2.4705300314041274
2.2046845346110167
2.51515156342848
2.2851838343658786
2.3157812274287473
2.504224506333199
2.591093054375797
2.8765408248663142
2.8276564736418752
2.2002330438640874
2.2559504191136264
2.328421176016529
2.420746317549159
2.634683432745828
2.681010665251064
2.637777774968779
2.745862223730986
2.235974323735005
2.4178606528109636
2.652679347533599
2.361320327137195
2.438079872681923
2.513902944754562
2.3362397104804336
2.2321538973490136
2.4867045953054947
2.5259888379670943
2.2477558200321
2.4592000432316614
2.2740838951011484
2.0917792769853967
2.628934832217476
2.4284848270642394
2.158425551484409
2.2292455471224257
2.4744243755188515
2.442715649455655
2.3650719865036978
2.405463397933967
2.493396553537521
2.394131482905843
2.201627618442693
2.463033808372918
2.5886036376800807
2.51535376126515
2.518953145648498
2.3488063946625597
2.400239353970654
2.378400346919743
2.610039456803841
2.534085799642832
2.4838102996776446
2.5296806495766164
2.292517434456427
2.4909434049169303
2.224862268891801
2.7127595833270512
2.3962234819253267
2.27114427244635
2.562820487891928
2.562820487891928
2.6175954234202945
2.597918735704064
2.621020721165679
2.258628931665502
2.4850073759168456
2.3370107383194796
2.4520566652396445
2.407830043754142
2.454811800928522
2.237744904072282
2.402175258531315
2.2634628646966384
2.4622795566708353
2.6357191994261187
2.424122581634001
2.498131833581504
2.6582953602157047
2.473262419871291
2.6173021640678846
2.6173021640678846
2.7468759497342687
2.6555505730773237
2.537610945367888
2.4833095902013405
2.448968313320696
2.2071804951958294
2.4194281957105415
2.336401313495303
2.375691402956447
2.372225394359252
2.5988184816711386
2.2707518638736626
2.4394476758132724
2.493744866011755
2.2520776578354837
2.5402525516313386
2.584011437041214
2.634118611760568
2.2299591413937674
2.2327575856088213
2.5230912829299696
2.376185008580126
2.3377266820835434
2.556272874978899
2.410286216683759
2.3965254154562294
2.5583013226542355
2.3954117042260847
2.384732893929989
2.2608830942825895
2.8113391216596746
2.7014830570202735
2.5716802747315826
2.5323780441486785
2.687839876904088
2.679379613618402
2.4099052931638716
2.497146821464431
2.4262082909855525
2.298362972265437
2.5751852659987904
2.5567877455913246
2.280866776206411
2.09360000905774
2.2702531570912488
2.337141720581952
2.40374279505378
2.3101775545171312
2.437331760401925
2.4013388983249384
2.0635582645624075
2.6358239448960727
2.3281793884429978
2.5106976532190717
2.5286175025593716
2.1498343169387986
2.240083690706539
2.5524294102650846
2.6306190891260286
2.544352755686503
2.209701771280943
2.2942202243037215
2.443842480017474
2.471661897612377
2.286664853744058
2.570465814349715
2.3522150880645265
2.2844833339865684
2.569507531195498
2.314431168092851
2.5906812518942863
2.409336024873369
2.4267786667903932
2.46323343685152
2.620034801302688
2.5451571712465446
2.5191185345342206
2.423234104106491
2.5619131078212427
2.402055465023712
2.338603808093158
2.338597821067495
1.948931655820547
2.2782407000962936
2.396128303308434
2.2090970276299946
2.29299302279826
2.165230687682313
2.275645870344261
2.2440988400028394
2.0982194032961283
2.2886726833985858
2.291110146308538
2.5691641844969157
2.413364177146664
2.22296611465199
2.278259701212332
2.3276613569972224
2.3609319531177815
2.594957748157383
2.01768112572114
2.2970440257489186
2.411140572477337
2.1734444496570613
2.398042263561055
2.4842351019393756
2.6270896080196477
2.3746265018350985
2.527399440627292
2.6332039288380917
2.464730209496103
2.5504813829551978
2.383376571923803
2.4360213768560977
2.386395182376346
2.393303091762461
2.3455238259187245
2.1783030586945085
2.261509953443932
2.1769395200708757
2.034493613077169
2.202309415471486
2.0915415771081887
2.1020932396754257
2.3920251433046578
2.4365669878276397
2.4286264379296587
2.5634592700897736
2.0764787375217524
2.271130253211268
2.3567328869262063
2.3217329232534456
2.6459292234702145
2.306943394145814
2.4962944774046276
2.257484209492353
2.1814389833231833
2.193124103009307
2.2775625179051673
2.4579743329058488
2.088792340628565
2.3893671494301403
2.4163569897006307
2.2678946787600407
2.230853613627351
2.2129145834914064
2.229569468272479
2.1896368187523834
2.2753144058958648
2.4112879736923727
2.5336923231585775
2.5277823651274454
2.7674060026289924
2.540677233987684
2.3073095029226067
2.298434065588181
2.2031155445623294
2.2296067629057097
2.279794808526048
2.3570126573707477
2.42230161489995
2.1039662207661354
2.329039027715821
2.300077117696465
2.179416513813994
2.3711665118097134
2.067738044258252
2.4013990898129602
2.137790981067575
2.459491144832927
2.4981650530051045
2.37900369088496
2.3189913452028574
2.4017058321486924
2.507842369303723
2.393116359676101
2.267819573911411
2.240991123070023
2.3771831668815486
