0
-0.5973770551921476
-1.1723121761467372
-1.8525920323412262
-1.2412065363055824
-2.0483674155466014
-1.2713450366966828
-1.1778657541127566
-1.1966327955758098
-1.2570354200179366
-2.00095920140742
-2.0714291603882007
-1.379698979822132
-1.357772138270144
-1.070374360026779
-1.1250781635069957
-1.1339441725315176
-0.8648230014822987
-1.233566573456541
-1.234365385383064
-1.9146411960780232
-1.7164570507963295
-1.9478541290676796
-2.2065443399423446
-2.1988437618551564
-1.2213037258462414
-1.4931206644613375
-2.0157320638748075
-1.31805122127226
-1.3281135235793524
-1.2580364373638264
-0.5064913687711936
-0.5785691567981213
-0.7653802383686462
-1.7132762421468157
-1.9882245928756013
-2.5150575778096846
-2.3378423419955117
-2.161013942877085
-2.1349996771706783
-2.126223544496199
-2.105780324302386
-2.4113000425308067
-2.0106145822906103
-2.5328398025763583
-2.635548022376513
-2.1395552891082703
-2.3891187327505983
-2.1067124102343984
-1.3410012162202942
-1.0343698730045143
-1.4878731468998436
-1.3237290311679386
-1.1156437343626675
-1.2703002253699038
-1.3494384342547219
-1.2847396006095833
-1.223024858135982
-1.6673344908817844
-1.586602443063515
-3.3188861129946563
-1.5461587984016727
-1.726245218006746
-2.2902337734312233
-2.0745987116533295
-1.2151588945661285
-1.3740911795155386
-1.6061365439629915
-2.5434262724490733
-2.454279429665709
-1.842147544407099
-2.025104281624376
-1.6717838160150966
-1.8450555534746456
-2.0421259041817432
-2.2421676802123995
-2.4148057509668104
-0.9955191512178964
-1.6563251520083442
-1.8186823094184887
-1.6033504739091171
-1.2859576313320666
-1.3459675456898148
-2.015530873961173
-2.1554955188480647
-2.149571548469856
-0.9719970268848063
-3.2434791620297734
-1.8690929106315726
-2.0105167233068086
-0.8785354475505149
-1.48534454589637
-0.5642139416065012
-2.556639945643701
-2.0169794346579892
-2.334352149810168
-2.142070428700789
-1.2089679626035839
-1.30657089857986
-1.2454500675288716
-0.7470778891121419
-0.8181400217257166
-0.23159035800850847
-0.8547335168326442
-1.495462299376854
-1.7049891272019757
-0.770339547362015
-0.4353536519138738
-0.44122447159538364
-0.4081717905217578
-2.3870308741733632
-1.746873827002078
-1.6947992099745925
-1.8278907801976503
-2.2520570402201416
-2.0856142416291727
-2.2062097289076137
-2.544419464077083
-2.7715875871489333
-2.143595965309026
-2.2146575489740994
-2.850068336085766
-2.5208495259518124
-2.2664858589306727
-1.879136101046558
-0.5694853229706274
-0.23278819057753555
-0.5000489865815195
-1.2449520479003002
-1.9611814284434417
-1.305816143180595
-0.878894069725589
-0.1521276160258586
-1.3073670051571373
-1.6149211085429958
-1.4889357331518984
-1.1682127659355221
-1.1664194481623584
-1.8343182234081192
-2.258357257162509
-2.0916649175854363
-1.726059182414036
-1.0354327260229221
-0.48866210922959086
-1.1536492063789958
-0.6869882956579402
-0.8914708743791755
-1.0207676925090317
-1.628997182626842
-1.5102437108982198
-1.308123958850036
-1.4493529264251797
-1.7427469401952467
-1.3706311978545738
-2.515924695372065
-1.8629283034998156
-1.5345399514793017
-2.185281636216302
-2.0927202961358558
-3.624993676667132
-3.6296114476296757
-3.6141250727880037
-3.283300546985162
-1.4784809767764806
-1.573452163896777
-2.3178238330798595
-2.5197280541144584
-2.2868549234278133
-1.4684616687734233
-1.3375743315742
-0.8890508313782626
-1.9867282462593434
-1.1176568086408603
-1.45960581338132
-1.2999846554569277
-1.4915437674984353
-1.8016972802163262
-1.7608760858594485
-2.1766806169215043
-2.2212321708487113
-2.248476405195819
-1.7957920906767832
-1.7920482898736783
-1.7704258758301126
-2.081926290462379
-1.7086828191296715
-1.8573489598198296
-1.88306547745142
-2.718830973770739
-1.3797926425930482
-1.3424167442097457
-1.3123518432476247
-1.0599815146026272
-0.965290673287254
-1.4641590834312408
-1.1332797218409512
-1.6249535720403894
-1.6375458494976232
-2.0203563395971704
-2.1796899892187787
-2.202125152847331
-2.010281216385467
-2.066563930000049
-2.0455796405988673
-2.3008036559835396
-2.3834800354317633
-2.7308639630449245
-1.5901887680500606
-1.0875683951073138
-1.40929862567759
-1.4144957721017946
-1.5436127864738887
-1.5245272702127697
-1.4037421611384417
-1.4213429652266125
-1.3630882276449212
-1.3342842103529406
-1.043470092523086
-1.949391007758334
-2.222686380733282
-2.1934405239500574
-2.265480614470198
-2.6029011804690816
-1.9008786392162513
-1.5106056491490378
-1.2456495539042656
-1.1772089677858228
-1.4810822359715798
-0.6452715632102501
-3.0964628712782276
-3.263439928514497
-1.940735334325791
-2.2263091283809016
-2.2277873266727
-2.4721083402566686
-1.9350475740854696
-1.3761063303723886
-0.898755672308607
-1.612533674126198
-1.4361106505222712
-1.3670344463515887
-2.2659756749571343
-2.9152718753267925
-1.7904271047396545
-2.0051400401365878
-2.0859281790888287
-1.059957755022725
-1.8783426982957445
-1.6648094813688545
-1.4707420069512291
-1.3432424117445072
-1.3685218439904772
-1.5086574691597028
-1.935195851641066
-2.0611691367648994
-1.8791291064362212
-2.1267744359842333
-2.477514609531531
-1.918559188740395
-1.0119611467784322
-2.887767310637059
-2.582558504224802
-2.0429713378924235
-1.8490108140167536
-2.0664312048548448
-2.028565727174503
-2.613099601172976
-2.888373332706396
-2.182721920579753
-2.1646683587139535
-2.2468714445777667
-2.1264875108346266
-0.730932103083756
-0.8119247148708205
-0.8574108202136583
-1.3988712856249839
-0.3884841877926024
-0.5250969750530354
-1.2177900984079268
-1.3585503818733768
-1.3671194913277365
-1.9245475693862604
-2.0329441865941837
-1.1244222847092646
-1.814333038280948
-1.8406780625638817
-2.3194139439650527
-1.9788122903639023
-1.385047098457857
-1.0659679231272723
-1.3284744682634748
-1.2664320363859467
-1.3505804459847761
-2.080392063804889
-1.7947063643696628
-0.9787208693260189
-2.3182501188186952
-1.9098641973662178
-1.3499622918674656
-0.7255304254260813
-0.59717743603026
-1.900558422446223
-1.8867836696890123
-1.9150616070289372
-1.9067625409792706
-2.2185437581726775
-2.083915307632637
-2.2557445187595144
-1.5569315629391127
-2.1696494355058142
-2.1058363134454763
-1.070653047868523
-1.486582742071951
-1.4130043740528346
-1.522217268059417
-1.252357084290183
-0.9616833640881753
-1.6263995965601221
-1.8657063881511244
-2.0647483540421327
-1.7231552452923153
-1.3300672889966523
-1.509821274024138
-1.7836574198569097
-1.8654611573969444
-2.3669299847168275
-2.088183134732922
-2.3326962296380374
-3.3338581199833914
-3.293860625390624
-2.951375253899323
-2.7840267991786933
-1.2142445551119267
-1.4737020077068452
-2.038746466167511
-1.4214421987732546
-1.7322354170319245
-1.8053457216420306
-1.4806489739594983
-1.280941576960709
-2.142696618175495
-2.148291141289768
-1.6524739689079897
-1.4650155604209167
-1.1618581866575821
-0.9132365660555196
-1.3079827443262577
-1.2624368557061374
-1.1730557296527648
-1.9715521294333245
-1.9769244281052003
-1.6397501578090747
-1.2857773741053158
-1.763695913994088
-1.7792535849354456
-2.709843673415349
-1.9851574748256755
-1.7404520615815111
-1.6752361638866262
-2.0712870652681707
-1.3229408928842152
-2.4641960686149713
-1.9899566574067649
-1.7341882835437197
-1.8425269400921245
-3.22212944622678
-3.2330512889597247
-2.47512740386685
-3.089383974575142
-0.8553106632789983
-1.5829023509686624
-0.9968708755946282
-3.0583195805165704
-1.1192978134978517
-0.8115932579777454
-2.9090282325603347
-2.9127325533270496
-2.6308473601366518
-1.7588934852159537
-1.6256297025023563
-1.7735114121380657
-1.80534566279905
-1.6862323516772155
-1.8934279313927014
-2.3875696345198243
-2.04816298558768
-1.7127410560956864
-2.886293776481892
-2.4971285572992405
-2.045489354602451
-2.1094379718343235
-1.683530520779987
-1.4666894155362873
-1.4428623460075167
-1.3706457057879913
-1.3201997654275386
-1.4291324881977074
-1.5509526309858621
-1.5958084252315534
-1.9427785334934984
-2.339191237964053
-1.468255584446211
-1.162476957444401
-1.1325460105370522
-1.1353368681202467
-0.9200385586874974
-1.2189841344139567
-1.0731685476206019
-1.314525903770682
-0.9803345498434451
-0.717746823672247
-0.963358058220426
-0.9561374614400153
-0.8161830502748815
-0.6459658569083988
-0.7302017064445381
-2.424638033669951
-2.228313506230997
-2.525287971495358
-1.9305238353533927
-1.927804511384137
-1.4994972066307743
-2.1406802000777923
-2.2081545766906063
-0.6542317212633006
-0.6178500592997295
-0.7108244051206422
-1.3294504415788377
-1.645362834123344
-2.6151124708453755
-1.6583465469612195
-2.0528888208462766
-1.4365613567467517
-1.27591315954565
-1.9465013837010774
-1.7938531341593822
-1.8047340397079714
-1.2160066565919152
-0.5668043263577189
-0.2407684200332755
-0.884903409644494
-1.0686804528638771
-1.152667211582212
-1.1278771761639421
-0.8727701961077079
-1.231819863528507
-1.4188570122641242
-1.1603238960306874
-1.262352119033295
-1.8893563850129131
-1.2807703373785067
-1.1799513080329065
-1.675350357265379
-0.8503110152040182
-1.2297866032990368
-1.3148336892057744
-1.3688350130351778
-0.9873630147667074
-1.1078146840741283
-1.4615010305893739
-1.5032866855268512
-0.2680593617176171
-1.6921813895873499
-1.6905726408385044
-0.9907554754027057
-0.9454907628087518
-0.9428871878459444
-0.9780054143793234
-1.6396316412417922
-2.0024684584870944
-1.8033659936767326
-0.4513882197982077
-1.5087407855526958
-0.7176099438427905
-1.0802628009484918
-1.8039771261299296
-1.102011146775177
-1.3315930562605431
-1.1915590804488805
-1.2438502247393248
-1.0106742767108599
-1.0856707641459586
-1.0748561804481496
-1.0287950951290268
-1.141723596058256
-1.7582362704221866
-2.085791869966802
-1.9366587243701112
-1.5335986934255847
-2.1200382461407363
-1.9714737380958507
-1.011730783665607
-1.6098229906194446
-1.424839627730483
-1.0830445849816044
-0.8458520407798258
-0.893385052013565
-0.9158820567730521
-0.9206178465008952
-1.2083894000163833
-1.244577882322485
-2.430488869266127
-2.0496000996504913
-1.5363248487556396
-1.4737112267123271
-1.347026300027883
-0.7628485052849375
-1.647474073604747
-2.016029662374958
-2.130363775000007
-1.747858970528572
-1.1259694279553463
-1.1729334790273502
-1.1069428389527929
-1.335565742710063
-0.8858060076081244
-1.9355015984824062
-2.399920116558289
-2.3813252987798403
-2.3194207584423503
-2.3242282172874336
-2.73052920366183
-2.4424990738575567
-2.4820093983770177
-2.6030341122063327
-2.391357736389361
-1.44171483330897
-2.1409849638983136
-2.421078429016088
-2.2864112096350246
-2.4695299604620566
-1.8671442115384027
-1.4265634518399308
-1.9617513345418431
-2.3827629712492246
-2.059101547954762
-1.6578946660815583
-1.2424084138601699
-1.324255649132024
-1.3303614927106369
-2.2331371244445006
-2.0202916995186575
-2.1911359542302122
-2.696247600464898
-1.2487022660734564
-3.1796085947546544
-2.996440124504261
-2.0465722843450593
-1.4613184564481008
-3.3750506363687354
-1.8080236578997673
-2.5538783574409094
-2.034270482953935
-1.5701387339384543
-1.455173505314789
-1.2474599053523676
-0.8211777887933728
-0.7757535691433002
-0.7954250934686491
-1.5195173042670191
-1.980417613819571
-2.1135997044263455
-0.9819541437705356
-1.8783295061502892
-2.460284820007505
-2.239411986442648
-2.206215715536145
-2.079899251044699
-1.376192114801466
-1.1285830385097746
-1.8480877494016172
-1.2150368651950292
-1.4863996944215367
-0.9540558961216047
-1.4771931600250057
-1.4074413856469241
-1.6518773990762183
-1.403941311980092
-1.0962939643798522
-0.9840100550339882
-1.3306028657232907
-1.335268596054355
-2.1492395329933514
-2.7970145205713464
-1.660929133786078
-0.6760374701779349
-1.610957278805272
-1.0912030262599797
-1.3463179024582528
-1.778565401260571
-2.5783253232133174
-2.101883355463499
-0.9798489870071253
-1.70274059725442
-1.1060487743183192
-2.1758917374016007
-1.3729106169847798
-1.2946436317627934
-1.5745301440720174
-1.640114206705255
-2.017692834641239
-2.868694919635577
-2.094812430757846
-2.4247716918443585
-2.99271488523622
-2.377555101009059
-0.26119745658017485
-1.8009976512012125
-0.3445465992109082
-0.6807438016303033
-0.9307060889963529
-1.5005945025416672
-1.9950145048069736
-1.4694889491446999
-1.426749480051101
-0.8210797185915962
-2.422673302730954
-2.2515431507803387
-2.4786660518799746
-2.472574627047372
-2.019528058452255
-2.7290987414247336
-2.405600100032942
-2.5913883591507756
-2.428482850715487
-3.222050258729981
-1.6225565346788222
-2.398938860461949
-1.606000288542099
-1.7220018614596893
-1.7530946936418883
-2.1218296768835274
-2.214243641941394
-1.546811660038656
-2.1022373303365054
-2.090401602583624
-2.1492642683098815
-2.0936552273949554
-2.322517035099941
-2.161378892681913
-2.253942888161135
-2.193896012231572
-2.253487716270729
-1.9721874841074438
-1.99065099417971
-2.0694654288570726
-2.1429233833547463
-2.191349167731317
-2.2852280210916085
-2.524628589782377
-2.061366364048423
-1.9561538546047588
-1.648119510642644
-1.3624923989276079
-1.2514542097235308
-1.5934716233150872
-1.5914447581439546
-1.4025932199844293
-1.2013482823339783
-1.116557521665312
-1.1383888681797518
-2.0261946580171837
-1.782203224778088
-1.4857378755856032
-2.0467014030192483
-1.7990050053289015
-2.4895270144639063
-2.23019428341292
-2.1661033109143264
-1.758705995756609
-1.4511511359587952
-1.4690498088368527
-1.0628983362275195
-1.7035280653932794
-2.5839874399756675
-1.7857554186146913
-0.9898556966040714
-1.5111005855586854
-1.4079216289481602
-1.2648563307538792
-2.386975548370009
-2.0194814790634847
-2.217200487087193
-2.8897038843510416
-1.6627529143695798
-1.8852244394148898
-0.8667238011738033
-0.8786026577651276
-2.6868006953377193
-1.3367759341100531
-1.2382725858194723
-1.1146247889909981
-1.6466821748644287
-1.9728439081110698
-1.832283934097213
-1.0606057179486597
-0.9709636297850605
-1.1368922386196054
-1.5138839097471986
-0.8608338558365892
-0.24967999088635248
-1.4032533749247535
-0.09956771210962699
-0.491287571925386
-0.48232687123558116
-2.2679577599016687
-1.5793812518651493
-2.048761467477999
-1.8070480604365158
-2.349992135532064
-2.1655325388379443
-2.609783273949725
-1.7524652049585567
-2.391471488019218
-1.7610462362610393
-2.0505372291884747
-2.9425303782144114
-1.7353449179638156
-2.171390496308841
-1.6107428654557996
-1.5735931443101714
-1.6704593490748056
-2.0349918023444196
-1.8007161542867829
-1.5301407902795179
-1.3958665802353787
-1.3938114775727077
-1.4251273104080049
-1.4324588353778476
-1.5046449548678795
-0.3317544000760788
-0.26322905749375974
-2.1989165357682556
-1.9902500662510005
-1.6465278406899997
-2.3555275384130425
-2.14809999257439
-1.438327509572167
-2.8167151811605295
-2.0966031191065007
-2.616349665536223
-0.3343237013886764
-2.080565166689515
-2.312361895746769
-2.086969697229037
-1.057743523813559
-1.5872365098946815
-0.7477631668888265
-1.133627893433847
-1.4754374075151588
-1.8878375387201178
-0.49262461179026795
-2.30546516311256
-2.2390865168133143
-0.023876025196495385
0.006114663228907467
-0.6799661730236676
-1.52147948963639
-0.7927444090200867
-0.6206432052994998
-0.9990948744893449
-1.3116862452959066
-0.6748105674755758
-1.2901279593389219
-1.3717549926583998
-1.1238172532695165
-0.41081241084774167
-3.122554787234342
-3.421781396739031
-0.6263684666468399
-2.401808192502192
-1.48262862100327
-1.1748845566566588
-0.9762684311271199
-1.3717313998006395
-1.7585056768672993
-1.7083140866766147
-2.3665695784359255
-1.6174415182266983
-1.1195598772600752
-1.4339544184971384
-1.7952349848507823
-0.41235478863130365
-1.234802070656852
-1.4666795227467204
-1.4468219754830864
-1.3828346737092498
-0.9934680091022399
-1.1927781811537321
-2.024745965404111
-2.1960601131773343
-1.8498239019141665
-2.0197951374263163
-2.0541465034803124
-2.063420173523006
-2.2565572970807932
-2.036375413321885
-2.1282862406677414
-1.7930319077012808
-1.9321207272035248
-1.9057942636133716
-1.9004963044988035
-2.026366139474247
-1.8558518749312267
-1.8524219486607276
-1.3534465395829123
-1.8728154450011474
-2.236148069620762
-2.0996498158261496
-1.5875762178890136
-2.0433103029589206
-1.5763569497328938
-1.6267609974635202
-1.3942063200284094
-0.8424309762497576
-3.1075194468814367
-3.220681228809938
-1.8816529005332625
-1.8679011913924042
-1.3392456222775264
-1.4187312463397488
-1.8727667181117154
-1.4678450122293654
-1.2691747695522204
-1.0324355969548102
-0.8705323769262938
-1.7631565095446013
-2.1031757065377223
-1.886671357291248
-1.9380429402891006
-2.0769968655864486
-2.373984684903414
-1.8747254823561805
-1.9429644697947144
-1.4887475186748267
-1.6478583446587283
-2.872466879848978
-1.890807906162864
-2.7083021762125266
-1.5422419510658798
-1.4640824561748558
-1.4161347944391476
-1.8433279037082984
-1.837662598127772
-1.9533037600730119
-2.0408994820338346
-2.2098678159165415
-0.9745217591703145
-1.2908238156392007
-1.1317083258017953
-0.9604142434307106
-2.2127934445077746
-1.8427698011385525
-1.7301589032544782
-1.7301589032544782
-2.15640556222345
-2.1083882809703183
-1.8965571469568494
-2.054649119026016
-2.0618449127141116
-3.0523994580203846
-2.037044633272054
-1.0005169083936147
-1.8373404346880897
-1.8812370313481668
-1.7860102821011399
-1.690248736504051
-0.5577966534216671
-2.0310486534365864
-1.2907006608472766
-1.1183673734013293
-1.525461094877534
-1.444518040383792
-0.4947910820632203
-1.3629491038210682
-2.324304424262353
-2.523518862134592
-1.8964706301065002
-1.9993540895327604
-2.0177579625994553
-2.1375949152351947
-0.9005430903236282
-1.967707173167671
-1.6326014934458275
-1.7649743787657006
-1.5342412000714714
-1.0912584183314438
-1.270053556883013
-1.5581857156956678
-0.8115603260094785
-1.5854234858817113
-1.7743153055418721
-1.798340003966498
-1.7699343207721034
-2.443273390969046
-1.9743688457940578
-2.5506634073626646
-1.9395092150944726
-2.1739718463921207
-1.7905013537561696
-2.474164236766066
-1.8757119463192091
-0.7149871455205514
-2.844399086879898
-2.5294477579109187
-2.3836055768078404
-1.0760944682233573
-1.290987511444589
-0.8416036945281238
-1.7179888297134118
-0.6566719929556091
-1.2972623786890296
-1.2587927537493622
-0.9723040230913718
-0.9740720872093453
-1.6418239000999097
-1.8383671660472334
-0.6713528341188812
-1.3390796911063043
-1.2990599546407573
-1.1572232756340404
-0.9322485429457206
-2.0457956561321895
-2.3845101339961823
-2.232999338791747
-1.989852488554532
-1.9756136352499118
-1.9930556116478375
-1.7997045211311498
-1.8783757701400412
-2.26654564602748
-2.6257872176842514
-1.7434172005892066
-1.8797194550576566
-1.623219479886582
-1.137655773792606
-1.5734554699942451
-1.6689929983330798
-1.6877511201731643
-1.8245831684711158
-2.0227541981228905
-1.023159906373281
-1.449452098430078
-2.1765177870928483
-3.1444455184064664
-2.056592373709539
-2.7174634423247883
-1.3535749503825203
-1.031283419256635
-1.1623896199458037
-0.8146173747273904
-1.3840902354195934
-1.5122848091244445
-1.4562462910755496
-0.8996052051621932
-1.3601470085792677
-1.3566441346589326
-1.5712795731312768
-1.6581236805182282
-0.5822570857739513
-2.805112286527257
-1.4499398729194144
-1.8705800878109413
-1.991234362645494
-2.3290930660273923
-2.5925925263850345
-2.1168185569598443
-1.7082932358741498
-2.1370888945499233
-1.5378014157591453
-1.943740435385867
-1.284372580778793
-1.186741173394748
-1.1142166846416472
-0.7609629154916094
-1.744371138042993
-0.9797646058569642
-1.7995279489358935
-1.1641408541135658
-1.473788769621098
-1.2687173056219372
-1.1518725572649084
-1.7301242770328593
-2.2100739219730894
-1.933498139346025
-2.2185319181569025
-2.148332400421412
-2.223013643303578
-2.3006070092909163
-3.202581407520335
-1.8750160494583765
-1.8716298319101827
-2.5949683773840304
-1.917558065923938
-1.9212875424385267
-1.9635487418534252
-2.810335136174685
-1.7669184977866095
-1.0970883031851324
-2.298857544091458
-2.0541917023016323
-1.340457692688625
-1.1785677262475631
-1.4172252595270425
-0.47105146193635306
-1.8586361207344582
-1.6366745491296486
-1.0545487566242995
-1.3858405743543873
-1.628174523144496
-1.4556257378708988
-1.0259827704919606
-1.2440805620760673
-0.8600831792160426
-2.4810593424753433
-2.0037283195095403
-1.8040153295368668
-1.8098602667775436
-1.7583889856375923
-1.189116613802891
-1.1181394683715222
-1.8658347803826083
-1.7378520330389438
-1.5082361909732929
-0.9774869198276172
-1.2882790212783517
-1.6769549901178389
-1.5089505161351073
-1.1454221757418561
-1.2063426819155543
-1.399197042175919
-2.1272961226752454
-1.8180735195879973
-2.0335719416517324
-2.087004126275175
-2.0262381137279895
-1.283378381428783
-1.371498674370395
-1.5290557676183858
-1.2445619268768646
-0.8825147561533686
-0.7638636343145879
-0.6660398967899206
-2.050304841682858
-1.8544980187523619
-1.4036977522086873
-1.0647188729849284
-1.1139404862347453
-0.9694182012599053
-0.5885644034433977
-2.220222905409725
-1.718442511038896
-1.9855486002640461
-1.2617500801110424
-1.0263737605319114
-1.001570026606606
-1.3221843759141008
-1.4035902353207566
-0.3111413534006956
-0.13091170732405694
0.4037593168198942
-0.5237080179259122
-1.4885533359483831
-1.6643016703904254
-1.5081863293092461
-1.2592105086744434
-0.8521594209308747
-1.2952550590668257
-0.9135886951354585
-0.7650553411161984
-1.8882783760494117
-2.257186804034077
-3.6651783498046444
-1.8579573149135558
-2.9862779621536815
-1.9089546296444473
-2.4143232108134853
-1.5536020484929978
-1.6418437514716402
-2.8185134252056425
-0.8118695510670674
-0.9154072340730284
-1.4103579328495628
-1.809006428288169
-1.6533514748872176
-1.4247957899832804
-2.0626562798084187
-1.9877199322140684
-4.370033029318181
-1.8926698544178844
-1.4724545218689824
-1.6959717811123831
-2.730836695942825
-1.6740299090452104
-1.8255030883235728
-1.8255030883235728
-1.7680145590754588
-1.6212388216359277
-2.3981502428373904
-2.695272667103351
-1.66829982890089
-1.343243327959122
-1.9499296717478922
-1.0399262166721694
-1.0477095752442556
-1.365107751955251
-2.083536660376588
-2.100189902715639
-2.4586601212454453
-1.8470879130041988
-1.4169970772635934
-2.0270323344625143
-1.7690970102750927
-1.9238492041410018
-1.752601742843512
-1.4066299994071194
-1.1525613441930946
-1.3743074277858818
-1.3603738514666168
-1.474633772985178
-1.0570568183694513
-1.1995238688021912
-1.006053769418241
-2.0134722294028258
-2.336874298310429
-0.5668093062297928
-1.436892976135144
-1.4659451701289448
-1.3087209220461273
-2.3780822354475664
-1.647811357013749
-1.4895179267965846
-3.0893449423380863
-1.0830464695466113
-1.6961556124837174
-2.9321520920800106
-2.7721572358368705
-2.575395477497082
-2.6007392552549495
-2.430621072277707
-1.3485201247931187
-1.7145023899118876
-2.2087073206950225
-1.6714913457372305
-2.0214575819401035
-2.103950997217443
-2.4327007696555554
-2.3655837845074217
-2.17422862638578
-2.1643730083125936
-2.0929869845188156
-1.1130477841722117
-1.3939691451608678
-1.249802302093889
-1.571821943518007
-1.1810068718492772
-1.3592518662252262
-1.2411929137390596
-2.1100935715841547
-1.9844245123320088
-1.9875322777684106
-2.0075469622084654
-2.053875429962623
-1.5629217507783637
-1.9427401766212145
-2.1938703714315926
0.06903111876768898
-0.5945501945245514
-2.3145990367771536
-2.381964103055773
-1.757492056116775
-1.4330607414829348
-0.9033064890177759
-1.5390471667811405
-2.0278559756035444
-0.8873778138417806
-1.444351660405175
-1.2732352923206975
-1.7348703182519574
-2.1310373232274213
-2.013020482925751
-2.3003099627728396
-2.044158780453397
-2.033342717586236
-1.7889494752577935
-1.2145528579163105
-1.7958963739545137
-2.172788030186172
-1.5594708237866473
-2.671369982878501
-1.755935252430296
-1.489836364292003
-0.6525281860335173
-2.7415432169798124
-1.9600505717129533
-2.4861356377757025
-2.0924281982235633
-2.080454626300732
-2.181809627241374
-2.074116990476757
-2.196331011675052
-1.6116697544851357
-1.5034430976106914
-2.4343346575179328
-1.986959409709049
-2.0051495283209912
-3.380519060091064
-2.5105689255897077
-1.973932586651482
-2.805341633047253
-2.2435913940840986
-2.280630862775741
-2.457914440639699
-1.0808680255267675
-1.191613297398009
-1.4459908851045293
-1.4777993511496288
-1.3337560932082615
0.3085339614285483
-1.560038772034154
-1.5021498839343328
-1.1698741201951683
-0.570374945919477
-1.3050041004343649
-0.4095875198892945
-1.9464806920734892
-1.604241943908084
-0.5594638683587844
-1.4643025778739442
-0.6880963203519231
-2.5186177930665252
-0.8581972350563127
-1.162371664022649
-1.4005063058941791
-1.7383957124479212
-0.8669620776077398
-0.633368808034116
-1.4885845669171733
-2.2981477995003674
-2.2602895671760477
-2.0613403515107023
-1.7783414690585178
-2.3606921698658714
-2.2931881714388873
-2.3802335203430744
-2.0494160912089234
-2.185021844629492
-1.830818267925571
-1.9761478198260545
-1.8541612074337592
-1.792508818824193
-1.855429464189736
-2.1744094298263454
-1.9103810219021444
-2.075908517494226
-2.0685635424342403
-1.9352165594812794
-1.6541953539786625
-1.1181015656003663
-1.4518538303718784
-1.1762534450354156
-1.1561279065304717
-1.0903945569412739
-1.2663001783812973
-1.4512035327405965
-1.1760058419802506
-1.854160525357255
-2.14681366925696
-2.2341376962857296
-2.78456176093044
-2.702875110611592
-1.464994334846668
-3.312392952220457
-0.6681209195805656
-0.6776213978462416
-0.6011463392836524
-2.0512891551934493
-2.5107482386054545
-2.6968032693428308
-2.5060703186732742
-1.7441458402072805
-1.8446349086460512
-1.7972700684459353
-2.469440312104979
-3.598728316764406
-2.1103347602979263
-1.8564516291748963
-0.6633372210756893
-2.0723647222620882
-2.0569886089759244
-1.751191871061754
-1.7192255474579348
-1.4521348003146075
-1.346090949558118
-2.6850456928454234
-0.9693074311217473
-0.8558388408498336
-0.8731698089892221
-2.974006367437867
-1.6574758974977464
-1.8064792744609013
-0.7626094661912887
-1.2433088476820853
-1.4023997598023434
-0.922972421855998
-2.4618568956603917
-1.708463990035415
-1.6435858953395068
-0.24258848301600272
0.3779888986971137
0.20033583646484407
-1.2888887425110418
0.34697151641350044
-2.357066077275628
-2.08398534508718
-2.7088488219153617
-2.592758049647958
-2.4885326658030165
-1.142520771026188
-1.932039042205117
-1.9870478285194342
-2.044462870364343
-1.907850344226756
-1.9102568846715045
-1.8529507672109211
-1.5005080835182059
-1.8089929347647562
-1.7137546860142676
-1.5879782190441498
-1.7883389598626642
-1.1857426865515452
-1.268848969022514
-1.320303557081974
-1.8767183804069338
-1.1242828752978047
-1.821494382095927
-1.9473131148892255
-2.0005645313222282
-2.5946536574079766
-1.9420489853415281
-1.8921246129797271
-3.1060098269975533
-1.8003540801339382
-0.588189849180072
-0.5218206566226988
-1.4452926458198627
-1.4503484942645415
-1.487332536874086
-1.4989484172838987
-1.818693146174929
-1.8526494793370225
-1.970352429978282
-2.2346060671188614
-2.207431470340027
-2.843670872880604
-1.2694980781439045
-2.26349899030058
-2.7416032241602566
-0.09362902708796968
-0.9876678604711024
-1.4781269471812961
-0.09890550013283256
-1.7548982403905893
-2.622313498554152
-2.1354825584163177
-1.7812614107541374
-2.1858606213674725
-1.6551559119138155
-1.593888279081678
-0.8434101990197127
-1.1649438859876047
-0.2836387182595045
-0.18970811046999322
-1.5751871382941538
-2.717639287344931
-1.997229265907783
-1.9617123698299495
-1.9555593921317582
-2.3114228579280374
-2.1274572206983953
-2.088326161518071
-2.1798228512876388
-2.6409837708891746
-2.1215785489513763
-0.5707773742595381
-0.6417921628358512
-0.5531892742796534
-1.0651899136210294
-1.1313363608475966
-1.1634419652083612
-0.7709944208389419
-1.291833953545091
-1.2356180476487026
-1.9508093142845846
-2.0280611414366745
-3.4896615454291267
-3.3356311543530217
-2.8873373370749893
-0.7694146803887556
-0.6506663823436291
-1.0283749991703615
-1.847746001448559
-1.3507733765209342
-2.7475233676538298
-3.0493690326823497
-1.8722794649616952
-2.0754424596152137
-2.087311326024615
-1.8911048604595966
-1.8983654561292127
-1.6027104583012042
-1.9425079407196084
-1.1747159052009157
-1.3995726272398028
-1.4449589429373508
-1.138288610681
-2.847982484650781
-1.8182851667140587
-1.8712933950680042
-0.9390432615462719
-0.6810091101583736
-0.8924588648998102
-1.0887977416131487
-1.153285076636887
-1.0839662240798167
-2.2841855113307545
-2.03163660796617
-0.9682266627277748
-0.8480660929120921
-1.0996042733321065
-0.5775394724307773
-1.2578703072843043
-1.1239736586983942
-0.6449546121277814
-1.2591442455610722
-2.587946050293893
-1.2833702878711406
-1.3915729472736906
-1.3141838609704848
-1.8036339314974552
-2.9121606613490014
-2.0889019629169687
-2.008059944765414
-2.0724734213466154
-2.3479021601505092
-2.847407793849263
-1.0395362187119175
-0.5815518508884099
-1.799830991737995
-1.4663685059395295
-3.1330335218250096
-0.6831375657804507
-1.405697100327766
-2.0938491422087657
-1.9428861546554674
-2.0865628541130405
-2.0559141904126936
-2.1446160148684656
-2.294079414235925
-2.179724678339467
-2.571040228461128
-1.1198992041515687
-1.561078660258882
-1.1865569695691232
-1.3576714336209479
-2.690971024965406
-2.3843758287029644
-2.0543585318507325
-2.156844558054801
-2.0854554493230073
-2.022831851062396
-2.7706768053919375
-2.6187747486407402
-0.8970922114392672
-1.9037734737036842
-2.096981729789143
-2.1579226193901464
-2.1103819208217325
-2.0986394141071845
-2.2439905931067377
-1.9437462075638836
-1.94470600747855
-2.043606778781772
-2.0825788396945066
-1.9393137954444852
-2.1578222989884592
-1.6746725274481242
-1.3745266151062576
-1.466806942762123
-1.2722013240868077
-1.372629947656456
-1.7023801661023752
-1.8911923314237076
-1.9010629755879795
-0.9918192786496717
-2.3089907324398387
-2.0767972526144027
-1.974445723457707
-2.0941353063678543
-1.5440351834474115
-0.6916228129345952
0.06142793413825023
0.14773704898250364
-0.0059340500386631904
-1.622672197404339
-1.5891233849304645
-1.068559656043137
-1.2016879912274911
-0.8736620151102346
-1.1693222143633875
-1.141387085054523
-1.128005807671374
-1.0854442936485038
-0.7510302580010685
-0.8011901363241766
-1.3314982400494575
-1.0052194515365582
-1.3570968982050988
-1.1013728347515204
-1.4767715259021095
-1.3279193638552609
-1.32192500786625
-1.2914084742088592
-0.8638960806175298
-1.8952469792377198
-2.092852916246202
-1.7893397313943413
-2.268405118265874
-2.3075030429029106
-1.4196554515695758
-1.3452461079042306
-1.7709832298093162
-1.2899120285147698
-2.115155185709309
-2.223886131096612
-1.9893499246393749
-1.5628943013556988
-2.006335087938926
-1.8716731017938708
-0.7841219159958097
-1.3753123497546016
-1.3516247882689063
-1.2080216906066448
-1.3358073968106754
-1.3785835337279941
-1.2971361444300182
-1.3460136421523496
-1.0798968437348193
-1.22996522618985
-0.7673720808224419
-1.1599727341414194
-2.1328116985444137
-2.2873685784999815
-2.081822491620914
-2.182266719406684
-2.391839503790987
-1.951503013546777
-2.081882436358814
-1.8458316751848927
-2.009024360078576
-1.1699286204746049
-3.0249199805621227
-1.6712865866694946
-1.1193111278757126
-2.7806792257580737
-1.8760069917165911
-1.3848200248707165
-1.1972192097848624
-1.3390015206894055
-1.2697750065483848
-1.3583378336552148
-1.5704909633497166
-0.7757340986803746
-0.8757157730452856
-0.5729292670453483
-0.6422092927988856
-1.5325291997325818
-1.4749447632832549
-0.11756953618762794
-1.0428613055149616
-1.2842780784590286
-1.5381121825739923
-1.1553194620868614
-1.6563484594640299
-0.278867126492659
-2.7147917548553004
-1.5174869320131437
-2.3343001816408897
-1.8696344255499535
-1.940404026831642
-1.1810240465897375
-0.35171381803840784
-1.4430997022263252
-1.336688075057251
-1.6822051623733267
-1.0661730837794003
-1.2502047768143494
-1.5805690113119597
-1.4869562410546973
-2.1777837732346046
-2.111140869817141
-1.2723801927189256
-1.8747002162850723
-2.2995394365605972
-2.017314062926771
-1.9577033293593933
-1.7358650508856541
-1.7853004487504989
-1.4147693945823157
-1.338932543420122
-1.3903138049374046
-1.3407308401229754
-1.4907179228308844
-0.6082031003803223
-0.6353011121403457
-1.4647023961507515
-1.4271943421184001
-1.1690477497575813
-1.2197662354150858
-2.0877899098470847
-2.0498393267137636
-2.155844424059079
-1.01578466529541
-1.812008435498077
-1.1781943419369554
-1.156970384656425
-1.288457867360217
-0.9550179970674417
-1.071959789451714
-1.3845321277041847
-2.1871351576126945
-1.0906769559809384
-1.2759850277309688
-0.9261744306472929
-1.2603454760997357
-1.9743448938966408
-2.4913646321820084
-2.386251277145596
-0.28314783424496875
-0.42634983223862805
-1.943396522745224
-1.8947964254986898
-2.242027467349467
-2.33509336487697
-2.3416886224066333
-1.805028337596329
-3.4588690538497624
-0.40710283286330595
-1.7801549771650569
-1.0327321560643694
-1.613875649105831
-1.0480932859248555
-1.4136376801322617
-1.4916415660415836
-1.4780487883212805
-1.2160014312498708
-1.0916472381948852
-1.7346585779636088
-1.9793602312934466
-2.4001415622182667
-2.1194879028475677
-1.8706685004978443
-2.4934204579381327
-2.3083957831370365
-2.4148401114843
-1.3752810448635617
-1.1955501971542437
-1.6585707750475334
-2.2575621445853677
-1.8110034334490122
-2.0217777494656946
-2.390916294824718
-1.5982600670188014
-0.9294282688574471
-1.656632622139093
-1.5848394329399038
-1.5701078270518805
-1.5261714164250642
-1.7756320840133613
-1.6482535524519248
-2.235288938148267
-2.124955480603712
-1.3545426837351635
-0.9670535116227812
-1.452019113531675
-1.2807976010489737
-1.2009177842216625
-1.0960694728541645
-0.8647384390672656
-1.198970683001115
-1.2426997967404996
-1.1230467553033858
-1.419021313661068
-1.7525296473913032
-3.4632543280957484
-0.9992695996205585
-0.6022546053873743
-1.0369489492369794
-1.2941515690373964
-1.6302349212125269
-1.4521984403004407
-1.3677374804824178
-1.1919595470912112
-1.1650531682411591
-1.250706850866632
-2.204316681213342
-3.2485260028079828
-1.932515396956011
-1.6320703556775125
-1.3466718844244374
-1.0270586409706082
-1.749937607117403
-1.5714444565033807
-2.413752733336643
-2.3139862866636602
-1.6314304435698066
-2.017163646997755
-1.8099244515968624
-1.8647836265650117
-3.0610423734958814
-3.667668023640069
-3.0261177193088287
-4.1417991573072035
-2.109943306050282
-2.6403637543489564
-2.1463012005248996
-2.0032232178820673
-2.2668906565684153
-0.36500333677758207
-1.8054493978099146
-1.6709777011990243
-1.2447503194996308
-0.8350953818307849
-2.2185062390119548
-1.5870986691807751
-3.273209366998326
-2.8938788614209514
-2.15485925647226
-1.091852485339909
-2.1614544148071175
-0.5198850522335718
-0.6302318790595433
-1.3576354637700216
-3.2764912526070975
-2.619164871265621
-1.8840383335003466
-2.353996095521234
-2.3516025741578046
-2.9173317186247054
-2.749440728927198
-2.1428369119662154
-2.161768345927931
-2.112518280636372
-1.8220939546437023
-1.7576345971262688
-1.7147072191776531
-1.8863047319973942
-2.1945272733439802
-2.2622311571413714
-2.237141664144584
-2.073091775663903
-2.698886327859988
-4.073278063299935
-2.516702166955087
-1.8270806535380766
-2.156436635146533
-2.174567151974242
-1.9073806605252484
-1.5988792390647262
-2.595614667316389
-1.8501419906316923
-2.0106955081574958
-2.4895945187652035
-2.6233222308889426
-1.4099312484248445
-0.4478829900963351
-2.154371354546872
-2.616500666061503
-1.8407084986853006
-2.0708906216162064
-2.1309494542932206
-0.677899753536467
-1.718588688240717
-2.1307838240627754
-1.9348671807615956
-1.8601304382876598
-1.2314681533907086
-1.2774170411580892
0.8307978155948899
0.8974140103026401
-1.6860505980801372
-2.0353168347785036
-2.2922531099760293
-0.8115146741861856
-2.0106881044347924
-1.934777951912782
-1.400946421885721
-0.1399970221905589
-1.6932334403778626
-2.1536891345916622
-2.1349459960153596
-2.1349459960153596
-2.106863259884422
-2.042277307873889
-2.1383601239306333
-1.6451518299447085
-1.2869992527229934
-1.0240515677640412
-1.5289532026550257
-1.2601503180154878
-1.4682114653169633
-1.9202625947073728
-2.3763773608822296
-2.955883572557876
-2.539118507823984
-2.9305659890915017
-2.1300019765410965
-2.31091921653529
-2.33041398806301
-2.0597729438611663
-2.1586592565239906
-2.1586592565239906
-2.0384874072997174
-1.9340782179291678
-2.292284686389201
-2.222774479900908
-2.1429605821664874
-2.0847161110553127
-2.0342515343034844
-2.011692896295009
-2.4558827961616574
-2.297684567753918
-2.4695679023304753
-2.059302537973144
-2.2190096108468227
-2.1878183047974478
-1.803727289286878
-1.3986327942415178
-1.7725076405858324
-1.9180469277433536
-1.4395182677773557
-1.3193831165376118
-2.307815780858373
-1.2650051548068408
-1.6119908219622097
-0.5504757929772987
-0.6880568121529612
-1.142003122561672
-1.7512302549717083
-1.5017133462566707
-0.48756729725888376
-0.2730390919568939
-1.7901752611023387
-0.7676951668940714
-3.0247114353195066
-2.475462214979435
-2.02491973397601
-2.0040321508814043
-0.9229992745041647
-2.1396740347278937
-3.158020723822073
-1.9473750256976936
-0.8770778800794612
-1.3919977847520741
-0.8584455915357281
-1.0484523094710048
-1.0215257196164755
-1.9739656810601922
-2.0226428568647337
-1.8054959085758298
-1.7366097681583432
-2.8533316855789583
-2.7511404816989087
-1.923015797229738
-2.4951189965013283
-1.751642121999479
-2.1025441964754803
-1.9524488245755989
-1.8415532779671167
-2.2231494923476585
-1.9560355928721922
-2.265176368712461
-1.7496458247321192
-1.692782036766656
-1.9298831876877833
-0.44469310370069703
-1.3567974484378833
-1.5836730752982615
-2.1319913191926165
-2.144722302217514
-2.228442125478902
-1.889173382225182
-2.4188290811995787
-1.918808816440379
-1.6535508392461018
-2.001172549477093
-1.719063156400475
-2.318853099174144
-2.264502777675233
-2.5699489986603394
-2.461058105379932
-2.202839766842438
-1.1379666834407594
-1.9157638364819356
-1.1926883162009116
-0.9424655218445402
-1.177037068747629
-2.3675585892583544
-3.2517976008626173
-2.2621623867079412
-2.156182953486964
-2.0452282615863027
-0.11271632505415363
-1.0786407928696449
-1.4050729461374667
-2.6558305549201835
-1.7282886333516296
-1.1567425854132407
-1.6316951994149957
-1.4522942002321546
-0.17700876340453567
-0.7058841956719979
-1.227403964274138
-0.9822418424386085
-1.7486894272327331
-1.045517980977553
-1.0176947151580904
-3.1302968010892025
-2.1195169519354997
-2.148755332754736
-2.1903097410358
-2.2673852933844296
-0.9763273186353165
-2.1322581892154058
-1.8367989475133617
-1.7833779905376483
-0.4611223591855087
-0.6585225484845755
-1.3817689722804274
-1.155131736036611
-1.111394007827053
-1.2129427067749063
-0.8939351345873493
-1.1618968930143134
-1.4078985521646232
-1.423858951325549
-0.7328489203436618
-1.5630772917017486
-0.9650466273557216
-1.7823384713348025
-1.326513982226728
-1.08282555832904
-1.4729341110654168
-1.1532706203611836
-1.4081156348521546
-1.7904093590262766
-1.4943208779712658
-0.8655295647396101
-1.1801360973852133
-1.4018834833815572
-0.5981209382362325
-1.1642160273636142
-1.3808330454835922
-0.8417681827168398
0.08887138543387223
-1.497075065960078
-1.1074329157493747
-1.1953753258940418
-1.1688994835229998
-1.3586516211444917
-1.1504918014342111
-1.0808648687810927
-2.4109150509781174
-2.434254741071245
-2.4446265937138505
-2.817356253041864
-1.978718076577364
-2.489753011378538
-1.8112041912835206
-2.1694668122276015
-2.184707347315872
-2.022161045027453
-1.690177920857337
-1.6772654243105698
-1.7534485829769386
-2.2986742300012333
-1.256311241041567
-1.0926011975982381
-1.2290449949167346
-1.4334652720535401
-1.1217231245239259
-1.8891970973934993
-1.694187376291602
-0.9356013177611124
-0.832933184820325
-2.6259460695720582
-2.120203498326547
-2.0194202488304667
-1.9242450793547765
-1.780585631608131
-1.6937532317354929
