0
0.11637284548496596
0.09609348056412617
0.10157379809552526
0.12346952595763341
0.14143352147054097
0.13695912018194564
0.14998817183169813
0.16368596545882858
0.13386694017302328
0.12492235880443694
0.1265548925283392
0.16096382073603752
0.1458161495225468
0.1452145210772966
0.1495142555260775
0.14507287595709328
0.13239197510205047
0.13900270693368907
0.1130817563634075
0.15941451405246604
0.1508938426781676
0.127441926189613
0.08832006259013658
0.10572105144360595
0.12473749274971038
0.10518895056721106
0.13449924583341966
0.13737569855646192
0.1274490637059444
0.13081634562999972
0.10446063031743337
0.1037097945774561
0.10204639795327457
0.15063878233952138
0.1273615054843832
0.11703972165976642
0.13809533622104164
0.1713571818535527
0.1795440798516876
0.17884224995872114
0.2136886496753563
0.12045166274840785
0.134470889276878
0.12445529163090395
0.13843372792156705
0.11520836708023621
0.12529595528765167
0.16241505570340944
0.15416623674378588
0.1555384289339296
0.13527576254263893
0.12410590077500344
0.12809008421302195
0.14506427472232983
0.10991624531494859
0.17679637074596388
0.15211586076152375
0.13604731695805464
0.1502975119423074
0.14387981593785734
0.13601248254974427
0.11421090611599642
0.1438466239038479
0.14673446481163746
0.13191452657531644
0.15299194881264358
0.13775944220020767
0.1266054681933642
0.1561942439362614
0.1371329488847733
0.1388928746769598
0.12027675469463277
0.16578320448274259
0.1431702265936155
0.1401003783355435
0.16913924827190435
0.115365008439442
0.1514688020967339
0.14813022542906643
0.13867070747313984
0.1277485102198857
0.110793762115563
0.1521245873218962
0.10787726080344659
0.11456039377842929
0.12129152495098987
0.13141528837709063
0.13018634965792378
0.14787944693453775
0.11453751757797001
0.1117755841149665
0.13974993008496642
0.10279460863338434
0.18415360447178805
0.10688255214274808
0.1546945370275612
0.11178211597409943
0.1370442212942652
0.14097862456941063
0.14801351589195608
0.1391253922593839
0.14380316311950966
0.12827254104344843
0.13456534676463985
0.14169327107962243
0.14891743584346956
0.14231976486179346
0.1399141158520239
0.14009672180162902
0.12678461922302645
0.13386206278948506
0.10465961060250106
0.12520383533854976
0.14508418761134045
0.09988623144930153
0.1235239714934314
0.10884491414796683
0.12429830901316388
0.11224785445747387
0.1146930657780917
0.11482652390717284
0.11760229634554323
0.10145844232333745
0.1166331516423251
0.1074401784479458
0.1190203500464178
0.13651551484948246
0.11797193579737543
0.11235007687091494
0.12657055728706498
0.13921904944131075
0.15037564041538318
0.09140868512562035
0.12154562327789259
0.11744486647257395
0.1340485571101846
0.11785837405041552
0.12144377486540352
0.10768332662072415
0.10429855328792392
0.1463605196359126
0.1326949805439753
0.13079643310360173
0.1143943168876188
0.12654154314474908
0.11286033740035264
0.17589899339816273
0.1278269679023409
0.16240759156335305
0.14061973338357728
0.1178361309829867
0.11919405886317927
0.12228989229132153
0.11242690162654354
0.15907549897934078
0.15185214235923156
0.13978183031782787
0.11229336267174514
0.14949976846664786
0.14950519234008353
0.1480837375012429
0.15121698221454277
0.12539039582542003
0.10403375833945544
0.11923464200939989
0.1156989910438159
0.1345127132037221
0.14798269062834252
0.15544024221965425
0.13851117510546007
0.11338850713837695
0.1639643693770928
0.1686217553547244
0.13842237884890587
0.13807264156077653
0.15475336038830925
0.17100707529119344
0.10016468930650477
0.08787745219817664
0.07520362369222715
0.0495044004905612
0.048951051993113365
0.04575376340879511
0.045829929780629504
0.06754428906480596
0.11259312208399279
0.14223284131142727
0.11684430588986486
0.16392052824381237
0.16093019733353375
0.16444109673410143
0.152154394779207
0.14981833124466068
0.14786872088268313
0.15549002156262962
0.1439758510840241
0.12497424610986406
0.12452704021546585
0.11304918923219372
0.10333290070112301
0.14911990570505718
0.1071022518446589
0.10126244540034966
0.1309935918026941
0.12890873059147756
0.11165339329407893
0.13601933098685015
0.14917506420340484
0.14371332877873683
0.11759787100853188
0.1348958607678306
0.13532468245073062
0.11259194993997428
0.12747391894245297
0.1182759357710835
0.1420434992743927
0.11776183436912972
0.08706581061389532
0.0976918119875782
0.09309793721503447
0.09868821940187779
0.10186015238085254
0.15544317600715474
0.10943978235897424
0.14510193293632023
0.17729564236684886
0.12989683431535606
0.12039485977048675
0.13916265225103708
0.1416946607955285
0.17352793647802525
0.18402832049821996
0.09490351221409901
0.10231691983712454
0.10341536385864927
0.10716904218135144
0.11657154571309948
0.12134576681160375
0.13995747322288993
0.1057198441451513
0.13895765381727873
0.12064100876620677
0.14691833018026598
0.16481824328512346
0.1502987761478582
0.16226512461708487
0.13948929521751638
0.1459351893537987
0.13634748700578403
0.13555310501456685
0.11957272944654787
0.11601884327616745
0.12844618926045512
0.13389142623300682
0.14371111273963902
0.1115691083212944
0.12874990733282415
0.11381328937882845
0.115136235772104
0.1736203126802152
0.13989959305789787
0.1263153385274763
0.13549451467583443
0.16321204623957514
0.15025496938971775
0.15004702480638077
0.15993252325514754
0.1197825565642405
0.13710269131310585
0.12988366765244413
0.13818962477974095
0.13811064671563594
0.13404073678405298
0.11182827070662169
0.1305660824687666
0.1308418204483659
0.12617051492321174
0.13209293127354788
0.1101369465969953
0.1359742946177537
0.1416000476588801
0.1334792727824542
0.13635712874372635
0.2004789933467528
0.15726448945010407
0.1348915154528244
0.14657306017408606
0.187804804120622
0.16852624581542766
0.0963050089721577
0.13493108278428742
0.1606163684991983
0.1748316256125336
0.1643372022909339
0.11859745308207391
0.1693031601632895
0.14037253540700195
0.13236904977837388
0.14846610809969032
0.13419053866552444
0.1582651737284715
0.1439873194342756
0.10926756291548888
0.12424723780293678
0.11443186429196432
0.11280931009891917
0.10947943898376353
0.12192287913894206
0.14289556746594864
0.13157249305092295
0.12290668098628693
0.10649215501945049
0.11180419457060872
0.10292505724314994
0.11055767593367001
0.14683630735501219
0.13198801275412503
0.11028383763393225
0.1753685956102905
0.14771937089984252
0.13497099985109848
0.11240171721109497
0.11820032696947093
0.16244357854335217
0.12286446170890303
0.12586586590790189
0.12357625951726074
0.1405959118792161
0.13949072507209082
0.12498613745181023
0.106367726237424
0.14480899882674791
0.1377520958573026
0.13711072550849318
0.11609599920256129
0.13267478675314198
0.1547022406259815
0.1240128077220863
0.1609307549128534
0.12293185817030446
0.1180162709403902
0.1373438208251089
0.13178199798661125
0.11187301588499293
0.13136533384700425
0.13607163812007014
0.12951045507850686
0.11933450158606236
0.13749246997116657
0.12326452416431065
0.11028468903316947
0.11226640007998086
0.11890403157058671
0.10957065880520175
0.15301358427922615
0.13504680360477977
0.11700162733930072
0.11045299980904642
0.13981532904314417
0.12724826446617127
0.13273249583790514
0.12980414346213942
0.16309281020738242
0.14107583650392375
0.14216327080387614
0.13155318689950604
0.13029625346777343
0.12005109359374681
0.13210294811600337
0.14977087040130896
0.1487255801080015
0.1436291372082277
0.12853269607596132
0.12550217242282105
0.10978502126413091
0.1070869651556276
0.13782780946773238
0.1771779085936795
0.19330516260530764
0.17061556989918786
0.14500705688590454
0.14485831127554433
0.10950139878222793
0.1138970735728683
0.1356981417483353
0.13600894051285498
0.1163272766366026
0.10849714821065377
0.10940423016900366
0.13344536674357693
0.11235517017562299
0.10784712531523731
0.1108527922119291
0.11619148266084935
0.13927169137652537
0.1395266721244504
0.11681338338771163
0.12645413406105813
0.13249628565400273
0.11734886223604572
0.1125204144758056
0.17520796731393753
0.15591050783001295
0.1593757690684783
0.16199289568907974
0.13210795258669508
0.1290721517946145
0.12395308951472431
0.10869663862618267
0.1085702485228894
0.12558759077940604
0.1437279131951555
0.14914920567363174
0.14983080968122162
0.15415315499764745
0.1608622409296757
0.14278383239478218
0.1802261429976735
0.1542311287688045
0.17456963322554864
0.14361501533790644
0.12451190440655655
0.20407413319283194
0.13635823694310806
0.13984989002949205
0.13391221570832734
0.11533151325799737
0.10781491026689423
0.13422141259237463
0.12827886914913544
0.13415235459640312
0.13350131631012993
0.1436131156685929
0.14348910715586302
0.13222616065344836
0.12968287784731625
0.13607123905519933
0.13344717689613092
0.12943710166688902
0.12292215503565346
0.1144016549837595
0.11783212829656367
0.11727459299714321
0.11633897526718238
0.1418806545389821
0.1392112719989585
0.14921615707558003
0.09061787317042135
0.12944637866828043
0.12935005543396966
0.12558049864682974
0.10778527355649846
0.10933373399790602
0.12484818049522754
0.12838690006445613
0.14384432462642002
0.13046999833674788
0.13850850222399413
0.13797652013926656
0.12086079463886087
0.15034558560735314
0.17250591795219794
0.13799398347297998
0.18378163525310412
0.18536428553838874
0.1802254780789573
0.1835948642012041
0.17094022355398442
0.15855944181701093
0.1398649939466313
0.09977957774063095
0.11008421517330824
0.12804751683980234
0.13034024576003214
0.09303007259106978
0.17247667546511955
0.10565990544576437
0.13649889615644184
0.1613334846571443
0.17408447581888642
0.19313196615271958
0.1857795972054333
0.15619335861216208
0.1460272941801369
0.1738048587421959
0.20110111413627924
0.1727471629765229
0.10360473136206169
0.12224874516461674
0.12005852238259986
0.13351699910766626
0.12703403496961055
0.1351945268446514
0.13730579041247995
0.14081719505786225
0.14169288767346747
0.1420199537502254
0.14133866078018267
0.13018587329435907
0.13436370676697848
0.12078462993346331
0.12071975252965651
0.12017539194649694
0.13910596829471625
0.14726300146508117
0.1341373747754286
0.13766963946922747
0.1600372638236217
0.15879802243260982
0.1270336640019049
0.1529145843084611
0.14721527525658187
0.13182519130204715
0.11928827439815687
0.12490151353820877
0.1215614206986281
0.13275943715666896
0.13687506146901054
0.1212052371628064
0.12256359328393163
0.14243937071091364
0.14183001291178635
0.14747759627886464
0.12139589143678955
0.11571984113817775
0.14485201227916428
0.14801458503515852
0.15746898645298577
0.11726202920075637
0.10501529038907965
0.16151610772097402
0.12049082687085555
0.1218039075078815
0.1481305054218863
0.11601518569829841
0.12047673129609106
0.11720718614286516
0.11593838160748218
0.11589458051557096
0.11300832092039281
0.11894796039575223
0.12071264538661143
0.12494659893003393
0.1228917893502409
0.13096985235717873
0.12517931738990848
0.16146646246434007
0.16649072707058443
0.14206497618131284
0.16269432929382321
0.16824187337121924
0.15670951216683596
0.12337465425551841
0.15725164710122136
0.15431680729171113
0.14257312860786828
0.14105415235949423
0.1398530545195662
0.150092682848048
0.18353437878287676
0.14049428716679585
0.15456666580664521
0.13938243964120187
0.1355951590809378
0.1297889730924645
0.1328853472985357
0.12593770740020735
0.1387364069918597
0.12600168154411548
0.1224939910008192
0.15383992918659203
0.14158298889301904
0.16074721870070335
0.13499569875701872
0.1351494739634914
0.13646548781425863
0.1406880339284954
0.14269323866849323
0.1437363107046053
0.1594983948203225
0.1281584313721568
0.1184026683489608
0.13425817889885563
0.1297499476474547
0.13864384357114312
0.13381284466616133
0.13210523121110665
0.12503062148634442
0.11735680432565662
0.13592674611324707
0.14054867741861196
0.11844803694332297
0.12943950361343193
0.14647929770805487
0.13050952102631452
0.14063505653441244
0.1399919569544376
0.12320941609953077
0.1129988074459673
0.10727200253287753
0.12342864031209663
0.1619746418808797
0.1431601029007893
0.1369423018386215
0.09173942777179087
0.13602205610941978
0.12326577012719411
0.12259602269626371
0.11726112931215117
0.1002330542887964
0.16550165734196254
0.10914578606553947
0.1450842174258252
0.13365021765790913
0.15907220847139888
0.12195273936500202
0.17122831925359355
0.1996184728440306
0.19603867975199232
0.10051563361056796
0.16604526505537257
0.12848120454970863
0.16212567831409797
0.15830918717034997
0.14090293751982758
0.13890690215837542
0.16399330119703417
0.1424449170012852
0.13088820688184935
0.12747347989887003
0.1295987096476799
0.12755646346308222
0.14762401299056166
0.11912017226010774
0.15288858370269223
0.14981764270243111
0.1447793408041813
0.11692742182842866
0.11964127642033563
0.11817057672227188
0.0912335862510325
0.09387440739486796
0.08399040370958005
0.0891580966722295
0.09262424830639715
0.07874714534261097
0.08195140236323795
0.14039519772344763
0.11874786737516392
0.09853762366224118
0.09745310659941273
0.12957211477329128
0.12018253119613256
0.13634706289119122
0.10361081559999145
0.12114209050912211
0.124372926524352
0.11308914023028849
0.18232753473080127
0.18179337893535422
0.1428891610553321
0.12792739290244556
0.11933703967798946
0.1105120723952822
0.09734258155138883
0.12778872854649057
0.1300487566097337
0.13737197315739155
0.14318887066388708
0.15916721087100114
0.14906176764764995
0.15703543688186056
0.1348865506599392
0.14331815351130925
0.14503923436295088
0.1361489727800378
0.11336475414570729
0.10410398563002882
0.13263541778959917
0.12087718070912598
0.11438469568379972
0.11945544002636126
0.14753472949887927
0.13513581269414854
0.12849567608332588
0.11515562973286808
0.11596811919167335
0.1781468493670286
0.1366820599807887
0.1249161571803994
0.14408523434830645
0.12800114479254215
0.1268707480174602
0.13430789504863738
0.14205611566803994
0.14271345490089815
0.13902571734114777
0.12008098545812636
0.12862500310082053
0.15538375424559128
0.12992570206735382
0.12115870729522246
0.11379467261696061
0.1380096875225442
0.1498094661995194
0.14713028916487583
0.14855449245185373
0.128315785433929
0.1348105064008427
0.13313842707997026
0.09796672349838768
0.10260936426093298
0.1115117316862736
0.16505407806446334
0.1508045596219299
0.14271693893931808
0.14006806573074917
0.10909535918992018
0.12387645911127122
0.1275352892620906
0.12730491567460808
0.12314452950531751
0.10811317094332945
0.1275510625944567
0.11666148376489996
0.11620590125246276
0.09874884714288354
0.09850635664022511
0.17050775468702528
0.1363897573505446
0.1419211267690302
0.15364819718538084
0.1284998267962236
0.13924186024031157
0.11770104809650471
0.1252223361612898
0.12846557579110895
0.11350570734797653
0.11135254247940304
0.11804684226384088
0.11767216021947677
0.1263741359652941
0.13069307646266365
0.13940369005958417
0.133398989333154
0.1356098513217855
0.12508201042850378
0.11997733629748565
0.10807667236370976
0.09971800486317657
0.09318099689952439
0.10520095083886294
0.1075017594482421
0.1522981629232546
0.15019337171007144
0.12926379533586124
0.11742088161204937
0.10777270487895853
0.116052409178301
0.15504484899259438
0.1542747718655049
0.13880105739782947
0.1467584537459001
0.14663761391612468
0.14725420602492426
0.13942067139227857
0.1455411848116465
0.1353009122418048
0.1464075554243423
0.14182077680267532
0.14196679190315956
0.12460377805808864
0.11538699463212797
0.11033018908196474
0.11206869341475893
0.11121681476011286
0.11627735541122566
0.11491137334848699
0.1112685261540139
0.11332814037737472
0.11669248759865632
0.12038396801705091
0.12792957488655013
0.11893499898875529
0.12514762350529088
0.12434587841910932
0.12805354960347903
0.13546349837242092
0.11559435087311348
0.08865831838361617
0.07508804366036824
0.08304909153567752
0.07408031029822885
0.06594304360501238
0.06940508347432399
0.07916006067920092
0.09241611806437679
0.1052865392615566
0.08313780060619266
0.10702441257436979
0.11327900976175638
0.09303617274535056
0.16346947406312057
0.1316595806424347
0.12582164925544886
0.1151503684215839
0.15557119940253938
0.13281055836681202
0.129723285287542
0.10517823551410013
0.09150263519663566
0.10149157342953365
0.1019171165498062
0.09673000032006333
0.0971959227563749
0.11733697265948023
0.11826376701845519
0.10665958829177546
0.13399229354148842
0.1419789153234534
0.14196308765899338
0.12802248441421932
0.1476430294715275
0.10798903286802047
0.11536279815524604
0.11990140451298896
0.131957949256608
0.11780039550615316
0.12614043649289886
0.12453286113330637
0.11163554160661385
0.1315377835558245
0.11121677862804946
0.1321371441645326
0.15100139124709835
0.13044315264932768
0.14760852595476617
0.13135643492400997
0.11924851413665337
0.11451189219071714
0.13116703469194405
0.09760853266242943
0.12670034568205757
0.12340022350487033
0.11403378764595644
0.10774098917601187
0.15697095885141674
0.13265718485844186
0.1264444025688278
0.11621311345354349
0.09896977086345692
0.13578474150756
0.12732877986473928
0.12732877986473928
0.07165376142020943
0.051731549250942595
0.045675970192015095
0.047001118154661736
0.05167284786415639
0.15827014999334693
0.1231556260916689
0.1551494091633956
0.13089967972409142
0.14049565817281084
0.13924166101252958
0.13973941965925096
0.13135325455715505
0.11510693419327742
0.1272260866391729
0.10535669803388982
0.1416928630118999
0.11380675733896414
0.11028921403350646
0.1391014153293352
0.15062304750496722
0.14594461985840226
0.14617641120775846
0.16566654864114339
0.11974750001588796
0.11898405147695568
0.1421991941267424
0.12113887300349552
0.13042592135273884
0.13241290516013013
0.119226041640753
0.11810174298340073
0.1231542598426515
0.1263540102840001
0.1544905957684276
0.16176857891360552
0.17278835091659225
0.2010212797928229
0.2031532060976268
0.23818885173481985
0.1713976023752637
0.13560414114549327
0.11572437159683631
0.13304857650079543
0.13016535482071162
0.1391574715988865
0.13716150843062377
0.11465104291214748
0.14133925835733674
0.13486875176318083
0.13599533283722853
0.12401963729580055
0.11221246259666584
0.12138549271254198
0.11229300259723891
0.12075850139602567
0.13363018297498294
0.1584540802591556
0.15227713195611722
0.15035439023963498
0.14300750872029516
0.14147718643714
0.14203647240114115
0.12269673771193398
0.12362631787850614
0.15893110680377537
0.15785581580690625
0.1524089013126707
0.15457035922921233
0.1120335981782189
0.11934386290023254
0.12082522372294432
0.15059507465755353
0.15356300654397326
0.15542283043762645
0.17106469681129396
0.1434658631793613
0.14271394310733204
0.1256786565722173
0.1440854424841411
0.15858881648921125
0.09264174575277681
0.12137889367284274
0.14925325528755853
0.12278609067601487
0.13002598023508571
0.14573909226375215
0.11609735536634859
0.146701226628454
0.16349536866872044
0.1560913800439088
0.16036444993033658
0.1515929920747225
0.17430367389441362
0.17295301186182335
0.1568953422741035
0.10340334186664511
0.0994231463628695
0.09911919713100686
0.1249066478773793
0.11376776453886711
0.11913213792416587
0.12156505545901278
0.14923561783252084
0.19073739072912635
0.11440602296697133
0.11167242875586056
0.11923825313614266
0.11330641566804245
0.10762232861581564
0.14157190055375507
0.11909532470153948
0.1187922734632107
0.1121635920625364
0.11545112202847195
0.1207947990104425
0.14858062934855087
0.15431867617327402
0.1191274646505365
0.11783494925091555
0.10136452119743758
0.09473089137303528
0.08747267738165515
0.10574018014071891
0.10669211838508283
0.09700237736224517
0.09901623855198702
0.09854932551984796
0.21141743351957426
0.20735537632627243
0.2560410024815239
0.2936324486582382
0.2329851739525754
0.17978611298164718
0.1466843513273894
0.13628429364777664
0.10793158098159047
0.12924959451410267
0.11522109359075329
0.11854972084013733
0.12142194659012764
0.11812888753257793
0.12550057915720034
0.117493543430421
0.13895220081477716
0.13175629299176425
0.12486395505873865
0.1538398759794525
0.13390047211342954
0.1683380987758773
0.1328123532088845
0.12238066675644212
0.14735185064574197
0.13653528286659572
0.13796143091561747
0.1461306382559811
0.11150552384358217
0.11112021762844743
0.11099644576944913
0.14716556610794138
0.14171428016861998
0.16513151315815466
0.13319795618853275
0.13627188011745345
0.1328851699158555
0.12655055737428364
0.11265999128926395
0.10950266182816044
0.1442786857967902
0.14257062508024085
0.14184536787420576
0.13776694012825244
0.13657286462586726
0.12244582103320895
0.15116975167062036
0.13124142545079928
0.15919525553656277
0.1257910261116424
0.11456840942651596
0.09856614728700935
0.11101888615413581
0.11451583605288891
0.12106984580043534
0.10686949983787102
0.14880832201527044
0.12800167519065422
0.12431808969761743
0.13199007688979453
0.13207902430610274
0.12641758710305945
0.12295797822049458
0.14228802100519097
0.16239816396790685
0.13519929988748733
0.15282535661483485
0.15809346528480228
0.13102091075631142
0.13741169638510553
0.13574240714462446
0.11959597131898814
0.12460706262960158
0.10522710090681457
0.09599414346656014
0.1299557531176086
0.16481902820774644
0.15168109575737873
0.1725247830485829
0.16219790640867454
0.1525277663636526
0.1548320786662444
0.09911175427257302
0.11196116248789105
0.12309840501175973
0.1276086596304817
0.12758720468246226
0.1668935891577211
0.14224662768712612
0.18740753231062407
0.1524160604806795
0.1288157717760531
0.1469687435878924
0.11340866565306651
0.1485537810352352
0.13942276333546033
0.13081703966846814
0.11966694042476347
0.1266604595784416
0.11955927580424004
0.13561769506728213
0.13439183197288906
0.1433202150875536
0.143145712605519
0.12550980856939517
0.12104805427425426
0.12434961307550799
0.12772345529314033
0.12951929384701072
0.10135152162073043
0.1312739054731483
0.13765189416113055
0.13765189416113055
0.13570562834965386
0.11966365135931173
0.14360969969226625
0.20934427547403914
0.1538309675187418
0.15904436022340865
0.1495995392985647
0.14721483937815213
0.14394198541728334
0.13751436341097872
0.15177359176608082
0.15131276749042363
0.13006812310474708
0.13607742488556024
0.13419006147427234
0.1587621216448835
0.16012724856155314
0.16817418784172092
0.16668779100366551
0.1526268672720523
0.13902001075797993
0.16240290117498885
0.11529260176303147
0.12386673240326394
0.110208657160573
0.10899967684600724
0.10776568696107883
0.10821192598048752
0.10754866316097209
0.12284471463578119
0.13986934882424748
0.12863637666708777
0.13401313303962764
0.116642952212173
0.13632408860227604
0.12500101451538229
0.1198418758242458
0.14446702433358222
0.12300848355531332
0.1255584174182931
0.12986287610082034
0.12970333959223612
0.13459213988558333
0.12424798433385696
0.13574522787566784
0.10502896982793394
0.12060162884989922
0.12004951706197256
0.18370906969405562
0.1735511099075732
0.2069826173497771
0.15767570341163603
0.09812348418943966
0.10381177990953952
0.10584678872180234
0.1255128716598989
0.108460187943681
0.10564329894949422
0.11008356783485124
0.16431263139352167
0.1664942242427857
0.16581680798587906
0.15476695891820821
0.14747332861117743
0.13727141875036203
0.11225496649508228
0.11057892995739621
0.12122521512859649
0.11781564408772148
0.11897130560670009
0.12488426279603995
0.11352133683834685
0.13003584837833887
0.12874481991955503
0.17133611176068803
0.11833209815719437
0.13378164290961728
0.10869456785738336
0.12143860220706523
0.14260630274773278
0.13984211631607002
0.14051791699577582
0.1465408227271257
0.13098683871927963
0.13404597118027858
0.14621252563339446
0.12910622890071397
0.13452238892397828
0.1408592159139786
0.1473275332763951
0.13802925222386606
0.12464319506546243
0.1383091942484838
0.11010126942632245
0.15928576734462035
0.16501376919748495
0.15032440640856246
0.1311298054255019
0.12298383358976074
0.147151895867295
0.05149212417440642
0.05238025786997403
0.04118312731095774
0.09869551139692148
0.10375545486076267
0.11731968177449233
0.12051691688974178
0.14887972105826452
0.1088409685528529
0.1645150053757613
0.15678542924654643
0.13161285064261508
0.1444739691421414
0.14132068777167667
0.15909884313067274
0.16047604337273377
0.13165658448950265
0.12822209701460371
0.11258678390716433
0.1179350613100197
0.10070655159313686
0.14427692573556897
0.14030614451146267
0.11898882460248485
0.10062599176632328
0.13863049996383678
0.13011539975002698
0.11270347154137035
0.126832086400809
0.10818159750175664
0.09838309515251903
0.15226194380444416
0.1241069364184769
0.11969921082425496
0.14581832100488581
0.1463454363376077
0.14900319675547385
0.1324611380237214
0.1768996406493057
0.1524460926813358
0.1363896718405894
0.12836298439168758
0.1379203368896042
0.10754708691813036
0.030181588628011367
0.035230855958824685
0.052648043301658225
0.049605130707994556
0.046208882959477726
0.06602418698944461
0.0898633756484914
0.10417612241226616
0.10697796808281314
0.0927240174875441
0.1035367341911356
0.10411941662043635
0.06648653181950166
0.11300053824352017
0.12094228393133824
0.11541767108804933
0.13471962301282733
0.12761702275769285
0.11824100690203891
0.1379301367241875
0.13203656907324673
0.11736020282497374
0.12628316413634683
0.12110523101087647
0.13408483130247192
0.1148595416088609
0.12090383215498872
0.12477936958070002
0.13443061332196785
0.15242629760707468
0.14848235487162506
0.1302917983830785
0.1428417985814492
0.10943875423687294
0.11209296218429299
0.10963564921084476
0.10894242399430548
0.12450585401591076
0.128517440743636
0.15706604941904403
0.14638754778895777
0.17188067406576926
0.16057407231713425
0.22798770542338892
0.10538028195807735
0.14816304530925992
0.1450654869487185
0.11507321072036861
0.12005750762919672
0.1237838412943948
0.14882637924878064
0.18483361867292436
0.1268772257198594
0.15777144923671915
0.12497942069272232
0.1114048197143641
0.10845315710431827
0.1306982944809275
0.1313642435458305
0.16813931642577148
0.11726120167918161
0.11237245567064442
0.1231244489843599
0.1125213873614463
0.1641655687223727
0.15159617492958452
0.15268847246437214
0.14350099283421916
0.13599117404200214
0.12006368012615089
0.1297774181980583
0.14544764321353282
0.1529191551645309
0.14004227367103703
0.12694502967429808
0.1327524144274152
0.11351874144506754
0.13275911637891294
0.11511754762198634
0.2125975971516045
0.2000130665854024
0.17009525870247197
0.12599489068944394
0.126291870042756
0.11002397063798333
0.11688235657606015
0.1341987003833891
0.13306081373220446
0.1428714609816821
0.09625732700589568
0.14290831855964237
0.14244396241000212
0.13114600286573033
0.12482664190202564
0.10922403002847633
0.1388013578774899
0.14807495759312414
0.16286441644695188
0.154441029749918
0.13706218975809803
0.15800534540429984
0.10712653574001799
0.11186383078611607
0.10906325940520929
0.11143023140431225
0.1208659848651408
0.1293260989880517
0.10449089045335988
0.10908387330213434
0.16037362002201952
0.17677621966901758
0.1329673610304273
0.1554970689961357
0.1483213276106818
0.1459473962042527
0.0970903919441573
0.12536331076941443
0.11793491745600246
0.11220164675528667
0.1336975313756934
0.1471241835239989
0.11324994315491256
0.17785810408912606
0.20514613251457062
0.23275189295606485
0.13878351317917825
0.16181241863824591
0.15047422973728855
0.11225918969928068
0.15173037513251725
0.145252707432723
0.16310886244799241
0.16412794398135958
0.1512504147457303
0.1253688008640172
0.1604192559802033
0.1468035626337497
0.18753561482729803
0.1531713097109027
0.20631555996917475
0.2054356536668646
0.1692382423384665
0.15746313169151324
0.1314696918406761
0.125173197666211
0.13667120435693317
0.14628566495329468
0.18837342970872625
0.18719816666882882
0.11347167462237381
0.17311044169306297
0.17082698702836432
0.1653719631850957
0.15619253372223368
0.15550261639025462
0.16723920465679062
0.16231595481415964
0.12792814521609702
0.1493943843302896
0.16224413053298917
0.1741326448644934
0.14106100377122352
0.16514443124583003
0.16314763173799215
0.1634077242809926
0.1415147825707603
0.10284952309136154
0.1129691585224047
0.13079858672460387
0.1189737413656233
0.14314649436734614
0.11539750312929736
0.1099423041954031
0.11147083728300258
0.11624372571248466
0.11647860134324703
0.1285967311963633
0.10096953960757113
0.1931762321418035
0.13213558047739346
0.12302302683859616
0.12645775511975016
0.13208600292044395
0.130508670318369
0.11585076556212137
0.11895933743765563
0.13549181410439182
0.14631417804598318
0.15280986450760953
0.1549933087479222
0.15099493512708798
0.16617114567582672
0.16615640531544637
0.16559434912065216
0.16103227395879247
0.12355541233548192
0.1609516707695948
0.16002439575064784
0.13945904818427696
0.14359835580640318
0.15575658634535652
0.15257201306842247
0.13298108013000876
0.11595120573642254
0.1329536545427217
0.11123463444828445
0.12145546475166133
0.10936228538181111
0.12272945074939799
0.11370607826468722
0.13870890885125625
0.14406892437965704
0.14071540694814713
0.1421414755759993
0.10284639048322292
0.15608913083632817
0.09226144209371794
0.08570399389772207
0.1540774932801726
0.10976342274243826
0.11053326994830712
0.11778945729463947
0.09695386534442928
0.1298160094161574
0.12436828804880917
0.10878922436068614
0.11206010910456886
0.11976172345142502
0.13691728690527932
0.13610556399570545
0.13877756839929614
0.1354869415613763
0.140875305635559
0.12370120360774553
0.12828326606677462
0.104124168044954
0.10695625018305166
0.09778964470140165
0.10265040413734147
0.08792799960363239
0.15051511485579444
0.09262154794599374
0.17821436140098884
0.09359072932345223
0.09170079748643341
0.10305920589947748
0.1313708296984485
0.11419073794096848
0.12282476130785151
0.1529622639086346
0.13752636988961622
0.10909119120738264
0.12682382642682308
0.12586591185578855
0.1530261883591609
0.10669527899338167
0.11763293202688323
0.11337915263481564
0.13144825869402452
0.11981588757887421
0.15460789557826043
0.1311473078699809
0.12897312992068963
0.12958410387536104
0.12242005411752127
0.12213145162578554
0.12220278000781981
0.13282099701750602
0.1373000667727433
0.1283477834554058
0.13836039891075436
0.15605919703518936
0.16114789653294384
0.1417481131739628
0.1348083761604782
0.12036407073371702
0.1137799221549374
0.12347474312293044
0.12537262718334985
0.12141536330119038
0.1130907466911996
0.1348181296437315
0.13762194218279075
0.15158595729939667
0.14285876647509727
0.13612663663356486
0.1447965148037837
0.15331870863690966
0.12197866632425684
0.10832529563118214
0.12161073643734129
0.11889665360216584
0.09532978333678005
0.10615736061730632
0.0973256560027493
0.11110014498688213
0.10900669944127342
0.11942706223374251
0.11935781719426514
0.13516887972077582
0.12720931592088683
0.12563429355354694
0.12814864314912713
0.12348275213508976
0.13152484655000912
0.14440900978652477
0.12380403992528494
0.14103996035364383
0.13549820981803745
0.15587863811340358
0.13465783229001832
0.11271097413771039
0.16542545584899934
0.18077811046504064
0.1769406291470238
0.16961644913648552
0.18121023481237425
0.17782464249435453
0.15878861343630687
0.15870826734068352
0.13098255927943828
0.13865714238800556
0.14561049040220095
0.13285476181527084
0.13585417188985488
0.12083667117253132
0.12643407925585318
0.16058171052431425
0.1401820289453785
0.13882231908536305
0.13046516085196389
0.10206151536303626
0.16294433921813786
0.1536824480639906
0.1415838960477696
0.14276139704927893
0.13923758101843645
0.15944146467930978
0.13389521895870998
0.13085243878532096
0.12224893881822525
0.11832845111135674
0.1297873205412788
0.1355070907448343
0.12268409164433108
0.12311520375309092
0.12159614393626023
0.13063317303578897
0.1973313108949637
0.17657399544571395
0.11288008368847702
0.12489829853218086
0.15215418082311127
0.1723268447940525
0.12595079598427006
0.11769209253613033
0.1466574677714758
0.12843319684222498
0.13579475204045224
0.13327387199444432
0.13066808637968824
0.13774822385813673
0.14111037807496857
0.10954616581429512
0.13986294636666072
0.12758144148647135
0.13225560154992566
0.1377755466019218
0.143062535977212
0.13019782118593962
0.12939869432489073
0.1538514335136485
0.16002291749530687
0.17068682079438027
0.16828169589365222
0.12181694806048482
0.12216409480439623
0.12574772174610108
0.12134074319099757
0.1590995370583473
0.15761698213614048
0.1428303578999551
0.1336969373789235
0.133157110240141
0.14421660290218097
0.14043637201904352
0.14009521516241014
0.16553694589273987
0.1377166908311303
0.14618674038219845
0.12325094865547982
0.10900850799037957
0.1269808356209228
0.14506456766263057
0.13405955919105558
0.1308011913090138
0.11287169255613914
0.1097323014684311
0.10690586067890731
0.11341417637698258
0.11803478995056707
0.12335728390519107
0.12333512563879684
0.12878230379371514
0.13927014660954573
0.140916093163281
0.16363920966292295
0.10491642346294636
0.14513128868866254
0.14214828962048742
0.14502274835926104
0.11548835981609237
0.12675398637195637
0.12149323706251716
0.15879544839530124
0.1554794490180885
0.17030122024693867
0.158468814927974
0.18632545682747392
0.1584085641105528
0.15283314810722712
0.13855378116593278
0.12876926636975844
0.1263775114557616
0.1152922411370196
0.11850287268925729
0.11934735115448661
0.14022066006301007
0.15443280964927167
0.1524933115049786
0.15177797932991938
0.12138764334421594
0.12627204019779156
0.14750255356606912
0.13348636645571463
0.14026942393439326
0.14064240896066574
0.1300138206968058
0.11130352458252861
0.12697945880137176
0.12502167061812905
0.1325745505361593
0.12042306746955687
0.11562046881186168
0.11767748287659438
0.13461641484714254
0.13737812124673032
0.14528230384009302
0.17535453306917348
0.1378318159353162
0.1318708656922573
0.1321482942871687
0.1072572921354075
0.10678911143023437
0.11702282849791094
0.1371407809801413
0.13684803060116413
0.12015683087266005
0.11860488335412929
0.10817712583514989
0.10963916843849462
0.11450677987787476
0.11262412242836309
0.11413101117688414
0.12210609363528986
0.11862330281250284
0.1165012563468543
0.10972537414263844
0.121073621729016
0.1390338763558312
0.11225592181341054
0.10410456221947015
0.1137227185944003
0.11967858903882235
0.12184479727648108
0.1425490359845965
0.1276690483527942
0.1271448109097624
0.14709044601701957
0.13556844310272287
0.13596018666215154
0.14734523565798682
0.17258837576688169
0.1670061989632298
0.15273828140601553
0.18363166674688108
0.17384571120515993
0.16721101790818838
0.13149780617882847
0.12848381447354726
0.12338727344229926
0.1484832002023653
0.14714987013216985
0.12733034535643184
0.12136184602295463
0.12048241812076224
0.12298296086677675
0.12289124417307488
0.15409318821802484
0.11914888670253967
0.1282721532764786
0.1163815342015801
0.11012053087079184
0.13089994585229242
0.14985126261454298
0.14516609495897742
0.21498455119868465
0.23999668469844027
0.21599223852438384
0.22317153843524443
0.14184389230014358
0.14591517425589481
0.14547841317423002
0.15033273406855027
0.15539888869897583
0.1158456634141274
0.14757152697448656
0.2220598733902591
0.21066408874658732
0.21082645942217734
0.14010587098503122
0.12851403629354582
0.1228534148191654
0.1005475067846798
0.13034004362644042
0.13644195454566693
0.12509299499903062
0.1193317718662173
0.12732161468765935
0.12888374317510792
0.12261412246724579
0.1299120403370326
0.09832793317232658
0.12046100209620156
0.12125619441306297
0.12355446888546977
0.11646219162364163
0.141764185876714
0.11279741565474544
0.12650452929561637
0.12285757549198449
0.13038696051533294
0.12833375435288064
0.13888666772647648
0.11170073545010904
0.11469142703710114
0.12099235777898273
0.10947729939237585
0.10139298303621769
0.10170625899838284
0.1319171233243314
0.13801499658884084
0.13615296636924953
0.12390924702536156
0.1232840075583382
0.13388139998474025
0.14769196776949683
0.1532533983157652
0.1298511669465268
0.16408388787965147
0.16990437871524594
0.16990437871524594
0.1681184470856144
0.1701770378826008
0.1695222976938347
0.13321302251121428
0.1307918835637334
0.13862802401825067
0.12213351625626914
0.12014669533232203
0.1327166609628021
0.1297889038841405
0.1303766072061805
0.13055990826578096
0.13981966103100057
0.14211072782612802
0.08897233898216597
0.08842555866899059
0.08631277950211537
0.08497148972136642
0.09875439103738813
0.09875439103738813
0.1243784860785451
0.12748268302688925
0.12621755065803464
0.12366505278485107
0.16973253868179808
0.15448047064091822
0.17197208355553886
0.1490100101017216
0.1366253216832488
0.14111652491237106
0.15250038265923338
0.10886254391082129
0.13672324110626655
0.1322219155703906
0.16064322320954
0.15034611094908418
0.14144170705639553
0.13439840529666447
0.15702568557613505
0.14785286176888918
0.11747257574925195
0.11362694581411496
0.11156977800256673
0.12785730587264704
0.12666355321338027
0.12739191210113598
0.11696148336782129
0.11308973632850224
0.111621721488835
0.120645282892444
0.16423917936008706
0.14805635336760378
0.15626180000132955
0.15375189952656962
0.12466967474228355
0.14422890363435348
0.12493147836730517
0.14272092350054344
0.13591394036446638
0.09704860601030443
0.10190206355658703
0.10723214041633705
0.1291849273757282
0.13416868929568226
0.10336938398691083
0.11949810850996484
0.14274193081774939
0.14690937593388387
0.16675672856651802
0.16063051379504467
0.14508773093799654
0.11896912411794512
0.1546489589671136
0.15381216843656398
0.15183376666100484
0.15335884037470793
0.15279880467080764
0.14372585261553047
0.11985433221435803
0.16673598804412515
0.0988769197746715
0.10436674993290013
0.10059654798100548
0.10607494424551236
0.10885154111470763
0.0978580024155435
0.11471974280508501
0.08665425970003719
0.09505165072989354
0.15704369894814807
0.165007735976724
0.1453168091886927
0.13147590014979746
0.11994656636157583
0.09692221010611445
0.1322891556123635
0.11478738541515472
0.11637552902830865
0.10548637426136535
0.1140954107508479
0.15826003314554324
0.16644312539845013
0.14655952302014122
0.1525649402993959
0.16191669842429723
0.15749272137300063
0.15180195772859897
0.15589680817171553
0.15304272456125922
0.14955657336121125
0.16201922082014705
0.1441630933172662
0.13785979911375384
0.11762574393757888
0.15241307059735992
0.12082280322857099
0.1117630810905514
0.13552135827055545
0.13070299814363454
0.12944278307053442
0.12028765304265907
0.12851180822723876
0.12983491944923073
0.13817519298716482
0.11240620125503542
0.13185303914674495
0.12997403957848155
0.18706150257190832
0.16315942564175354
0.12407312942767451
0.12361325642591708
0.12287332557803497
0.14228214735064826
0.12852372084442515
0.12569473374595766
0.12673635570389138
0.1363839220022767
0.15831126855209712
0.16422622948556323
0.14867626354763688
0.15129872336328673
0.13262266833749412
0.11999373637618403
0.12215494944369439
0.1123057017956449
0.10699388189000761
0.10499382021319197
0.1446174491908227
0.1319036898985646
0.12726943178252723
0.1109704801077928
0.1285150783344017
0.11741804055134751
0.17187477366268933
0.15418765800759252
0.1358182985533032
0.1441889893964103
0.12653232425674046
0.14671320440152158
0.14790697587187673
0.1289764718188311
0.13902819294923577
0.13451953280018988
0.13815984742999987
0.11407676717779022
0.1415725505875322
0.13885965516372628
0.12980032774913686
0.11403374917350304
0.1183774596348859
0.10243859594192317
0.10322403826397725
0.12434787980612502
0.11111332189692553
0.10683908210852189
0.12204285139199134
0.15750122804351416
0.17046476294632137
0.1695620578630128
0.17080643076986946
0.16518431942840003
0.14034078428302732
0.13467671489477423
0.13163545956372968
0.1457894973345302
0.13284433758766215
0.17779484216150182
0.14361645418932453
0.15106249080850878
0.12073257975417254
0.11714740030535171
0.127606645155305
0.10225295213523408
0.13408745547572418
0.13967031072261157
0.12730985484231025
0.1113688484438594
0.11259741847791796
0.13855007116951762
