0
-2.4472529930977323
-2.4944690770735654
-3.0813553501968647
-1.6616748032887256
-2.678287575695762
-3.560847264872194
-3.3692959679501886
-0.9751013910052274
-1.8201531483390925
-2.6126551023040556
-2.4258331639898576
-3.0991585914953124
-2.4204054279649663
-1.6730086346587703
-1.6418848750194515
-1.7478523547668678
-2.8193831763897372
-2.4098642280461138
-2.3803757076378065
-3.1373043502798397
-3.862927408304373
-3.2512267215284267
-2.9217078199359214
-2.6450496299073105
-1.9646472326988802
-2.9748421021204576
-1.887485121646179
-2.866298412092934
-2.072201654795253
-3.4469444992170444
-2.374768957277861
-2.899491275227284
-2.4448474236717934
-2.1541964337441866
-4.439558784460166
-3.4747265628757877
-2.955161269353098
-2.297683898945604
-2.463237076620055
-2.47228277484026
-3.643885499141009
-2.7889934875148072
-1.7946514713037853
-3.399705295616638
-3.147698150591464
-3.1131411529949817
-1.996701636883582
-2.4135883301979106
-2.4605255608386627
-2.2890886167961195
-2.6733996835872698
-2.797634528073777
-2.378387880541566
-2.4524471983906415
-1.648911861743582
-2.294935458596335
-4.68394073242263
-4.336821098153693
-3.321257305292502
-3.7145747678579353
-1.5294959695210806
-0.6839586499436244
-2.62400099038072
-3.0884015771810693
-3.007668946927178
-3.0042019717684765
-3.069156599173565
-2.7524610679112236
-2.464905738352558
-5.332093202835221
-3.9748093458223015
-4.101418871816569
-2.5110940488730638
-4.115865791527971
-4.164961996940139
-2.3604402459665623
-3.050798060897615
-2.0401883477008367
-1.834935801935992
-1.9719027189561507
-1.4522547668004062
-2.370787224503198
-2.2045104208652253
-3.225812443384643
-3.179529948855906
-2.83332077006003
-2.200255727463499
-4.013132788569958
-2.9694906700076906
-2.512536429056931
-2.297809648734985
-2.1064226493999936
-3.4242103189799855
-2.3888738295352043
-2.729544700036264
-1.6591794647388547
-2.835519810895803
-3.518254790024676
-3.103814530353328
-3.0580356360544125
-2.4436225510274894
-2.526283824054366
-3.06482996479286
-2.70900567694326
-2.1036563137984063
-2.9796994338205116
-4.1206344266067525
-4.066981962457828
-4.100667827264963
-2.318752970214009
-2.608771798152157
-2.8145576681925415
-3.1334634970725705
-3.72092312196577
-2.514434513842016
-2.6973158494546428
-1.2679567055447047
-2.6665357313240254
-1.9447850043768844
-1.9706342961861707
-2.7464028961640405
-2.865924407955086
-2.128925381670414
-2.944333936777293
-1.9216867412389833
-2.080966599396969
-3.1509653106433704
-2.1939259655343792
-2.191298411160909
-3.314499595642899
-2.6461328249493343
-2.3579299629944446
-2.724730544658676
-2.6157721581252233
-2.675370971823341
-3.082689296660057
-3.0265011291624986
-3.325250833416627
-2.696050090236443
-2.2225437387203337
-3.6816163374105133
-1.950859974158709
-2.473006498094479
-2.6024762221502504
-0.7510932618975026
-0.6110167956952068
-0.7697344312525132
-1.5406420943372612
-1.5628716103592046
-2.748893998861946
-2.3454114908263852
-3.01767408088835
-2.4913082974699146
-1.5633208600200648
-2.25874308567125
-2.913583056196451
-2.890968308795193
-3.220366251843839
-1.6425386241394433
-1.6347227386319887
-1.7319091649365497
-2.0175953215614415
-2.3001899172854143
-2.761387139783881
-2.3874501024271213
-2.6349937314137932
-3.1597821827098342
-3.6451719104678353
-2.5517927244560354
-2.858772978386767
-2.613960304958544
-2.1539394821705584
-1.764935212057053
-2.73185427333137
-2.549467516468374
-2.0693866341076603
-2.552798827731147
-2.5183123000348635
-1.7932628612397068
-2.6948536123694384
-2.1630271625248474
-2.179251195691603
-2.8192197787430273
-3.4066125383119137
-3.49878270949228
-2.1649890004799492
-2.0070787176328273
-2.581477126369538
-2.8494620883042114
-2.798078225987511
-2.7933563860351645
-2.7148010749729066
-2.9174054783342593
-2.8118196140795995
-3.033356930423019
-3.1166505272464846
-2.3544515539302644
-3.3376359223966037
-3.5915191393083123
-3.7400550783672393
-2.29521644614689
-4.055303837378927
-4.5003977937565764
-4.070258732787458
-4.061504314653369
-2.838037244776923
-3.0627860906501487
-2.4723392559959168
-2.4065808814160046
-2.3040634227379853
-2.356945829901795
-2.284659984177175
-3.867407120059303
-2.5983927492609404
-3.097336206426225
-2.459519694281058
-3.68033740435033
-2.5962572413827023
-2.9558806488859357
-2.78137678301478
-3.9309898181737375
-3.037024415681414
-2.148047508360486
-2.91844206072365
-2.686737621061984
-3.2112525638475136
-0.9051156535030711
-1.8367776401482387
-3.5195037063923467
-2.9076371692129435
-3.031611446496646
-3.4773041807994396
-3.293934838907048
-3.0524734360652492
-3.1249750584061182
-2.5309948337799
-2.4822495784745873
-2.1770242427447095
-2.2784813077204973
-4.0917784036472895
-2.535294887033004
-2.7652552526180876
-2.118994004181606
-2.319054632822892
-2.4713352526479753
-3.686808881370012
-3.2151265636676305
-2.8118849825595515
-2.4663121311759113
-1.7057266645787732
-3.5339773260591723
-3.7539557493663596
-1.2998949181490265
-2.2745635660462784
-2.164140789213089
-2.0464164434082432
-2.5071166929155124
-3.5730936191071287
-2.933679730423386
-2.347538998286683
-3.275026332899784
-3.2860153655773527
-3.1581286034298675
-2.616023466365784
-2.688205082786423
-2.938761719336534
-2.0304370829863463
-3.4404092848730086
-2.3352958986047794
-3.397369987578208
-3.2239782422018086
-2.738388553539438
-2.9466914228848897
-3.193845005431334
-2.535969218449131
-2.5948054719089715
-3.1327909895082877
-1.5779263220770383
-2.861042660019213
-2.091603709345398
-2.704230241486631
-3.4026827244662754
-3.3883883620592177
-3.2710931432949537
-3.4000589542745048
-3.4559238466276625
-3.2600771491895904
-1.9536543715045942
-5.073054721942651
-3.378141648402834
-1.3592240641585565
-4.319971937994493
-4.335283086460658
-3.6132895737097717
-3.6141107779662716
-2.60306226352816
-2.5631851707593416
-2.8097214697017123
-2.546744883548409
-1.1030032862222767
-0.9034751040915142
-2.354957269624068
-0.9407295272924173
-1.5059338421892832
-2.5740914073612386
-3.877561361799602
-2.3744962930215783
-4.041307973965586
-2.090890809645312
-1.886110506626849
-1.819676499813968
-2.649900606854375
-2.4898631868437366
-2.5217916853825173
-2.1145950232435142
-2.063868346873256
-2.6327759476769463
-2.1147981247793295
-4.139648673928702
-2.589270414927548
-3.5400370004980797
-4.404620947257152
-3.610891295269874
-3.630102040705185
-3.1187191182971503
-3.1327256981216
-2.6616393798891256
-2.47198176783703
-2.5676182607097435
-2.484033114063827
-3.59238366437961
-1.5619752375520137
-1.3810237180216764
-2.2290613922880187
-0.6807676012869528
-3.8345548198604344
-2.53325041652537
-2.628070657536819
-2.1339306583021465
-2.9066338053420564
-3.0478122403798986
-1.944188039608219
-2.4214904018532764
-2.6153201167111084
-1.3466059725982766
-2.8566799815058332
-2.9247963000267876
-2.735161385830397
-2.051321247192831
-3.9144877672118885
-2.229157025284682
-2.777747325375155
-3.0885959472094773
-3.081055683326874
-1.6900578595266649
-1.3882278409094981
-2.635975859533374
-2.877719651374057
-2.869603407570614
-2.811823396549757
-3.3348618882285646
-3.2234186792949404
-2.0659418505057454
-2.558483433413783
-1.1692842837456163
-1.816331830940721
-2.347009505210369
-1.1472319711500636
-3.125745899749349
-2.3033916738061966
-3.4913780971715713
-2.706181807717775
-3.786493659979422
-3.3239464210616463
-3.7696596529310824
-3.4023841678169835
-4.598973378225785
-2.426305001611095
-2.4139546034138704
-2.277777139653638
-2.252444054120819
-2.168356836910568
-2.6977400089874752
-2.712092570406324
-2.563922009502865
-3.0742817833668576
-0.9930503227865392
-0.06878026584539601
-1.5259598714893101
-2.97332209037614
-3.285452899006747
-2.979203462946848
-3.013071406293291
-3.123053504985646
-2.124605819881557
-2.396236462872989
-2.261008267963421
-2.1738838308647965
-3.1056832589746866
-2.4616990165777475
-2.8703098402284053
-2.4303004423629067
-1.9629085816398302
-2.0389615600508133
-2.138897894189294
-2.9276783288153574
-2.9558192446276643
-1.2222289995580287
-1.4864612615389325
-2.1547269261934994
-2.099007498271899
-2.086425719500625
-2.198611926993385
-2.2284027935201958
-2.1905612852576803
-3.2904566263086017
-3.2561988234004984
-2.7230841976787827
-4.402097291141492
-3.457285488292525
-3.5126864359956556
-3.4350004827644702
-2.866805065720844
-3.9139066854012228
-3.7763362167651917
-3.956269618753492
-3.3807779431934915
-1.2426755319404805
-2.9283467180289664
-3.408021752410757
-2.228681667514983
-2.8532198667413673
-1.9018487878819894
-2.276772110159193
-2.5071200286304496
-1.9380400531929434
-2.625385454887572
-2.688869641402051
-2.9347177378635787
-2.286398522519614
-3.0890040490170825
-0.5262060887326635
-0.19120038789912083
-0.040099616823914615
-2.650556050289669
-1.2760831316377692
-1.9211893085732206
-3.360419526203955
-2.2900442008112747
-2.4353141686303235
-2.231123174814319
-2.7639509211923254
-2.7720942488264106
-2.3324478875720787
-2.4476308777713713
-2.3408274936242695
-0.9031153594183833
-1.5991180202361523
-2.1776310944157746
-2.9058577533381387
-1.68289133558357
-2.1778655099379955
-1.6001730777836933
-2.0078163245953524
-2.362437251483882
-2.366133161340794
-2.4514580310645244
-2.0294134953647727
-1.754423636454999
-0.6438576601066769
-1.1644287503603576
-1.3092575561503337
-2.9228692135505026
-2.4865367744255455
-3.8117025888914235
-1.9416004502480806
-4.470938026579184
-2.6394955529889748
-1.9957290568516404
-2.2483964269557033
-2.399651132769327
-2.0534612964502514
-2.0823366747995857
-2.0158692368262603
-3.363330509565404
-2.754278613648174
-2.289272657445059
-4.177486288896482
-3.1412081958640923
-3.0457960245031708
-4.500918414772238
-2.2468338137956243
-2.4213411332654986
-2.3093336449548825
-2.2056632545157804
-2.170196226928423
-2.1826232749478502
-2.1946624423938776
-2.3095692725496835
-2.252063454368339
-3.7064423071594472
-3.7581807064149424
-2.512462597945504
-2.67322192125104
-1.6071084966974936
-3.035488792987028
-3.0193807577843317
-2.398774953959952
-2.532005981971275
-3.6114315187957016
-2.5339504220480964
-2.15321083177652
-2.4280382203927373
-2.870024468518553
-3.2760026500380293
-3.6440231496610154
-2.791394375759734
-2.4665626189346628
-2.774836173331484
-2.8247050869670223
-2.6974588101681114
-3.293765248424515
-3.3354397978201313
-2.868002655478896
-2.836746692957614
-2.091836320081538
-2.1263099050762633
-2.718225739008055
-3.4685203301862617
-3.7831574567549557
-2.1438202794085353
-0.8057528649680504
-2.4217266796941197
-2.154544251549098
-3.2290800522191634
-3.2789954298053634
-2.839372480073366
-2.9095311253142717
-2.879087515712819
-2.3924081759460516
-2.026659596072451
-2.5526232409924225
-2.3585107143406656
-2.2661064708201186
-2.011642249746014
-2.053370172009957
-1.7752724176931578
-2.21061885985229
-3.3170924975128746
-2.089550078432245
-1.9045205101263203
-2.7646004165742317
-3.3541114432287693
-2.7753556720996553
-4.136393974534586
-2.6717297639877833
-2.7318766170999758
-2.7775078486612044
-3.025262527059271
-2.701795486728826
-2.8853456571803764
-1.6262309690232177
-2.3744105710699164
-1.8981476131383914
-2.1177580231151825
-2.0199805342117707
-1.8155268303429763
-2.507607404876612
-2.2835278935981953
-3.838878605372723
-2.452300004980366
-2.460190539762275
-2.2716008716063096
-1.7276201986258222
-2.335825108596955
-1.66573640378055
-1.7787112781702177
-2.046047884402993
-2.775347643229564
-2.822920499432434
-1.7138117419592538
-2.74672809021384
-2.661326577289206
-3.7076094185858857
-4.859013721256259
-3.562084337249105
-2.6998845325994196
-3.044861270719163
-3.658359656030684
-2.6714777767441675
-3.001737687884723
-3.1716270582133124
-2.9988249776760285
-3.0134519671600737
-3.272838228195071
-2.3508669747560362
-1.8877603668885057
-2.301623951214643
-2.2359066260484983
-2.3173205133144976
-2.284673382481738
-1.9071431288608671
-1.778854702501493
-1.4645972252646309
-1.2027035572895795
-1.7864331867743326
-1.8258836222863153
-2.907605040581698
-2.9579521779385543
-3.0019143699306845
-3.3569166249124915
-3.487127591611011
-2.6401677699367125
-2.5206655112659897
-2.205265831049186
-4.166173083113917
-2.6043030776606724
-2.773051827770478
-2.773883777086465
-2.7850159212059626
-3.015465213878452
-3.426462831738663
-3.4724293161097055
-3.1240896675585534
-2.7556330581657082
-3.0635576347493636
-2.6242677688341853
-2.469219427698513
-3.624911943195379
-1.9933041480063112
-2.444520406089725
-1.1345006147904182
-1.662059794821318
-1.5604638144611425
-1.5800096957737226
-1.427906385616209
-2.3200140137336644
-3.429189650514426
-3.3294783786081292
-2.8550386341450853
-1.8981064391264155
-1.6455187633813952
-1.0155437774193914
-1.0194405304027074
-1.9286085998915632
0.5260260632506871
0.23752038437050402
-3.5115084229477076
-4.10016199005254
-3.609994702028172
-3.6169817559905537
-2.3856784032247096
-3.259236076227271
-2.428188657444596
-2.704204811735519
-2.3500970608577476
-2.265230696486829
-2.820526572311375
-2.785098476670018
-2.607109241956135
-2.0691154208750264
-2.8632054292519222
-1.5910384962643613
-3.1153178796103953
-0.8654178715179554
-3.9486396684546623
-2.6824447310401305
-3.8088704629560746
-3.1061672907782514
-2.3256332712372756
-2.213879856507836
-2.823480295055486
-1.3835562341533194
-1.3785377114451813
-1.4152640575830329
-2.2476747266160713
-1.7971601138718767
-2.271384656825174
-2.4120115170039043
-2.347385852485449
-2.395837397419277
-3.2447113960858944
-3.1180006380619045
-2.1643682821154586
-2.7366965783792883
-3.499608584482803
-3.173195676247877
-3.8130195513292673
-2.196106024295677
-2.1038434803163866
-2.3155575911380537
-2.0152715367042573
-2.539246284778727
-2.740670558465559
0.1917585985887544
-3.255105381624766
-3.122245805128196
-2.0262519651102124
-1.4210209118845758
-2.1361304699003347
-2.415365097488669
-3.4957682521807443
-3.303451868527349
-3.2776926851387977
-2.5165118393215717
-2.0911194548852077
-0.8837995543859968
-3.1575696415969703
-1.8551522231112791
-3.6620163988394596
-3.024358391233531
-2.219466297624419
-2.528187154644117
-2.963628399680026
-2.4556589919345315
-2.0410848379352964
-1.99932031024696
-2.5304249651142334
-2.2757023264847707
-2.674045512741527
-2.512297451117718
-1.9680215800014202
-1.830262195075818
-2.4944914779138863
-2.5219024824153196
-3.043588157374255
-3.9088204140567835
-3.423636774587983
-2.1605078954218078
-2.579376847341583
-1.926539290017268
-1.7550740115228567
-2.8887141062249952
-2.4853643909707532
-3.3906141933299967
-3.211186158463652
-3.470874972195395
-3.1708554717524704
-3.0058033042940737
-2.7781096269173586
-3.066737360914124
-2.771991736117358
-3.529373016604482
-3.364349034216788
-3.4620492376593384
-2.9141457757473117
-3.671073075277809
-3.1868489286629433
-2.4535101520654985
-1.9625536224671647
-2.0962669248703953
-3.305186320367735
-3.6710383584180524
-2.2176212559205744
-2.2523518204449013
-2.55168819191654
-2.1240976450891336
-2.20009365210242
-2.2331371185248976
-0.8053587639154703
-1.0209001326423202
-1.7100687493492714
-2.765400149403011
-2.1379142077348954
-2.2136935212233424
-2.007189045760448
-1.180154217066675
-1.6054489374249803
-2.0431236195977305
-1.4181526792402377
-3.2102145556979305
-2.8834156045548753
-1.8816345097348335
-1.4771632323108712
-1.6726653979033972
-1.5966523762477804
-2.1103449076263514
-2.9487228200869353
-2.542650999897982
-2.8413325527167665
-3.0551078428329954
-2.4470649317036735
-2.575647806439764
-4.053516185191624
-2.879765611244085
-2.345503566152468
-2.5467245165013144
-3.5180578394110538
-2.4295673880945965
-2.835737051157293
-1.7051968726481115
-1.216809691131972
-0.1683610807139904
-1.1783304573130746
-1.6089564171214565
-2.239654759842881
-1.7169574627016932
-1.7581240803415081
-0.7409389422913443
-1.668167910305513
-1.0713924786372546
-2.3815693445744603
-2.1935654310730563
-0.812857281586917
-0.04054729826641651
-1.8857856737854202
-2.071475452139721
-3.007362440146539
-2.065382803900885
-2.572425138933187
-3.3917049772099452
-3.3713730483397297
-3.830197353903413
-3.130638167573769
-2.855111747647614
-2.8227408206104907
-2.215810958662256
-2.7612469676901084
-2.5187875519744836
-1.7402324285610775
-2.4653704071827174
-1.5944789568356572
-2.3444907022543746
-1.99622807967012
-1.7287374828764417
-2.212875439018023
-1.6867275698582076
-1.838724602436301
-2.1567711634199207
-2.9197979804866394
-1.8096761241402977
-2.3133617479036497
-3.452502704866162
-2.3446654674953926
-2.389851840098025
-2.930876198623914
-1.7116396542936163
-1.9318893434674789
-2.4045746601817664
-1.9073786803054489
-2.4283793533094737
-3.3925852467397624
-4.390489715991959
-2.572273046478881
-2.597792658087012
-2.752940610094725
-2.4742656516860047
-2.1848468846076416
-2.88816964139192
-2.563875429099259
-2.6093795528565527
-1.7262948072984894
-1.939329503113883
-1.939329503113883
-3.988746128458673
-3.9184644099038697
-3.4702049260504144
-3.3018983281541496
-2.899270826865391
-2.4720597285177615
-2.399179142680821
-2.1252945529513463
-2.3687856087117227
-4.028835901910432
-3.2314670966959986
-3.0843707039514827
-2.122003277853866
-1.33341854830632
-1.7559248751380145
-1.356727493657122
-2.5553546614471694
-2.8191040941188485
-2.6292070249662465
-2.307949303741077
-1.3475159112015846
-1.669570559743321
-1.6945628246054851
-1.267019530841595
-1.1447086781959022
-0.5242569746325731
-3.3673515971091508
-4.472340172461958
-3.9195526536801513
-3.988837438983354
-3.159901696251389
-3.2729700986444636
-2.874457493672012
-3.017180573024014
-2.586888864285633
-2.8475441294014288
-2.0134213048012968
-3.075374837646144
-3.597239216472114
-2.5246946472409713
-2.605408412262601
-2.956970972436133
-2.6931734898075144
-3.3023912880555777
-2.5877310120866497
-2.091173187891035
-2.178784481548872
-2.3604221257536193
-4.65268983955236
-5.693845816505292
-5.371140911642496
-2.540802764762972
-4.47698879447534
-3.648386592993928
-3.5483775245419453
-3.4085913396041883
-3.1151326014216054
-2.111829531032321
-2.0659618064985086
-2.0660657700520493
-2.3120074609135624
-2.960517629961655
-3.0919107873350864
-3.0232086344486357
-3.181456329841223
-2.362384683930766
-2.203955131919813
-2.441393109777518
-2.10113224159507
-1.9312685978115012
-2.182876844185045
-1.9163660880792839
-2.27610637547146
-2.161884891309913
-1.8182459966651348
-1.973217450333025
-2.407187828964468
-2.34797097105281
-2.914308502740793
-3.4597311244625994
-3.0766587608366143
-1.9769417188114042
-2.5243181675011463
-2.6607700810633785
-2.9531250646450653
-3.35383220787745
-2.3903317797219183
-2.445120442201433
-2.8476334949697493
-2.9977310221593356
-2.1209118812555547
-2.3780792020098374
-3.116051440975969
-1.8066163447012655
-1.5510021583044726
-1.4944444867282056
-3.1521698612126587
-2.1211781035106623
-2.1347787406283483
-2.107753118331315
-3.0464336714929177
-2.2475145020988143
-2.6734776812358136
-2.5888922401965115
-2.7411345137777645
-3.230206911155615
-1.1031468614403268
-3.150854767758498
-3.4429176930622756
-4.224634794076662
-4.587034994819371
-5.2358409775483015
-3.601825765828348
-3.6467611662288024
-3.385861273026447
-2.8335551673107564
-1.8995887517437753
-1.6726638160506315
-2.8812051058525703
-2.883033533497032
-3.001124430123274
-3.1902809247428783
-3.447306667166916
-3.416959811760649
-3.489618754654746
-2.196403311794676
-2.228482803118355
-2.6278817048072076
-2.7320845373271636
-3.0007133594316184
-2.601045358006124
-2.264519827426767
-2.6767979737592693
-2.974603498485625
-2.346112191584362
-1.6905322625753036
-2.5738913035810667
-3.0124719277793655
-1.760278591143873
-1.6850634933997308
-1.8590813340622654
-2.5049038064088185
-2.680248898811681
-2.5682581291727575
-0.6817994999070618
-1.650452878694254
-2.0571866587435657
-2.5698432608954844
-2.6910035109800243
-2.9269334046414373
-4.259044300275698
-3.5341319531035684
-2.717708026608681
-3.2747415778604037
-3.0185304997930644
-2.9553721169647433
-4.156781767617425
-4.0433555090586
-1.5170619576500701
-3.755117914190215
-3.429534017138984
-3.5175864907655257
-2.398492863075184
-2.512136011160282
-2.3340861080374484
-2.118352477837826
-1.784844482055915
-2.420010776908294
-3.118987368789569
-1.766980749332967
-2.28107706510965
-2.313806680481523
-2.8201017995130537
-2.3725514850309994
-2.40923918522274
-2.5147238563810794
-2.624819052050415
-1.8407699552621233
-2.0225522195318706
-1.2131349976815755
-1.330468191565684
-1.8814862385526911
-2.5903779838740784
-1.7827895221034917
-2.0424641006363196
-2.6238760692894587
-3.0762968247196936
-2.429425341795769
-2.7729043043581902
-2.6814440109230255
-1.1080210296803925
-1.8274941001936218
-1.942303128354719
-1.009909982458223
-2.2834397567270712
-2.80057478337877
-3.660554964489423
-1.6769864804399752
-2.9147236454403544
-2.7105705382005083
-2.464710767434534
-2.952307937244617
-3.0154206553079206
-2.601606270297597
-2.3698575103302177
-1.8190884174142747
-1.8318615163995595
-2.060007497600038
-2.033151724296672
-1.8453843432112411
-3.443083146919612
-3.124804619062482
-2.951206631879731
-2.3967535608370443
-2.3857619366514577
-2.336925895013199
-3.3271497337134717
-3.039257555800646
-1.536596804279495
-2.959207452897339
-2.466118771305094
-1.513366594401304
-2.0170084018955072
-1.6961034118834504
-1.3797689808848181
-3.00072800288986
-3.2218137541141103
-2.6840921005240106
-2.8669259185617397
-2.8254500213320846
-3.3877244363727717
-2.911478909878955
-1.8948176831844084
-2.8101494482945837
-2.5881019829160414
-2.6992038281973056
-2.276937022296494
-1.6645373674491035
-1.8252027747303834
-1.797820849196071
-1.797820849196071
-1.840608249246073
-2.6065945938610575
-4.100520394260467
-2.480331569956728
-3.9655343126188587
-4.174986105913549
-3.9316200456886508
-2.5615240240308976
-2.9973186897948065
-1.5432013927917232
-3.6329957025174653
-2.4909041198265003
-2.791780421336721
-2.5164757343844006
-2.0210287524378394
-2.88518251974079
-2.2406754961869195
-1.3446098079074973
-2.1604562200579562
-3.3779774851746147
-2.9463795301395646
-3.2421093577232765
-1.992965522046065
-0.7598082812149224
-3.728569704395725
-3.331417161612893
-3.4060676093741336
-3.606705823216348
-3.432703851625636
-2.67055382808464
-2.269452622454982
-2.805494843597501
-2.5051373864364153
-2.5845993327119863
-2.3644272539548874
-1.245034788292958
-2.3899257247776475
-2.6820053129465395
-3.1248198277709416
-2.5047285707277114
-2.2844863818868197
-2.7080620568577247
-3.345018747185736
-3.27335422798176
-2.4779225913225726
-2.903041584125454
-2.074549884531335
-3.7011962460697716
-3.041298185939607
-2.144584455932755
-2.904834752400318
-1.4025531208609718
-1.8141711097895352
-1.944113426008436
-2.003171921818021
-1.6963359058736465
-2.3412045495106417
-2.96402013163043
-2.5374120012449737
-2.3805662106365664
-2.808610606038419
-2.611266710104348
-2.882529700263823
-2.6787904954237174
-1.0799563470154359
-1.4411776728787973
-1.7395253248985885
-3.328759045372466
-3.0893005506803273
-0.4846863565531585
-1.8075981321905352
-2.497777856694259
-3.190713284141174
-2.5976237202415495
-2.2314456204376443
-2.2667483842021015
-2.214596522941416
-1.1328035239742518
-2.602594940976065
-1.115792379250221
-3.9238790953408045
-3.8511957503641643
-3.1707873260911743
-2.5046925317665334
-3.461430550466568
-3.552983981982569
-2.960734998497284
-4.159305706861218
-4.281149009586163
-2.404726146667849
-2.8300124394408686
-2.799072853441094
-2.242538629540095
-2.444371181509281
-2.845984660321916
-2.832614709828647
-1.890632950268002
-3.073014442498804
-3.3659881132512535
-3.0942709251133187
-1.2412017732410519
-2.19136230685127
-1.8766540205505402
-2.7265200721850205
-2.3479429508464906
-2.982604509865251
-3.1161148735941726
-3.653812937084712
-3.3207902409721175
-0.7487447272342462
-1.5758477107671636
-1.567378174798863
-2.1669775858641795
-2.209123793750775
-2.7717181476351027
-2.993412728342276
-3.7970597694661854
-2.225836351298055
-3.7990495164713494
-3.270922715284166
-3.916351838387141
-2.8525834540756514
-2.603090436220433
-2.299595294410595
-2.880016728956378
-2.478686559666228
-2.020259269152032
-2.424801808146009
-2.0054064616796787
-3.428940224547794
-3.2336200007731244
-1.7096764677389453
-2.478407069932512
-2.119587887664693
-3.2787224204064143
-2.591136641884083
-3.988025674230864
-2.7740629046059095
-1.9826638695347183
-2.207391219331791
-2.413238544752937
-1.5769779097375514
-3.4557937559985112
-2.9951270734981708
-3.5246824249926623
-3.0662620932328752
-2.8459576909519115
-4.191351374730373
-5.082750407135895
-3.4669967170210443
-1.14886616798004
-2.2075822443533926
-1.7998739674743134
-2.066247761915685
-2.452428106197887
-2.4169470332726597
-2.423786333743734
-0.9037870151178874
-3.2292065824754066
-1.5554384143784363
-2.776944580833203
-2.075664430997181
-2.4546296485823453
-3.122634413597565
-2.5538699789795696
-4.422799787059553
-3.1740982930827695
-2.298874658999232
-2.0889927524594327
-2.4678576644855466
-3.571685942963132
-3.135833701938381
-2.658626039297481
-3.641494463698969
-3.519913579271764
-2.8881951957518144
-3.088721066213099
-2.629707723529299
-1.9927318748110872
-3.670600939664948
-3.3333360605308333
-2.9513882573953727
-2.9866850921320927
-2.637854829798983
-1.9460720389062924
-1.9621582202255594
-2.1337041553211913
-2.7041577655122286
-3.369616968787452
-4.254892082398573
-3.5002607749973422
-3.945415427502064
-3.712867231016614
-3.809252075795136
-4.064114561910802
-2.753715355172082
-2.7612461295763877
-1.6857599247480346
-2.403413489474574
-2.469965118276542
-0.38432914844591615
-1.455136158038597
-2.3026422009420306
-2.0145653060769635
-2.7956210978682314
-1.9675588788599954
-1.5423904074582826
-2.6822224195334985
-2.311416959125271
-2.759534055949619
-1.923755889304949
-2.213747561868297
-2.5012937957891705
-2.297155277634421
-2.4183305147372427
-3.046478264670635
-2.8750387548259626
-3.4069029019843207
-4.325857545367675
-3.0297780169911936
-0.7173552651122337
-1.0695276143432586
-4.233212486679561
-3.2616537907639866
-3.4466711093822258
-2.903154621726615
-2.225694941185776
-2.284733342593304
-2.598782844911308
-3.5791926051939504
-3.5712438437507252
-1.130842659832003
-2.4219253156874183
-0.7054362658182652
-1.8918211220117678
-1.6373833683183723
-2.222402304812259
-2.0547673572735907
-2.136688342982417
-2.0782724910728816
-2.76279774891241
-3.2657566788799324
-2.679320929832048
-2.8383259615220573
-2.146378393791084
-2.593457232698078
-2.404515959621145
-1.6462846692219901
-1.9081200972020813
-1.4195724535465748
-1.0178349832855744
-2.377711897444586
-2.8251224240436086
-1.7158727151252098
-1.6444382529995583
-1.2423136232219885
-2.495890664214144
-2.919966522291122
-2.2359278388682458
-2.680743412124707
-3.694114073540433
-2.4732817828798446
-1.487947740399906
-2.9657344315012293
-2.1295411789958454
-2.6777441326891083
-1.8430902393971011
-1.1741940612097672
-0.7401295861545854
-1.3711766719132055
-1.2179310112443529
-2.0377124763526004
-3.0283433560924946
-2.4982673824918304
-2.208304720727721
-2.3207729685568794
-2.3392697409904324
-2.0233967611479327
-3.591564814366189
-3.7777644473574585
-3.0096152010055954
-3.700068588913228
-2.8964250369490347
-2.1499428341316555
-2.108986449066655
-2.4691727093723084
-2.595116677560156
-2.6805386180718154
-2.640587084162048
-3.280165442729539
-2.6980182764423084
-3.0807218935528997
-2.5466384744587307
-3.4742491431238833
-2.7278125294050355
-2.8467712826576723
-2.2133678958813934
-2.9601227544754702
-3.0482171585607727
-2.668450819163574
-2.60709924328981
-2.960250599138753
-1.8848491191478647
-2.088722677518917
-2.3894741900183214
-1.855149271243458
-2.073120051404643
-1.2573844839964974
-1.6674488255848268
-2.27989750062364
-3.246892444378368
-2.8175064839195567
-1.0371188746741213
-1.0958096890982605
-2.450791389987097
-3.0853283120263777
-2.538931417715593
-2.099787612283215
-2.526059091452787
-2.5861301118798954
-2.851931410280866
-2.5012735276790363
-2.694162940478274
-3.3675625955160196
-3.5284494068105037
-1.6853646252018561
-2.6398814851607333
-2.7044383079728895
-2.4259128343561467
-2.839879597571633
-1.6539997304017493
-2.86755427038279
-2.2984294100860523
-2.0777570801761303
-4.103593056074819
-1.219793398363697
-1.6423487907679142
-2.7230635166261563
-2.8643858240297884
-3.400977153615897
-4.022653034216847
-3.6020701712528473
-2.71933405547249
-2.432712742232278
-2.5828597314622357
-2.8165218923162687
-2.9216360382249458
-2.988939042424235
-2.41125495792955
-3.534845399957907
-2.7046375741512114
-3.235231033237508
-3.376940095492741
-1.878627151885232
-3.620355867422113
-2.8339823585542874
-2.8935752350357595
-3.1014856844929763
-2.389703532641099
-2.9754354137675514
-1.726861188640721
-2.369503634194952
-1.8852417296729787
-1.3849927170116634
-1.382806846387731
-2.842626811960304
-2.7559517592663356
-2.7147871417161413
-2.7330314342182436
-2.529206409238972
-2.4933450054759962
-3.0908269352280597
-3.1603156227413383
-1.2185330835520753
-1.2675964367006964
-1.0666795606437376
-1.0079368085193723
-1.1976010354540851
-2.844070975459551
-3.0935704477735615
-3.037207391732411
-2.4124216712886137
-2.370110929222014
-1.6404304999690833
-1.8680085033129517
-1.6451357432424636
-3.561241971634131
-3.5489219434196606
-3.5301485845307305
-3.8398330113585835
-2.937657828637711
-3.8463976370542103
-3.906736996598294
-2.968840080805134
-2.365420262044415
-3.8510616663460295
-2.2843829052497475
-2.2396643331293205
-1.394650724764382
-1.3191287177646536
-3.277037768637371
-2.3690276429226285
-2.522114788803521
-1.0850369233443837
-1.6795650025525948
-1.1859043872952904
-1.3098046569551067
-1.8644290092926472
-2.0386557731918553
-1.983830402130235
-0.0355921482221218
-2.482616449715189
-2.6404394073972104
-1.9575491678170653
-2.2294327865062176
-3.253444367947846
-2.358441952455812
-3.471512998581537
-2.903342698139805
-2.8103908350550166
-2.2884230581864213
-1.5894116871946928
-1.6057494361036784
-2.1376402991959513
-2.8758373613372723
-2.827864709170694
-2.7054312981123823
-2.3057832370525526
-3.3574832541144
-2.341478055258847
-1.8570522570864905
-3.1873104589711647
-3.1449460359959702
-2.2938464062546995
-2.415645972029167
-3.87434303925423
-2.789764495798139
-4.440353087081164
-2.7884289072071473
-2.7263404330404053
-1.8674816712262416
-3.1136395838039443
-2.9565474836618213
-2.739429257744848
-3.2444478595307125
-3.4026645109135094
-3.3312153027699356
-3.3456499535463258
-3.3413889944324158
-4.740920104610878
-2.7140818010164165
-3.012776070578467
-2.267167702267691
-1.5842879719067207
-2.2589377247444404
-3.90945794629654
-2.5183688448870187
-3.4032379448241503
-3.760669449317242
-3.304915591538221
-2.7754544965189396
-2.5600069340170184
-2.4051846198188698
-2.018250677353425
-1.8008955300956317
-2.062788419587384
-2.6313405543242103
-1.5376577590114935
-1.9966398730200725
-2.658147869402523
-2.2378007729480025
-2.1188367698316575
-2.6878796329668537
-2.6751742996897057
-3.7768676755900668
-2.550192883960489
-1.9870494060855541
-2.0622690662346446
-1.604970032775057
-2.2845610304398436
-2.5557053775895584
-2.411638554611707
-1.4887695244627355
-1.5546320074528066
-1.0980725071485928
-3.2396773475049017
-1.87350552117479
-1.3743318294264897
-0.4959265464422648
-3.1754555311520574
-1.9453166252238472
-1.7633122609327279
-2.0979569853820794
-2.116168342689121
-2.5753018322424963
-2.2315980735698564
-2.2270628666870262
-2.3324449018144287
-2.660161773750059
-3.5545446843999975
-3.443420062057165
-3.2390467934398854
-2.7912870451975356
-4.383356324882915
-4.609109750730171
-4.063658524922745
-3.016066143938742
-3.544079097927512
-0.9029307060479647
-2.0992272464805692
-2.561210663413537
-2.6901375913771814
-2.067565908904797
-2.7702626198290927
-2.716562400083136
-2.720855114500585
-3.194081916263542
-2.095577746610305
-2.1160883546956137
-2.5674733665189393
-2.595688087548332
-2.628079077094372
-1.9053907739976452
-2.1640747807582783
-2.595598471865251
-2.286365787401309
-1.9503230665576199
-1.9052657845537917
-1.5929560076939966
-2.2671923827915705
-2.2033893716976274
-2.089677146134799
-2.048370053626357
-2.294704843597909
-3.1250730845470724
-3.647451143729657
-2.352581826233133
-3.9312177467153373
-1.8863905674118429
-3.0843950161590095
-2.3317938327662135
-2.6680110066558536
-2.6016350090859324
-2.77542467568299
-3.348861149142577
-3.6924943766017058
-4.287154603413917
-2.7555021045557666
-2.3680013426636894
-3.1740590910898394
-2.8746745550058126
-2.829507461453081
-1.5953851658129763
-2.4491935348293494
-2.548904461424903
-2.957074299337903
-2.2786788562479114
-1.6669984354124272
-2.4355119647118424
-2.7520413806969435
-3.289163945449838
-3.234928801562228
-2.3619555041522022
-3.1590143888594273
-2.928224373967206
-2.7658346679671055
-3.4575915785777984
-3.3909507565567636
-2.9381192451124476
-3.788314604752035
-2.969652368136951
-2.454656397072927
-2.5341380542006626
-2.636483084914017
-2.9408414025289518
-3.87179304230121
-3.7986921105567295
-2.1552333696983204
-2.851880459619145
-2.759529489783205
-2.773492737751774
-3.3285607012846676
-2.5423898376403677
-2.765671291652669
-3.7206305466991676
-2.911947518050704
-2.3878572891614263
-3.246715807135239
-3.3594307021449055
-3.8600439115028253
-2.3664685611564495
-2.2940113652863765
-0.3383132540588378
-2.3614087327012014
-2.137295687026023
-2.35514564651253
-2.568639359652217
-1.695284609789968
-1.5261238196696014
-3.331630084660281
-2.692192177516628
-2.720924687884714
-3.060359077834362
-3.710960488219104
-3.5201685751351293
-1.9949535246532735
-1.6695374087297579
-1.524615320656282
-2.514191455173875
-1.2496535550401107
0.008609014636757319
-1.5809772336729853
-1.4532382677438762
-0.9212134390818529
-1.4619293568613128
-3.544721371950797
-2.0393559927794924
-1.9326567692088668
-1.3627114980417947
-1.9532530122066718
-1.6816907346135674
-4.458000072244727
-2.23626011359929
-2.194423207996555
-2.378264838574418
-2.2563012975699244
-2.6528905223802286
-2.8031872790652654
-3.1322610749554607
-3.384239436623439
-2.5961911217504228
-2.1551142677222654
-2.6497631657184697
-3.5052313416291403
-3.6685747232567327
-2.174493889086153
-2.3051785514750405
-1.780209223448055
-2.2035516192074933
-2.8117889105318707
-2.8107912945693827
-1.820588673380602
-1.9980482942964735
-2.4779431607624947
-2.9514402655408403
-2.866694525040977
-2.2617802129604874
-1.4522752430391899
-2.148048454740885
-2.437141323384011
-1.0327687369617127
-1.0485814223275656
-0.20171536213585198
-0.24105382632402877
-2.7706093735603794
-2.5607989483494307
-2.669806413348013
-3.64008210562911
-2.62526613501744
-2.597511250526423
-2.7982613011607547
-3.241457505932102
-1.707607898754043
-2.292065356163992
-3.1758408560241995
-2.8300225171562152
-2.7457673353999072
-3.3671511627106745
-3.4757134856810032
-2.396106893182335
-3.006846035298241
-3.2114679522300786
-2.2539735022309664
-3.8988324979440434
-2.1315754199682386
-2.005711783738255
-0.8929892564078757
-0.8546963632208513
-2.7248529267229964
-2.8827750221407578
-1.1425341730539347
-2.626842545717616
-0.6614751835390367
-1.6121411632578457
-2.0755845624074443
-2.49987945672835
-2.18720362366513
-2.6302266891106223
-4.852906875594727
-3.011001225429728
-3.299428803216023
-2.7414297230057176
-3.314341869722782
-3.4217179363994163
-3.2072978499866234
-3.1009906815739923
-2.8954550299164663
-2.725686898273142
-2.7072864188475694
-2.948835908288272
-2.778072850064439
-3.001118412463926
-3.589119431961423
-0.8244186796994131
-1.674836588261519
-1.674836588261519
-1.592805797636617
-1.4321008350057125
-1.3900246282804414
-0.6307832617748064
-2.10539907348687
-2.0690174227658247
-1.238423368398953
-1.566957793335681
-1.995222343393839
-2.27312544170518
-2.001160410110968
-2.5791091129816364
-1.8325625572920365
-2.7588762080907423
-3.3538513225253253
-3.3783996254912023
-4.099873093477212
-3.08660696396139
-0.6636720888007419
-0.6636720888007419
-2.8844222516413875
-2.9012670339079474
-3.502196536336466
-3.7455992248925045
-0.6311223242827904
-1.988367827618395
-2.807512104494543
-2.2056927784588396
-1.396911880833207
-1.0214065495833167
-1.5720746333559996
-2.715485067526597
-3.4321387619572503
-3.5528610500238202
-2.0282082486298667
-2.869028123652356
-2.6318656443980832
-2.3450987766228493
-2.093326234018145
-1.6378772903002312
-3.352473853723676
-2.6838332186451708
-2.396425095003277
-2.7670188005838443
-2.57659298899351
-2.6936772305287153
-1.6113843112095187
-2.028044819006278
-2.8020274243068877
-3.16205986722232
-3.285681105949518
-3.17220035136036
-2.8270704778019127
-2.8025691434418594
-3.461215824389274
-3.437420213646069
-1.5306363467493713
-1.6131167928860577
-0.9023654507807947
-0.708864532640706
-4.2801178013277354
-4.448590655592982
-2.5910250731627267
-2.5468267899092227
-3.373186195103653
-3.6562911251712826
-1.6539435232150022
-1.349069342612719
-1.8295573083959233
-1.515028877106518
-2.031567915719648
-0.9752736066670908
-2.09789194364193
-2.461813268272503
-2.846790984231965
-1.662303390836693
-1.9240078897374522
-1.7230378229770602
-2.03707181658244
-1.6578113510334882
-2.770055026683834
-2.822059439332297
-3.3103071928766634
-2.7427573786346864
-2.02326806444623
-2.4043320771980627
-1.2987363888661565
-1.2591357895446982
-2.384692388795574
-2.6483392376323627
-2.9689099012192983
-3.238904816606487
-3.1767598023884673
-1.8556675872481379
-1.4171335953829718
-1.9247090253743693
-1.765883187827922
-2.0280485092615206
-2.8867721605455703
-2.287770284029359
-1.9209215538140045
-1.6128652569699586
-1.8189979013942785
-2.110867428366355
-1.815767326087791
-0.4839511149864128
-1.867107771705343
-1.4405992642500354
-1.846822400643214
-1.6728548820706153
-2.2777293211723877
-2.4700296528810535
-2.7748407651965024
-3.0566666299988805
-2.688138534457977
-3.2001442954923296
-3.112173660969397
-1.7347392071786722
-2.5004141545825154
-2.8939381022019135
-2.504403283334931
-2.297538943593127
-2.3073268767237103
-2.75676841491094
-3.039938033672419
-2.5909296558480666
-3.158748737690909
-2.425885026069693
-2.384470971741714
-3.1967768901993776
-3.0845135271813384
-2.3957101952769277
-4.2765464947512655
-3.425523086469422
-2.451721170878137
-2.0650569223196955
-2.0705824976192377
-2.958275355941064
-2.15448924822038
-1.6552204063059828
-1.9352807279144213
-2.4584590516115576
-2.478215895202422
-2.5696649244143255
-2.4174824616156436
-2.5736863963891925
-3.0149650415217604
-3.142115146038467
-1.5418423317884802
-2.7734898083614796
-2.584137314025649
-1.8292551921327667
-1.916262301913843
-1.9060650714873912
-1.2704741907326618
-0.15892926033085733
-2.183413987275866
-2.5107434754165605
-2.1827689764796583
-1.5282981844231842
-1.8816987184428953
-2.500144117561728
-2.451446861117109
-1.5754049165280661
-1.4301653473284275
-1.7633199402117472
-1.7495333998535765
-2.2058810308349344
-2.750761429770632
-2.4328514922912006
-3.2896393110093856
-3.084648799684466
-3.8810221475251665
-2.888623590901187
-2.1001889198997086
-0.7501764066888166
-2.5660900180118085
-3.2711418511714005
-2.8480815847229732
-3.2896274473485647
-3.7449312491856674
-2.179763494034758
-1.7471008286489942
-2.5036276817127883
-4.389916962727143
-3.3121304106104814
-2.207393674025004
-2.587783410154775
-2.4744832559810725
-3.2722790705751184
-3.190374665813969
-4.148132948391713
-1.9359324371195166
-2.246937421973189
-2.147751547226009
-1.8314502311108574
-2.3341972579576082
-1.4897407510749239
-3.2955587943487834
