0
0.5201617154887426
0.6485915678219768
0.3484366088284771
0.2357618765758804
0.6412332142544818
0.431958523534493
0.28615610290082444
0.29794239482591395
0.4826910244888725
0.3393325564283117
0.39985231003076277
0.3630613863325359
0.2949422316695607
0.16531134444813186
0.17238068036893575
0.15606459078608811
0.12368087200624604
0.03876738572512659
0.06556987364462803
0.2913885197759047
0.34029858261229573
0.5034688959476096
0.2141429788622483
0.30362607754604165
0.17650422903510435
0.4193070808980497
1.8812917261385134
0.4594447206879937
0.30142656863357753
0.24232217082956306
0.8494045968759817
0.5218197651879217
0.3798218188218146
0.29078268939870616
0.3085122556303878
0.21641081764647244
0.3560439139878142
0.2791805086089377
0.2851831418411256
0.27453415202860587
0.24075417381412798
0.28638399748878257
0.2639053694102907
0.3861754196861739
0.21422458432444214
0.15210622620355055
0.4754458286571116
0.5128289078393828
0.2863441561056162
0.1599492103155543
0.23906907704303373
0.24158091630731726
0.2755624529056912
0.780399911901397
0.48682512762973906
0.2649852381740955
0.39373964208317663
0.17846840053964252
0.2404722230790983
0.3266463582957613
0.29575370599968287
0.23443791865616762
0.0640294682250301
0.05843373297608044
0.22845220156868828
0.3759730176393154
0.35113509608824145
0.5344698915918221
0.7933112465144566
0.7286484517492348
1.1515820469190812
1.2135993204519135
0.9329332974376764
0.1951063068764847
0.24482174620814212
0.44732403144064087
0.07201354441594462
0.04212215620035651
0.02161430684426109
0.02022913296536669
1.2940459710499674
0.674622805309904
0.3125077728141751
0.33169665954493266
0.2681803013211332
0.4063312351388629
0.3945016415310833
0.6753073547355335
0.2324082392311612
0.2789332607121423
0.23063338390491417
0.21539428815820513
0.2972451877317346
0.2647044829536726
0.23102719085182247
0.3489047478710536
0.265104083349153
0.11080362408632444
0.07434235185829925
0.04113714517452121
0.07976709641796811
0.10950595625809187
0.15314625016394923
0.23342681370162272
0.3134958597012602
0.2988109691093217
0.1468907663846167
0.14426423292837612
0.14573865215082787
0.2712149087878301
0.32049504588550287
0.27818583570889427
0.32649014044246427
0.30691366012686966
0.3033384909331533
0.33208725340503614
0.43472911166908473
0.2834178388917249
0.269660947934409
0.23903072547597298
0.24659515117055378
0.2469187476679238
0.2707633534061011
0.26645610373622375
0.20297408742417203
0.20546591373336548
0.19241035483109467
0.11186728591952955
0.28987506345741315
0.21803869497676934
0.18940642416860215
0.1618529346112718
0.34021387902341604
0.4352091550095244
0.3007503397809432
0.12420463898426612
0.1962087475415158
0.308946386251887
0.25440840856307506
0.20923007262872442
0.3628145022650049
0.12296023052525999
0.17634151054389713
0.1542368553017101
0.1670564152576045
0.24526516192800488
0.3315162865804092
0.3298817466003684
0.2975635523424168
0.22685149475564292
0.2048712277835346
0.1952992009909176
0.26114837335092606
0.2702586606888586
0.33606076553644315
0.4543156338768721
0.2954759238591523
0.38725184908485766
0.21465438555530308
0.21321717611819918
0.21368983033011188
0.2894525620124254
0.398843193374123
0.193559683619203
0.5814989407328599
0.7170836347875924
0.23047033851370496
0.36244499493598303
0.5248495430396798
0.48896619949543657
0.26028949803002527
0.32852168393148684
0.23584695332469494
0.6937623640781475
0.7508025113949806
0.5484041791597618
0.5235102917513086
0.25785882772637153
0.2776614436025226
0.30756138083732437
0.13030790032902076
0.13022770178330273
0.12517989951212094
0.10299243489334188
0.068272510152436
0.34726959280215236
0.2916029606133293
0.7987844446505843
0.041148361183001636
0.038119600000907444
0.03810939583400615
0.049542767119066924
0.03521549802149035
0.03703843861994063
0.10807042391666716
0.14582831246560646
0.2312353853102382
0.3371195499109996
0.24799714715252089
0.23144773794114665
0.31728112665993063
0.23269428418329915
0.23398307571973598
0.23083666026548455
0.31721762771454404
0.623271230064607
0.5884951838478418
0.7015868215100568
0.25807450898923917
0.5307808820049086
0.43991947396198144
0.3621324179015814
0.3013057300818883
0.2071742915117145
0.20583684359270293
0.35455695364313383
0.1254619720758728
0.12939903778568113
0.09401140568082621
0.07971899259465819
0.1843095368384859
0.08861135970363723
0.5313837361336493
0.2660180235592914
0.1657326131930963
0.24474652275434852
0.2680646622732152
0.21083901032991392
0.3476722798511604
0.46291240332354855
0.2246241837202496
0.24994677129977752
0.4037441988901691
0.23953186070711563
0.30187565607792244
0.3424149580519566
0.3901315854040314
0.601371895348709
0.3037911089883283
0.24689146549333688
0.31609571260556585
0.316017756619642
0.2966977432058241
0.2670374966863099
0.29978391359298917
0.5707610116824766
0.6054026312154668
0.59624508078751
0.07438961922008125
0.11433579800367957
0.27122043298448506
0.2578249022648606
0.25318812943948177
0.2623505196703618
0.314765712327235
0.24096874595581685
0.24059047780031853
0.2893364633867075
0.3546309975374129
0.30365353670012835
0.2724037975880755
0.7278167162480577
0.46035652872784305
0.32708866829664834
0.2838444604485444
0.3566038716845474
0.24958320720774566
0.27296046054507656
0.34964282553986925
0.29132232367940536
0.28528005955663094
1.0260585447710007
0.9562570592131635
0.7789499775639573
0.3212008407721372
0.1470783547148631
0.15673309889063786
0.08051474189491035
0.10950842056739164
0.2039604144624941
0.23346965650300544
0.27312495980948837
0.983090623751731
0.5466632767436764
0.39353797417053954
0.39574018033422104
0.3783903564655397
0.34936517873748096
0.44166339710078245
0.13323741777365003
0.0761406963349252
0.6635595027659276
0.8494434253373622
1.4023695909168474
0.4727965916892963
1.0777260831765931
1.2682548432486667
1.048405731051994
0.14859344435106975
0.08662069597991238
0.17621867532116575
0.1895741354396804
0.36738549780809987
1.0456782242407414
0.27428850706590097
0.3160036189789571
0.2588384764782603
0.17534427849841092
0.32821363924586905
0.2736433606348778
0.1652300177268594
0.20937602830253668
0.22864072551039397
0.19881596515148567
0.2105789754901045
0.23370906020218785
0.27490871262233135
0.3429363372764503
0.29482018762578555
0.33738334013234234
0.36284771258148646
0.23923787206721228
0.2746370762774748
0.3322992153221047
0.3090370271281905
0.2758478726640594
0.18445911861748057
0.16647740391403626
0.1517530274513261
0.2878547427426247
0.17943458886112748
0.17941769432563553
0.16080665897524615
0.3234814884831219
0.34114831196924084
0.3257087336580418
0.3770756788679642
0.3305123585465776
0.4285388840625899
0.3081765911699688
0.27881032361622526
0.33734917430094813
0.24523499192433473
0.2308525991175449
0.1366468134437264
0.22051109079642756
0.19811015522708186
0.4037431716142748
0.3567246208321343
0.13972456338958075
0.5275343838471314
0.3342392625225666
0.3343103663676385
0.4507190639414824
0.25801285180011885
0.040888483161659966
0.22355215884047355
0.14629798873589175
0.04649419269828263
0.7788889231367919
0.27988477835665054
0.2644485118849723
0.31946738599367985
0.25499496208444045
0.26178090902979045
0.19179818370554483
0.20691566314569476
0.3000260013774967
0.291952472559136
0.27931208352383485
0.08705582852632716
0.17643479298951087
2.072076604780841
1.3019162389059524
0.9644690237813974
1.2780810119717518
0.5539106741507283
0.49392483965561107
0.39625755481268077
0.4007759715299288
0.3268116710614563
0.31104279996938206
0.41586004559843875
0.32832730474032906
0.27565055260391624
0.3109947481172491
0.32206876372719534
0.23951182247487007
0.297811848198735
0.26833204918725534
0.4685222518876098
0.5144837382416625
0.6097632965549912
0.5827710540693137
0.5447172779327498
0.567364673389922
0.3578700349742844
0.09217037112452668
0.2688426661829223
0.2428478979576531
0.18878575594557162
0.47282129491001246
0.2601050973114358
0.2408587143733581
0.1997137505845512
0.31952486985223555
0.31123266461731297
0.43947862228261164
0.9804140853231957
1.0034928308176474
0.3878764317714454
0.9925067110289211
0.9712080648673435
0.9878780627370539
0.9887338591578554
0.4507266548490645
0.2738425222752076
0.38020113764622243
0.1270457525015091
0.15574513903586706
0.07700087578999186
0.10795020847721652
0.06293736230024985
0.9166493831894575
0.8335916164394578
1.211220435792933
1.1675552379632932
0.2742885715731116
0.19904313796036474
0.34078444183967144
0.2721585699101843
0.407206136972306
0.36959593385362405
0.37199267938105074
0.25106018387420526
0.284553819948495
0.35049389913521184
0.22305154922396325
0.21487754252134675
0.28688242466242014
0.25362121771839224
0.14261248905422805
0.11595214229841878
0.23288706780321364
0.5830345807391372
0.36148437276458645
0.28166416245963516
0.9832438127072594
0.9951425593522654
0.5343012186560788
0.5591221277306595
0.6798397516964511
1.005734600148616
1.6918814910071351
1.3544787695646578
0.5360588067159139
0.7430320297228364
0.6060711348478565
0.5344457744631776
0.29606146585951454
0.2625695382699631
0.36439087262935627
0.30749335422429674
0.21670345524619683
0.3198448399145868
0.3131115896528231
0.2556251250733117
0.21410555100749187
0.12905509637996937
0.09998820692189546
0.08817752863296352
0.1406279148173055
0.14680655555639166
0.37906009232165117
0.34088791506639504
0.5161927429318813
0.1115183748431728
0.2724904034157066
0.22159229453151658
0.1670413257379599
0.14953114685929303
0.2168566622505031
0.23637728224674795
0.23754018363757734
0.3659687215899546
0.19827704250400757
0.38908257894372905
0.15206665154501617
0.3189392912884659
0.30646416893092254
0.3466623656361434
1.2872963706169764
1.131859544251158
1.732079196674446
1.661186165976599
1.6526662246623967
1.6407529177749511
1.6348003604201995
0.3409566377195235
0.20215928006606942
0.28685675314511433
0.414406826714041
0.15453303383478967
0.18142641505176263
0.13688362210779886
0.2434468295443387
0.26102377936663473
0.1158994041987096
0.16195418476162463
0.2510855794232063
0.44345391997765365
0.21587150574556035
0.5610997679851474
0.5018578840513135
0.5591995502639595
0.23060787270330732
0.2606835322952047
0.3077240796960863
0.24519976116766515
0.26655700433029467
0.2854979797966586
0.28605442413248944
0.31674041653057594
0.13647634001399725
0.24831287083301634
0.31535967869490966
0.28917305147914896
0.3576366183078577
0.2751867610304249
0.1970907852994054
1.377501766308043
0.6149062336125763
1.0130720697345843
0.9620150329348611
0.17789030994541744
0.43328772918056074
0.6074181225429421
0.6067936845142204
0.6103024499707475
0.22326456750056767
0.25208219855806635
0.22138604168299128
0.42627317054838354
0.24898375552971108
0.19587518113979596
0.1367898965711149
0.4003135492652428
0.3109851950175796
0.24339400847622922
0.3756496559417803
0.16407067283243912
0.5098647276200275
0.33409424972155577
0.3204389686765935
0.8698194681077036
1.258482773279691
1.4069275323013104
1.4226320124046814
0.6865061021998307
0.29223401113111586
0.30007432127748185
0.2151240664248596
0.26889268441024844
0.29158692105864736
0.32215551126991376
0.31126005999939255
0.24366395052249068
1.4753758363532652
1.138117919521868
0.2552344375582436
0.3549562570834945
0.3961964842633506
0.34775100720439805
0.30447060187191066
0.5953409853454293
0.2533306831628816
0.2992768613976403
0.2545875900913399
0.22432797674652785
0.402309829857592
0.2679699775915584
0.24716816372974498
0.2460995600725814
0.5001889461019334
0.36709078501382764
0.4881729455011899
0.26156110351576545
0.2839206575638959
0.43154019175093383
0.4163178315605228
0.49000380144714556
0.19218581380919159
0.6554072914828326
0.4977201077230446
1.1843822248588327
0.3474397208190701
0.7763518299068152
1.3488649668876516
0.6545179104005774
0.5261691028172912
0.21503466128717555
1.4457408443826187
1.2869725966375574
1.073480832091895
0.21046538965099082
0.2121990483386232
0.3347786137190185
0.23424843569173273
0.27635026471691065
0.23109966577389238
0.3816346836323884
0.28177522641849373
0.2860521541679574
0.310151869380672
0.47688427451307014
0.2364264228580613
0.32549700578308133
0.23184097718200924
0.2597912464825776
0.3258220195223261
0.24974865225460785
0.11655448412602575
0.11746093975344628
0.098150802475325
0.19424869896286373
0.29664780568160054
0.33957466244833656
0.3294365708019386
0.2898034374120121
0.4668674724377918
0.29639917041778047
0.20130294362262235
0.2700581652087495
0.8041022847916218
0.6036100470260012
0.6387002243928486
0.904012200900195
0.29371648452874843
0.3297183698744507
0.36950965472619063
0.18164129718058658
0.31586099862808814
0.4250242977675205
0.3536746800612443
0.28176097509936315
1.4817963797981748
1.0393702741363675
0.4728310057524166
0.3324126624360179
0.26912315457259506
0.22250384418980024
0.3757530880589388
0.25287719871482345
1.1449905731699315
0.25356173897174006
0.2556409540687982
0.23912785827934147
0.1780377292876618
0.38479405550855933
0.3293011992549764
0.2599636790951411
0.302157159543909
0.3577015135910632
0.10935532289271283
0.16494780030230147
0.05235461004565308
0.0663434307751577
0.0909775491125124
0.09316002737007853
0.08142465244881142
0.08140319932261908
0.1338382024325195
0.3665668449688569
0.3754973420698767
0.359308521356768
0.8585080743816188
0.5025074964133389
0.5555299152256932
0.9562839991359618
0.19289306621891247
0.24149627159256445
0.21465422196031633
0.29656524305932835
0.3308781439864727
0.32380583101682386
0.37243635875033504
0.1866208008374128
0.28770726170013244
0.3840268196602217
0.29658165999954705
0.3534640756709549
0.23125274333438675
0.22232122139770186
0.18919433434202382
0.08236634499049217
0.2633581177476731
0.21895969081970224
0.22007175584418115
0.2524104895848627
0.16890229965107453
0.28100127744707093
0.2591448761266075
0.17681931502638928
0.10835320182016597
0.3319250200031196
0.3086851137407142
0.3501515442148564
0.3075446412932265
0.29590378337900075
0.21390053003000403
0.27944225768394976
0.3030540513215932
0.2650639485951695
0.3314077474695701
0.3193402009344792
0.23480630223282148
0.6464764569192375
0.27180594236888844
0.4182002421972152
0.46457215557402143
0.22837552938835814
0.27885827428656546
0.28816222576265643
0.29622091802743555
0.37639918514871556
0.2406454329016692
0.23523122230173824
0.11711202848026185
1.2536395561511111
0.344164627394189
0.36798587763473267
0.3399471363304835
0.33397590975650177
0.29820732844508374
0.4210248032480786
0.18789411306624582
1.5883648034597866
0.22155461954667904
0.24617252851591964
0.28688790982123163
0.2037749267008942
0.9563258221482073
0.7068172951186831
0.29030769529737416
0.31199241472686373
0.3829933443030418
0.18264270417201875
0.21986898732538201
0.25418643696705556
0.470634702332976
0.586862586702317
0.13818059157052476
0.07775923932750542
0.7035129003732682
0.6598505830484843
0.18928501358540148
0.2573459219701894
0.2383032858538952
0.13574255364052235
0.7106040403435112
0.2392080152357756
0.23036216351287853
0.1632377081146109
0.14607237627346525
0.2742915778635801
0.1982068604654139
0.2293474867780821
0.13449287915374822
0.18893026771916907
0.6982921279970417
0.5441564847236239
0.29532056989843236
0.054729018786931316
0.14872696189205628
0.23775450962228953
0.21560176616672672
0.24923969471309068
0.37252389025859867
0.2907009917054159
0.44813249742659084
0.3000212302156097
0.24877591509152217
0.18908956283313935
0.25345495364273013
0.29066062937511006
0.25613800620889743
0.40840437066550983
0.25145453558620345
0.2269078291348896
0.24922353792956362
0.796306114088298
0.729198709473239
0.5583704361824863
0.29601141081594856
0.22363810122670125
0.4407447812611504
0.2073466747552761
0.3716665808157937
0.35043009184455015
0.29539709409523807
0.2710522859477106
0.47705180044793594
0.3100654460811903
0.3416926348553826
0.16797636254217335
0.23712647107314233
0.26281982925692354
0.28584620831995805
0.30981960817942805
0.27278271708766805
0.18679078698572515
0.14917590610666667
0.09056094505378183
0.1563529678311342
0.2377391296243039
0.256426398148279
0.23077977273652128
0.29956728968730145
0.26026088473717207
0.551167772488533
0.21054580828186067
0.4193317938597615
0.17976511865652828
0.2056865724467416
0.31207726750830006
0.26565238384927436
0.28058380565162716
0.33464025116442053
0.327803829622796
0.2332859051449425
0.4037849989352259
0.34052487415614463
0.23959455383160871
0.3069779077325928
0.36022401065282567
0.2875563889858538
0.48606753069944636
0.5733585779008219
0.20140573245906518
0.5016989037478847
0.2774481618916824
0.3457446358447415
0.1760475031548014
0.1771326957247751
0.1322317166602627
0.14427645470108988
0.187423026331951
0.5615451305148073
0.2548629320562286
0.3418396119279243
0.19913573807351567
0.3944881098704572
0.36887320651355954
0.36887320651355954
0.29613611838867165
0.2860388916362109
0.3022398000661761
0.259649164417728
0.2822470317270572
0.25413177619857824
1.1245843664548778
0.4209431690513074
0.09410232595477729
0.36446158128533174
0.3759653427314682
0.3871630550017109
0.27576933893546246
0.2490150255211166
0.307826819265809
0.25671970462191007
0.2977580423696584
0.1632032443469552
0.14151371592695214
0.17237109982194407
0.29605052113193037
0.2493442388914003
0.2753180905832156
0.40848226556499884
0.2604305560706711
0.22732736562151354
0.1961487789191504
0.30695641250432537
0.3029145358752702
0.27627050539361053
0.3288942358951896
0.2326879339390959
0.23401778199459286
0.2546234053812868
0.6700052689447846
0.5212505360380831
0.37132649592752986
0.2658277508354225
0.3863222279124149
0.06684046800638876
0.42634128347889144
0.3301407477187823
0.7343459068823082
0.21324128352544688
0.2748966954310779
0.2322578649747865
0.29835211075590384
0.30646361448709963
0.3623929249014859
0.28090702869011036
0.29473404582420515
0.21011274102767905
0.2848198460089037
0.2710730196630358
0.35108749753628316
0.17917586787314208
0.42696054966255315
0.06029715108358902
0.04934775595267595
0.04837269655779173
0.04127020151757337
0.03639747419577465
0.09142267136187669
0.36140349610320405
0.3673229175059081
0.5954245123085468
0.4192976482229145
0.34504011427991527
0.3084034860425675
0.39488012392873967
0.264289730085089
0.24252746225177146
0.28133888731270423
0.3006103544454256
0.30950728256690135
0.20074608750437156
0.2956960849068392
0.2908941692814081
0.30036760892719344
0.5242890988337877
0.44979437912169584
0.2909939783482733
0.29240997007986697
0.3105831904784896
0.26589149569276455
0.28371809897997724
0.2832084230807432
0.25420228835749675
0.24726638136060616
0.25192919381172924
0.34645922740428264
0.26983432554132936
0.2519697531358699
0.6783872279604415
0.3211875359639449
0.26114729482699367
0.26250973887407353
0.058826120151965484
0.05146460501685896
0.10394222375232012
0.2049711645664838
0.20163790701069514
0.23291000593824066
1.0199400270691201
0.5493988452852241
0.2392025745723823
0.3270855934819305
0.2615022118000755
0.27087266423262574
0.4707136042859986
0.32966682443091605
0.2698361279526034
0.1378768185817747
0.1317956995065029
0.04344460131607047
0.11590448324718511
0.577020306352272
0.49892423539785813
0.48364403660425404
0.5973598018342625
0.2614590407781412
0.36577141815132
0.25830697666357305
0.17384405169738734
0.1849897330062941
0.1992921022210419
0.23633068152846123
0.2611123189234268
0.3151782681869709
0.5165923274540033
0.26171147310368126
0.41707820357249603
0.39664503120721634
0.5609902398279148
0.4978551555706364
0.3189675724351435
0.309704531939685
0.24724356977758472
0.2455627924148563
0.2765757611788595
0.2793302334685491
0.2652822855456321
0.2683519888023701
0.2996126639698132
0.14141554564966113
0.26447435692419846
0.4740888229506449
0.519508512163296
0.4638802682768621
1.0806844286374855
0.35457174226312205
0.6903583663334435
0.46632953218723194
0.271899378226487
0.30948696674340664
0.2788756094406732
0.12666368363709318
0.1808077091804424
0.11430596300638511
0.40660896017081427
0.3433569852482684
0.39472479224567525
0.6125707894736827
0.24517484675694715
0.1405169019652269
0.2528939380961991
0.2959283143298304
0.32361278453838127
0.23933177246549894
0.16704349557904585
0.11906943602309077
0.24568815524131757
0.346833564632865
0.21741668121417987
0.28749691712922104
0.2006792377766402
0.16825770590817657
0.10308636045872631
0.11744167340436512
0.1092200271903446
0.18355853177069606
0.30947243453145695
0.3452839471382957
0.3377874103257372
0.21581247236861278
0.19256085472098955
0.2122682236204106
0.16066645158519205
0.2990526340461301
0.2786688059415282
0.2300212407175823
0.8697022058354876
0.7125100608004445
0.5644730942654987
0.1668931426596958
0.5575228054752369
0.27603545692761045
0.21971814056573813
0.5069067855682085
0.4387605227582585
0.4628747054041716
0.315403548412237
0.13129524423336467
0.4606217394504141
0.3543222760697449
0.3175798186531059
0.6562797191319566
0.15163533426368378
0.43738252241138953
0.29265595579840215
1.6409284074510408
1.6182895837685498
0.6563771202863969
0.46329083916280184
0.27034935490351947
0.2814362763031186
0.24031204247793708
0.09297259768742402
0.973010364148051
0.22753666536634096
0.23458848568966412
0.2501796923836018
0.24810223797721942
0.2087922461298141
0.4337027268994623
0.10440076897527177
0.26625650570145315
0.34369265936924964
0.27738129450488835
0.32657050372815993
0.2781689867367909
0.2817761993271519
0.3136978333755974
0.16242540859976842
0.20209925055013114
0.3458268555053625
0.5244671929636193
0.23396672129309762
0.015716753699305187
0.01466739360583224
0.01466739360583224
0.0146088993951391
0.06331991729757365
0.25459267323227014
0.228918406713632
0.15981625110772463
0.20733210917665604
0.1734378237655629
0.10597629818135594
0.05011537529893069
0.25631437442439914
0.3681430848959757
0.2745665389059917
0.25772052328696043
0.3014482831146641
0.2752429823155215
0.29321336874589893
0.3013092745015846
0.3192823357441708
0.3034532376740152
0.18437222546416632
0.1601344100648133
0.10070421432678182
0.23490155904635054
0.3585498996434652
0.30137174519640536
0.38866370212472195
0.1971496969327249
0.41243202054611333
0.3248224069114065
0.3918045589696617
0.30304251048139524
0.3231106956040749
0.4796921921138014
0.24497850256687936
0.5070434096787687
0.3570518244205125
0.3096829189176148
0.3897179865390746
0.5414505002874833
0.4072103003647284
0.17041477779657055
0.25213356054239056
0.26284365878202615
0.23183664876042634
0.2639941779490943
0.14986308774764764
0.36672406684315334
0.297992846879258
0.3505126702823109
0.31866257766590705
0.4001750383187693
0.353385414295525
0.18397604230091336
0.21631655867408706
0.28047926232467724
0.3157847154238546
0.3336246204048122
0.18603018052201173
0.2554477217926576
0.3378288285001757
0.3532333054004765
0.40139338480660164
0.22243310335273786
0.12868750104507135
0.1497383703260558
0.15727428282640885
0.25608864736202314
0.09076809705202041
0.18616487392907013
0.08710593572329722
0.29398482980185564
0.22651673176278436
0.6035162242258856
0.7418005090817212
1.2774060027813097
0.1776993281157074
0.27320283719578564
0.04434507011475246
0.059584675374745134
0.30911052383400783
0.23307343780956705
0.19077634974975247
0.2833272777087704
0.3449622317394814
0.20738209679268932
0.3074040997844302
0.32780273465450566
0.18612746016897708
0.13311474991336722
0.06834549640726305
0.05374893045057383
0.15999110047114906
0.4448051632020269
0.21989960926596175
0.3495144971311049
0.4710823130646838
0.2260089456006528
0.23171720877457785
0.31487264348458593
0.2880128307357047
0.3340846781561149
0.24672117277177572
0.30291542218733186
0.26952811968192714
0.23284264007097483
0.3192327330492862
0.3374280760046779
0.24746955704434992
0.2959813468722496
0.3342568279151999
0.1932727394984037
0.21318813735360548
0.5892918708549304
0.5642268421320602
0.5042921198615258
0.8023565016917348
0.19668080878359426
0.16218290508778993
0.5451942643117438
0.9171812012595564
0.19412688443696363
0.25710488108228285
0.19113844127625843
0.4875701055734579
0.35034762370717765
0.2694109612483195
0.23145351275292433
0.195153885693503
0.25001636030708957
0.2850079542854205
0.2861425168872038
0.7429674261480057
0.660246867835316
1.3631895971370442
0.3128576719325969
0.1322022571575565
0.3037660827815071
0.18636992849024353
1.0692854392167073
0.30103631461974817
0.34368387460230465
0.354514297579441
0.26515690257893104
0.22589029964151733
0.4012147605048782
0.3825753549018906
0.14087103864022446
0.15889336729180156
0.13989614141378928
0.3517054783629674
0.14456093521217858
0.43987519061702285
0.3002113161465495
0.3159531167625131
0.3695828289221673
0.371108476747812
0.14136459710954596
0.35345156282602025
0.24417880588016613
1.1556289490170428
0.3314262634362587
0.34793323618037386
0.31109299637101995
0.2789186976857903
0.3027945250699116
0.11726326093125435
0.2286847259959419
0.1842747993180451
0.2589357115857085
0.15627511539884276
0.2521563732661212
0.2806510670045821
0.29040967113286403
0.37542158684518406
0.3687434197498994
0.2800461152944345
0.23358514939749295
0.26292897892686157
0.22168514668903436
0.2782642991937476
0.21669965824908366
0.24453994195657275
0.18989192049110035
0.2676839137636747
0.3497737655058035
0.33411642861693025
0.24790797312336232
0.10107477459547268
0.3054431013378552
0.30463554983784674
0.3548611321985258
0.3579348657450932
0.05362552339738296
0.10910602994375286
0.34185835252806285
0.061980449759429734
0.24850427072984335
0.3593695367108387
0.2938402678516385
0.547539540253775
0.7072466566629794
1.2383712968825409
0.23832645889872958
0.3335695665242438
0.19529813123644302
0.31264227643115655
0.25966486942292016
0.22293968853361104
0.3777159937471354
1.1769008599982749
0.8958602679137133
1.616471977908328
0.40667327148156635
0.3254040312873655
0.25220397622268
0.6086184452963623
0.2881528627262085
0.198260619146547
0.08606855235840756
0.08106999477684884
0.2869718430508194
0.24770766643811618
0.6342293437239716
0.17409217779398367
0.1464577312471792
0.07505867579899136
0.18964117912217607
0.19426178250442078
0.2959446077448839
0.171484750609927
0.30233597982157595
0.19879518923204062
0.35630272515470546
0.31613932828299035
0.31792960123104297
0.26596029778088426
0.3069372230207322
0.4962668095746303
0.21984387258521426
0.40927303192185643
0.5347717738157332
0.5708961090134637
0.2730422993181851
0.2460256949173589
0.3192761445875839
0.2718827336646171
0.2548318096883536
1.2720110014777277
0.8887071171792981
0.3708565065892028
0.31878676196737915
0.14625323735658782
0.25782223016380335
0.15636808354942433
0.1180321147135873
0.3688138571324249
0.3881676604516801
0.5842462722288947
1.3193794236333012
0.21821272582633938
0.6667890245260246
0.3419518360553994
0.36925070976902713
0.27535625481127224
0.3218014422598213
0.13819590558828815
0.19639046570545396
0.5566087787245857
0.290348012595335
0.373546651348738
0.32005598303315264
0.2536529896225642
0.1871675264740491
0.6292039862541189
0.40281730192456705
0.3461181897151316
0.3362808649335012
0.30029980041644766
0.3102399109517511
0.26948757545943836
0.2527817169895184
0.3455341257426272
0.3060174528331901
0.4853425739047861
0.5010505023524453
0.219988881133733
0.16853667969541175
0.2580017956585512
0.26523469820204054
0.2710173338615799
0.20207451856722905
0.37754165295101655
0.38580583307161664
0.2079975981083695
0.2788632540654545
0.3582015220805186
0.32617503330818093
0.3825141626354592
0.28857044706069124
0.26524156566204526
0.2685264117388743
0.23835944502531392
0.1335756217090907
0.130865753248076
0.16125247370500284
0.31610509569934236
0.3256876095554061
0.2592331435017841
0.35944662111019904
0.2618139985498859
0.30101288248077884
0.3875432799427324
0.17272464180956734
0.16234861363401804
0.14293089288519714
0.2908541119467184
0.26796201595336727
0.3129644734398847
0.25976254940221255
0.30182443210019244
0.28573100776422417
0.24170771589240858
1.76278357970421
0.03693322375257584
0.05476868049425733
0.2602677374579947
0.28781343148392846
0.5742178051891487
0.29609365017312955
0.326959565196427
0.18831105500944606
0.9714046758000474
1.0810758357782566
1.933419278137766
1.9741051456481122
0.3473487929089049
0.26057906678822823
0.21978958499083076
0.31365859028465476
0.18966693995956463
0.33124386280342605
0.1570316033082186
0.22677467999338652
0.3251187626036851
0.2337997994712069
0.3222045173722782
0.28677558137134906
0.3028828788847244
0.4485652038138647
0.31299629801916423
0.8027544566042265
1.5364730569086449
0.5715595892728123
0.5659544458346707
0.08914982764240527
0.07267343195009741
0.02488946078388394
0.033724797817005096
0.22662472902717878
0.3520865653774103
0.18588665994765133
0.5563213588004731
0.31898449966460024
0.42801819043746697
0.25901896386094186
0.8681530205790386
0.2589100009081116
0.28735852774536325
0.2619611555486125
0.18648309583588363
0.19093918809098073
0.26444302781118234
0.3145170818724019
0.3084126859404152
0.2661004166770126
0.2794090286380528
0.29057357242953813
0.49325601256002205
0.32316853567025955
1.9847497022623153
1.3963497553365578
1.1866353607139644
1.4232932019773368
0.26687241643205245
0.2617909580575551
0.3504680723080781
0.293097522258675
0.5632726853279317
0.526386762249614
0.46378828876088346
0.6064743849258443
0.17069879046227548
0.1697168483187999
0.2609254991768517
0.06751833642254043
0.3563182974975666
0.28556313100659053
0.2805256820816462
0.24705545019490638
0.38437874649296677
0.2457720921781957
0.39590649714533777
0.46507488416850035
1.6486834562735904
0.6242818178506353
0.41324659777890177
0.4044228313594296
0.28515832745459224
0.11144465026512508
0.1280261371680012
0.26366635534452754
0.22816323913509876
0.18846549455411823
0.3208126580209656
0.29149645158190185
0.20558201065661244
0.3278734643076659
0.16797384933761014
0.14863533598435102
0.22049263502475425
0.13122860371081005
0.1945800623326873
0.18979048861710895
0.22587355943961276
0.2856230517339478
0.20433232369164495
0.1964572866051754
0.3506128777890541
0.28588235514329186
0.24976894634772376
0.342730205066257
0.31667058504741624
0.29979669960221694
0.2827374707954889
0.21989434881050898
0.34153457318084113
0.18080439594575554
0.3105224604124868
0.5922451296767863
0.25231323775257025
0.3197406009694874
0.28950035012264014
0.3052160649608612
0.38661914553484666
0.20366361397666558
0.3670450775642357
0.2597756280064297
0.281675795490052
0.25099058009111147
0.26851042328354907
0.2575076280885596
0.43460237053062317
0.2776113497585401
0.4931790975053506
0.25111049814648784
1.8002229337654254
0.16123378603092453
0.42649903787936455
0.3570132565250174
0.2969535397669372
0.4358170837330867
0.5811384426489329
0.3129257848832171
0.35461580001552184
0.5078193109986263
0.44896006682721223
0.38693759596693317
0.3762317483195982
0.4093037755185092
1.0461779785662761
0.335700739523177
0.3395280693648707
0.24793207625756777
0.2861342961008799
0.6487858836503633
0.2701160037880321
0.27684376973990016
0.24716316170823827
0.177597496610151
0.3107217331207491
2.2935336993352373
0.16057141659957644
0.3401610030247791
0.233958760725544
0.7262627586208467
0.06364203193014899
0.08532688710452661
0.1442613613863032
0.13640395619514684
0.23569440167483025
0.2953078575473484
0.3123027091542984
0.37067848682657606
0.3519013853958961
0.12042394546153389
0.29734224548398913
0.3509693437435677
1.0783008907847205
0.7258908786659996
0.5100403949547258
0.7115646655068685
0.5463745951690365
0.5377405747998657
0.3525072632813716
0.38096463820340765
0.32759156731048766
0.41550991416892824
0.28289897540017395
0.6874697005683441
0.2613970560860969
0.30732421030289
0.325112669280903
0.35680343149570115
0.3158091241435678
0.30383804610173465
0.24950554778198866
0.5853462281897758
0.1744961236154321
0.16095924805043207
0.15393407272821213
0.14748069721529816
0.1948945547930416
0.2551808755382807
0.3104950000041856
0.2805761135201849
0.22760461097243034
0.26850502957202504
0.28547252928931954
0.2897107712785002
0.38954952004285376
0.3382017748740713
0.29753350624277847
0.21222738535937413
0.33185489052762124
0.25482305694703794
0.2685505332911822
0.2919059782383883
0.32248775490737663
0.6378476987994304
0.4882029504177968
0.33911490225203184
0.21924188927969906
0.29949661872089994
0.31813626824950825
0.2594681936987752
0.3045591248202842
0.2778600066468354
0.2390630410183257
0.4174914264716752
0.8220133489433858
0.30988819529159123
0.1571421323399002
0.12458724691523516
0.3392742199450849
0.34172698354424325
0.2411743125301609
0.35626207231636736
0.29542916784274076
0.41776409129180136
0.24912768627249762
0.30931489499567416
0.21579590418537564
0.28063912205794367
0.7924729514987667
0.538022470332885
0.15916727543802733
0.14808541610921486
0.1549236025475994
0.2511407830329062
0.3215458607966211
0.7385777245753662
0.426824273144326
0.4979035644738994
0.08366444190017588
0.13235279242475953
0.1523890773357516
0.11193640198704641
0.3297130761491841
0.29596215832267525
0.27015946735104035
0.2642805000087273
0.20473438673969946
0.2867108658440346
0.36378464628360585
0.19218356513088589
0.48447606339337546
0.32272768480746766
0.30645753291913935
0.45097639827766184
0.9809616307057824
0.49570898769154864
0.4239575590839281
0.2907781171388936
0.33575069687502296
0.26770074390084575
0.28109593311020525
0.22604067514920537
0.19953045887831278
0.2328718523861805
0.3594703868532891
0.22300209158289055
0.2706528339792511
0.14158665028758854
0.07804665475747001
0.05123535611446926
0.1962850947881345
0.13674370994480092
0.14957331212812805
0.19509934927185776
0.22568167179246046
0.3401642661913824
0.32313207481659506
0.19963239750133527
1.2925998393214828
0.3424133094000656
0.32141435692616577
0.1785579626223325
0.2204383135868485
0.24699222061947657
0.33191132909524723
0.26412948367700534
0.23893122541793987
0.26024672394528425
0.2605377224640034
0.2865618551093014
0.2561873071009622
0.30735959280675423
0.20909304044523205
0.23570883803373327
0.3684115230132608
0.297832176394959
0.3527782890911566
0.5034458259411831
0.5097253033162317
0.4091196200831811
0.2934222248808151
0.4035247776333519
0.15725655989672974
0.3263065574270691
0.2981713953062552
0.2477510243360222
0.3311245969591228
0.35805623721446384
0.33514272988051014
0.3629223140425595
0.2750688097660584
0.1298709264155007
0.575882618701499
1.2507268369122189
0.35967836976795653
0.27824669232135363
0.29272018311513454
0.20448604760411887
0.18166373542970948
2.502931548911634
2.0520033902459933
1.6126692565071106
0.2559005966109296
0.9595268691654086
0.26970851862913675
0.33384713770626046
0.19566531277788587
0.3496280770580029
0.2952597626906542
1.0149104579231913
0.34160902734754356
0.08477366293387169
0.30913034367720155
0.2514892441670623
0.3761171527445119
0.2920838945644173
0.2879496620349893
0.34594822738643216
0.23757804118506332
0.2731532368500129
0.3112601843439643
0.32782603765049884
0.28101324621345597
0.07712422323015009
0.33409271128186707
0.08451453009253021
0.05179924124661204
0.2714475852036284
0.3727850445445853
0.4180957909429793
0.4629855921320386
0.2966710957524725
0.3084438932581386
0.37294639068815516
0.2862770151274919
0.1978383734718417
0.2959900662887407
0.2884058194048143
0.3037247427978307
0.8031953363843272
0.6601100312195599
0.49161770847325387
0.26513730131458024
0.34834759191732795
0.3397174994850437
0.21628142843932538
0.33816254131781043
0.27571038641134693
0.259016760779036
0.3080317905073209
0.3080317905073209
0.2993637386704874
0.2863403893717128
0.2799366319486354
0.28891417388600227
0.19003657774948146
0.21746835426246613
0.2634745381107623
0.8561884555547542
0.3635804450171665
0.3340128329246577
0.3076343929737208
0.24640742795436196
0.18626427455517397
0.24222229817472415
0.2722485173319971
0.2185731616152547
0.15777130731337272
0.19772821909009963
0.05234362011379226
0.05234362011379226
0.18777584811369477
0.2118174175265546
0.29081141620268547
0.6168217826536617
0.30126668840307586
0.3214164814126491
0.42692194567616465
0.36116117417364124
0.7797372237122648
0.60704037827426
0.5122474109961791
0.26543833672687395
0.2897474141099593
0.2851937555249648
0.7651397196272616
0.1584741191733671
0.12886595252720442
0.17686917973253893
0.40423777882990997
0.34225928762845864
0.15112518232351346
0.27917793929234674
0.29919601575338356
0.1958078901238949
0.27889920119131817
0.19025838099793066
0.2750374864932889
0.5324943126611904
0.5475684293571017
0.23916252899877924
0.18408570550137282
0.15270308109122388
0.5533782841275423
0.376435113596444
0.24879715782239153
0.5949982463061034
0.21634057387682132
0.2969950345629105
0.09567202620815132
0.13400600079951017
0.21960547177951192
0.38847490643776483
0.27862866790626334
0.25978954783997044
0.2757132603895729
0.2524431641116474
0.2901716446644731
0.23663147786404473
0.33286329405546194
0.2810194356063742
0.2721467736030576
0.42299902954512375
0.2965649284283172
0.3317433969985089
0.37955960973047953
0.28174311874058666
0.3319300198552216
0.23051665851145559
0.3047530445891514
0.30411165791705347
0.367436422772393
0.4381467608888545
0.3568481690184143
0.6337048335857476
0.3129978411581304
0.3870598265637267
0.231074500470601
0.2506942052160996
0.33704391918581944
0.4294844156845114
0.20582821882711158
0.4108361620506196
0.4388207936104094
0.34318548338616145
0.2715267557560634
0.4664511152471518
0.2797158636727125
0.15619059214893105
0.7805315357715695
0.7325165512201518
1.6388792647408945
0.7999965717064824
0.6791785348028075
0.11283300784634345
0.29625458721360265
0.2713443463153278
0.14245715720070481
0.2061215949258667
0.16837766671592125
0.2105975525062555
0.277745156280945
0.33077986515133834
0.27453008556775665
0.1978908391178493
0.33067921812234446
0.2689931758602517
0.260317137951464
0.285619067933878
0.17476374122631363
0.4578784724077003
0.2571175337067562
0.591083236530015
0.3719211641736431
0.23012353905919128
0.18657307584904834
0.3065559281897685
0.2562340073965107
0.2748093618352458
0.3114368110538757
0.3186945027018136
0.3234212290534641
0.38946786258354693
0.6995781484844172
0.38098345079293783
0.37922747473307894
0.27457513189603777
0.5815326254421972
0.2408168783704205
0.5752862521697094
0.44789267455194304
0.23102252440042992
0.0917790993597727
0.12150827816816481
0.11837269900306306
0.11201607979333086
0.267390631107003
0.1790007064148202
0.30724004321592835
0.32049572004963633
0.26985368150755756
0.5029463054321613
0.33032162889654837
0.5756239459782158
0.2378330026204679
0.17798984201018808
0.13734609552539945
0.22290821795563856
0.26624299777461463
0.20718486236270808
0.5867955544455127
0.3133728361931052
0.259110248469647
0.27076135384306843
0.266602799962417
0.09765713683260066
0.7676606773565032
0.8257407504489869
0.8909031446032519
1.000008407058473
0.27974949881561156
0.1979194679659119
0.21072921547835483
0.670197462721793
0.8156371442292725
0.3902730093242887
0.7645406411320194
0.2866694536547653
0.29970691076080874
0.24709659545690554
0.35905325338638355
0.29322046725340506
0.592244807129746
0.31409923372706805
0.4060523506849131
0.5454327523468456
0.27440468202863627
0.37214327461260827
0.3075751687418673
0.26926792760804436
0.3197715653946274
0.19038359595478932
0.2742971863381839
0.15949141085383822
0.32266477838341545
0.3035573129447181
0.29300274480062355
0.25023990934102397
0.22239485488530894
1.0098769814744808
