0
-2.2962769129826146
-2.472310102077826
-2.344476147708969
-2.290463142376464
-2.030493067106171
-2.044733557343508
-1.9246477339477568
-1.8670152849213772
-2.102835401908427
-2.2236398708735856
-2.239517876167715
-1.8503358407766946
-1.975508918146963
-1.9813090438259928
-1.9992285202108953
-1.9829281058429866
-2.0569427254753014
-2.1842763210369225
-2.353918379629924
-1.8963646449240723
-1.9300760817684293
-2.1841326442557505
-2.295085212476396
-2.422686933871397
-2.1666293588059524
-2.3409749056983835
-2.0888995689064487
-2.0597881823839908
-2.18015615187568
-2.126696942062543
-2.3847732770015266
-2.361242524405235
-2.3803840536582257
-2.0208652679479897
-2.0453237977763505
-2.268680671332423
-2.0303445019775177
-2.2127575449997696
-2.285849468755713
-2.275513040035265
-2.2164753854666697
-2.151291417678459
-2.0453297258190664
-2.1422711522500957
-2.191439137600569
-2.244699591087638
-2.110317397834116
-1.9787068032071684
-1.9237551607701404
-1.958082110750773
-2.1356848463628935
-2.2103194504308443
-2.197727097443754
-1.9791137363767264
-2.3811741011855005
-1.7964435786031503
-1.9116955627334602
-1.979617395950574
-1.8572340215582426
-2.0474041486036065
-2.075831977037176
-2.263543335908224
-2.0537180039181537
-2.0174966361559155
-2.05406689333653
-1.937406765770141
-2.0470760407042023
-2.210225290311418
-1.9446284773745592
-2.0375962727540364
-1.9697179724880622
-2.2388242279872506
-1.858830601875627
-1.9697355858707037
-1.9972146189077444
-1.8839325242838971
-2.211342879848989
-1.9103083945014896
-2.0169608158491563
-2.056681882280298
-2.2007697024760153
-2.340859074354574
-1.861479229162451
-2.339503052027412
-2.3085471101697173
-2.1993200864946147
-2.10074415430253
-2.0352425470199105
-2.0120083554250936
-2.2888855827011745
-2.3195562907094622
-2.104951424290663
-2.41353015252223
-1.702039906531977
-2.6805322052802634
-1.9160347695162798
-2.3983246087349275
-2.120700268300138
-2.0224598258628284
-1.9854378120464158
-2.0364295738159406
-2.021527541254772
-2.2234617833622443
-2.095561286807805
-2.048109547649513
-1.9914690025558437
-2.0230640879982142
-2.029756980546474
-2.034327533814058
-2.2037138617662273
-2.154292060974958
-2.404924026515154
-2.26648693494301
-2.115576409014949
-2.4145818511464814
-2.1808085392808096
-2.3693039480916247
-2.2114568665085503
-2.317474664890309
-2.322843940403427
-2.3168388877038417
-2.365772926030962
-2.373328169208225
-2.29137193478796
-2.2906587593612726
-2.284181808471368
-2.1096528338989766
-2.2472733204224897
-2.253780057767256
-2.090662805520908
-2.0726223237919807
-1.9927650232691567
-2.656495886005448
-2.2002899957176467
-2.262241881658494
-2.0937332119751586
-2.2141869807897834
-2.1748908389658532
-2.363214231710618
-2.4923428858814236
-1.9388561988644228
-2.171460311225653
-2.118911236953892
-2.3187490187850703
-2.1147178575823697
-2.236703430746603
-1.7734775487805061
-2.1422805275356906
-1.8728287156479064
-2.1028884652266453
-2.284233491110562
-2.2617562238290576
-2.248150276974311
-2.381144137282923
-1.8925650289714284
-1.9101015167762523
-2.1972227637614274
-2.266533191501082
-1.9240423127277053
-1.9202188066357784
-1.9401483008462617
-1.933652115715556
-2.271718059632028
-2.476932252138602
-2.269872538435629
-2.253485955961304
-2.054329827960912
-1.9637246128147445
-1.9174455789569707
-2.032448989467206
-2.192372486600435
-1.8973772265268338
-1.8405358953153212
-1.9727267881772153
-1.9438997202400576
-1.9134665512396694
-1.8211182192058732
-2.4242825901647045
-2.4428592470025943
-2.5397711853372797
-1.7435422801270455
-1.742715807695179
-1.7816288406304686
-2.1713587643758316
-1.7831094459429027
-2.0331842225149286
-1.9035935827070904
-2.3745291377149402
-1.8751593119771564
-1.8627860688514892
-1.8518728112005245
-1.9714706744117563
-1.9612757025978136
-1.9632559968528533
-1.8951579425379863
-1.9918495470084259
-2.1752210558333838
-2.1450862400919735
-2.321560727353148
-2.3735138698121587
-2.0303866208905053
-2.3668085775220127
-2.319483509876651
-2.1634486068486565
-2.181702595616106
-2.3803598648737823
-2.1097057809966393
-2.00644510767813
-1.9995787212493077
-2.2692721238088125
-2.09114685882142
-2.0831798341009504
-2.280181126708891
-2.1795617231298836
-2.1940234513176717
-1.9976293008699948
-2.279174105212274
-2.665464180873124
-2.543039200193079
-2.584620182160392
-2.2726988993637165
-2.33584529362616
-2.0130101532827283
-2.302377807751406
-1.984818024317796
-1.82749851678233
-2.101239742648861
-2.2915810349846786
-2.0485438304882106
-2.0006891579679014
-1.7885461684016075
-1.8391258280554832
-2.527383360865955
-2.4075186066754894
-2.37207114751645
-2.435185437041994
-2.448527387627924
-2.186011261479403
-2.030713081321878
-2.3436097464039958
-2.142687440258152
-2.1803878556605034
-1.9410418423825906
-2.0261840090381997
-2.0509033786572046
-1.8132700735975948
-2.013264528948889
-2.0376704627894746
-2.128558527934228
-2.0689339768567474
-2.3609345559658075
-2.3557239123456144
-2.1718918155235074
-2.105180090940399
-1.9752275263506949
-2.284957006807513
-2.191099155571403
-2.2666265138540824
-2.2556265936734765
-1.816155861694627
-2.1686082637878883
-2.1178511025428635
-2.0917282483136725
-1.9228118520007393
-1.9777838231405804
-1.97073042822449
-1.8938103420211085
-2.2106473303584515
-2.165440708604811
-2.0947289218586866
-2.028256442512034
-2.0674003763627544
-2.1377803815799195
-2.3982865855025763
-2.2132545269752493
-2.1212338569317293
-2.0740133792582105
-2.210080639447597
-2.3480652601363827
-2.06990187375186
-2.0636018511898597
-2.0213703280179915
-2.164455706749485
-1.6154661604528036
-1.891207963586788
-2.0870542225167585
-2.0329145758096754
-1.6141136307849189
-1.7449620415316298
-2.458378361381477
-2.1029514783804792
-1.7915134233551353
-1.8081717800609811
-1.788543498696255
-2.2666359369410576
-1.924833516808645
-2.049001987493322
-2.069654172566991
-1.9635148580995105
-2.0496750092766542
-1.9432759907923252
-2.0138339655194937
-2.396903025016328
-2.17090169495442
-2.3107936636361845
-2.147102637125039
-2.2496616491467454
-2.1107701965322065
-1.9751050714133727
-2.125090582073821
-2.280634641447613
-2.4402660966424174
-2.425527281373628
-2.471468482440434
-2.409873304829821
-2.0322776337813893
-2.17736824877909
-1.979149118414652
-2.204024895421495
-1.8898049465074
-2.108507133457681
-2.2434512025054447
-2.2293944328528994
-1.8792157112200776
-2.1049471935983983
-2.146435563957376
-2.201467286791439
-2.092503550882694
-2.107237643822436
-2.230838836664569
-2.326173877429452
-1.9225276948995702
-2.034782866374141
-2.067756425896541
-2.380513599919164
-2.016444490204338
-1.9987920895073803
-2.233966108480464
-1.9073840155710722
-2.1978507905356275
-2.210660764916327
-2.056093699360195
-2.1630064164470335
-2.3199743236694026
-2.087991288680547
-2.181413161235491
-2.1800334557406362
-2.1409052212346653
-2.040879927872731
-2.179615348991238
-2.391208948602224
-2.3238785862502542
-2.27564437697611
-2.289634567512393
-2.13461409124863
-2.0945442807744237
-2.239532370031065
-2.363962815585452
-1.9995414987913682
-2.105498501194507
-2.0870773464140298
-2.1118147600338792
-1.8669893434991716
-2.0177695212727778
-2.142664592478339
-2.153565515684107
-2.166032267271764
-2.1855905343933055
-2.056509473078223
-1.9159711599528364
-1.9307405556992034
-2.014097542655619
-2.063617103181353
-2.0760490360378654
-2.2968316031375395
-2.232177610298014
-2.047800009564987
-1.80014342634304
-1.6285670999036304
-1.8140198355122157
-2.047734733507807
-2.0590883491210175
-2.3951946505030035
-2.334716866211025
-2.148210431502464
-2.1242651242238413
-2.3720171362046987
-2.3333551258552943
-2.3657381274186053
-2.1627559854837926
-2.3884033386268526
-2.467808226290916
-2.445020810684001
-2.419652703977836
-2.0426998063224406
-2.0774971747732525
-2.1587977509284286
-2.280624059991131
-1.9906702800377871
-2.2410015162317967
-2.325276830655774
-1.8453723627677456
-1.935474876506587
-1.9053343674290442
-1.8954676376086967
-2.113182692816931
-2.106263074159819
-2.0683249738483975
-2.3856086727363466
-2.322274518137896
-2.1403501944752805
-2.004538799395074
-2.0000234768608562
-2.011914377015394
-2.0079522073629428
-1.7989703983829755
-2.0394951929951532
-1.7970937186696752
-1.9690701487060591
-1.9478942486735262
-2.0417358038104516
-2.1774037169752996
-1.86493208624828
-2.040266372245424
-2.0107429992251675
-2.0170464827873475
-2.270894309208743
-2.3730850841072653
-2.1008434190314906
-2.2185404546960896
-2.1764661146854354
-2.0574311970626695
-1.9823539175996914
-1.9928423662303576
-2.0996210078067743
-2.127924383043015
-2.0826379244789517
-2.1194208256508738
-2.2129930994697986
-2.1764491848061276
-2.2337429411438237
-2.267252765243484
-2.2649657967321235
-2.283642614783211
-1.9284782870527333
-2.1330195312164397
-1.9745911331212453
-2.6126235972742604
-2.150779790195658
-2.1650267045765608
-2.175029049227621
-2.351544077186187
-2.3871077031592596
-2.1871187672326378
-2.21173941949326
-1.964220278889553
-2.1238246425517007
-2.058757231838536
-2.141534805461064
-2.2348376847904894
-1.9573646927413915
-1.8527256309997975
-2.1094093905935476
-1.7609998942622622
-1.7274619135146185
-1.7321443970819048
-1.7165282079982858
-1.7754280812498842
-1.9634717378718367
-2.0016028554096237
-2.3219840263240275
-2.2747617732424206
-2.2185119148404997
-2.0976329679831953
-2.5906435840943383
-1.8400363198077925
-2.37519945975365
-2.0980369778403594
-1.8648130831547083
-1.8461876116806084
-1.7243039996368315
-1.7667527223053918
-1.9856927880837998
-1.9657252584251437
-1.7852116159735414
-1.8645560528265779
-1.7593798502655467
-2.391880651936765
-2.218483472780876
-2.1668292875442696
-2.07676196474548
-2.2623227926110303
-2.178566141039956
-2.121339228006615
-2.0719877130117146
-2.059615359627388
-2.066494536049546
-2.0677354571049507
-2.1844826222396576
-2.168283762212236
-2.3692408947006354
-2.1281987069668746
-2.161317034376498
-2.0524986673586563
-1.9452427783239712
-2.090007874115826
-1.9404354952788547
-1.854528510896598
-2.017674673022906
-2.167762265506449
-1.9166891115647093
-1.9229135300098406
-2.1443427881797934
-2.2666842794018103
-2.1838966768305497
-2.169809944598298
-2.1530545504031378
-2.134998270683113
-2.3069613609516746
-2.299998934399931
-2.0803832929861423
-1.9755046722810827
-2.015270114950968
-2.2198669528981076
-2.2824436626511315
-2.0002487056366767
-1.9350310477134776
-1.9188087607955808
-2.2948969874617724
-2.306766573452225
-1.8946442008898179
-2.2387707888621153
-2.2081705792632516
-2.0255801759080034
-2.294921168972205
-2.301873477004541
-2.305071350273457
-2.2861261792134933
-2.2895825420398133
-2.336070651330994
-2.2671123775023223
-2.2387239945683843
-2.261894560608512
-2.1959741272662145
-2.1983462792164494
-2.2110135595441136
-1.8599186801532233
-1.8001823167441753
-2.106191047648169
-1.8541688029725962
-1.8754094057678543
-1.8741327202975306
-2.0839822807602006
-1.9351855532002966
-1.9187316067385682
-2.04175242038391
-2.0512653047836262
-2.0435562606213384
-1.9092791966974518
-1.9509282922813045
-2.0621795980504602
-1.9423566253578146
-2.0650131008320125
-2.0682123496310805
-2.124154538562069
-2.116357572904707
-2.1965167561406447
-2.1204973675243983
-2.2107257154753497
-2.0928833297457228
-1.912717625358533
-2.0212257280203167
-1.8719799698235795
-2.1253999314601453
-2.081849119425422
-2.019408973601544
-2.0024607426130934
-2.07853884834179
-1.9621322148842464
-1.8415843359477921
-2.215249375978933
-2.2293466350753333
-2.1162584375126734
-2.073686086006842
-2.0648086804021006
-2.031691843297453
-2.1112635486113756
-2.209526494282837
-2.24736347323187
-2.055371835111827
-2.027541700730097
-2.2206193748000214
-2.154380392758251
-1.9940882891447802
-2.048180619752919
-2.107929802760258
-2.0211893263322316
-2.1621527820350495
-2.3760262491498145
-2.381871295007721
-2.2014786177041423
-2.000523618591079
-2.0574446616227196
-2.073527461629272
-2.501435329674301
-2.2043828564282184
-2.218065420611788
-2.2978490834220975
-2.3225889605508465
-2.5198944534172516
-1.7913262725164436
-2.3112542079419347
-1.9656461859234924
-2.0893528414377887
-1.8999948320784223
-2.097194760365861
-2.027158073384933
-2.1657508516330135
-2.1628120861609923
-2.284281460257515
-1.8533488735578239
-2.100786605606659
-1.8638649765063624
-1.8713704567750864
-1.9895221275081607
-1.9990679905137279
-1.8301114352959793
-2.111327064891453
-2.094699638292585
-2.18699943977199
-2.143119051020309
-2.181133874492122
-2.021994264318852
-2.1392950064020955
-2.135498504398995
-2.1133003061955784
-2.0679009066303817
-2.2697018851838484
-2.167217921919308
-2.1568059146185927
-2.554537557365227
-2.3762629265664934
-2.0633074909401268
-2.0602829495847423
-2.041206862153872
-2.415950814362152
-2.3834874000989963
-2.156759802499587
-2.3236442835713094
-2.363473265835311
-2.4063027045086964
-2.218129051672985
-2.233027373607825
-2.116080517488043
-2.4061976801622653
-2.2797790319196722
-2.225341823082296
-2.310056260625418
-1.7699374775015282
-1.7794934970653926
-1.9725602876445025
-2.1118212836568846
-2.307819542901532
-2.318566647826113
-2.3868297334686503
-2.148133443449611
-2.092382817550588
-1.9967631763209648
-1.9890866207533233
-1.9869974715056657
-1.9314855414328351
-2.0060453545266204
-2.039604270412309
-2.0644500799737697
-2.0161821243736915
-2.098573368105397
-2.3183168089832757
-2.3855440433681676
-2.110486501156845
-2.332909379625261
-2.3477928841973155
-2.20755768915126
-2.0496676273142063
-2.0311891458230296
-2.1327816061408873
-2.229907065985926
-2.1889180904291488
-1.9908469099043147
-2.093765371586003
-2.256323570889811
-2.1078074192193608
-2.1172994907731058
-2.077793325619448
-2.0049827750215554
-2.0482689641810183
-2.112544056047877
-2.0352953390935125
-2.29147868184779
-2.1781439459520313
-1.9684602992638387
-2.091160475625562
-2.1999756192165756
-2.2971356788713986
-1.9754088117205872
-1.982349231961268
-1.983744813123485
-1.9492866362434924
-2.1220775590647345
-2.0506546990733447
-2.199439409130296
-2.432480063569588
-2.298712273853096
-2.262144815159078
-1.8005402032021731
-1.9605141339400027
-2.0208892039342032
-2.025341661073547
-2.417067876757199
-2.2643401199197424
-2.1423603288171678
-2.244617738856744
-2.1900404159417115
-2.3611027994087035
-2.1161479194225397
-2.2776298159386164
-2.350296573515117
-2.4543569116395236
-2.4210010640823674
-1.8791007590145368
-2.100448179425423
-2.039057024072473
-1.9185611642499993
-2.103768982220874
-2.1495928945825145
-2.178564980972587
-2.1888875517954482
-2.1092835419603078
-2.301205566921523
-2.358963657588
-2.2814421331431882
-2.3030005720537887
-2.2041788222718703
-2.227202474843211
-2.05597798139899
-2.073048544183332
-2.0260144821133275
-2.2242669913185127
-2.1519967051062237
-2.408961382239377
-2.4331601709403916
-2.4387796061031577
-2.236847118561367
-2.282349225726272
-1.9228180705715414
-1.936816873172191
-2.1412947873462636
-2.2895637108057363
-2.3449545736198547
-2.3593447989198117
-1.9545266985365628
-1.98652437666751
-2.1081968676724983
-2.0302807757740093
-1.9919717852116372
-2.001804831560948
-2.0908143866060778
-2.0599455807861973
-2.0458946298128393
-2.016166839578934
-2.1395222815354162
-2.0406412139684846
-2.1873510241652587
-2.281402287870731
-2.3583966261326803
-2.3321753419182514
-2.348208529408428
-2.203604908953663
-2.1984025599574433
-2.368442196889403
-2.3058243987272276
-2.3723254668165024
-2.178898558001708
-2.1845999628978796
-2.1517267820518087
-2.245746397350957
-2.216033287860302
-2.1694201760721548
-2.1158776059432864
-2.2934648788260263
-2.5342375806161628
-1.9409359018951204
-2.05946747365685
-2.1681601006562827
-2.225179627172049
-2.28355705340857
-2.254844968742631
-2.2567938425386544
-1.847892722011908
-1.9313410700350517
-2.0255952180095664
-1.9877352352304916
-2.2775532705896357
-1.869254720958318
-2.037714334051856
-2.1570844564526683
-2.1447628974024013
-2.1147286914463224
-2.126898155620084
-2.180092884875693
-2.4093114381144782
-2.642755789763816
-2.4510721808380977
-2.509545369839684
-2.5274074621394207
-2.548980688896577
-2.267385712040312
-2.1963190189914004
-2.4055435817748583
-2.049781210332194
-2.0264153966298015
-2.061842104736247
-2.203316308747094
-1.953749430490606
-2.4865866885620873
-2.2162505373775403
-2.235568300231515
-2.1967999820889204
-2.2099613688518813
-2.1394334754041227
-2.1711778248414433
-2.2919857727080375
-2.1232982607804614
-2.196528345743416
-2.1140229481405814
-1.9101976015545394
-2.254512408980568
-2.015020943841953
-2.0828690844067115
-2.2485093069339737
-2.3276576169850065
-2.1172072190012696
-2.3141606322537016
-1.9335168719232256
-2.042402074910379
-2.2429972266025575
-2.3494989685963636
-1.8300217152371743
-2.118468172845197
-2.179384196858803
-2.231701878529179
-2.543839856702161
-1.8989952063197248
-1.853666776391714
-1.853666776391714
-2.3698174981779014
-2.145059549370522
-2.046920370434121
-2.1566103202637663
-2.1631405078516606
-2.4039306592095393
-2.1950498070917335
-1.9702492004206666
-2.115793481887674
-2.012673829182289
-1.98499932639126
-1.9983231611066434
-2.135328955191778
-2.2785530257273203
-2.181986643561609
-2.3630278527166015
-2.0071645470274015
-2.343969143175625
-2.4023149074419052
-2.0654612890429713
-2.003323243791612
-1.987658409466945
-1.968511238342847
-1.9193602946527422
-2.1456805906716947
-2.2629532755449615
-2.0114314852142523
-2.127944589691401
-2.1598101903673763
-2.1339927535252166
-2.241627819275703
-2.2486829350115514
-2.214833816559829
-2.1507864158905554
-1.9049900043418497
-1.8624759278295826
-1.82569296262649
-1.6289528167436458
-1.680766906736744
-2.0658079598943146
-2.023847864436351
-2.3456604145975777
-2.114766317513107
-2.164044089942509
-2.0956247731197797
-2.139083730346317
-2.1481307183169185
-2.2337497711188097
-1.9799269561526631
-2.057910877438444
-2.00540020954139
-2.169711705012946
-2.2531041913126195
-2.1973423998237593
-2.3069128260773795
-2.2290597610838723
-2.0744916442885373
-1.9262604762047824
-1.9643721568437837
-1.9640269538494937
-2.0546924293263724
-2.0531398676798545
-1.9729160466729998
-2.1426671559345323
-2.1443910825949923
-1.9417630542195337
-1.838937058616413
-1.9845400480981361
-1.9849650957805827
-2.347115537972121
-2.3628261870213176
-2.1285130025564496
-2.030296084841199
-1.9228431220244844
-1.899841043180844
-1.8506506319043643
-2.0524305914231284
-2.0191867160438752
-2.1928279937367425
-1.9685727313442165
-1.9028647088709787
-2.3996475500827277
-2.3153208616140972
-1.9981084051261224
-2.155275280650125
-2.1117340211216953
-2.023270414968202
-2.2111436694132176
-2.0130772666795176
-1.8958204433188157
-1.8708192096776726
-1.9126966362206326
-1.8848374354839719
-1.8272515970752892
-1.8072013704024095
-1.9006019510496068
-2.483941831896279
-2.4509218730529443
-2.433499692385252
-2.184469862814922
-2.3213696492676172
-2.302254962344984
-2.244741321205215
-1.9501522040470285
-1.6561645452516496
-2.355851250774576
-2.321483717935638
-2.2629286053215436
-2.267146127267069
-2.267501558437304
-2.1024755994037214
-2.135821900874424
-2.108744703824502
-2.3053268314207624
-2.293845941715451
-2.216719333221911
-2.0088480029036377
-1.9333688531795845
-2.2955075215769494
-2.28542445519448
-2.4712900538748737
-2.579754376853835
-2.7115219113197546
-2.4269281482284275
-2.39473091418099
-2.6227737819764423
-2.538115813964405
-2.51759317933134
-1.7220363343973353
-1.726585552032053
-1.7198097547772504
-2.311972521383675
-2.3796318081583827
-2.082720942417105
-2.0212997004080755
-2.0344184977703756
-1.925090642067834
-2.2710948717232577
-2.3526537460853807
-2.3507990275904187
-2.349474483515406
-2.341373357478813
-2.246211280102259
-2.2761929473262756
-2.1410354485473926
-2.103706186692477
-2.147542793747946
-2.021543401061391
-2.113765217653739
-1.7681824830244957
-2.0416814340158393
-2.1222083102416343
-1.9883143567540535
-1.9919311365657746
-1.963938947666161
-1.9720654595299891
-2.288259796763204
-2.3650810376975326
-2.369131301896478
-2.0232321823658803
-1.965177927590111
-1.8030923893134774
-2.1272078381006465
-2.0691964915571806
-2.16266857801426
-2.2075798634559884
-2.269772969876774
-2.3665761351626045
-1.9642267672586344
-2.0383729695762316
-2.07444795563151
-2.1436229554048087
-2.1001048120261006
-2.2184446431139504
-1.9178237936381477
-2.170113365507593
-1.8877269283180471
-2.172208146316714
-2.183474424431239
-2.3104733320709636
-2.2893768900840166
-2.302387502114107
-2.3637416152736987
-2.4083549882739486
-1.9705525580836933
-2.1566119254801444
-2.1649231444625268
-2.1451984657856453
-2.136141973724539
-2.137255450547902
-2.202568738674566
-2.0224829167085034
-1.8702747513643114
-2.1308354502467597
-1.9434975772464658
-1.8587461712672673
-2.000242952211929
-2.176891314810386
-2.0061123587575596
-2.2180270611288915
-2.22465542004573
-2.4744544495905534
-2.4582343047961386
-2.079977213824339
-1.893137229802383
-1.9443861348814064
-1.8208056667868713
-1.876115368438303
-1.9039767697868002
-1.9437030605016419
-2.4950803532153003
-2.3786544927938675
-2.1890251557702474
-2.1693648080814585
-2.164589449326282
-1.9187621115184872
-1.9403301002088498
-1.9565432382125347
-1.9082474135319765
-2.206226463288493
-2.092491784863118
-2.3486682140644533
-1.9414695648283349
-2.0146197451272454
-2.184482056658347
-2.250717094199323
-2.257638700222338
-2.1829927540418086
-2.038905417461538
-2.1029789749919696
-1.936231626393542
-2.1315726595639997
-2.2583477235124283
-2.281294493034833
-2.041122580921337
-2.102255133217247
-2.1653450833144956
-2.4204011111544
-2.1298411169895743
-2.094195440718677
-2.094195440718677
-2.0987418929162187
-2.208972070762712
-2.1005949097161625
-2.47835864048702
-1.8457971158360897
-1.8897612199975828
-1.8959775482194
-2.013204663754276
-2.0242028637699523
-2.130965929904413
-1.919576149634228
-2.0714888783084557
-2.169513556935198
-2.0738807891876045
-2.1150207743809735
-1.8802945898971268
-1.8542111980021256
-1.8647324593441605
-1.835797988663687
-1.8734173146976383
-2.042810998663549
-1.8535066276752261
-2.352957364949849
-2.258663638535676
-2.2772840343547154
-2.2379154307196054
-2.303090771324284
-2.3648325912636023
-2.365021421613914
-2.146552167923709
-2.126676576647289
-2.127447193315821
-2.1775537803444176
-2.3470192781022434
-2.0413561880455857
-2.119569416553996
-2.236770626599802
-2.0526214022492213
-2.182924881247218
-2.15142847632734
-2.197944176835624
-2.102594515722601
-2.071473375971021
-2.1742975328256806
-2.087704595764134
-2.429195887101741
-2.265447670452774
-2.2044649756776744
-1.7525467947853235
-1.8131979027187297
-1.8187641718483345
-1.9064579078169455
-2.3839745731602577
-2.344845878024643
-2.240574419352693
-2.184434709498579
-2.2918332096078777
-2.469735043580895
-2.430582120489276
-1.796842587522513
-1.8252411127856027
-1.85826276739061
-1.9543966421777987
-2.0259008114562573
-2.0632193987991445
-2.2631974637335226
-2.3073930248927703
-2.266881944597554
-2.3071301908078796
-2.165157308921997
-2.174091379666501
-2.3670355664448146
-2.203849141820837
-2.116987646367614
-1.884289601460011
-2.2479065932472695
-2.089680824852088
-2.3392843869136137
-2.182661306522105
-1.9372844968986744
-2.065472398776182
-2.0285703615023256
-2.099046137143813
-2.09821340337607
-2.0615888828504416
-2.0346425561763706
-2.0938005204083034
-2.1234171777684883
-1.9958545357018278
-1.983624233760834
-2.040423635876198
-2.282267468322075
-2.1081689480984487
-2.3982063522190105
-1.8985142954196836
-1.8996498402559294
-1.975594662094666
-2.254642032996827
-2.153647248890732
-2.0511004559496477
-2.2375600790901413
-2.1021391700678045
-2.3009815609772173
-2.193442544479855
-2.262459858586886
-2.218753621532721
-2.227933272952591
-2.093648180655405
-2.381998342707036
-1.8765543179019166
-1.9026586877596343
-2.1132587523853172
-2.0744200034783318
-2.0840145336580074
-2.0618160484797188
-2.04990493426631
-2.2177022508573594
-2.221402455239257
-2.4312680455556617
-2.3636988025350028
-2.3681947592408186
-2.049831345885382
-1.9255017129362668
-2.2783714198516276
-2.417851337728281
-2.0581990669120995
-2.1406278725267325
-2.294080262102705
-2.278446775374658
-2.345407223062405
-2.5036388212589773
-2.0219870258429515
-2.23057033221572
-2.247518775495801
-1.9449798828425517
-1.9665952948837866
-1.9881642012197174
-2.0069731061822553
-1.7398021285868068
-1.9758824445847667
-2.082009238869804
-2.1486574028482686
-2.439874647259819
-2.327002735958089
-2.1734409528110112
-1.8223645271646907
-2.652407528427259
-2.465450772446192
-2.515987058995517
-2.195263701931955
-2.3062283954405514
-1.8835590119539158
-2.116690899437156
-1.9623269028892494
-1.8684101568599785
-1.879797393221194
-2.3332454257886837
-2.0130140257139044
-2.239318435981918
-2.1683324506629047
-2.09488122742525
-2.0851217883264894
-2.306848142332165
-2.1729263804716727
-2.1382873389090076
-2.2191948423084886
-2.184293960448143
-2.3230752005949777
-2.1421692570654116
-2.4180569675120425
-2.1935432212140515
-2.118166958445735
-2.0943908982947907
-1.9368025092045822
-1.9503405061338221
-2.0153389167090157
-2.0822217423907494
-2.2935205578122453
-2.327902025391591
-2.3601194868898157
-2.3976202431624367
-2.2496407957600075
-2.190058200657234
-1.8996999023999845
-1.896226998643073
-1.8788274873515827
-1.8871723594569132
-1.574821952206362
-2.352573908560856
-2.013513820033734
-1.9733290811318163
-2.213100710079795
-2.1926297069524296
-2.086635934761189
-1.860899005681317
-1.7353144695825997
-2.1842386726887253
-1.9543107357383165
-2.2349487331758064
-2.3494257494647672
-2.3559834421840535
-2.13838091502147
-2.1858714593805395
-1.8165889274179077
-2.3905613862557242
-2.268464593276763
-2.2455955896944646
-2.3864009743763432
-1.9022136494527317
-1.9531419925045992
-1.9466854186728144
-2.012096825486224
-2.0579157509777324
-2.1514311355138878
-2.1596714917463014
-2.0609746145557657
-1.8519975557567352
-1.9998199352818753
-2.103593391173237
-2.1120665820042888
-2.303107758107165
-2.3128294448333775
-2.2983857075549796
-1.8938034651115128
-1.9974109381206318
-2.0036601143344144
-1.979771879702478
-1.9839701119038873
-2.32559190059072
-2.325942527427048
-2.122313978191298
-2.077770018573359
-2.0789893071735195
-2.3910791784731016
-2.052762342713775
-2.08359200801104
-2.089852987431461
-2.1642321016895996
-2.289490559548888
-2.006623678349703
-1.912766392431176
-2.091488115224208
-1.8543039405552129
-2.0148736841997144
-1.867885453472375
-2.382190477539308
-2.288587723730753
-2.2569859446377123
-2.2543215516832724
-2.13723101323038
-2.2099680810923505
-2.4321778240552163
-2.420611912169985
-1.9549222024783701
-1.8255712658347454
-2.106007210849714
-2.2742180965824366
-2.200946926398688
-2.0388267772854936
-2.444765965807973
-2.1816025339744765
-2.2579741377426656
-2.257347147254874
-2.0957628187174793
-2.0561804640737944
-2.389654390781161
-1.7793145950240947
-1.8573993902147394
-1.7594523362999601
-2.0728677841175953
-1.913824051957203
-1.9579341318633818
-2.3854423406940777
-1.9750380326891595
-1.9247174568761862
-1.917435825220318
-1.9552497189485176
-1.9928130865983378
-2.083717453976275
-1.8762027300241544
-2.0166949321638277
-1.8168460231121217
-1.9572271571937623
-1.604118935256849
-1.6112084983336876
-1.7672171241077745
-1.891265175679158
-2.301179769903966
-2.1592342393295207
-2.122680605821594
-1.9900014597969091
-1.7582649353575566
-1.633452153108882
-2.2913114142016324
-1.7698281117277472
-1.7753510281228262
-1.8466635896243633
-1.9591784633778233
-1.8976546162618588
-1.878330968085402
-1.8685439480160908
-2.1571805278511054
-1.971943904079282
-1.9967292244245702
-1.7953535632830346
-2.012073529004899
-1.8523347182544267
-1.9096083294576665
-1.8343710677827945
-2.026585873353125
-2.4961797512851263
-2.263437225048228
-2.1260897993783017
-2.211647737707892
-2.0297844760974053
-2.2249045321815473
-2.33076518308037
-2.289390222999799
-2.287309711249107
-2.334790342922752
-2.199683471909061
-2.492546239987965
-1.7638035300652584
-2.0770924443882928
-2.0642476016598583
-2.2301394073963405
-2.136416335796614
-2.14572922329107
-2.275077620674493
-2.2838527197288307
-2.051228797467552
-2.041834355522453
-1.9594689527525075
-1.8984913242598906
-1.960882344903565
-1.8458171943091175
-1.8644117193007892
-1.8017803552649898
-1.8295997000335975
-2.0300687369172707
-1.8588341004374445
-1.8525124330936442
-2.0011454203517656
-1.9944973722238266
-1.9583224265116446
-2.004831062073795
-2.0903373826261378
-2.2117666616080807
-2.215840678873298
-2.272450317490676
-2.2449982216806452
-2.3671720493788255
-2.1707077616471024
-2.3357804317245887
-1.9911433762774935
-1.9495897453667355
-2.1212531685103113
-2.0508647700931726
-2.381230564104798
-1.9751810388206026
-2.261041321598403
-2.3524964327477753
-1.9596102117088392
-2.2759547565972427
-2.307614549044567
-2.2573157039582274
-2.469434866416802
-2.117085097115337
-2.154182876908127
-2.4534379418867216
-2.3617871382112923
-2.191394633406029
-2.1151680611947152
-2.0882755889465305
-2.0863417801716264
-2.1208939890366905
-2.047829630381776
-2.240342677818022
-2.1083935815696155
-2.3267439433188755
-2.364447909772264
-2.2417165971432222
-2.2683543838088385
-2.476323588591184
-1.9730077579252996
-2.2794673060616955
-1.9638591369043275
-2.330531251309272
-2.1028710490896287
-2.259913704432088
-2.1157020808266926
-2.1963955458038793
-2.217711920420052
-1.9718701546446429
-2.0024183833115714
-2.3332451555172447
-2.224836387201756
-2.223010374692264
-1.8997775221982856
-2.121220589250309
-2.1386965839100096
-2.23441735500029
-2.126959390572104
-2.2621358623978276
-1.9245479554936735
-2.126327588685212
-2.1290442751391323
-2.0093630937595184
-2.2291656014762125
-2.2258753665351994
-2.226430898370055
-2.1414351326802104
-2.1013637612711684
-2.1737322945919346
-2.041738544179004
-1.9245195288828616
-1.9016996712241543
-2.2136288666230217
-2.1607618210523665
-2.289686015627154
-2.258728670448732
-2.2738718215517157
-2.211299160697597
-2.24057070044136
-2.261010681385818
-2.065397512277284
-2.0948497816369835
-1.8945006050328954
-1.979909311938087
-2.032468508603028
-1.9631443383273108
-2.1800926240357588
-2.146151631309254
-2.246289264447645
-2.265204304819214
-2.272851340993916
-2.5267177245056267
-2.385516780988765
-2.435526590494903
-2.39671830714831
-2.2497374422075347
-2.2360218751635053
-2.2687480866961502
-2.0506030131453934
-2.055213502444671
-2.0790053742090784
-2.1172014613918066
-2.179508294215308
-2.026207079135534
-1.9876410264713422
-2.1403892694942
-2.017536594276444
-2.106365184566584
-1.9086310660052888
-2.096645692871678
-2.210630585074124
-1.825191912343309
-1.8950784109780627
-1.7425693682329466
-1.929600011925397
-1.8907898764042284
-1.9252225966918837
-1.9079000987633359
-1.9276937504364298
-2.1091280151053
-2.1312738395778767
-2.058279631761964
-2.118715491081094
-2.092671857172856
-2.2116481293713988
-2.157556324873892
-1.895318380902328
-2.0462832507505326
-2.0628324987793594
-2.086513887534277
-2.4617391291421
-1.9046558131744993
-1.990511426017767
-2.014858918694084
-1.9863753509821367
-2.084772908981846
-1.9210004134008345
-2.0617511975909957
-2.075947127632268
-2.2583879147217067
-2.3287479725216205
-2.093983444756859
-2.1271172462755352
-2.2255045137331533
-2.2989432278691346
-2.1743919024284004
-2.1617597892919216
-1.720785959200647
-1.7903068723162865
-2.4388705110271447
-2.134163343941195
-1.978602546427898
-1.8648626687882177
-2.1558745712823253
-2.2154238545812692
-1.944391736637406
-2.039723305192143
-2.0439309763481086
-2.0492785342929136
-2.0911307189287154
-2.033506761719068
-1.9727678006892262
-2.478671876120915
-2.0432320325057445
-2.1048657361489793
-2.1012135079441965
-2.0766206966930345
-2.0153135165904104
-2.1429571666904894
-2.156033333887263
-1.966117079554861
-1.8712824044376457
-1.8248513106731938
-1.8446013595725803
-2.17244778845665
-2.151332721839097
-2.193451185646843
-2.2057422070778143
-1.8986685390432319
-1.878762204527809
-1.965350111021752
-2.1067492148908706
-2.0707383682636458
-1.9771151699769098
-2.00730974482735
-1.9980308398513014
-1.837748642650013
-2.1094202829510893
-1.9734086488777076
-2.281421364290049
-2.3813162161214754
-2.1648966195083443
-1.962529210838823
-2.062709400036396
-2.168796773752964
-2.2538700091784274
-2.36544920192216
-2.3268302228295297
-2.2878417381221663
-2.2663006717453604
-2.18298055177409
-2.2191086663818034
-2.283120720639706
-2.0559940252154405
-2.005005169468205
-1.8865316807241987
-2.3109431807652117
-2.0402278617423497
-2.087021223073376
-1.9974157867385922
-2.303306174381687
-2.2289338322989134
-2.206845323156804
-1.8748199786946484
-1.9108936972216086
-1.830304285006449
-1.850224395559559
-1.924493655849397
-1.85661733852106
-1.905367002414775
-1.9805906461992497
-2.3246620753242553
-2.234618293341143
-2.192673046860213
-2.321589480905665
-2.215362757964564
-2.0396181438491916
-1.9987504375019525
-1.900458434843358
-2.0187040963898175
-2.1915160215233103
-2.160405365096655
-2.0167165298531993
-2.0787714277720046
-2.0157193052809
-2.020225102527821
-2.071734303218594
-2.536858121329886
-2.1594176255168738
-2.1876865907516496
-2.1487189214773155
-2.16293215321721
-2.2311485791809416
-2.218699762318217
-2.087087158266127
-2.1828118970799397
-2.005246357766625
-1.7986215304250694
-2.1013483388085143
-2.124513610815642
-2.1592555493994374
-2.336937115082651
-2.368676274771864
-2.3234203884682687
-2.0884966008517747
-2.0839861456696243
-2.243392300822014
-2.329883953132583
-2.463192931428983
-2.394220439716264
-2.1807213721468317
-2.2026170752690257
-2.2544598138278813
-2.3236526897718384
-2.2502105808368413
-2.223711148882144
-2.1814557549167812
-2.226102770995958
-2.0031894318349313
-2.272461763098972
-2.4877909052393683
-2.3441065847200826
-2.1485364672490954
-2.348203589638362
-2.0799771195278316
-2.1501548374925106
-2.2185037539705106
-2.130484794143872
-2.055890571523809
-2.2166007782506165
-2.0676578614906034
-2.0476683745188975
-1.945309927784283
-1.8599455765153183
-1.9228286800939078
-1.9588808135242406
-2.166377780421565
-2.10667778591349
-2.1517434039790913
-2.102903757465643
-1.9442808348959288
-1.982127445813996
-2.158336983842021
-2.1189973399999658
-2.3030867128753516
-2.306520700180814
-2.2229720834773716
-1.9631640113272968
-2.335329555118124
-2.180378894390216
-2.290365566940338
-2.3424433528518174
-2.137832032762483
-2.0231624283809944
-1.9924075015497835
-1.9231110624811916
-1.8701533863144506
-2.076820507742289
-2.085338375951046
-2.2927804912375054
-2.1851257438674185
-2.1764337377578697
-1.8883983524976389
-1.8236584474425293
-2.226740466239535
-1.8679170040760387
-1.7806248168568908
-1.7968012466722638
-1.830287094693699
-2.0590629585878224
-2.2046965435347188
-2.212545915467891
-2.3167486010490865
-2.117223268129632
-2.148896429021958
-2.233778450393589
-2.2060883608202735
-2.1234096540183836
-2.1224848032567833
-2.255709288938748
-2.0875963034407112
-2.462461700932608
-2.3471630052083805
-2.2489312962623633
-2.2740128360345726
-2.3539580608566943
-2.2061606306420765
-2.0965418546621635
-2.1384058748915615
-2.1344387681034074
-2.1277489854526332
-2.192788429317446
-2.0381553675072914
-2.2682661206407273
-2.209896109273753
-2.2502684110519646
-2.32934931076147
-2.511581734834147
-2.543943246409813
-2.027581638935539
-2.0488168112916085
-2.0877520314823648
-2.1714943529859143
-2.16101859369889
-2.1121532775799228
-1.9961928481426443
-1.9052811180504436
-2.083275675820161
-1.8663693760947546
-1.8069660839992259
-1.8069660839992259
-1.83650376282418
-1.8532607459226127
-1.8436070698941558
-2.0483699550181496
-2.0851051769436726
-2.0814093408145857
-2.184612886350571
-2.204103608180301
-2.044904692614565
-2.1402940928181597
-2.0980853830684345
-2.241453253593724
-1.97075142756077
-1.9935845773195713
-2.400191556637987
-2.4501942909752104
-2.2883597178281567
-2.2631053918815582
-2.142567160662584
-2.142567160662584
-2.0802796640146877
-2.0238397995299997
-2.2176677188383787
-2.149774401363496
-1.7719901454578892
-2.008459858938228
-2.034761674511862
-1.9957285357463388
-2.140709329911176
-2.1299002725978786
-1.9814246487392106
-2.21616051949096
-2.155778765366349
-2.1540085004907903
-1.8485063505700883
-2.023431204095885
-1.9765815635154063
-1.9888903497834474
-1.958486772512561
-1.9330519628321774
-2.2547167083029898
-2.361955955940064
-2.181920150850282
-2.16395277108911
-2.1355804664296456
-2.171427924753457
-2.3051079349626087
-2.2886934052413466
-2.2962411052132587
-2.349249833199103
-1.764703182170078
-1.9034818277253844
-1.8591682695441623
-1.9211709669137753
-2.099708698140361
-1.9812965870112893
-2.162338017807151
-1.982881977082495
-2.032109435253924
-2.592960740386466
-2.456749126431224
-2.3026999070792615
-2.108447007509784
-2.107328999371584
-2.345644112007853
-2.220454871850398
-1.992747366334831
-1.9590224443277384
-1.9305001013617522
-1.901209016735177
-2.0096914153697374
-2.1641534944483243
-1.9900515507901149
-1.8885350994418753
-1.8468806670386344
-1.964942986154337
-1.9451369092140323
-2.0036774497640386
-1.968981968452625
-2.1642053132926438
-1.7894976639806783
-1.700326698699702
-2.0272262112409636
-2.502257246859829
-2.289108230518838
-2.41806395257965
-2.306356375801112
-2.384696932241474
-2.410114849434285
-1.8835934088443327
-1.8899237200965349
-1.968277252387914
-2.09028700666282
-2.2560483175361603
-2.4345454456062234
-2.0718728031268046
-2.2567276546873134
-2.212803184263527
-2.402062223521697
-2.3172452303889233
-1.9379791061075144
-1.850689647789054
-1.9770306643963558
-1.927331105307405
-1.8425358886811671
-1.9106159412439088
-1.901611041263928
-1.9027497354603116
-1.920198982866595
-1.9347338932218638
-1.9097792539805085
-1.9560399611162067
-2.0443550651858096
-2.2256542299820463
-1.9818106780725193
-2.1751105298470788
-2.287228109663466
-2.086414849363034
-2.1976470654837366
-2.14945285809542
-2.3006408095025526
-2.1920341749123686
-2.1980012752709968
-2.0416584944225393
-2.292665570261441
-2.1311547496705754
-2.1372154475134386
-2.0898325581186206
-2.0692744916651518
-2.044100501408753
-2.11395384633171
-2.0434780622315962
-1.9895471288880304
-2.0410766284732853
-2.1265485856521886
-2.176409150744348
-2.0437786004186957
-1.911699386784138
-1.8535680138585613
-1.978076768194254
-2.0255553368661516
-2.127124305054704
-2.260832498972811
-2.2600192387118763
-2.3333439441462973
-2.3024773528184332
-2.335503983786087
-1.9945598213381945
-2.169410975447766
-2.1830778148431973
-2.2852702524372335
-2.1834610402526815
-2.2112772113915953
-1.759793836992834
-1.8757323398615187
-2.073563797628511
-2.0395628335191116
-2.1853787503844724
-1.9774379010776273
-1.926740076160494
-2.221855164779438
-2.1073547077495185
-2.0729463542290945
-2.1042222902069607
-2.2338467815945346
-2.051902914046795
-2.065883561810022
-2.169806531841554
-2.284538070262378
-2.2361624481302895
-2.364245789271601
-2.316214184619063
-2.4569606172649943
-2.337714545498841
-2.4085907577711803
-2.2205393069220496
-1.8732709509743652
-1.8335446986779502
-1.8272992419824625
-1.8017269007134413
-1.850707085625134
-2.0187262555078487
-2.092604865062317
-2.1298300206462475
-2.002807703725163
-2.0984644533979204
-1.8517796085971439
-1.9566497512582446
-2.0248097104945137
-2.219813305980518
-2.2740576317184673
-2.178593379353004
-2.4646049016084164
-2.0756878544260746
-2.1401972442195834
-2.1002072418367588
-2.4033623092904355
-2.33894153723348
-2.0573813446506444
