0
2.0993849859042153
2.1185042805696215
1.8196254129708094
2.092060942679603
2.090652794964744
2.021903120910181
1.9958871506345834
2.1448439968860082
2.035934022004533
2.0854196807223944
2.0512703365463874
2.074802016401436
2.0222595737730646
2.0998194090751996
2.0941752336122454
2.087379374377532
2.182662188244285
1.8987229198136288
2.0391546288833453
1.84923860588619
2.022247177135743
2.067290379454607
2.0662933575342763
1.8887848117927026
2.21108940101676
1.9483672903044116
2.242322758915682
1.894570476935519
2.1598600479708585
1.9269208644956488
2.115586396826093
2.2128084259070624
2.1751975527388403
1.6525991601540007
2.030429331402366
2.0898941575884997
1.9433523998577613
2.053131295917873
1.8635747078552019
1.8746892201457628
1.9525590989481896
2.043255952274605
2.0500479267576717
2.0832727592651246
2.200739234190771
2.193411971947137
2.086880803872738
2.1411061410384558
2.096127006762195
1.9880962793906247
2.1676836783143276
2.2168406194546955
1.8145966675284282
1.8498465240408115
2.1967087962637466
2.181386499242809
1.9317554015929124
2.163839505115785
1.9653637227922074
2.073650458800927
2.1073997978540304
2.012952164909853
2.135240140138045
2.1176969369007708
2.021069616714736
2.0703250039842835
1.9513883169986515
2.172835398776326
2.0278303721562554
2.09872162999263
2.0375112453230213
2.0824754783644033
1.9282766467673953
2.1916162012549774
2.2271689673690305
2.1724137624435684
1.7505931813837197
1.6479204701193557
1.8654334960827312
1.8539221213398225
2.0307064994565294
2.083792659430157
2.0955798215668495
2.185801857626316
2.1664516890343446
2.067603320215293
1.9426816405934308
2.1996271776507297
1.808784420548806
2.2614054901876317
1.9897044022568038
1.9957302577863005
1.9516981580141999
2.0283836120955554
2.1017330847973694
1.9506607335912838
2.140367029149415
2.0331404723545674
2.1249717828499426
2.1318839813947115
2.0654270558142507
2.1004479712946997
2.2451174161173157
2.2118048478020227
1.8817009112719563
2.108441332359509
2.099152287409186
2.094779291831855
2.0966519774564483
1.96434459321906
1.975369090006555
2.2921465295573125
2.2008624587552053
1.909851752897669
1.9118712447598993
2.2027298358327787
1.9366400796821162
2.123505774466587
2.120092251945491
2.181098647869847
1.9930783077877414
1.9887579484247344
2.014113566421127
2.0554390522269204
1.9657612018218438
1.9589756389686575
1.955282300638527
1.9890303864422991
2.0472348318414073
2.061328732064896
2.0913745708534908
2.131420653971281
1.9831078002601772
2.287465747555626
2.1952028259856244
2.0375682196289184
2.1000550977254284
2.024322611989593
2.1467769744451
2.0333823217949467
2.0984387177160273
2.13476430816445
2.090062304456565
2.1514530777778704
1.7428813183605723
1.8750121299428575
2.136011718292043
1.9759889438219338
2.117064392326518
2.1415322978022626
2.096520182446409
2.2485802244976356
1.9111381860989711
2.127857638746582
1.9841293263891073
2.0899787232644456
1.714141039883217
1.7190877965879778
1.9671980942639848
1.9673343884335543
1.9707698820337487
1.912927767189524
2.102292426253193
2.215627272375941
2.1035218975295895
1.9683736295004604
1.8465251933209275
1.9856190896495105
2.1470732888581114
2.0144525264512096
2.146410236401751
2.1265428317126167
2.071456775682458
2.0363793216993953
2.076747956216332
2.0778049502322564
2.0889789681453044
2.047139771801919
1.929824146528729
1.9225213445402811
2.0480074085243367
2.050812114800462
2.0311636621203673
2.1074686449488094
1.9546591814306342
2.123615877264405
2.13631883867604
1.8962623164783694
1.9997377803465162
2.004612645551071
2.019231209379025
2.135281194831926
2.0571384020335604
2.0932067826266296
2.1526150800910244
2.004201018374155
2.144357032080812
1.9774976037405114
2.0551631135347295
2.2969219600931665
1.9384363142929801
2.1493668051434156
2.1520015998315936
2.216406334379995
2.28490113002233
2.1753304540007754
1.899044216112936
2.076355666921845
2.0384617584054787
2.0496999451128604
2.02751561208982
2.008355480733549
2.0452053018142577
2.0304232370391313
1.9889994942404248
1.921630537110877
2.139586483858995
2.164732493264896
2.2131955521235707
2.120385155265641
2.0875593691866166
1.752061049074183
2.1860238468695385
1.943211902525958
1.9306345235279465
1.897557994589162
1.9982445209768116
1.9592590381859663
2.060716599550905
1.9771335429123416
2.108353914836033
2.0738334591836614
2.0338708182831997
2.1746001036157026
1.963941221173517
2.170361863681014
2.25205197478137
2.211060993758215
2.0079487506769267
2.16284740841236
2.082609377940444
2.2321955625653738
1.9377986126901539
2.0013520740407764
1.9834953615706807
2.0999082189670086
2.06993255236892
1.9208330219880976
2.201724884158126
2.0515202316803993
2.160455199741864
2.2132770435932443
1.995004916639848
2.1657265263439496
2.1004756458913505
2.09118200110889
1.9124559004941621
2.0377286216256536
2.0533622775037346
2.0050917626074964
2.1307931239739673
2.140941235942382
2.016240866163886
2.091900155668258
2.156691690531545
2.2021718360781697
1.9747295434398424
2.11447090801796
2.124609229102591
1.9119009632720003
1.8527137460779828
2.212791703647658
2.2155272242482256
2.026857077080568
2.0770474030701838
2.1021985461155617
2.0788759758985513
2.0289737774167484
2.02711933331943
2.144045603935133
2.0721773890709403
1.98882239339986
1.917154473949532
2.0625328002705823
2.0124095048672275
2.1065755680597085
2.0066346020233525
2.175913747143884
1.9739613385759405
1.9725087026533785
2.1166667125106824
1.9002225817298208
1.8432388848871726
2.000376719985984
2.0653531065369415
2.0340590431161822
2.0831297046595925
2.0438343302817303
2.0902433604754425
1.9917285188922125
2.0892609181389843
1.974490111369294
2.1126331617231022
1.9156084592245
2.161295873863909
1.9237343440725818
2.076873901438732
2.1070766889326533
1.9268919845167207
2.114939755140464
2.1039964921989447
1.9778756973508007
1.982266584609158
1.9313597986776558
1.8656342231307947
2.1980389261340467
1.9955099661695896
2.110178570535288
1.9677496563182226
2.076403622473357
2.041207859036965
2.060893641763165
1.993683412496502
2.201870099452568
1.8216426362819915
1.8600360328440724
2.252979374012019
1.9279769995101295
1.9172631900723827
1.9510358273107207
2.024780752732111
2.0924808391174454
2.091591928425787
1.9224972824116917
2.2126501499323794
1.893844022565297
2.254816634552039
1.7945518815493748
2.2101646195708176
1.6713134583059792
1.6578809897469622
1.814812214462327
1.9663286138986895
2.121595771117973
2.1781864135432274
2.0312449719186816
2.0252664141496
2.051602091087326
2.1058984401268037
1.901474605494084
2.2323950327311635
1.986340023270376
2.116572494294806
2.011046302419423
2.115121240775905
2.1930150475039123
1.927235505757235
1.9898102342736528
2.090331873578812
2.116121134422478
1.9644833387172613
2.0253716766897174
2.0850443818899267
2.1737824889374746
2.1310117840195155
2.0978945877118274
2.104574268274162
2.112902891883072
1.9355566675624185
2.0403557119341436
2.0046473932894995
2.0476957907258386
2.131721266454847
2.234296388043975
2.1228513892856875
2.04863562087754
1.8643632362298395
2.252280846393004
2.06059513016772
2.0668140361881666
2.142103826684747
2.13614199618342
2.134439077785934
2.012575914058779
2.095043406201051
2.074397345957324
2.0622836551862367
2.095427769641653
2.2488302446360176
1.9757671615088637
2.1018108480104507
2.0679220331383856
2.2091544788634576
2.1930418736278767
1.897145428837995
1.9064255096445004
2.102279095840012
1.994857590896885
1.9591217449685918
1.84282797859493
1.66909715789594
2.197463133666034
2.0013117457003604
2.07164644581115
2.011670762428183
2.090635499671026
1.9297366487907968
2.002364079430449
2.062941186811986
2.0758481538696754
2.071939615477415
2.1343889243280056
2.1091524139919615
2.0958770882264433
2.0989344347350305
2.0386326042920033
2.1348093158077726
1.9767247681240856
2.1254501372190884
2.1128629018713525
2.0219968997885993
2.0479109911699855
2.148918553169157
1.9864107434510752
2.033693084776667
2.1515072182839314
2.025950941207266
2.153615629619525
2.065098128812156
2.008836395908986
2.124430869060032
2.118183686757896
1.8815837279304175
2.0410611949097137
2.1133085955294684
1.9955466744215313
2.079443194531715
2.0732771829306906
2.0494821085195025
2.1819912004708617
2.193445005037432
2.0179096848281244
2.0800490593177727
2.143641183470997
2.1745049013862467
2.1166538543231845
1.9900162113932345
1.9937795449885782
2.1214820910329406
1.9857177337343572
1.9900789940930292
2.1140050587494494
2.1507220296830236
2.1479416677494685
2.152688965620302
1.9691344921892822
1.992366749019105
1.9405469697550666
2.190994276289541
2.1049824877617245
1.9989279432339593
2.162888796253046
2.1825262607414153
2.066344781960191
2.032446326292085
2.0294563104907777
2.030734926696743
1.9869636710981546
2.0504775131691004
2.043915903293712
2.0882314728525952
1.8983483562323928
2.094987611513907
1.988881979594839
2.115686152314225
1.9845457017960322
2.059749093362706
2.2399864206888
2.0734403376034956
2.000584032604274
2.00039727150089
2.113245399561032
1.9893011059530716
1.9324361022515069
2.0354773704865226
2.1407357981234494
2.159058859538815
2.0426905736322976
2.1042079448737634
2.1415712892791
2.1552607454623707
1.9467287381084255
1.9224963212471164
1.8814958119989234
1.8985339677707045
1.8957681925688135
1.8974053033684568
1.8965218056778723
2.040661914186639
2.0655396051490587
2.048373788394525
1.9910686409476075
1.9979327304392211
2.0266379356881545
2.021093404189848
2.1445440100793176
1.966664722606691
2.176844934928019
2.1225721430291036
1.804078855452545
1.7912829789231186
2.1114515749334735
1.9730560001441475
1.9884442195210965
2.06436579366248
1.9926885188151027
2.044568317093981
2.1250419670141243
1.8580698059669993
1.8868568966321915
2.2317290931886546
2.0102686847222437
2.01628742266022
2.1068901778558518
2.03454414851527
2.090946727810592
2.116308134162972
2.3957285735736185
2.0758535189547445
1.9092717329995283
2.2415127864900684
2.074991001034258
1.9860905194705365
2.166447419926359
1.9920509026707987
2.128231955166381
2.0672823492108683
2.0731131186270897
2.0836899079282736
2.013626336308972
2.0351274336178187
2.0278406822222017
2.0976578025101182
2.0116242612021775
2.0117027269247285
1.9519820115828925
2.268540351738803
2.215597512250268
1.965886620904448
2.0870641614281347
2.0441750312437006
2.070857416156876
2.089576182370479
1.9074134351795293
2.142744483074539
1.9524334510095218
1.9924412235093765
1.9908365707001228
1.9318947185661905
2.2624462123590883
2.0544977210464936
2.0647916752261732
2.004724341521588
2.1579254103820285
2.1630671431186443
2.188763190064277
2.1099822644723885
2.03557041590945
1.9999560809378414
1.9626891989646693
2.007383206004927
1.9570860406283135
1.9463866845059334
1.8735410400952444
1.8505471962762412
2.1022524076185305
2.0581312406709005
2.051592089794315
2.0412666173754586
2.1191820110806923
1.7601477613837875
1.6871005043303777
1.93780653831858
2.284568592839643
2.256383596924613
2.151888458424817
2.0463889467509606
2.046459566886812
2.1180251505998537
2.2249331465188424
1.971251850058945
2.0618448206760016
2.049683721106534
2.0238814208801257
1.968354604189277
1.951542080979642
2.0669279365180047
1.972264709611282
1.9647926279949497
2.0053323750509824
2.085337943079688
2.1077615885413583
2.0538682499878367
2.1358015374594426
1.9393697887740862
2.206145427511222
2.130203380827272
2.075552219103079
2.0480697459668313
2.003937994677341
2.078614865153892
1.9952258855985012
1.9570172376911843
1.952567521905923
2.0592610480583797
2.1201988025908873
1.9256157190815193
2.0028281460545614
1.9924731651039296
2.0146319562172543
2.068338814982831
2.0861195991642667
2.088970743221713
2.1269311237273287
1.9075848200050536
2.070807699881252
2.0298643128403797
2.146144822103581
1.967144960716059
1.984333549418705
2.2311265028298637
1.9570606292410175
2.1506861631613816
1.9121209621869104
2.0363962543483285
1.9711167515623804
2.0600331485378995
2.06285546215764
2.140134144178099
2.0688440400477743
2.0473093916382754
1.955454636754331
2.1460220912476573
2.133227678265678
2.058264606202717
1.94225315853461
1.909842119329871
2.14105446884343
1.9150094640154833
2.1510188006528073
2.0000533592292213
2.15633707492365
1.910018711600076
2.021609360433017
2.0878668654969337
2.1168447549067957
2.084474103847958
2.145184980712398
2.0481690069615186
2.0940709035685185
2.0113009035539466
2.1014827368453948
2.208653496639991
1.9208302651351015
2.245670594279359
1.8424582022138871
1.567673035661364
1.6430493139241171
1.7569092498680239
1.9807126232645682
2.0693895380324054
2.114339578515127
2.008836073872878
1.9965852027546744
2.1307765573673754
2.077478760979011
2.1041255622885933
2.12426054352784
2.1046759308912923
1.9637269721861386
2.1125665498159143
1.9243942488842283
1.9612688466311252
1.9825154860122352
1.992024374233227
2.3171391257411207
2.0154607966404052
2.087722008175787
1.9787684794711617
1.9551271086244197
2.0400479692655415
2.0645875887400233
2.066923210488541
2.0733929787464054
2.028677195785187
2.0272662397761128
1.7532814249638244
2.339108780064753
1.8028499622067367
2.215667304405722
2.0193064521431627
2.053965738112001
2.004927915809262
1.90879963474133
2.2097688969043054
2.164337779261929
1.913439642925911
1.6420614049294426
2.036246488069036
2.112741657610184
1.9703470191972663
2.1894267903244766
1.990592519924253
2.331655337855402
1.8436028634350972
2.111983471223942
2.0369252947484777
2.2334178775009823
2.0922476357654216
2.0967861411470854
1.9927141114742737
2.082070092011072
1.889509127750195
1.6671003004023426
1.9305558535407306
2.1524063186974542
2.0646492146747297
2.094572677271073
1.948856766652533
2.084219707711706
2.07240866269281
1.9052374716251737
2.2135927734540406
2.1993420344872385
2.1557368278144553
2.058455886611668
2.1851740746448653
1.9524515508569356
1.936109185873089
2.1555498230784105
2.060251788979445
2.0093294654046177
2.0927626491698725
1.9570940173942808
2.064327021883878
2.0430660419046114
2.0724521308005714
2.099685805010837
1.914440537575552
2.110653398509874
1.997408682981649
2.119055468054331
2.0506359333924533
2.0572114020177823
2.042872408785898
2.0270293043337198
2.0893011857525368
1.9742501390690488
2.0688436216792305
2.084836496464183
2.0973871668929593
1.9918783391204622
1.8712402877486827
1.9585949707261756
2.124499262473328
2.079551221121359
2.081573023093722
2.0343113322526314
2.2595366165840947
1.966819485437003
2.125723723230558
2.114659700463809
2.0366982642412035
2.1242153945406113
2.1132382778404306
2.133300480058309
1.976136144514857
2.25086960077995
2.1888795743846026
2.2031807835810557
2.127993868603982
1.9088741047789581
1.9485810921349387
2.1044979744633627
2.0119803051991183
2.019374252504384
2.17455500797098
2.049249304216468
1.7773940327633948
1.7273287418542178
1.9236217510064384
1.9815571757118193
1.972213748254172
1.9704582039622491
1.8532697330912833
2.0687923181263037
2.126684584760439
2.243370977381079
2.094891613217597
2.077221122014302
1.9836829601626103
2.2052876331631452
1.9365406491976123
2.225902502763945
2.2421912646933793
2.0350741458446793
2.1073273840450963
2.1221984464359305
2.3040761753469887
1.9885819708551438
2.0584795176725033
1.9712847095075678
2.08036447412352
2.0665229043251356
1.8413839446080704
2.0200447752836332
2.071175179507581
2.0098324001769483
2.185672014334552
2.0606091678061063
2.0172181614267215
2.0545206151893454
2.0539082690791215
2.017319837675747
2.058627797003469
1.949261100467862
1.9379648820909672
1.9907704547601976
2.0387252837180925
2.116308866917754
1.865607777569779
1.798705872503118
2.0729597027197855
2.069001590683557
1.966623100812437
1.9674367973830207
2.129085199541873
2.0842755685142693
2.1143606089939233
2.190113109973934
1.9217056304552524
2.177906221690627
2.026401946592558
1.9624895733792276
2.0940008897112934
2.089209872161342
1.9794761919505754
2.0744488244130914
2.022561472958127
2.102415656702915
1.9448438361673335
1.8748617195116128
2.0658447626784087
2.0658447626784087
2.029624942060645
2.064785249775067
2.022606792501156
2.0807516056951374
2.0451665924707765
1.9955169928843062
2.178845833442104
1.9577841122624355
2.142374779014951
1.7508449224077276
1.9299908156910774
2.0355100239415265
2.146831222704763
2.00403377058368
2.161524172318821
2.337035937465394
1.8799678094960595
2.2618348584395216
2.1574003053753263
1.9920748478626995
2.197647594887872
2.0207983117803736
2.0796591346062288
2.0546187196960144
1.9799175060766474
2.1481364805944625
2.095905394484737
2.0523702050160244
2.068054148112823
2.0754968541267766
2.028316672808844
1.9703791665687567
2.140529509997044
1.949695584323345
2.2073106421641193
1.8851452027827604
2.0838948577741836
2.0703675234912
1.9562586632856651
2.0338085901467275
2.1341111290292987
1.9777170573762906
2.1199378548143497
1.9923435950559738
2.051862864588655
2.0862865800138812
2.1092056026942227
2.020727819512039
1.9673330434115526
2.052323068674477
1.973075544913763
2.0139532166931655
2.031177516129996
1.95345622850549
2.0331922360753127
2.0628946020875136
1.9498146603739746
2.187949132205214
2.2488094914683314
2.2415892923677347
2.1982471865169333
2.059194197302691
2.059553605748966
2.08471405695346
2.0528022443199627
2.2250557649416165
2.338519466122279
2.269677304171308
2.0815009584543542
2.138254375327859
1.9829531967545817
2.129792422823979
1.9999873097256464
1.8766887711205882
1.7909430643304531
1.7931988709412061
2.1191865987289753
1.9567272319157654
2.119977374149927
2.154560921505916
2.086248031199299
2.0100124565698825
1.9796040477820942
2.109983428217398
1.9405875985656162
2.0809457486183245
2.020367166262994
2.096386070836158
1.9036604739321314
2.062121667875462
2.0964833417113633
2.190716126405574
1.8771110120250643
1.9682481485020211
2.0261067384795726
2.036936491174612
1.8488247387740389
2.24702817408757
2.259710305930412
2.122770309474486
2.21183693462734
2.121056305014454
2.0257209281745685
2.1392011139511924
1.9188050561921632
2.0243419011972374
2.08857103331699
2.0973232492257132
2.018567515273157
2.083517650635866
2.1927770316107846
2.2425838062259627
2.043347004066076
2.0344938188999944
2.0440539692449384
2.1681240152641394
1.9354898248291412
1.9928447599799863
2.1670559565984657
2.114412160654923
2.013645465401988
2.1734185306090614
1.9743031052794455
2.053036405922544
2.0259613789185678
2.097290474566847
2.035097430475048
2.096300429696682
2.039900470193519
2.236454083348326
1.9714182696811733
1.6176208630225493
1.8177090088553522
2.0438172890733446
1.973103142792507
2.139637064544441
1.9124015680118924
2.199680448175291
2.0268585196837665
2.026800858772464
2.047632473648877
2.1146489990250568
2.1184924260658637
2.0442880542855244
1.9077066272774408
2.056856482420997
1.954143094563903
1.939176582665531
1.9572239129155486
1.6553357729492728
2.0203346508657165
2.0664185531710983
2.045353025387152
2.0261039751207908
1.9915549360245246
2.0953333516730708
1.9511912610426843
1.9295458540274446
2.227274341393672
1.919913980340324
1.8708119197382047
1.8976884819811837
2.0220145539125007
1.9430222580007535
2.0274720511201108
2.221846068662447
2.340495823381236
2.1820447195924566
2.0486650341339563
2.083204400048169
1.984360741926179
2.129016196940944
2.1588400536354837
1.968627395753692
2.129593681153702
1.9202498721907102
2.1058699394719906
2.0757160283957585
2.0497761498283986
2.089533933682375
1.931825136392231
2.100900105119497
1.9904864811983336
2.0558534690166774
1.9667024734842429
2.1262019216144026
2.1271395315398807
1.9972919264317783
2.141416136323927
2.186512861298302
1.95399947760793
2.109738089832265
2.036726967550113
1.9639041919205413
2.060472032665246
2.0502395282575017
2.018321534312206
2.0611880039631116
2.1135035959028197
2.0010515711617147
2.0176137871168445
2.102910522944519
2.174326996331326
1.9572866195133634
2.2028332091408065
2.2657027645389376
2.2265223362300905
2.083400247526727
2.175311029045646
1.9356719504639124
2.173642103381714
2.260047503708408
2.1684035440489224
2.0619770097162635
1.8345342803844942
2.2475291060578564
1.9164941102234636
2.209877700134807
2.0709516158513694
2.02421350421279
2.141996409675318
1.961946162626255
2.2659021719008927
2.3157665401027714
2.4392271301624677
1.7817965107827833
1.7756157848865366
1.648293990578072
1.570914258042076
1.7173946970199252
2.087941499104048
1.984300603482706
2.033551434687219
2.0531741291394985
2.070935270297032
2.2059764344764887
1.9830866369505247
2.1210430403560863
2.0867963086445704
2.0854929890035687
2.0854929890035687
2.080373484480813
1.9619468558957947
2.115889024753754
2.05930052164668
1.9926405180023024
2.0107413356348123
1.9212611938942719
2.050178789692922
2.1797334019442554
2.0058855367790724
2.115865118191374
1.927640275021939
1.4821324849699977
2.0409722560555488
2.05095588062295
1.85033779702201
1.955146909642932
2.2135023038634025
1.9295304248714624
2.0665197114308023
2.112260905993169
2.0677633299569833
2.049531465721215
2.175912570031508
1.9212268223284854
1.9682025930425733
2.074391374700109
2.0474945103521587
2.0207862782517956
2.135676953564991
1.973929408542123
1.9114272457453263
2.1377314315209257
1.78688660075371
1.7754241729969105
1.6590641967807402
1.6760211138340735
2.33844784871011
2.1528890328229426
2.120503153205657
1.9023244017182945
2.243131502464023
1.7229953783311551
1.702737135703318
2.265506329121134
1.7521569671611623
1.7360685534385667
1.5852869399331466
2.337981102107884
2.261382202438795
1.8345426053238019
2.147119512576229
1.8134678976442384
1.8243874065540722
1.9195858826478072
2.105105697454258
2.013299677487134
2.1151029810938016
2.09753693453381
2.0420299835691593
2.077454727995121
2.0860778935015687
1.9529272981183452
2.1241247579698554
2.0577645802842937
1.9637008069718693
1.97213405470795
2.2290798864453056
1.9701530775740894
2.083229518815609
1.74124864195991
1.6952242936506343
2.288619572434665
2.2492678284205008
1.9423080005706395
2.0909009323550802
1.958341392633381
2.0987079348093514
2.0824325096944745
2.013895909861716
2.1173317274892156
2.095413456717377
2.011618255643618
2.00800355416766
2.052494615333333
2.069369029301391
2.0393036241774607
2.0752008854611343
2.003033276497686
2.122633397927976
2.192202812824713
1.7376003412895449
1.9786219188991716
2.19321663763287
1.882427678421805
1.883618734401724
1.58558069159749
2.1761406260307843
2.2960370360973466
2.1384770628149536
2.2364203529719013
1.9641699578700973
2.0225032321159047
1.951847540633841
1.8817554114260384
1.6548654852774807
1.6454163021960435
1.711793114653702
1.7647035044958381
2.2677531471046453
1.9197672619110853
2.1608751887419473
2.123841156638145
2.1432406723035986
1.9463549732591112
2.038181249996667
2.0754905261318792
2.1344896161531435
2.238719756009687
2.3249826547399803
1.802567500136256
2.2342777892399837
2.2161064639889347
2.0142923941196815
2.076513034171477
2.0473567324336996
2.1392090905653443
2.0392726086790907
2.0967083276549823
2.1465610395323176
2.093510190624124
1.9772826022585381
2.1369696664805855
1.928244245486867
2.066152255817052
2.1265814823315607
1.6188757048625038
1.9165500826306634
2.1969640613132415
1.928374427247759
2.1596743163196774
2.1399546844833925
2.186203325590125
2.2239615346509822
1.9628074014843018
2.0724146595009274
2.0486931097099648
2.141875739870434
1.869084189454932
2.0132590138539936
1.993056577777182
2.2187700205148047
2.1179030065456277
1.9786130698657163
1.8772111971859398
1.9282428886994467
2.1406279105826287
1.8860593419342895
2.097910490412621
2.070770506719185
1.9635882786503782
1.9927408169984366
2.3470661071912295
1.6627471678035024
2.3428053118615475
2.407676626604531
2.0400807347674434
2.059065129437974
1.921096619560392
1.9739903053194718
2.1596784984185926
1.985333455269542
1.8996371694889327
1.7626176798796023
1.7787370045815278
1.7749672882972594
1.68614729450679
1.700646109560591
1.7325309446432569
1.8671267941473622
2.145524415240941
2.107203155057448
2.1066824823081403
1.8863872142745264
2.143816287865208
2.1742117273068016
2.1247356784670828
2.157119224578531
2.0728739078907394
1.9757207674898682
2.028511002614098
2.0732252490962897
1.6328347726661658
1.633612395622084
1.8018216118909536
1.4930476108307762
2.4559343571849643
2.0659673127591716
2.0143362973276475
2.0435510302010367
2.161515803426568
2.1108578297059952
2.0352088889867663
2.125932490843344
2.016417041242562
1.9482616095369913
1.9568400370360524
2.188976283910063
1.879912225929074
2.1283512079541334
2.0005932715653008
1.9968028637055897
2.1153412851659272
2.0296657929639994
1.9099096767624373
2.094593085434715
2.0256113759317302
2.165997498089461
1.933900519065703
2.1120093942268556
2.1737360349666894
2.023089288990304
2.067716955825897
2.0046345823900533
2.1128107743180453
2.0053611823114816
2.0966899087015127
2.096931214960619
1.9426441579274425
2.193986382947425
1.8579731991130715
2.158044676996348
1.9674379055139701
1.9142386531843096
2.0999123204281336
2.0537381342370256
2.0753863412932048
2.093241503457796
1.985800446636243
2.134640499281857
1.8838572987042046
1.9077261535090086
1.7737886413569302
1.9178722619606001
2.1571779348149214
1.8857912807940667
1.7853863213014194
2.1699416664826954
1.937106852867368
2.1990013527631063
2.34971703413505
1.8537760315707816
2.066964498705461
2.0170303305831436
2.0146592926077846
2.034056810983415
1.9917275886305517
2.08042367490538
2.1510225395249205
2.1002342158370073
2.0260249712175766
1.8890770041515632
1.7511087083332735
1.7918736506471922
2.261572750936258
1.9837843863497027
2.098781395189348
2.184133493936096
2.0209291273868826
2.0566933091742277
2.0499429708741244
2.0364566016823225
1.9990474524965596
2.3248571578803294
2.1389518893530073
2.2007099113048394
2.175110379204256
1.9644484730122482
1.9808182792966191
1.9387740793882131
2.200104603691113
1.8797313040086963
2.064937694788378
2.0736008410533366
2.0637478203832957
2.191197569334981
2.0844580973774716
2.0944300982034014
1.8172236260859649
1.8324908939523905
2.0309358156434256
2.0452599938030516
2.130420542886215
1.8909397150028886
2.2639800414907874
2.0787800372103917
2.0804735193244563
2.0844671966863397
1.9664868235360162
2.0255752664590925
2.022665629466277
2.0639348591672477
2.2109126280527764
2.2527554249670874
2.2655771505231406
1.6554181293556554
1.7345465979416155
1.8356118672689716
1.9493565357147713
2.1322710416471664
1.9806090219109846
2.0994810450423635
2.104259718785677
2.0607208217739665
1.9877404479889755
1.8914329514132702
2.2125424408422716
2.1403491079062587
2.0564123009298556
2.1606291125596253
1.9432908191114564
1.855231386281168
1.780018869199336
1.9509738000232757
2.109483947525503
2.0788569501419754
1.9475087735963783
1.8627384044610837
2.1998875405377194
1.8826840030823482
2.02742133870592
2.072858807523533
2.0602544092128494
2.039041467468714
1.9252236430135456
1.723190101253809
1.7783184577437183
1.748643444666046
1.6383085583827228
2.005734657069519
1.9704142467712862
2.0647241315831777
2.0287639699701407
1.5900898169358852
1.7309847679561827
2.2977412860268567
2.057687446121184
2.104492924509629
2.0682496559401904
2.1183895717169885
2.06340467374565
2.0754673348986388
2.0416430215163777
2.30662923192874
1.6457728819335238
1.9814558433460185
2.0360498880210245
2.1296118884811706
1.9286097378746494
2.0425128522815927
2.02611779102446
2.039967195277215
2.03273693178606
2.055566759914522
2.059070792281284
2.0209507143829293
2.2228007385330337
1.9345696449480612
2.0093434135193955
2.040108778141837
1.9935037744672555
1.7438874545054495
1.6190521748328541
1.6597982907345588
1.6835415071083102
1.745343603494771
1.7345175548985952
2.234346540109662
2.0035185987274846
1.905591278932331
1.9632865059903495
2.1082214935039
2.123893903724426
2.0615468994420136
2.03595602343935
2.121053088798963
2.033581445634477
2.236276580577062
2.2202535727330015
1.9592651895501147
2.1293072252249217
2.166756193972816
2.1461679111202034
1.960580233431574
2.1800373710723684
2.0204920782162827
2.066758187964989
2.0704830697175898
2.049508142081226
2.071895125851768
1.704168585834074
1.6415061924103018
1.6099979201806909
1.8693594814902748
2.142129654099226
-1.2798508410118212
-1.269606906487015
-0.9498552163581391
-1.3040285662305877
-1.185664571748635
-1.0577233576495733
-1.2245976660289488
-1.2263279955211452
-1.1563365018550542
-1.2355531257670944
-1.0987738013931985
-1.2390496610083754
-1.1743998923779313
-1.0976845330168108
-1.3428531839864084
-1.1511288800942765
-1.2323820802899983
-1.3054811776978195
-1.1215566555129701
-1.0970675256280118
-1.1968360800782571
-1.1320058494193532
-0.7696731304121869
-1.3514471687744316
-1.1236283863846364
-1.208086828611128
-1.0098935202784969
-1.0516432242078424
-1.0794284998611914
-1.2332268467497494
-1.020129130520086
-1.0200092002485563
-1.3531466981955034
-1.068162742218652
-1.2129082653362546
-1.1448936850858766
-1.3440305018381273
-1.2663601067836612
-1.0377590374816898
-1.275760078248977
-1.170652567917945
-1.2496021438562757
-1.3727045799166284
-0.9977397758611337
-1.2938102530634166
-1.1372660361220301
-1.1835134150922595
-1.1054174964185812
-1.2086685741549221
-1.2741782742252463
-1.0820611139080927
-1.1866519956102848
-1.211082257464572
-1.0404292776469668
-1.7719778710729126
-1.0255047570901215
-0.9940637908349165
-1.2891752625485071
-1.1473839682205789
-1.2598519392813274
-0.9453109612903552
-1.1680099022634964
-0.9943971359417512
-1.3601400532062622
-1.3026493682125666
-0.9891313757046325
-1.2886957220441422
-1.0201823453533472
-1.0016471108482836
-1.281705043062342
-1.1536436935959333
-1.165718514944401
-1.2791814609831185
-1.130187020909051
-1.4032124134118154
-0.8840842732298348
-1.4418803955198154
-1.3446603419760113
-1.1730010694848378
-1.144323845675221
-1.1828518871284543
-1.0776527920972727
-1.1538279993884997
-0.8395285334920177
-1.2766696519166145
-1.162419685605355
-1.3519511049759632
-1.0518320378270434
-1.1441616439873064
-1.2380832435112172
-1.0377283627803775
-1.3801326700747525
-1.0233144830365466
-1.0959302019494856
-1.2391658731585664
-0.9976830021521618
-1.2227547398868814
-1.084908839559279
-1.1638402844816111
-1.0776773105039814
-1.2461005546530524
-1.237258131461833
-1.1636704474999238
-1.4132566934116666
-1.2047539238974931
-1.1738323465070537
-1.2339985896236338
-1.0734719416669665
-1.314916740347469
-1.3113940211097128
-1.0497133303768151
-1.3177391231692501
-1.1139536813992048
-1.0702331099936668
-1.2889317197949661
-1.2531290230419607
-1.2013008219174979
-1.280393697426113
-0.9058262094918512
-1.2636577993365015
-1.1067756623647411
-1.346860308087319
-1.041771667936816
-1.3979689482355744
-0.9915857125649964
-0.9729800183457677
-1.4073979490041737
-0.9587975888581742
-1.2802768916387117
-0.9714568606279566
-1.3017740698296232
-1.0593242259370406
-1.3867906399068834
-1.0892149927900439
-1.5407300326332856
-1.1341623659893971
-0.975147095828784
-1.101744519728074
-1.0561383059124467
-1.0098707378394398
-1.218582021771136
-1.317522586177244
-0.9859595133137213
-1.2796518878506806
-1.0920261008793872
-1.0629468002855296
-1.0323289474748303
-0.8121373986068563
-1.423281368202226
-1.3412827964505283
-0.9784024843910989
-1.186752633524073
-1.2209525734335684
-1.0704346623269436
-1.2474000776257241
-1.2200660997592394
-1.0576581312428017
-1.2186853238293116
-1.1361026414628093
-1.190839116235479
-1.1773680320129918
-1.2764027367644692
-1.1954313609589604
-1.1861106107595247
-1.102132482197731
-0.9918576076243044
-1.23683932309902
-1.142479960727441
-1.227909433112063
-1.0251301069442371
-1.220754380767257
-1.2396864087532717
-0.7860401742501704
-1.2162643479774082
-1.083896467562417
-1.0775537632560586
-1.1885420874647952
-1.0899167154047917
-1.2797989710153803
-1.0922762073226526
-0.9553958542815927
-0.9569887239703502
-1.2394638665832285
-1.2066837627734706
-1.0793441651123499
-1.1445071630214472
-1.1232154160897463
-1.2158287521042355
-0.8964358211278354
-1.1995080459150709
-1.1655286486558585
-1.1999181983933267
-1.0964838923057385
-1.1058639075429155
-1.3775864631706838
-1.2477414706097965
-1.20380393791601
-1.1515921868635115
-1.2488993834381088
-1.2987812992701195
-0.9767346770758173
-1.0242733048447423
-1.1127213998523982
-1.2179543923247982
-1.0047317833497489
-1.2013491254377135
-1.1538824257583096
-1.4024849736221991
-1.2587683531455482
-1.0736033545609904
-1.3039948727690176
-1.0870827899187514
-1.2034587642369263
-1.1822600132631467
-1.1672824304223548
-1.1313049854636499
-0.9762647026927919
-1.5329761921295173
-1.143986973177779
-1.0135828813876149
-1.0121478410672706
-1.09113194073337
-1.2578309941566657
-1.3059976459001412
-1.058178198620818
-1.3039611947879943
-0.9891269875087352
-1.0410543174074292
-1.0375334452612213
-1.0609616398362711
-1.2532668436696452
-1.199170102738195
-1.1663659653118659
-1.2961537380436747
-1.1114568425735494
-1.0405473568699908
-1.0684557279031743
-0.9915345914869376
-1.391717208779902
-0.9832824597610157
-1.1604963042629455
-1.3332259175884356
-1.1745559359339561
-1.2077419203251887
-1.1800393968194731
-1.141422230153387
-1.1412286406959387
-1.0386682137836412
-1.0166921495301193
-1.1055045736018172
-1.0398534442989544
-1.0768946291097454
-0.9746504255494952
-0.8229179787260161
-1.1935289213487843
-1.148947085144705
-1.1355870880590795
-1.02335363409927
-0.8923884744648111
-1.3434844785139641
-1.0264140838781945
-1.2692247931475
-1.08206799380347
-1.3814100372781388
-1.0034401621536273
-1.1431176041206053
-1.1386958561881746
-1.2894038230391809
-1.2790517182133114
-1.2892650115288917
-1.1740082446445563
-1.1660764077369583
-1.1988727645916741
-1.2579308283244202
-1.2797319974870625
-1.0430195485470535
-1.2672025299368892
-1.2388174154443787
-1.0766778550954377
-0.970572698436512
-1.286527975426359
-1.0686857290745242
-1.1296531723957979
-1.2477733465618515
-1.1046497487729292
-0.7479979151302841
-1.0830259805869562
-0.5665861828145944
-0.6166741025877609
-1.3358412770605603
-1.3123656475120422
-1.255699164509549
-1.2488003177591254
-1.2630720077697055
-1.1444739947085458
-1.1927153442203022
-0.9144447007851649
-1.371921455077505
-1.2323679391023354
-1.1698978197392398
-1.1698978197392398
-1.1706613272227229
-1.2155207127916536
-1.22434831046846
-1.2974611245704373
-1.0853114976007145
-1.2354412381203148
-1.2925081826711544
-0.7806506089981541
-0.9817623878264071
-0.9158535282054506
-0.920318914672453
-1.1149046859479774
-1.3140635785645427
-1.1006215399375825
-1.1689438047764182
-1.1999802903612637
-1.2672305283268506
-1.223901608322206
-1.1176641204406426
-1.1176641204406426
-1.3203408758322657
-1.1232041616955337
-1.1255719333699439
-1.2259824918887694
-1.2645745523878444
-1.0137767367957047
-1.3002983522486398
-1.028553004089935
-1.162380892241828
-1.1138147863355792
-1.1269089678507296
-1.1732524807347287
-0.826680115620615
-0.8947801414986887
-1.4970007583593032
-0.9440178057076037
-1.0774919973529296
-1.1270536928658763
-1.1204466031743836
-1.2495489730070921
-1.0966427513612858
-0.9799274754973224
-1.187283875918331
-1.153539395579353
-1.0826488085547334
-1.1149065865586247
-1.227594189060151
-1.2722528944611267
-1.3103233815926796
-1.1364299675643703
-1.2926797857992298
-1.2502064578030179
-1.0496246794015227
-1.2635632558174221
-1.1370424163785386
-1.3241422903129958
-0.947506769034447
-1.3708585565057394
-0.5694368483724574
-1.1948180612279953
-1.033677852738556
-1.0375582678089539
-1.1024577025878477
-1.04577906312808
-1.3235272635623376
-0.9085294132869439
-0.7052385662036867
-0.6800260113039247
-0.833912074081166
-1.2986518159347007
-1.3586073603008766
-1.0068903475759303
-1.0877940743281242
-1.125687611720971
-1.023211708252693
-1.0599350350131596
-1.1684993809745174
-1.2729461182102626
-0.9915011685606113
-1.3794788982752666
-1.0579280808135683
-1.0586046603972499
-0.9643066466385746
-1.2018392959416
-1.1767616308506559
-1.5314627465147754
-0.8054751391677535
-1.3229168347982299
-1.3100458641630308
-1.2511381018969496
-0.8918543170137575
-1.4321787266015302
-1.4588154862361584
-0.6745590249355713
-1.5389088052058149
-1.0113679226742027
-1.4271348929500312
-1.4414439340644207
-0.8472971216156225
-1.005912793048099
-1.0282577333292682
-1.1156134245286669
-1.2111947917883132
-1.1176111298377913
-1.3435390613751432
-1.1121297463247777
-1.1589077263927203
-1.3576649737697286
-1.4089309744673144
-1.3811333545359914
-1.1718224508655946
-1.4571570236587794
-1.3332926169008745
-0.9778026533420965
-1.0419184364052507
-1.1231139642769825
-1.134214694568351
-1.2068258811648258
-1.1580675973875008
-1.133605369082915
-1.2116841099761018
-1.185631590569272
-1.0632048569211314
-0.9893266600054701
-1.2759575776293277
-1.1352259195357355
-0.9332065363646355
-1.0494845309220566
-1.1127319838735654
-1.2656030222259687
-1.1842168067346401
-1.1762226824302495
-1.2016292191578797
-1.3018727239888082
-1.019696699497583
-1.0696005304485277
-1.3422189905334647
-0.9818488284765626
-1.0167978705515182
-1.0111642539343404
-1.1747751877644912
-1.114288591845551
-1.018725469197714
-0.9838569602728809
-1.0483831549835927
-0.8188247881391221
-0.7815755895397312
-1.234058248838451
-1.0717061254441897
-1.0348493632844014
-0.9783741853209399
-1.348525897851833
-1.159561441691451
-0.8779347895337415
-1.4155917737360804
-1.151675546398426
-1.173041774994225
-1.30952581034954
-1.0644252907996432
-1.172740783243758
-1.0894488733107666
-1.1142961727369878
-1.2286954961274572
-1.1828016902134533
-0.9439361460677256
-1.495833539717694
-1.4888583465933487
-1.3913058508558052
-0.9758747715533448
-0.9428039366846952
-1.3433334994524553
-1.3027338102501549
-1.0370008582250527
-0.7096833632014288
-1.344323015416498
-1.2446777276366459
-0.8958814003742152
-1.0880308087334858
-1.1950842573350402
-0.9958509000916147
-1.025005283015784
-1.2889015430892403
-1.1406954581990403
-1.0466164172190138
-1.1049813866649933
-0.9593402979103021
-1.2050234746240793
-1.147413381912978
-1.3204470956278023
-1.0112764007633646
-1.2404848740315304
-1.0652717723599763
-1.2268115241842479
-1.2005766825103423
-1.3478521215010812
-1.2590952006495515
-1.2471374081747884
-1.1334838405250822
-1.0953244222610157
