0
2.3388924857169546
2.360192997497964
2.02721665334955
2.330732881938644
2.329164086252681
2.2525711330204983
2.223587141139646
2.389537669857702
2.2682027438768957
2.323333954256639
2.285288695753933
2.311504977931242
2.252968251666249
2.339376469882345
2.333088380910095
2.3255172187817656
2.431670334511957
2.1153379677515085
2.2717907724085267
2.0602082555820673
2.2529544407634967
2.3031363788756454
2.302025612106704
2.104266074635927
2.463340654529408
2.1706459964735627
2.49813725762221
2.110711795081803
2.4062668211488227
2.1467528637197355
2.3569422281499133
2.4652557936895354
2.423354099038461
1.8411352770161682
2.262070052840211
2.328318900033576
2.165058984248022
2.287361961933989
2.0761798860333314
2.0885623930310198
2.175316025936631
2.2763599936450887
2.283926827831427
2.320942102120157
2.451809693044135
2.4436465030063004
2.324961769059541
2.3853733822147816
2.3352628213223547
2.2149074514533664
2.4149830072434306
2.469747998431799
2.0216142054866095
2.0608855278371907
2.447319444211758
2.4302491090389267
2.15213894705587
2.4107002730768845
2.1895814601910857
2.3102220453406095
2.34782166429531
2.242599010770547
2.378838160938409
2.359293548348263
2.251642538830948
2.3065172073359266
2.1740116757947687
2.4207224596821133
2.2591745923638205
2.3381534511104483
2.269959904089376
2.3200538637454793
2.148263319871869
2.4416458625300828
2.4812546518035736
2.4202527211362947
1.9503089071213016
1.8359228204927085
2.0782507333753375
2.0654260880305175
2.262378841501422
2.3215213148884115
2.334653210721973
2.435168191824728
2.413610466957212
2.303485021358352
2.1643117016802216
2.450570767976718
2.0151388706256648
2.5193970346895855
2.2166990363761268
2.223412349233266
2.1743568648991487
2.259790948461209
2.341508466536953
2.1732010863242093
2.3845499490403097
2.2650904932279428
2.367398342199562
2.37509911616179
2.3010604787000464
2.3400767413722647
2.501250742177422
2.4641377227761643
2.096374010146191
2.3489820218499435
2.338633239906817
2.333761352871058
2.335847683089136
2.1884460636265626
2.2007282857383768
2.5536451532898568
2.451946975633915
2.127736429324696
2.1299863141115503
2.4540273916815014
2.157580891699036
2.365765084833786
2.36196213195567
2.4299284182567478
2.2204578525755436
2.215644606735652
2.243892910310582
2.289932997702244
2.1900242854574796
2.182464594369262
2.178349903007005
2.215948125735923
2.280792802102256
2.296494599318341
2.329968205656171
2.3745829302138275
2.209349863668516
2.5484303661381285
2.4456416659143696
2.2700233782862655
2.339639046978347
2.2552666507758845
2.3916911703916086
2.2653599339653856
2.3378382628994694
2.378308043863657
2.328506229870102
2.3969007451103406
1.941717239277231
2.0889221418636827
2.3796977642787422
2.20141885532936
2.358588840178235
2.3858481569032253
2.335700852297878
2.5051086036723773
2.129169624745309
2.3706134298165695
2.2104879301989335
2.3284131133509747
1.9096981375786701
1.9152092430515197
2.1916251052014863
2.1917769484370977
2.1956043789561184
2.131163369481686
2.3421316202399467
2.4683962271349094
2.343501355257143
2.192934750907133
2.057185284425203
2.212147652507442
2.3920212897163893
2.2442705404606698
2.3912825931846764
2.3691486235458967
2.3077780967574384
2.268698845410058
2.313672919514742
2.3148505002719126
2.3272993015673253
2.28068689717603
2.149987365527018
2.1418514262828383
2.281653517888296
2.28477819796266
2.26288815938565
2.347898365783471
2.1776556954925033
2.365887748665433
2.3800399223694035
2.112596647464944
2.2278770684083407
2.233308080667822
2.249594397526684
2.378883899340687
2.291826217154627
2.3320094445795743
2.398195313994499
2.232849493168402
2.388995149866691
2.2030996301137638
2.2896255786542765
2.5589653869160687
2.1595820490199387
2.3945764608934645
2.3975118450840553
2.4692641681173515
2.545573165235179
2.4235021622879223
2.1156959190111313
2.3132358760523646
2.2710188560782023
2.2835391468392885
2.258823923020593
2.237477915711109
2.278531733950436
2.262063263203974
2.215913709209504
2.1408589914427094
2.383680355551368
2.411695137423259
2.46568708504624
2.3622884510344195
2.3257177482269427
1.9519442359124966
2.435415506622333
2.1649024583340877
2.150890194063372
2.1140401424968642
2.226213451138293
2.1827803250733835
2.295812631910339
2.2026940355510383
2.3488846313331253
2.3104259232491087
2.265904160380905
2.422688490170108
2.18799667304189
2.417966732320802
2.5089764272042365
2.463309006440088
2.2370247840180006
2.409594993416258
2.3202030392013127
2.486854704110514
2.1588715954837863
2.2296755281556457
2.209781639756741
2.339475411615283
2.30607998303436
2.1399704921248435
2.452907790495375
2.2855671000747617
2.4069298705725406
2.4657778734377684
2.222604257831065
2.4128025743701564
2.3401075732142504
2.329753666668969
2.130637670062355
2.270202079680901
2.287619294962061
2.2338418576027697
2.3738838087067506
2.3851896639865133
2.2462629021970697
2.330553751605161
2.402737002913182
2.4534057327471706
2.200015776756368
2.355699479245467
2.36699442665237
2.130019423048266
2.0640798557582953
2.4652371636778283
2.4682847650563984
2.258090259307142
2.314006528643629
2.342027029824212
2.3160437134746967
2.260448442557974
2.258382434944543
2.3886481925650718
2.3085809210372847
2.215716403890093
2.1358722783986726
2.2978360331656247
2.24199444157313
2.3469034025732403
2.2355607112387834
2.4241520001969037
2.1991599315465877
2.1975415722334675
2.358145791219028
2.1170087180000086
2.0535240588029064
2.228588901222051
2.3009780929488937
2.266113858768978
2.3207827271869395
2.277004355676756
2.3287079415927683
2.218954073551566
2.3276134177137178
2.199749029173431
2.353652074396639
2.1341498871996003
2.407866452666911
2.143202810383575
2.313813233147669
2.34746169362135
2.146720688979916
2.3562218146051737
2.3440300938702934
2.2035208583829666
2.2084126782650544
2.1516982119396175
2.0784743602887183
2.4488013214184448
2.2231669257352173
2.350917452150966
2.192239591992964
2.3132893025938674
2.2740782445063044
2.2960098719128585
2.2211319904139555
2.453069572618836
2.0294640107786144
2.072237502693212
2.5100096284066784
2.147929487476625
2.135993397357091
2.173618972461207
2.255777058322509
2.3312006820943294
2.3302103603805167
2.141824619035894
2.465079460863331
2.109902463454142
2.5120564920835213
1.9992826180841115
2.462310369760598
1.8619845884178485
1.8470196820341904
2.021854343006598
2.1906564305150797
2.363637179514008
2.426683942837084
2.2629787453799146
2.2563181262293464
2.285658298379518
2.3461490247698484
2.118403578396666
2.4870769307507072
2.2129508335532555
2.358040824155526
2.240475718717109
2.3564240049570375
2.4432042955960873
2.14710340070431
2.216816942196459
2.3288065526782757
2.3575379710719657
2.1886006378496563
2.2564353976044207
2.322915839606372
2.421777598247017
2.3741274144964906
2.337232056040498
2.344673785298891
2.3539525766144602
2.1563738789392475
2.2731288805407157
2.2333467925881467
2.2813063492973917
2.3749178379528297
2.489195201426963
2.365036044380202
2.2823533995975622
2.0770583733534735
2.5092314095425112
2.2956773047409613
2.3026056921774076
2.386484888430595
2.3798429048714596
2.3779457097069656
2.24217983549101
2.3340555986228524
2.311054140820717
2.29755846446358
2.3344838120134614
2.5053871472586495
2.201171771069452
2.3415951013352214
2.303840094518314
2.4611849875530356
2.443234182167718
2.1135805093463236
2.1239193044748563
2.3421167690318887
2.2224401244894043
2.1826273688139968
2.0530662744300003
1.8595154422584081
2.44815983989609
2.2296305989725784
2.307989405327206
2.2411714199972104
2.3291448178322685
2.149889885644509
2.23080298777706
2.2982910103229206
2.3126704635758095
2.3083160211380607
2.3778898345117683
2.3497742269471704
2.3349843909300083
2.338390533597113
2.2712091928496334
2.3783581861860386
2.2022386258539024
2.3679312694363563
2.353908024358184
2.2526756106249035
2.2815461007984825
2.394077070271287
2.213029621817598
2.265706150218081
2.3969610622144684
2.2570807472836996
2.399310010817383
2.3006940261919477
2.23801369590276
2.3667957184754065
2.3598358288689383
2.0962434579898135
2.27391484826052
2.354404564799741
2.223207821833459
2.3166756430196696
2.309806184441414
2.283296458444954
2.430922797365695
2.443683304663542
2.2481221073738324
2.3173506276484943
2.3881976339533884
2.4225824268322294
2.358131466110332
2.217046418133676
2.2212390901430954
2.3635105302817596
2.212257550363413
2.217116363372767
2.355180483748733
2.3960862956848112
2.3929887372676424
2.3982776287249514
2.193782416312714
2.2196651159082417
2.161933497769623
2.4409529855027126
2.345128576344075
2.2269748413514017
2.409641102972261
2.43151889977407
2.3020829032677637
2.26431715578844
2.2609860252255336
2.262410511852011
2.213645629995032
2.284405423437475
2.2770952349133142
2.3264665285719173
2.114920672233317
2.333993438621052
2.2157827879523895
2.357053364203171
2.2109518076282915
2.2947347481640716
2.4955343791794102
2.3099879525500726
2.228819865017814
2.2286117973483486
2.35433415914442
2.216249730174239
2.1528973051779388
2.267693995452363
2.3849607888758455
2.405374229453668
2.275730114005596
2.3442656700392854
2.385891596707165
2.401142809045817
2.168820510703026
2.141823548217241
2.0961455122042967
2.1151274591900373
2.1120461516260036
2.1138700315590704
2.1128857403864028
2.2734700157552092
2.3011858681808812
2.2820616960600253
2.218218913694517
2.2258660901014253
2.2578461172562716
2.251669040090682
2.389203459175672
2.1910308840511425
2.4251894221684465
2.3647249404256754
2.0098964730098907
1.995640784003928
2.3523356867488086
2.198151307940451
2.215295086195019
2.299878142878452
2.2200235946832363
2.2778220790820933
2.367476533296156
2.070046959606128
2.102118214042327
2.486335017760773
2.2396093868147164
2.2463147700727415
2.3472539045026495
2.2666543072242757
2.329491552310157
2.3577463046033613
2.6690443135351583
2.3126764407344713
2.1270902380875305
2.4972348798150783
2.311715522800616
2.212672865211803
2.413605710809742
2.219313236355108
2.37103044997601
2.3031274325047484
2.3096234029270932
2.3214068410223674
2.2433500947451734
2.267304136175393
2.2591860786495332
2.336968257293377
2.2411196136973603
2.241207031150611
2.1746731017891507
2.5273458740786023
2.468363071837154
2.1901640129261613
2.3251660448886033
2.277383925372252
2.307110359539139
2.3279646487394747
2.1250199371010026
2.387198633849407
2.1751760435029333
2.219748086791068
2.217960367805295
2.152294157950547
2.5205564872353943
2.288884275129084
2.300352610970686
2.2334325194286397
2.4041114712013467
2.4098397964689755
2.4384673666942076
2.35069875058908
2.2677976559252997
2.2281202737356653
2.1866018143780974
2.236394719407384
2.180359421954994
2.168439434051553
2.0872832233168235
2.0616661359854818
2.3420870360952906
2.292932323392404
2.285647156092978
2.274143706266438
2.3609480466244115
1.9609535175745458
1.8795726932990646
2.1588804253043743
2.545202690680474
2.5138022207341604
2.397385795984957
2.2798504145482297
2.279929091354148
2.3596592061764596
2.4787637582223465
2.1961413321114738
2.2970695656930578
2.283521071923663
2.254775126554445
2.192913555100902
2.174182981878278
2.3027325867810022
2.1972697433423596
2.188945212271382
2.2341099202210213
2.323242891607525
2.34822472972908
2.288182991115454
2.3794636050495814
2.1606220185653657
2.4578326497759555
2.3732267849480926
2.3123407672092533
2.2817229670730854
2.232556462517914
2.315752814014748
2.222850435945342
2.180282769662191
2.175325409824142
2.2941910244056176
2.3620808383890015
2.1452988213109485
2.23131999725712
2.2197836724297115
2.2444704404000966
2.304304424753455
2.324113722615135
2.3272901383066023
2.369581213700428
2.1252108742960742
2.3070549714020157
2.2614405743606594
2.390986899202029
2.1915659099339115
2.210715451931509
2.485663681120945
2.1803311115197013
2.3960463373453353
2.1302645204517456
2.2687177098134996
2.1959908209567462
2.295051209660772
2.298195505805533
2.3842904954798128
2.3048672882186727
2.2808758680238483
2.1785419000199293
2.3908501666452984
2.3765961081550104
2.2930809038777906
2.163834336416409
2.127725696715153
2.3853158150179703
2.133482555860777
2.396416923652462
2.228228649982166
2.4023419311249232
2.1279224354441575
2.2522438589963185
2.326060325131329
2.3583441455109777
2.3222805016211594
2.3899175546880924
2.2818335522188105
2.3329721484148904
2.240759365920643
2.3412295577386053
2.460626850972174
2.1399674207573716
2.5018670294497194
2.0526543122578293
1.7465203894416825
1.830495940383394
1.9573455417625893
2.2066814338594978
2.3054750191235778
2.3555531670686194
2.238013337127291
2.224364830257784
2.373865352105445
2.3144870978476506
2.3441738888697037
2.366605961422725
2.3447870460551985
2.187757981544134
2.3535778630965547
2.1439380001727804
2.185019421714388
2.20868997548555
2.219283681431304
2.5814890198533256
2.2453938387527486
2.3258989418204044
2.2045154931958835
2.17817700597379
2.272786029172358
2.300125241359063
2.30272732158435
2.309935190776637
2.260118025529121
2.2585461011658152
1.9533038378993628
2.60596507343871
2.008527381967672
2.468440826202861
2.2496782243315954
2.288291601133429
2.2336593184078284
2.1265642806876093
2.4618695012313156
2.4112553926305003
2.1317336423575495
1.8293953261846023
2.2685508575078943
2.3537729479937783
2.195133273981386
2.4392066735257423
2.217688474593879
2.597661308244034
2.0539295616984776
2.3529282642156906
2.269307105576953
2.488216466358634
2.330940873830788
2.335997152790975
2.220052107070734
2.3196022290515166
2.1050730238908937
1.8572907740731155
2.150802549042003
2.397962736140505
2.3001938978639815
2.3335311667704155
2.1711913145358737
2.3219970828030436
2.3088385794181763
2.1225957296113576
2.4661296232139605
2.4502530943690086
2.4016732050633887
2.2932940064359992
2.4344687884719205
2.175196208264229
2.1569894310812914
2.4014648659665268
2.2952947936099943
2.238563017035383
2.3315146423343265
2.1803683087471293
2.2998349478369327
2.276148417426186
2.3088870065676956
2.3392276236515217
2.1328487236745817
2.3514464506858817
2.225282256898414
2.3608070669872974
2.2845819169689014
2.2919075453129687
2.2759326937502595
2.2582821350378617
2.327658279241921
2.1994816797289065
2.3048668221207205
2.3226842376546446
2.336666746319644
2.2191209859608736
2.084719990555324
2.1820404977419785
2.366871914524013
2.3167959937797598
2.3190484522247417
2.2663949302110575
2.5173149513854676
2.1912033029373
2.3682360673989598
2.3559098100022937
2.2690541743846957
2.3665556616312733
2.3543262249451606
2.3766772155111524
2.201582849354697
2.5076591625358713
2.438597028673355
2.4545297856240023
2.370765201402983
2.1266472466098145
2.1708841898007565
2.3445887875390787
2.2415162768318595
2.2497537596700177
2.4226382498067216
2.283037094755747
1.9801673229543275
1.9243903532756228
2.1430773721823324
2.2076223367362604
2.197212968079125
2.195257143215991
2.064699272328527
2.304809665622395
2.3693065484337117
2.4993050616736667
2.333886488397349
2.3142000662442848
2.2099906404592993
2.456876994301387
2.1574701177273163
2.479843703088522
2.4979907619339374
2.2672447690878825
2.34774098918583
2.364308610805535
2.5669357879671932
2.2154485528351366
2.2933203334369963
2.196177940317203
2.317702026426707
2.302281346651757
2.051457498400991
2.2505007787734304
2.3074643747951264
2.2391233289208676
2.4350235354127476
2.295692943857731
2.2473516918006533
2.2889097811411028
2.288227575768826
2.2474649677440457
2.293485529156367
2.171641776613455
2.159056833662957
2.217886709054701
2.2713124455711284
2.3577471209541807
2.078444897696409
2.003910515441042
2.3094524846271183
2.305042812955977
2.1909845138510713
2.1918910406707686
2.3719810363961846
2.3220593164630148
2.3555765968012117
2.439971291679008
2.1409426517813643
2.426371785408596
2.2575832054387117
2.186379414587263
2.332894147054654
2.3275565481760507
2.2053039447715888
2.3111114921756037
2.253304592899575
2.3422689093864357
2.166720570474848
2.0887545719183067
2.3015258394854055
2.3015258394854055
2.2611738950608737
2.30034545247455
2.2533550827046174
2.3181333237494566
2.278488608466924
2.223174754089883
2.42741859239244
2.1811371328134137
2.386786752249455
1.9505893679197508
2.150173049074359
2.2677303741637735
2.3917516075423646
2.2326631649803748
2.408120796460107
2.6036557514171337
2.0944431881445835
2.519875387247451
2.403526459799134
2.2193399133246885
2.44836534530294
2.251340282181225
2.3169162185315626
2.2890190778613344
2.2057956060439334
2.3932057752584526
2.335015926496504
2.286514042279789
2.303987281776981
2.3122790859416846
2.2597163724326386
2.1951690888729467
2.3847309664507153
2.1721258283865117
2.459130797478358
2.1002112422819486
2.3216351724898048
2.3065645776638517
2.1794376535978013
2.2658348329722724
2.37758034704707
2.20334412003016
2.361790120489328
2.21963932043445
2.2859488221218656
2.32429975340846
2.349833483661341
2.251261747830539
2.1917754499687967
2.286461528407493
2.1981730824673225
2.2437142671477823
2.2629035939244484
2.1763155041620985
2.265148162392149
2.2982391109987144
2.172258489180942
2.4375604373685786
2.505364026474095
2.497320113835322
2.449033341104151
2.2941165470080964
2.2945169584237917
2.3225478296811155
2.286995370615611
2.4789003655190367
2.6053085278498656
2.528612535276457
2.318968166119699
2.3821962739491114
2.209177622283572
2.372768942964702
2.2281550652472872
2.0907900619822737
1.9952620903903657
1.9977752497996906
2.3609531576527214
2.179959678693409
2.361834148372562
2.40036314595207
2.324256806767722
2.239323926975663
2.2054463869847143
2.350700047099476
2.16197876170184
2.318349615390697
2.2508599495992447
2.335551440617996
2.1208388207647126
2.2973779968949843
2.3356598086022506
2.440643103000036
2.0912604740721346
2.192794954458973
2.2572543186257548
2.269319579342903
2.0597471726052934
2.503379488209549
2.5175084560116696
2.3649457146110384
2.464173470214166
2.363036168634969
2.2568244933057944
2.3832510208711484
2.1377111666589337
2.255288140585099
2.3268448276566263
2.3365955366307922
2.2488549861431353
2.3212149318253754
2.4429391257546076
2.498428086410894
2.2764614330439183
2.2665982357748904
2.277249052063587
2.4154735798587503
2.1562994104793716
2.220197660559176
2.4142836721456717
2.3556340297129204
2.2433714061731456
2.421372117877692
2.1995406885683173
2.287256246451343
2.2570923757771375
2.336559022888025
2.267270710136031
2.3354560291432387
2.2726217027274607
2.491599056540579
2.1963267376500095
1.8021664947903153
2.025081617033994
2.2769853703289
2.1982038288390693
2.3837367067141635
2.1305771390804895
2.450630115847853
2.258091866489152
2.258027627355753
2.2812358087169278
2.3558978876941645
2.360179790577867
2.277509842602779
2.125346577902609
2.291512134855369
2.1770807310611677
2.160406770614881
2.180513023347196
1.844184095192041
2.2508237246958216
2.3021650906378803
2.2786963105082974
2.257251240010287
2.2187606875515655
2.3343786224085457
2.1737921387885635
2.149677324136584
2.48137204738184
2.13894660197679
2.0842427523510145
2.114185516491024
2.2526952788124976
2.1646911782887717
2.258775392415007
2.475324492318462
2.6075103570394154
2.4309824221949574
2.2823861684536197
2.3208659441691664
2.210745746685366
2.371904161661016
2.405130461166018
2.193217467982275
2.372547527930142
2.1393208139151225
2.3461172726291846
2.312523264619834
2.283624045339442
2.327917580126618
2.1522166375219896
2.3405804567043536
2.2175703384821546
2.2903946930663746
2.1910729417225214
2.368768820854932
2.3698133976352547
2.225152180224062
2.385718743188907
2.4359603100674
2.1769207296219832
2.350426719382407
2.269086152299168
2.1879554193213395
2.2955401637089543
2.2841402881120394
2.2485809425422425
2.296337816307125
2.3546218117130064
2.2293407425253333
2.247792452290034
2.34282023224608
2.4223842255499877
2.180582883802243
2.454142558292196
2.5241845618734122
2.4805342500087377
2.3210841348292983
2.423480521244525
2.1565023138446344
2.421621196861051
2.5178841228638427
2.415784998573593
2.2972168354673195
2.0438263929630778
2.503937568804116
2.135136577339976
2.4619907172350266
2.307215305968254
2.2551450954818284
2.386365216794436
2.1857740090350086
2.524406718544821
2.579959843329204
2.7175053856245035
1.9850720559248012
1.9781862043768148
1.836338953884163
1.7501313853865355
1.9133229868937034
2.3261434732837802
2.2106787473715257
2.2655483400346057
2.2874096817666407
2.307197095637861
2.4576443772381746
2.2093262859511125
2.3630213906833353
2.324867634226927
2.323415625883868
2.323415625883868
2.317712064727023
2.1857747813959274
2.3572793812641475
2.2942350013225146
2.219970117716829
2.2401359599183617
2.1404475118523685
2.2840726202125152
2.42840741879359
2.2347261891845047
2.357252747331122
2.1475543479093355
1.651220979100346
2.2738157628526072
2.2849383652517363
2.0614328475007473
2.1781990659836112
2.4660288324361135
2.149660134751488
2.3022777894973454
2.3532373500200467
2.303663285747682
2.283351446543362
2.424150688794131
2.1404092190201913
2.1927442018230816
2.311047488335001
2.281082105932462
2.2513268758123326
2.37932480805116
2.1991243587875817
2.12949166164627
2.3816136703062827
1.9907428467823896
1.9779727325210907
1.8483378747710786
1.8672293149515393
2.605228739993759
2.3985005205147076
2.3624199107224166
2.119350323284593
2.499038266356095
1.9195626197012559
1.8969932235332294
2.52396571619922
1.9520510967762192
1.9341272427830092
1.7661437689656942
2.6047087447913495
2.5193710901671995
2.0438356676497698
2.3920727868489746
2.0203566603398353
2.0325219170737876
2.138581073389722
2.3452658423652997
2.2429861691817723
2.3564036621263753
2.3368336001421404
2.274994160788255
2.314460323070367
2.3240672589785216
2.1757262309624394
2.3664546848234482
2.292523832701653
2.187728831281818
2.1971241827264283
2.483383577321438
2.194917206605387
2.3208939286011834
1.9398982996397869
1.8886232818877564
2.5497158246688594
2.505874652614871
2.1638954350842723
2.3294405322983462
2.181757990293482
2.338138193517641
2.3200059930119585
2.2436504224892957
2.3588866741664742
2.334467866204921
2.2411129229970452
2.237085839743143
2.286652645898588
2.3054521706621554
2.271956765771418
2.3119493518087237
2.231548529925133
2.3647931835652845
2.4422993974470706
1.9358337840407682
2.2043522123194212
2.443428884054603
2.0971836902368177
2.09851062736374
1.7664710331716462
2.4244047624712373
2.557979506718701
2.3824443666494624
2.4915614780475965
2.188251505073381
2.2532397076740684
2.174523289775444
2.096434727928641
1.8436601549385547
1.8331329655694173
1.9070823502346577
1.9660290008247239
2.526468861517345
2.138783145233998
2.4073977738503927
2.3661387289467846
2.3877514306290033
2.1684041050397695
2.2707063459793138
2.31227203602001
2.3780020137236657
2.4941232075649653
2.5902273747334976
2.0082126953244015
2.4891744807858274
2.4689300871321826
2.244092139495889
2.3134111964819826
2.28092860967506
2.383259907494148
2.2719222118822717
2.3359104619776225
2.39145060063032
2.332347466757598
2.2028601002733668
2.3807649996047693
2.148227222104159
2.301868412856279
2.369191683605306
1.8035644947617064
2.135198935336954
2.4476038310727377
2.1483722555993836
2.4060599003762038
2.3840905621973247
2.435615461101261
2.4776813004015894
2.1867335019850955
2.3088452603697585
2.282417447020533
2.3862307804229315
2.0823179146466275
2.2429408664542443
2.2204336435053857
2.4718975144432607
2.3595231273664643
2.204342353747509
2.091372088817179
2.1482257105281866
2.3848405930279077
2.1012296706344262
2.3372497729945767
2.3070135350728704
2.187603465211596
2.2200818592839826
2.6148302090605555
1.8524410160758362
2.6100833225930034
2.682355455436515
2.2728225327134917
2.293972754487448
2.1402641621211673
2.199192202949516
2.406064559588208
2.21182943164302
2.1163565192368217
1.963705215738047
1.9816635071773503
1.9774637243124829
1.8785107369124703
1.8946636435059836
1.9301860472975167
2.0801372106751352
2.3902957134696083
2.3476025875836135
2.3470225140911145
2.1015949481599887
2.3883927150626585
2.4222558061047184
2.3671353019422376
2.403213312011607
2.3093569019291778
2.2011200842072807
2.259932872276312
2.309748325756204
1.8191160772550605
1.8199824150161334
2.0073817127157634
1.6633813527468375
2.7361186499864254
2.3016623706433137
2.2441410513838465
2.276688735419211
2.4081114728061155
2.351674204333576
2.2673948843476586
2.3684686521816865
2.2464591761394157
2.1705282591578903
2.1800853531409072
2.438704771266502
2.0943812633485006
2.371163307670548
2.2288301580020295
2.2246073229715777
2.3566691530236397
2.261219406423264
2.1278009614105016
2.333553903191277
2.256702442838973
2.413104459819311
2.154528789401022
2.352957144634065
2.42172584459348
2.253892624613524
2.3036116210423243
2.2333325201623406
2.353849949853723
2.234142013946359
2.335889941705184
2.3361587772927344
2.1642699428192156
2.4442864454567355
2.0699393313977534
2.4042443442998502
2.191892275222396
2.1326238073829864
2.339479980989967
2.288038031161044
2.3121559652955184
2.332048126522933
2.2123496995337617
2.378170110294013
2.098776408179636
2.125368331776527
1.9761506119054881
2.1366719549690476
2.403278720181928
2.100931027845805
1.9890714085464307
2.417498597092502
2.1581009165171854
2.4498735461060916
2.617783565948747
2.0652633316683717
2.3027733201510494
2.2471424323501097
2.244500895451851
2.266111371984233
2.218953037161374
2.3177679811061833
2.3964210890723106
2.3398385997083326
2.2571632229782463
2.1045916016436514
1.9508832477575317
1.9962988422763446
2.5195833773140897
2.2101036378125425
2.338220034595826
2.4333094935275135
2.2514860218340913
2.291330346053743
2.283809898097715
2.2687849418490527
2.227107984780618
2.590087560614606
2.3829733635839596
2.4517770248684427
2.42325698034591
2.188561794504576
2.2067991436178764
2.15995834791151
2.4511026609767326
2.094179701022908
2.3005152891164773
2.310166766972051
2.2991896683638857
2.4411794711542587
2.3222626690588637
2.333372321626606
2.0245408595647163
2.041549887603864
2.2626343191341505
2.2785926654529844
2.3734687218540227
2.1066668191204267
2.522265302652572
2.315936829659516
2.317823512005954
2.322272806458759
2.190832689435857
2.2566622138315333
2.253420632061466
2.2993980453929965
2.4631437144922472
2.5097601302241674
2.5240446172326623
1.8442758471962384
1.9324316555994696
2.045026915918007
2.171748099552491
2.3755303340289586
2.206566013186761
2.3389995037236124
2.3443233505573153
2.2958173358240366
2.214511025168008
2.107216326210203
2.464959463824585
2.384529983259267
2.2910172790957533
2.4071236241648366
2.164990378086806
2.066884719941142
1.9830916128094416
2.173549868815383
2.350143583351817
2.316022517172261
2.1696895362288897
2.0752481732996424
2.4508608342599527
2.0974692575941503
2.258718894495245
2.309340078842594
2.2952977127716827
2.271664701018986
2.144862015400946
1.9197795575109715
1.9811972105902802
1.9481367354668828
1.8252143376345715
2.234558096423391
2.1952081711864073
2.300277361638086
2.260214699312398
1.771494580278032
1.9284634756590278
2.55987818532252
2.292437898718272
2.344583161463385
2.304205094036952
2.3600652021315733
2.298807373978779
2.312246199024164
2.2745630523238307
2.5697801089920462
1.833530225564202
2.2075094439078735
2.2683318284217227
2.3725678124333114
2.1486344115454052
2.275532117385392
2.2572666320958223
2.27269604011575
2.264640914894431
2.2900752748705124
2.2939790633739814
2.251510071573983
2.4763880753209357
2.1552742522431183
2.238578556415279
2.272853775405082
2.2209318584517024
1.9428381600633955
1.8037610972383262
1.8491557175411872
1.875607669296668
1.944460433230097
1.9323992991924557
2.4892510750710857
2.232089219948187
2.122989900884211
2.187267264937861
2.3487371027660666
2.3661974936633916
2.296737656233769
2.2682272553366394
2.363032585498815
2.2655817747688265
2.4914013034363647
2.4735503171252873
2.1827871782134607
2.372228391790838
2.4139497112202872
2.3910126223199155
2.1842522483522795
2.428746066118596
2.250999112082965
2.3025434725319363
2.306693305935451
2.283325462035196
2.3082664559311947
1.898587980081925
1.828776772466388
1.7936738915509942
2.0826246132641577
2.386513662355367
-1.4258621143714558
-1.4144495046571273
-1.058219070335137
-1.4527981457404455
-1.3209306420991134
-1.1783933055558042
-1.3643054029311366
-1.3662331363741618
-1.2882566910347575
-1.3765107119293274
-1.2241269728212003
-1.3804061480007417
-1.3083808362697638
-1.2229134356960099
-1.4960520545468912
-1.2824549598198927
-1.3729778989921841
-1.454416477808259
-1.2495089997775226
-1.2222260372650486
-1.333376647506275
-1.2611502858082089
-0.8574809828907879
-1.5056264806659843
-1.251817083240395
-1.345910933203707
-1.1251068202415864
-1.1716195225124355
-1.2025746702702453
-1.3739190402969774
-1.1365101560001627
-1.1363765435313808
-1.50751990022404
-1.190023663154847
-1.3512824216169679
-1.2755084250727915
-1.497363686236731
-1.4108322951030008
-1.1561513638744891
-1.4213046585683955
-1.3042059997915318
-1.392162506650692
-1.5293090350903058
-1.111566520733894
-1.4414140803861315
-1.2670105788154298
-1.3185340715925231
-1.2315286111469932
-1.3465590469561226
-1.4195423950627397
-1.2055076250419676
-1.3220307158186726
-1.349248094364647
-1.1591262373253135
-1.974133260614951
-1.1424990587860238
-1.1074711624203144
-1.4362503088247083
-1.2782828111668951
-1.4035816459037358
-1.0531563857381796
-1.3012618466786192
-1.107842537070872
-1.5153110893553512
-1.4512616024659513
-1.1019760346747527
-1.435716060132931
-1.1365694418264782
-1.1159196224765398
-1.4279278523242762
-1.2852566748180931
-1.2987090473500142
-1.4251163683888304
-1.2591239569718513
-1.5632973426167902
-0.9849446753603383
-1.6063767460599305
-1.4980653814358444
-1.3068224292241424
-1.2748735757599705
-1.3177970734744913
-1.200596381593445
-1.285462007063585
-0.9353058118036112
-1.4223180005855705
-1.2950338723799342
-1.5061879082283212
-1.1718298768581679
-1.2746928693571042
-1.379329477148399
-1.156117189662097
-1.5375845559550898
-1.1400589081895571
-1.2209589624677184
-1.3805356181677932
-1.1115032700189504
-1.3622522272942934
-1.2086802323396588
-1.2966165397130829
-1.2006236971728161
-1.3882614400381006
-1.3784102325195497
-1.2964273269469955
-1.5744875202992181
-1.342197795383502
-1.307748542154293
-1.3747788271492
-1.1959385605072672
-1.464928492864074
-1.461003885605377
-1.1694694575124818
-1.4680728661057627
-1.2410386433906844
-1.1923302280127297
-1.4359789815931465
-1.3960917484433197
-1.3383507476396854
-1.4264669023435215
-1.00916703175976
-1.4078216959872143
-1.2330417229140862
-1.5005163298045892
-1.16062177367663
-1.5574556788046876
-1.1047103735781296
-1.0839820561456037
-1.5679603833698665
-1.0681816298395843
-1.4263367708143948
-1.0822851295863163
-1.4502864460156708
-1.1801768082641306
-1.5450020976232723
-1.2134776513463705
-1.7165036046460724
-1.2635528277120833
-1.0863963638
-1.2274366043739044
-1.1766274238226635
-1.125081438677045
-1.3576034662945435
-1.4678316255772823
-1.0984423116265072
-1.4256404637181808
-1.2166094635822629
-1.18421266256409
-1.15010178421231
-0.9047897702065191
-1.5856558561198617
-1.4943025099745546
-1.0900231420696407
-1.3221428349687656
-1.3602444613990594
-1.1925547743636586
-1.389709218571436
-1.3592568547287274
-1.1783206378203994
-1.357718553526875
-1.2657144587399578
-1.3266955224324244
-1.3116875949327118
-1.4220206345246202
-1.3318116715658326
-1.321427567292878
-1.2278688273873648
-1.1050132876769676
-1.3779436445715003
-1.272819331932447
-1.3679949916426632
-1.1420816668274907
-1.3600236580013632
-1.3811155388584617
-0.8757152544051057
-1.3550213816093193
-1.2075523642868202
-1.2004860550863299
-1.324136438049474
-1.214259429706086
-1.4258043268071336
-1.2168881033194765
-1.0643918097289373
-1.0661664013216066
-1.3808676080536002
-1.344347799158881
-1.2024807142251774
-1.2750778067926152
-1.251356999393922
-1.3545360909544781
-0.9987053446799599
-1.336353443501186
-1.298497520241578
-1.3368103880615365
-1.221575820367698
-1.2320259509066163
-1.534747866050669
-1.3900895592381
-1.3411394306297546
-1.2829711227573344
-1.3913795720901678
-1.4469522464190765
-1.0881650636211775
-1.1411271168017878
-1.239665777494498
-1.3569042339928408
-1.1193562086115347
-1.338404561847763
-1.2855226426441135
-1.5624869131485564
-1.40237443927531
-1.1960849655889567
-1.4527606083737343
-1.211102196959884
-1.340754877948995
-1.3171376759150368
-1.3004513815022742
-1.2603694640673129
-1.087641472397882
-1.7078651703372263
-1.2744982712978532
-1.129217080643156
-1.1276183243195235
-1.2156132935321817
-1.401330142059584
-1.454991867079704
-1.1789000368780644
-1.4527230882536617
-1.1019711458532744
-1.1598225844978596
-1.1559000350554145
-1.18200102587578
-1.396245292282412
-1.335976946211598
-1.2994303618347351
-1.4440249209168194
-1.2382569537022365
-1.1592577875694585
-1.1903500739944755
-1.104653420372245
-1.550490712143637
-1.0954598474856634
-1.2928910628432677
-1.485326465296992
-1.3085546819927167
-1.3455266761933629
-1.3146637213289845
-1.271640930587206
-1.2714252555536225
-1.157164263192672
-1.1326810684031003
-1.2316256224959907
-1.1584847102591802
-1.199751723883505
-1.0858430310897504
-0.9168002485140566
-1.3296921928905792
-1.280024255662632
-1.2651400886315376
-1.1401025257856752
-0.9941962580851722
-1.4967553700591427
-1.1435121257584777
-1.4140237980694912
-1.2055152898274686
-1.5390076510870265
-1.1179172333257796
-1.2735297206181109
-1.268603519334242
-1.436504944547912
-1.4249718239668139
-1.436350296781768
-1.3079445075607423
-1.2991077701992415
-1.3356456863610782
-1.4014413657685971
-1.425729712630517
-1.1620120182491849
-1.41177082576608
-1.3801474067940929
-1.1995102192921283
-1.0813000981034726
-1.4333010070057945
-1.1906063147578363
-1.2585292045636258
-1.390125071745447
-1.2306732753170244
-0.8333329593079172
-1.2065825681515283
-0.6312249417775769
-0.6870271219252051
-1.488240197012648
-1.4620863596187623
-1.3989551034764047
-1.3912692045426611
-1.4071690746228744
-1.2750408544859493
-1.328785799139488
-1.0187687601990374
-1.528436567765874
-1.37296214451276
-1.3033651464675182
-1.3033651464675182
-1.304215758398106
-1.35419290909963
-1.364027599740862
-1.4454814601146815
-1.20912882746335
-1.3763860596249362
-1.4399634638118566
-0.8697108227482827
-1.0937663587499258
-1.0203383131343504
-1.025313131437624
-1.2420981429145648
-1.4639779984590051
-1.2261855098813612
-1.3023022930877013
-1.336879563766901
-1.4118020183412068
-1.3635299357581994
-1.2451723863920863
-1.2451723863920863
-1.4709714386849126
-1.2513444610466289
-1.2539823590092964
-1.36584821609752
-1.408843036445225
-1.1294330519682543
-1.448642371782323
-1.1458950638305214
-1.2949906532909827
-1.2408839025390548
-1.2554719285362057
-1.3071025226263255
-0.9209915872976032
-0.9968607774998731
-1.6677854935363936
-1.0517157010159073
-1.2004172426447473
-1.2556331644470533
-1.2482723075600854
-1.3921032698263602
-1.2217528027953148
-1.0917221111787272
-1.3227346839399485
-1.285140478003839
-1.2061623665982584
-1.2421002603556206
-1.3676437830986683
-1.4173973591152182
-1.4598111026055396
-1.266079127709423
-1.4401546442144393
-1.3928357635133157
-1.1693706928259877
-1.407716366508423
-1.2667614475025826
-1.4752065360223579
-1.0556027013340412
-1.5272524088339614
-0.634400824380027
-1.3311284037793722
-1.1516045787957023
-1.155927689473617
-1.2282311504161343
-1.1650863509519167
-1.4745213441898508
-1.0121786294829764
-0.7856954270925035
-0.757606507910593
-0.9290486008582267
-1.4468079910289169
-1.5136035397904133
-1.1217610317775815
-1.2118946279677552
-1.2541112344789194
-1.1399444083854287
-1.1808573012503787
-1.3018071673734
-1.4181696690196242
-1.104616184404683
-1.536856198860294
-1.1786213844804108
-1.1793751513763766
-1.0743191862822914
-1.3389506532583224
-1.3110120127353349
-1.706179063882418
-0.8973674495532621
-1.4738412749033583
-1.4595019247104803
-1.3938736938525769
-0.9936011614941005
-1.5955682661078279
-1.6252438698544402
-0.7515158225802169
-1.714474603213037
-1.1267494292472682
-1.5899490087034427
-1.6058904910732645
-0.943960676208628
-1.120671953330858
-1.145566107222747
-1.2428877376539014
-1.3493734671218833
-1.2451133503774179
-1.496816179984296
-1.2390066254098682
-1.2911212526995386
-1.5125536414672653
-1.5696683034322787
-1.5386994031044596
-1.3055093483692333
-1.6233962022345805
-1.4854007739739206
-1.0893548795343595
-1.1607852861673198
-1.251243973491513
-1.2636111261761216
-1.3445061310703001
-1.2901852779114298
-1.2629322860354086
-1.3499186089802024
-1.3208938982750411
-1.184500159488166
-1.1021935979072586
-1.421524689586878
-1.264737716341082
-1.0396710323166882
-1.1692145555630709
-1.2396775689895039
-1.4099888388551338
-1.3193177093902237
-1.31041157859908
-1.338716609948417
-1.450396355095307
-1.1360283912567193
-1.1916254808821756
-1.4953455093865036
-1.0938626609472202
-1.1327988505651108
-1.1265225250403514
-1.308798947080998
-1.241411761961888
-1.134946358534986
-1.0960998896595686
-1.1679875295894078
-0.9122400879096068
-0.8707413293264733
-1.374845292561774
-1.1939712918441399
-1.1529097406554913
-1.0899916145113357
-1.502371937713889
-1.2918495468477131
-0.9780936302664642
-1.5770889973322475
-1.283063992331583
-1.3068677786053526
-1.4589225407648443
-1.1858598260795397
-1.3065324483309355
-1.2137382140331319
-1.2414202077163046
-1.368870732344035
-1.3177411498644387
-1.0516247252685431
-1.6664851132210259
-1.6587141579677047
-1.550032424614637
-1.087207056119723
-1.050363348229073
-1.4965871666115451
-1.4513556780397598
-1.1553066880393843
-0.7906473069851181
-1.4976895711101654
-1.38667629036832
-0.9980876730555202
-1.2121583701234477
-1.3314249687632485
-1.109462153324656
-1.1419426024108845
-1.4359453621899692
-1.2708312451439623
-1.1660192342507487
-1.2310427479858945
-1.0687862536377324
-1.3424980976973535
-1.2783155805086743
-1.4710897765235096
-1.1266474660956904
-1.3820050967299164
-1.1868028781514817
-1.3667718282121777
-1.3375439950767303
-1.5016212938565652
-1.4027385750466055
-1.3894165825808262
-1.2627968929404672
-1.2202840726448059
