0
1.3485726754196772
1.2726311954352565
1.275575595967384
1.1610877053153545
1.2034327614676987
0.7331390265084844
0.9795729073485557
0.8948288569209014
1.1313003790743754
0.875720373299096
1.0661700290036313
1.0117840600221006
1.110248567929785
0.7749551313884047
0.7653866089011481
0.7631739733400649
0.8369162962295777
1.355428988728628
1.2594281661363493
0.9699102879251973
1.0207177768321098
1.0198767921128242
1.083014672716673
1.1447294966669022
1.0437069878313976
1.2445385891188423
1.1169387705290634
1.1316652182829827
1.1636271153739501
1.2357296111703087
1.0266775060239972
1.066074961058226
1.0294367845743653
1.1280589092367541
0.9904517993759488
0.9712269120131394
1.0175059735824965
1.0493305128371229
0.8800836876395908
0.8746952312809744
1.1343742346404053
0.9250131346551348
1.3303466337666883
0.9375078492923073
1.0768250299846671
1.152598993939329
1.1869728195759357
1.2521473707986701
1.227644948876839
1.1688221886855892
1.038546552447831
1.1732121897818555
1.0168035982679928
1.263997253826666
0.902679369525634
1.3225081414824285
0.9304518377394738
1.18274028304536
1.035077580016342
1.029565165939309
0.9996858905665054
1.1945263705839102
0.8738858407971748
0.9010854121739131
1.262726095813875
1.1478399637348493
1.0766325926133828
1.0689731657523562
1.046553892799516
0.7150550985247652
0.7250820215241788
1.0531324595900073
1.1703579145901821
0.9356986605292327
0.9676068784681552
1.0745062454000875
1.1841097187622442
1.1381785377727478
1.1599322878682523
1.1415910928924102
0.9597540839132898
0.981456582207891
1.157772986592227
1.1729044203234231
1.2043543788539286
1.2131050352075163
1.0658114652554165
1.1920869908812703
1.1457465585298894
1.0366066267604803
1.0655613821772076
0.9939690685842156
1.0106601296196547
1.1548590612957197
0.957233145242454
1.2473209686064277
1.0310872777171196
0.9208107764432184
0.8694030922961589
0.9307361764380253
0.9947591326444518
1.0689981509539332
0.9875651084848727
0.9379218435881648
1.053183154985657
1.0779068849026938
1.1168717297872917
1.1081563528751102
1.1060254266952607
1.0683238647639262
1.0359836846548427
1.094569171420583
1.1617271762804091
1.0776166838929937
1.0344515939040726
1.1817910338713493
0.9475961844066949
0.9600364838430905
0.9531883597022256
0.8474333546556148
0.9440292644137555
0.9593696319031674
0.8673956232184176
1.0219618284505443
0.9974437784396506
1.0303037128432377
0.981965136477077
1.2163192173367678
1.3259952166425
0.9984048013356995
1.1224698556977761
1.1269669862644838
1.0464421325653113
1.2842804067295903
1.1394432223937978
1.2721086028202215
1.1758382840966002
1.0454358150687286
1.0690754125244037
1.1247808153354717
1.0826252006421284
1.0089262168491888
1.0820621328711029
1.1611233039532534
0.9305858995122626
0.8608824337039781
0.9681523267427937
0.9795739237544129
1.0109049457150099
1.09359864806349
0.9384286750441588
1.047690059501499
1.1640192007082903
1.0646304763113292
1.100535145336148
1.0310109446980484
1.1811976584424433
1.1343926484014568
1.0703626247945035
1.072131336338056
1.0767729434695246
1.0771575451961273
1.1391986227492508
1.366884654334006
0.9619920418788578
1.0901594028046344
1.1715339899676467
1.3066138550697606
1.0552652301038454
0.9481105138908369
1.2899655189433914
1.1012576658731583
0.9798009189563109
1.0150194725265171
0.9995701572870546
0.9572507092092015
0.9259641949029175
1.1123691790410695
1.1343651682428166
0.9608233038238374
0.8652489806032546
0.8705661808631195
0.9360531650472285
0.9684975741173419
1.0199698596843452
1.1470455292801862
1.0596193504693057
1.1485887216552724
1.0613633181456865
1.0446409629754865
1.0416425117526142
1.0827678231825135
1.0999869308709254
1.0907710984840178
0.923385903247404
0.9872981955346093
1.2260163329294087
1.1015884092230435
1.062376777114784
1.0600442657753981
1.0310194281152214
1.1389661328318885
1.1613949228510512
1.1818989309513965
1.2260480469035004
1.0723264250401743
0.9270215682492947
1.1551756542277742
1.2421843677126794
0.9047727505467337
1.0333907212454616
1.076999065955267
1.0078075076654238
1.0075920585206608
0.9314221187931409
0.8881622706459368
1.2635342780329932
1.1394560816945896
1.105354635785252
1.1325280314945034
1.2337170816572283
1.3131294737052488
0.8874110334038492
1.33281193176084
1.1899843072031373
1.1668070885108186
1.184957011168266
1.0882376103519429
1.1401308890018198
0.8147106764826761
1.10504874080989
1.0806716571386366
1.0613572560109001
1.1769105751882156
1.1102256006312832
1.3006604850993018
1.3328926713012579
1.2849770815153028
0.8285977240535227
1.201260764435576
0.9504732361754407
1.1632436528396428
1.063724196016454
1.0008944736987495
1.0373284825730829
0.9996442565386617
0.9490506525671948
0.9372811529483923
1.2993600533024117
1.072017174559547
1.266244592648308
1.2820603222307565
0.9459311534387571
1.2951920333790985
1.3811318864089397
0.8210724097295586
1.2695894653966622
1.1874414087835474
1.2263695442466191
0.9638017382569455
1.1178727377662936
1.173725472333917
1.0723343042579587
1.1090127645905494
1.1914852227350994
1.1481964349416602
1.1460024684249244
1.0145289544348148
1.2566669016918168
1.1179726919734025
1.1303538414757306
0.937831605147314
0.9516660026223
1.0837731920833984
0.9732682705871389
1.0449809419904632
1.1005392170791088
0.9484916220271311
1.1109168908988971
1.1448312557435947
1.2568746670851951
1.0237160638137919
1.218285435726367
1.2930587330089414
1.3264645907394434
0.8937740469722205
1.269867744941147
1.1905549090964829
1.0077472950259032
1.0366010947074573
1.1546416854093744
1.1523183878547565
1.1514413267928523
1.1667198229340323
1.0148335979835055
1.0794197176896698
1.1657417809867454
1.1147639981153452
1.1424549059904465
1.2116392962820248
1.0801137218659354
1.1154131950154604
1.1265988856835447
1.241515582765243
0.92442132474229
1.2965956841497004
1.150215835462752
1.18566955129077
1.0490786379334835
1.1181199248514293
1.1687483939498118
0.7545045026489273
0.7642330191010658
0.8601204271572364
0.9320369146241665
1.0381932055332743
1.0756454763392467
1.0600618757578644
0.9749079622541641
1.2954621610228791
1.1245129629540687
1.1669684024711726
1.094919735959907
1.1184778012362042
1.0820567689466596
1.1032199605710156
1.0996174337053448
1.051159323604674
1.0361090953857461
0.9217522854279906
1.0472350782463828
1.1616377005124772
1.1182971225475216
1.2570045550673736
1.078269363859552
1.1048077220371642
1.137541041531984
1.033048917943406
1.1800058859351485
1.1670539028204905
1.1886726286846956
1.2526886421890908
0.9740535233972117
1.0174131202368077
0.9943504221175262
1.1000579344495687
1.111199115004022
1.0022639917537584
1.076474437394012
0.9384696620430634
1.268512245847345
0.9636642221290455
1.2129816934221054
1.1940578457528637
0.8703564013847062
1.08645886959882
1.1163967463363598
1.148513037016067
1.0137796396093053
1.048510493661597
0.9777677880033981
0.9947311434638529
0.9408353515514752
1.0645092547116926
0.9386075269951152
0.9725889290349773
0.9766339187904701
1.0840583667038126
1.0157419184205057
1.175026248971921
1.0458401764944998
1.01464568284631
1.1595750901459916
1.2842481090039373
1.0679192480669932
1.0610888628687065
1.2272321151303567
1.07520118405505
1.2176765972702333
1.2452965718532338
1.0660102776251683
1.0638609174905225
1.0234037431849141
1.2098151299983426
1.035997658377423
0.9959298399082697
1.0452017222533205
1.2262024461401761
1.1383214023325876
1.1864401033022345
1.023447753382508
1.029920405120548
0.859591056839369
0.8364736396733442
1.3226336459809924
1.325910193937631
0.9989738702573212
0.9042959241649494
1.273736357449111
1.027051249326305
1.1134208401585146
1.1482051566723255
1.1224207879814319
1.2179802182960686
1.2007543986363818
0.874208148969327
1.0179396836349135
1.1847421124136397
1.074840830252162
1.1717466896342539
1.1653929802445229
1.0754661809235244
1.0370662211537218
1.0341941505243837
1.0369536599366704
1.100107060073406
1.1305915781365277
1.1079576951952317
1.0953692724125117
1.0746689735175032
0.9234684287282329
0.9585757826704477
1.2119046180116635
0.8847862011302267
0.8449896995513275
0.9082475160541106
0.9881012109176415
1.1504401547410148
0.9923228379766826
1.181073881798033
0.9826693128081618
0.9981881178171566
1.1654346187992808
1.0137597309136153
1.2003214523146102
1.035195638520237
0.9915562898907706
0.9856091115426521
0.9706644906482081
1.0169035764507859
0.9938211860098342
1.1432114842730092
1.1645269576065491
1.2205118172052296
1.0902125129898843
1.079270349958869
1.1353749215859434
0.9730092282662317
1.004754793080443
0.8777908130241358
0.8815348520553494
0.9684779189704383
0.9637420486541715
0.9352080531281726
0.9087149158003696
1.2433293745784892
1.3820468005186783
1.3300979298937017
0.9881827289765387
1.0231834180795552
1.0953687405346588
1.057285329265803
1.3197990584634713
1.0249463913581243
1.0063037999362439
1.0070292663171931
1.0178256768369223
0.9845302367623645
1.1189438897932003
1.2994030625738289
1.0153387022218574
1.121945399074611
1.1089933777206065
1.1636467298547852
0.9114979706975688
1.1551293865128465
0.9951164575226317
0.9135169780104735
1.3454530064559087
1.3110509345595314
1.3131851799236316
1.1271358586336637
0.9946926610494008
1.0441791475750695
0.9059648569403672
1.3967638330579533
1.2585782392032916
1.199033786180927
1.0809252117185861
1.0955448836723811
1.129988491762713
1.0053751339718198
1.0466370136328431
0.9502478124049698
0.90185295435449
0.893278366598979
0.8929834838880852
0.8928585131471627
1.0408490266443153
0.9061164063452891
0.9310682362212696
1.2512592928100088
1.194399170942889
1.0379577353491691
1.1170695073302184
1.1615592544665276
0.9498037674120038
1.153951365967283
0.897703971063201
1.2040539154251142
1.13179323183947
0.993557981365636
1.1827787627817734
1.0203963182999962
1.1358967042882815
1.0991069605307437
1.127175772050222
1.181375651389896
1.1168658537842493
1.0731169143068646
1.0915147817169852
0.9974421185685128
1.123139803863396
0.8891544407347335
1.0128680580262646
1.0998223921292445
1.0215849060651954
1.0893587591253466
1.198599196603092
1.26552424612668
1.2479487420582898
1.0179226132846333
1.0580627949951706
1.1813541403945553
1.054445118831517
0.8970739797651676
0.9092835269948686
0.949468820611854
0.9488890176018954
1.1063537013527442
1.0380389799270353
1.0119918882880448
1.1611583870679592
1.042566597466548
1.1584320121213811
0.9512512558844017
1.2272874990285183
1.046202570495258
1.292299035442585
0.98544129142867
1.3089533411400633
0.8713773682527345
1.381687984535618
1.1930479764029196
1.1153347314023327
1.01108846922681
0.9543591058732592
0.9498801078945157
0.8827819319170332
1.3290177705447497
0.8695994574203457
0.8379026372813438
1.1979555689215642
0.7373185358684188
0.7190037071421008
0.7332934327438904
0.8880755923648102
1.0530848976158473
1.2299958591654463
0.9812873165690684
1.1268470582696608
1.1099161497353833
1.1276622938800707
1.1677095633609598
1.3725654329004482
1.0400982145090825
0.829827574627856
0.8310795048016216
1.3155859566674017
1.089156364208919
1.2024513989836678
0.9706350074204457
1.302175603667816
0.9507091479539415
1.3921597951203002
1.0392526055468325
1.1611503886159176
1.1526230023525255
1.0744985467710655
1.2189080631049478
0.9953005443156159
1.3096433176603466
0.9431158454925127
0.9870298961739391
1.2966715502204915
0.8219637875367767
0.9812105560398958
1.2591086370035454
1.0187837492100622
0.9090072058439522
1.1151644308155892
1.0415500773235096
1.2381594756073813
1.1306891496315237
0.9690219205017255
1.1960164093557182
1.09740763619007
0.9613649565495381
0.9828823387649318
1.0287093696054856
1.0559492676329607
1.079774954894464
0.8590019255808979
0.9606079681469518
1.1565544275732924
0.9284260852562202
1.2550000902214558
0.9129265314419981
0.9090000299875062
1.2101603054312946
0.954174128941088
0.9135640605717684
0.9041973470916034
0.9392719909050534
1.1936039018184128
1.1713968503082255
1.1041016636586323
1.159207016655718
0.9734432367452537
1.0320110495421082
1.1421750246445108
0.9840310228083802
1.082473963386258
1.186321466389097
1.2196983072610807
1.12396945236247
1.1866035782975397
0.9648408770200719
1.2109793312363162
1.2215404799976937
0.9908909022102649
1.2824475246983225
0.9540601821288748
1.0454602628925025
1.1151313575434891
1.0301475769724597
1.1543171058219512
0.9746921644747913
1.1132803203932784
1.1727210288961027
0.9910591225919515
1.0655334980464555
1.0580244572284416
1.2973384899400853
1.1062525512988324
0.9623332389368902
1.1004167504064526
1.0932833942442415
1.111842212303419
1.0666483565771443
1.002835135581528
1.1687497165900778
0.8070387262208136
1.4123824361349155
0.8404694284409905
1.393607785036878
1.1231283040572166
1.2008305727663797
1.0656143718104882
0.8269586947901896
0.9019525738102928
0.9534191195225498
1.142095493160365
0.9469837304033966
1.1339206493842444
0.9886679277929576
0.8321281485171476
0.9934264296138711
1.2616915125590806
0.8880025503033336
0.8423696441851694
0.9408035177810604
1.3824918977544247
1.1982446082124745
1.2914579274631184
1.1161785677620129
1.0907217577456068
1.1398765372511002
1.1066858133309303
1.3063933321050631
0.96227626115819
0.9722245194844816
1.1278798118430635
1.1666753140850823
0.9731279300140252
1.2037446202874964
1.0862257741669934
1.1922976802970535
1.115897333073208
1.0619302758027083
0.9521883687074798
1.1494730750255322
1.1638543044450407
1.066131544073925
1.2012648750160613
1.1379173692512636
1.1541926923448338
1.2555817812752286
1.096526920473366
1.0261294598038697
1.0679743868409575
1.2574348716119832
0.8358700343007116
1.4166687438509775
0.7583186422730057
1.1792793889435007
0.9902928642445029
1.2069004791021252
1.14186175416679
1.0757258779380299
1.0885874106978297
1.0027918835298275
1.1761269603081494
1.3517010694987224
1.0590494860107675
1.067821364680797
1.0548051827136269
1.0088711415114717
1.318321835812465
1.0064915043286373
1.0198243590790093
1.185311166152259
0.9565102322224653
1.026803471531708
0.982629769728537
0.9806888551753583
1.1381365735080087
1.0609837442026653
0.8792490480442802
1.0392604581783493
0.8900235145948894
1.314807207256845
1.3273854213298562
0.8890359044098655
1.0543949281220146
1.3902505947423245
0.8611783741079456
0.8658947496885164
1.1974036365515537
0.9714549729639785
1.0637621432741582
1.1789230628073222
0.9479416614402865
1.0649874817509442
1.0710557136762386
1.1509221242663317
1.1632175493675259
1.2358592244737632
1.097501624230742
0.9457218368171807
1.0728060304698952
1.18079839581345
0.9950619950369715
1.0443298787258783
0.8449893467578238
0.9880587002078642
1.1808015094381556
1.1021885672624272
1.1364201992745946
1.1366402263191893
1.104765799614709
1.0654417730803698
1.0213937224299214
1.2391300663180036
1.1059865919225667
1.091031781056993
0.9985377475738375
1.4587872630018435
1.153818843226239
1.087908128908604
1.024052689093299
1.2231519124956165
1.2099312392702772
0.986890154144659
0.9653668305526184
1.0627277981091139
0.9728214137761559
1.1663971002896092
1.271442575339012
1.0100421768201764
1.019100334259597
1.1374532373509543
1.1726615620917764
1.0813937094253843
1.1725768549848647
1.0361569624016063
1.010157746361809
1.0715877426307245
0.9840796049569994
1.069376923287217
1.1246886506415452
1.2756585014327866
0.8428702013819452
1.1909710949464505
1.0879570862714592
1.1750380949676256
1.1474383078440717
1.0765256450569438
1.0004040247735457
1.172161179834887
0.9219585423769184
1.1569453335037483
1.2012665165157894
1.0290277628774187
1.1049437876846113
0.8833924758277945
1.27838064126017
1.3416664864353602
1.2868492956204072
0.8165395845830893
1.1668527662629542
0.9176580051722505
0.9874081492155012
1.064086705546309
1.3417965792715467
1.1350739668457743
0.9057794467523168
1.2197157324100738
1.2136269305582894
0.9240747206538964
0.9787300998012589
1.2397671276172133
1.1190772959976387
1.1146253666840296
1.297737322320043
0.9276818061157904
1.0486515111247332
1.0512081401888997
1.0591659087606022
1.0356949394696267
1.09607219536447
1.0691967163303973
1.334842173888085
1.1734579909798086
1.0128086144057613
1.1102952067656924
1.1849807677945277
1.178456555017559
0.9188404421217474
0.9044222884748296
1.2171664021410973
1.0578304714628128
1.0791207404873016
1.0791207404873016
1.1301948415443166
1.1843148862290525
1.00867656868562
1.0623772937377822
1.1361517524625708
1.05042420240277
1.0483620047305335
1.0251954337985143
0.9615291982235321
1.255183964682872
0.9766868594476489
0.9825329743217058
1.1908003157618074
0.8317529742428944
1.244476922431789
1.291727326994051
1.0656540245190762
1.0893663938125462
1.2190777058511595
0.9143521337615331
1.0672186728405506
0.9640719762615667
0.9204337452523859
1.2673575604663034
0.9960827849944656
1.1348489675343685
1.1467859750476312
1.0420230905661358
0.9884979364852824
0.9959318326457579
1.0377673523807571
1.0081253072700507
1.052635729221657
1.2237964564304915
1.099201990122073
1.2074123887428767
1.2615753541655754
1.048640778206912
1.2220090433376862
0.9892580756098849
1.1133317480054519
1.0310613257162107
1.1907698491174392
0.9850111587739797
0.882864989555797
0.9091122392304478
0.9773580655503001
1.2679353218058254
0.9725302311566242
1.0404482074207133
1.067917856164619
1.2013531524831174
0.8783975419714374
1.047395059965023
0.9862262122540911
1.0004955230887034
1.102308125981895
1.0365364422895202
1.0017700293629443
0.9968782765549492
1.1705548675621178
1.2407385345517632
1.1135461767884933
1.0857249592348772
1.162368577367692
1.2144699698947254
1.1144684152952848
1.134071174006359
1.229466702481968
1.0043981080891393
1.1545422855733072
1.0081026162229771
1.1864258893292896
1.2949740745266685
1.100897941818276
0.9059940769437488
1.0492319255613778
1.0283960938745775
0.939630560297668
0.9569363900881995
1.0237553403493702
0.9072382419199105
1.2208013229090597
1.038999981940143
1.1866460686516132
1.1089635462149081
0.8578683470061502
1.1800830289260034
1.0285702591265393
1.201505856363595
0.9741937921710975
0.9415507996809684
1.2325754241898572
1.0627791984370827
0.816324545966827
0.916439391501142
1.3072011591216617
0.8923947885585012
0.9010200129162047
1.0302903090839015
0.9386617329763605
1.024545073814559
0.8410984098485048
1.2822382396088463
0.9101262216219428
0.970487152605132
1.1967895240836792
0.9653211156691355
0.9680520838934613
1.0842838660057064
1.2688170931926417
1.4547520780780159
1.2550454700080105
1.245616345531724
1.0441175332404513
1.023919656980019
0.9477851932265084
0.9087342469298204
1.0231485572395307
0.94960031187396
1.0699109541889096
1.1097288628163424
1.1183583961442762
1.0684147855416044
1.041225904417486
1.0026049549707898
0.9781356314735551
1.2301522049591056
1.2035745772305106
1.0648302128412062
1.1394853138240237
1.1935984623820746
1.1824760851573082
1.1651446278641744
1.1070937149679556
1.0975315881539307
1.2587744841667485
1.0114296955123006
0.96641732314958
0.9552460140527521
0.961709705501985
1.0848543094313559
1.2075062095846543
0.9488289837539043
1.2156058979746758
1.1216676775536982
1.0340215103448098
1.2239069850617943
1.2460511729978039
1.0520381361479036
1.0943640272313206
0.965358977884721
1.042384400224461
1.2133621939045531
1.2055323840110526
1.0394669410735038
0.9230976948938587
1.0936511568934082
0.9947094249963537
1.2193811696231704
1.3291903018851083
1.2696904769566308
1.0056119895971947
0.9916605287526671
0.963199378510828
1.24962887085703
1.2691491603106608
1.1207292568565523
0.9091141524274959
1.1326846912047386
0.876477598453847
1.2607437280480596
1.3185181636503476
1.208312994996429
0.9965865254634553
1.033844906041925
1.3882177211505344
1.1106514643118728
0.9190085664030437
0.9712381717179465
1.1612766800180072
1.096936028874073
1.0300282665193612
1.1695733236055952
0.8593233757883263
1.1822870414660136
1.1632985866462482
1.0861703730512544
1.1528471874468766
1.1219604729588086
0.9722651709094545
1.2803334848935668
1.2221063430258823
1.157747705401495
1.0425019010059946
1.1551598481790377
1.0330952855942495
1.2805136438685358
1.0807956597760762
1.1483810571700435
1.164933328711795
1.0304751825348777
1.0500867588991158
1.2004243703507267
1.1717008280403414
1.1377961063771167
1.2597838324847384
1.2151048487126923
1.1114459142523916
0.9457117881958196
1.1756412349739067
1.142252989833162
1.061412079337999
1.1308460876734752
1.0309789550530593
1.142296543107104
0.9312769366526124
1.1408266997058074
1.028367838582287
1.2326548280244336
1.2188554592464032
0.982573070483704
1.2267602782476992
1.1776243465387937
1.0115239574713666
1.24880328771453
1.2705996363638774
1.2046623585833818
0.9582363451958528
1.0832369234334818
1.2167841081229387
1.1904628607809629
1.0547408107841345
1.1708374652879676
0.8838067229014283
1.082310160476659
1.2527867357304192
0.969771937619259
1.2100993593171059
1.2041268528699067
1.2041268528699067
1.2013201703835659
1.134786500913612
1.0361140777893432
0.9189693648004756
1.2408670439612726
1.2245660798556277
1.229790670269761
1.1057353397952074
1.071708002560777
1.225421380997061
0.8160298259717331
1.3004053093656183
1.0191803825619703
1.125080756447421
1.2434501718178423
0.9384110795312003
0.9373488575558012
1.2252513289154465
0.9661007844273615
1.2477555125513518
1.1035538195299233
1.0050036555579145
1.1463141509620318
1.1063992066562574
1.1046588844051302
1.239430984254768
1.089279699670247
1.0705018500746895
1.085984103709402
1.2459381693525085
1.0622748022415942
1.0900675646783629
1.2032525308932849
0.9853257412149965
1.1297162188606322
1.0122326836400017
1.0019978503945381
1.1405666225910855
1.0677747810482712
1.1726217557847927
0.9030159687784736
1.2007612479872178
1.005040367025813
1.0239757181865703
0.9843063948742385
1.1660075288887681
1.3040056112488259
1.16624289280602
1.0219917656705133
1.0208100127580848
1.214372631004357
1.0601271074289786
1.2296137563134732
1.2695942183501592
1.223176996110228
0.9339891301100021
1.075028013394582
1.0831321971036811
1.1104850799776353
0.993440008698177
1.0879186020951364
1.0844940503276301
1.2092388051216527
0.9581582749346492
1.1332625176334392
1.235371999146535
1.2295078745335424
1.2470963427281838
1.2195249107262542
0.8737597863877684
1.2641321370210101
1.1636619175088294
1.095475848448997
0.9792467891689924
1.3029225711713195
1.1004030583108524
0.9257282772342178
1.177278090414149
1.172534564198473
1.0044293437710605
1.0866545418064368
1.103591394150616
1.0113029040324943
1.0839449394161442
1.0338056769489095
1.1508666210279137
0.9077151021437241
1.0260600946652643
0.8556735531996873
1.084539999472613
1.1829787840084849
0.9811804414713692
1.3344051268485833
1.2111166644854159
1.01084833675968
1.0420735857573526
1.0359896734969622
1.1856087099622876
1.1478360151244136
0.9879262105048157
1.2740860317187868
1.0302862518783644
1.196758578332728
0.960067369304689
1.027009021428536
1.0920221022946004
1.091308998583355
1.0889663858669663
1.1572121151874166
1.2248079191441743
1.0186993125793613
1.0558574127404439
1.234445579911362
1.0562154507119272
0.950742818714082
1.0008258046195464
1.0069217897451488
1.1190988578490106
1.0026150166412677
1.1142422902668507
1.0367876809733316
1.2279202564880098
1.2876549005195754
1.1612289809487717
1.01879755892853
1.103409227978129
1.1001010854967799
0.9310379330257613
1.1508928913422494
1.2629081372382065
1.3315764441665863
0.9929379389840722
1.0523810028730605
1.054285002832429
1.1788535571444918
0.9774918192959289
1.223323014616254
1.1203906611097942
1.0799232175870832
1.2208023312619432
0.9074428464943536
1.1463734130875565
1.0277214787691469
1.1510604761969137
0.9415992608738458
1.315286922632225
0.9453566986369547
1.0530061031287177
1.0715193420662257
0.992416917260022
1.1895884894641082
1.1782681563885655
1.119319176059436
1.1789399717107156
1.0085647794201449
1.0664925164578067
1.1800210295512805
1.0260340144713138
1.1179162738701327
1.1168239788060024
1.2837458982453374
1.409998834740902
1.0729559764159404
1.0986970560025657
1.1284290153788004
1.507696849810567
1.0152001224470057
0.9734418125049573
1.0527076787992937
1.0815884387129968
0.9212951091505309
1.000018662080863
0.8994393202464621
1.0727858190133106
1.112925250080835
1.1859885992564543
1.1499680887784838
1.243214628539253
1.2384916480763726
1.0618176340424612
1.1841348607969167
1.0901508634034327
1.095000223646679
0.9832446960834782
1.0497989863517825
0.9345153883871481
1.0113756732683319
1.1572068386379049
1.07778039902624
0.9503892143697894
1.0228483593993232
1.2336986147444844
1.032502381863196
0.977185413819942
1.1765552960791628
1.331489505516002
1.0251067242029563
1.2560240664157283
0.9309367241450803
1.195088417533619
1.2468283210722453
1.261382368846754
0.8172498711451756
1.334017781989073
1.259987349342264
1.3310573663601453
0.9726050857549615
0.9446258573476043
1.1107871929886488
0.8894239972940486
0.8712455361638558
0.918878192805447
1.1666453490022943
1.1783492236674509
1.138391735258297
0.9701138387249674
1.2581204031112216
1.0115201074976312
1.1863550812561747
1.1312871577419739
1.036419910546451
0.9845475320339506
1.1685815436736815
1.0742446980565143
0.8975938600829415
1.2564996024623059
1.0146231669815804
1.0163885735750218
1.0517197716434319
0.9770200043498208
1.0161250374599493
1.136108808958724
1.084084053558242
1.1953528069309873
1.0275413048299498
1.0568360115484725
1.1137651398507324
1.1934221487728902
1.1290787579968844
0.9123879652532608
1.472679123427915
1.0657830679327536
1.2139666852773878
1.0498266866967843
0.9634873542786709
1.2126190611921137
1.1439373110089108
1.098473336137311
1.2000975406161976
1.084881363631732
1.0968292610300105
1.054055184087546
1.085155630978201
1.15382646759522
1.0895750952930272
1.002182402428771
1.2781497998028508
1.3621866667900757
1.1077832021067735
0.9735869421396142
1.2169767285990358
1.115364854602773
1.2944740896722462
1.176893829639342
0.9813613179093308
1.070663137232857
1.0210189808652252
0.9750820265982851
1.0661737682359047
1.0722943010457515
1.0065922459578163
0.9208395799143274
1.0551301144781833
1.3785905958836033
1.4668941236804698
1.0932655639679123
1.1055625542853482
1.089158300166378
1.252927015202392
1.039353531444148
0.8078908746418715
1.332026138284445
1.2533729727047629
0.9399491055926578
0.9421992613236816
1.1341208932598545
1.166333065638459
1.2097998994505212
1.032453227146623
1.0796561478932107
1.037504855755683
1.053662518475805
1.0446424607858689
1.159167057510498
0.9872109911418151
1.309667161067244
0.9963195148821067
0.9706985438389941
0.8422107720356855
0.9989914956569496
0.9921987457097199
1.022853476001525
1.0361892621388564
0.9995273864652555
1.1427843750015667
1.0108514565452438
0.9845899481150422
1.304087538816281
1.3275870362439672
0.8235326019217288
1.5625049530142607
1.1290750011742248
1.0944587653360873
1.1451985454637923
1.0274271570748286
1.0781850429562674
1.1758368597252626
1.1198149433355673
1.13219094832274
1.1942475550660125
0.9244510550867702
0.900984579835028
1.3187254294438908
1.2931452092339724
1.1826129166914097
0.841676226329996
1.133884710858296
1.097402916087403
0.8349344128405309
1.28730599543964
1.0620503099569971
1.0977353026544199
1.0519505445321529
1.069195168074891
1.1571725929387844
1.1230271709919513
1.2117304584415658
1.1431126897140405
1.1194239408959077
1.2326846702195389
0.8434599528245905
1.096232013384716
1.0688071006023248
1.2711086231254902
1.1177566489243669
1.0399775742085469
0.7882737224284855
0.8817351793352227
0.9510677155115732
1.4144186010513333
0.8647532724921685
0.9199204849689308
1.0207731069742993
1.2141269293041632
1.1086368301841145
1.166478181644217
1.0982286712375748
1.1527182467009613
1.1284303971497198
0.9757322186325388
1.1005746385351598
1.1367617062485864
1.1263022332078316
0.9637837272251666
1.1347411128052518
0.8586474035276295
1.2892431349201092
0.939486367494297
0.9758283801319468
1.1105289414266628
1.1325904290401128
1.1945791412642859
1.0734041293981906
1.2817483752410996
1.2300098315353054
1.2145687247401147
1.241473404180339
0.9862130529789843
1.093989308846271
0.8777657021941202
0.8594647230183138
0.9041389019712103
0.902356334393368
1.0477010464175909
1.067019520165189
1.5214333382812046
0.8952764267537142
1.2797692619673915
1.2167759894920733
1.1386940464594026
1.2289010546939967
1.1309019977183814
1.2123653975399542
0.9961168308254835
1.135794305269169
0.9626959379504005
1.2715258888984282
1.2769438059207203
1.273917749199298
1.0759334107613099
1.3051625564448455
1.0635724269273017
1.0848106147775671
1.1107753722702358
0.9561788074299808
1.2077909146675905
1.2168393167772977
1.2354824191144376
1.1138887516417253
1.049648966885857
1.100425899627946
1.233903358003888
1.019294428250189
1.2344980783953703
1.0350999233901796
1.0953343525844232
0.9376283765230093
1.0305727201509014
1.17104620333503
1.1057727775138073
1.0867919291489463
1.0892097588125413
0.8200994825283716
1.1753013922627216
1.0617565965222813
1.413556984926953
1.3769548060459371
1.182762277404661
1.23808059463218
1.1703449956003702
1.1865699080995582
1.0410344609065099
1.2245505810914814
1.4188109575422507
1.3499559977181828
1.1149267895259667
1.2302195373594205
1.0060332658293978
1.1848153351122497
1.187115647890552
1.2235051322702992
1.2988644816449513
1.3081647478130531
1.1396309722638043
1.1856318540771114
1.0035292250025583
1.0077954352717986
1.010180195716426
0.920757036349986
1.0280351240709267
1.081283191020843
1.166153866860176
0.9893368375145364
1.1076502433674547
1.1222998349424202
0.9795895580884086
1.2777752285290487
1.4281498046420111
1.2086542757571226
1.23051268375424
1.3893222226755189
1.4021848651222115
1.3417273780282144
1.3507274645845448
1.0899381146727785
1.2606528677840587
1.1001292060241217
1.4324450187958238
1.3430052900331426
1.070013452619669
1.0323788051929905
1.26355238260705
1.0694066953359502
1.0637294080713093
1.1640368608536844
1.2899021519048892
1.1885033814643615
1.2597342321307947
1.2494876433252005
1.264089286894525
1.196849133911249
1.154460737415715
1.3061862412785659
1.0815057033659845
1.1299441616765225
1.2822996574819994
1.2292758166956332
1.1792399606509483
1.1838258766424683
1.0825324199501363
1.2658074087522868
1.232255903464953
1.0243886058609353
1.1333562108330684
1.0301182677341123
1.062005106777154
1.105940070086492
1.136964555343553
1.0231444732973696
1.257432975089279
1.1422626818606725
1.1297485009115145
1.223372589371686
1.150695757607475
1.0648218774445555
1.3331665689285213
1.1246051639242074
1.2007846882942674
1.0563847564400193
1.0891079830871004
1.1467641418776566
0.8649066707730065
0.8929043291997133
1.2773333286532564
1.270741765419132
1.1660623712677316
0.9207511496135421
0.895473340642327
0.9002802852603642
1.1365503281481646
1.1546981563553127
1.2282443722001541
1.1380992447226608
1.1763000742366139
1.283424111630144
1.228718619363441
1.2979151937435893
1.1016773259459276
0.9567488960571001
1.1648651696422623
1.1681376847541214
1.1240131704100207
1.145373411854704
1.2440852533615905
1.3497295032914234
1.1298850281557298
1.2909278742948267
1.2180278594087666
1.2857754239790333
1.2988794982895848
1.143138433536317
1.3338233924609986
1.0413085954729455
1.0532406911192222
0.8753660456299949
0.9294486750965544
0.9716393537697195
1.1438712535282347
1.1492477943612134
1.3948938670851183
1.024253857822368
1.2229599323702416
1.1513365534726214
1.2849463690420617
1.2300834088224997
1.229955127798863
1.049643104946136
1.0161903253039013
1.0270504866312733
1.3045673781437985
1.2795327285122675
1.494319697350744
0.9235387551220078
1.1834131846146463
1.1677228223177052
1.18750296619929
1.0039758037064552
1.1501923479494898
1.0475139353477438
1.2718677672656886
1.1661327308220588
1.1835738160722178
1.3047843537126336
1.08190924886434
1.1705964553277666
1.2776320557756906
1.233113020976245
1.1973904344692372
1.1438483559107067
1.0255744200706705
1.0247163461576758
1.0641007031340537
1.1083443220370133
1.0910160926902572
1.1928169399450241
1.2191009424835357
1.0995915296782641
1.246139747266244
1.0745047571522168
1.379934759213627
1.180660082477004
1.1743379819896211
1.2444155189103372
1.1395586498428096
1.0477313991527928
1.0917821526194103
1.219726218888545
1.184031318482578
1.1522809654943318
1.0224572118194106
1.0318373792750053
1.003270687501056
1.2508290449216446
0.8959635538138345
0.8989636201842368
1.3333844379118585
1.3394938358516717
1.3295579046625265
1.050765985921778
1.2742424244863055
1.123633132513794
1.1925434533458337
1.3175063022407911
1.191410880369831
1.2478446577150657
1.005587909358725
0.9844897086148428
1.16275697993339
1.2623375036591082
0.9723335446237169
1.3708668532408457
1.1972653727159597
1.2785783704733829
1.1268788224970585
0.9812030056405325
1.2167357030042747
0.8711718696813189
1.235875891722589
1.0619334735748651
1.4447659660199668
0.9478562117994205
1.1670815957151193
1.2180370996919674
1.2476021805290265
1.115880051616051
1.1150896092063725
1.0064231682460396
1.0368963423049398
1.2569889634799272
1.214043260413146
1.2456468506225942
1.0335856186591617
1.0150488189760947
1.0756841363434106
0.9464686253155988
0.9795097744882929
1.118451300279177
1.0641172199291833
1.0518024186014543
0.9687522737951874
1.2808590641041835
1.2544630725471904
1.1298998867073335
1.127644891830033
1.2604701076411389
1.46001570657991
1.4437394649393158
1.3325846533377688
1.1079880177592396
1.229412077473692
1.1877097900679947
1.0446046442743226
1.1787016452794148
1.251880858224428
1.1587962403680432
1.1381413245159253
1.0979729661850575
1.1526660418212116
1.351752738482566
0.969614089554605
1.3533373005839449
1.3396360391103557
1.4452743597512736
1.134347286099926
1.2539539089444782
1.2167708229660636
1.2543851776407113
1.1774572796456237
1.0400912586895594
1.087275270673296
1.3589505094458652
0.9887046070357065
1.2049963658664447
0.9943210640510189
1.0181304322987208
1.2356773281672164
1.0627498577608536
1.0913929102307984
1.2124158928388442
1.2343216222982405
1.1772562029088545
1.3169172193752856
1.3340771178486863
1.3336262088347612
1.274438070473824
1.2537142486734012
1.1674941522750926
0.9905973363443399
1.1376902057214167
1.0426413134668984
1.2136167504761037
1.361674336949628
1.0892711414646572
1.22347689030971
1.0313283303989618
1.0313283303989618
1.0706388981549102
1.095604218647542
1.1415421616189063
1.1393174929358423
1.0714295318684273
1.0590241310321087
1.008696667213497
1.2422042826178434
1.1957705610503553
1.0629972718917027
0.9888338578145379
1.2386640845685095
1.146354590225964
1.273827767469818
1.1219626517727248
1.1010284130988948
1.1883535268730074
1.310110799844511
1.0018254587740767
1.0018254587740767
1.210370406666637
1.2558284532677222
1.2763190097130876
1.2558327503722302
1.1149918758443524
0.9973668083974283
1.0546067429536323
0.974453140594761
1.1743995727080017
1.2601816604118297
1.0074494058858037
1.090050818689002
1.1680965691862362
1.1252981382195968
1.254270100346954
0.9549412136635299
0.9269174658562354
1.1678083829363408
0.9432259906535525
1.0723051183025756
1.0672992653620261
1.1671900803863953
1.1424036211611734
0.9882944195721003
0.9878068372616516
0.9656377073217078
1.247250006050678
1.2590659716507904
1.2318466113748885
1.2622203344510905
1.1273547321362447
1.1515743947035084
1.14942951357696
1.0976107896112568
1.2603005608808593
1.0696038770440004
1.2406116875603872
1.338612342724375
1.288046071063165
1.2014505106275624
1.1607493039737198
1.1868047259913301
1.2832660327948873
1.2716160145918505
1.1292555958275179
1.0340097292921788
1.1811195129356835
1.263420578058954
1.254781293866679
1.1249094662984271
0.9410472837267952
1.2511096208404784
1.1743193232740947
1.5027558614631236
1.4782143223400852
1.0834734797653132
1.1243565100695543
1.2165218826480892
1.4305835518510437
1.097360354652704
1.445132148547655
1.436667660124582
1.267946266571001
1.0304223039180003
1.2054926678065987
1.1921396596487503
1.0133966039478572
1.178145857301128
1.0010744103247804
1.241828152791127
1.2974468689241088
1.369252223318886
1.3486882250801038
1.1511603063315539
1.081167641322096
1.0302209724216589
1.117660419822092
0.9776747866618849
1.187630020386616
1.3375630977170703
1.1922201111456636
1.1520599908904299
1.429189910852695
1.2086397315109996
1.0472085949345482
0.9966768084003279
1.3040501191149576
1.2902533348389706
1.2928816337328293
1.2872312455469719
1.2700423181519587
1.1493908906422254
1.1006635204498425
1.180092877319746
1.2358076297296998
1.1249335624952148
1.0687356478706416
1.2851507920729308
1.288449080833084
1.2944968005966482
0.9847990880425206
1.1158116673031069
1.1020336538526774
1.2387051771806226
1.1847039362050749
1.2035597324547527
1.3848321949086917
1.2608028378996712
1.2564487188925493
1.1742042277475144
1.1141878988895129
1.186592006474343
1.1646303963943496
1.229809000437743
0.9053067467877473
0.9530760698730502
1.1156115695178197
1.1503744225217392
1.2408504286147117
1.3019212894878736
1.236503026184793
1.3380782094158006
1.2216176357680808
1.222289041127679
1.4824527989852174
1.4107958215391723
1.4854342762954278
1.0333440922154966
1.2711798497827715
1.04580927298259
1.1935335897129662
1.2604704430750349
1.070801928651398
1.2710174021653016
1.1503627760065458
1.2027568173284806
0.990024147676586
1.135638311636691
1.1548949281256744
1.1475924530794603
1.0933707422102628
1.1905087322913512
1.1973536967808045
1.12271587084153
1.1777952104466045
1.3100895646985444
1.3183269813330367
1.161757376866795
1.0759417901067703
0.9397582774049069
1.3386032942922355
1.3561249424495954
1.2342919220923119
1.2745491037492997
1.1805578460550594
1.1983823266871456
1.1398641908504417
1.1139899438936531
1.1567229923845106
1.23145952402048
1.1621838920678755
1.1774680802399784
1.374786530380921
1.3852144310950225
1.144172619590978
1.0685040811298578
0.9308953028650215
1.0258475256621777
1.2872546490063326
0.8750339640977061
0.8463173673478749
1.1670621966974681
1.1285602300528785
1.2325333835248025
1.1431897287011532
1.1115458867693653
1.1735261040506388
1.313318986754531
1.0802803219934098
