0
50.62237570837857
48.872415466576136
53.63976608063153
54.99347005703172
54.69769361804146
53.43114913082801
53.81012486155622
54.93603266269793
54.64919012508865
52.501389452509315
51.64686346521873
54.655049530673345
54.59188173570029
52.67617471832994
52.660593628222685
52.46591867006534
54.28459718234653
52.702028285055064
51.45425541902772
51.3952010174539
54.998794292259085
54.22595406102829
53.07252974035908
55.819491716403796
55.177824084287366
55.24318966011413
50.78227148118885
57.1794655622718
53.573066391208016
55.08772932508091
52.726585530711475
51.31441026529325
50.42946924921938
51.33797012683654
54.880316933267096
55.66575114895656
52.94476125201591
50.01803597746615
52.39841277856704
52.52527722855411
55.451368995706325
52.19914424699098
61.06333682074393
53.03595053621375
51.173795456374364
52.46682157045908
55.15241864991587
51.71196870831858
51.07591969104314
50.663849090650665
54.88015763986758
56.31232915510049
50.73904823131574
55.197920578361845
56.945475881353225
51.67136044638766
54.44140584468032
56.21473586419323
55.80621180456003
54.94258017643606
59.843671039184194
54.577107440647715
54.993752626616754
55.095225789358686
54.51242118246303
54.07311199601601
56.0951451069783
52.93519416488895
53.85441262199382
54.44529884537074
53.43065827589305
52.38137092816498
51.33877384387803
56.55660534910028
56.85654231018113
52.08987731308816
54.12503561303357
50.69338571523295
48.27364788427848
49.153568133560555
54.104418782664645
54.092413134754075
52.938901969116266
55.220734920961654
55.29276756437597
57.06960304341606
50.62600736467581
51.40459480544867
53.79989499428367
54.74463824630179
51.731647341264726
47.417714187743584
54.104984260752786
55.824660259143236
47.1216903934317
57.69692634553939
52.55844897049424
55.04438835795602
54.380241891884964
51.291449360182824
54.140317113330994
52.863222005133586
54.86209148850505
54.34837754812591
51.55341894995299
53.631864443948714
55.16518757070892
54.95942746284363
54.88999957305093
51.70889482924938
53.442290744635095
54.20337550671094
54.94054556266083
56.808977228770416
51.7017517002737
53.910212861618234
56.232262706257714
55.82419060946811
54.44685946800458
52.84209341473141
53.14974114616201
51.366454438813065
54.77344709219976
55.299750683650124
54.91277638813596
54.919193543651524
55.230671174748494
57.42380166541695
58.730817907413865
53.763480621697525
51.34769895345786
54.11452359842298
54.03586610417876
52.56614553177129
52.94427416869104
56.21481016413006
51.80183883913234
55.265348684105916
52.54432512774081
53.13116812212617
54.05458750179561
49.332998879503144
51.699037491014856
53.2299356151356
61.16213227687168
61.702321591100514
61.23493026466519
58.0618165013623
58.71253421669557
54.78736233965078
56.020448599427574
54.62332542137202
53.61696267550843
56.4140461980454
54.93781935997426
55.07978132375439
53.27747063788995
53.51905523412178
51.32339627320506
51.36689255685471
50.874080875684484
52.57817263907353
54.219313232489114
53.10843583858436
53.442134470268606
53.184285092438
52.80937337144367
51.4037118874613
53.50919000389435
56.471227278326566
51.33694442321786
53.755617503126416
49.84661690924379
55.31256443986665
54.91484667471179
53.08213338851408
54.012417214143966
55.701317286100945
60.192251721032314
63.147757992288
46.36114428225093
46.46509776103184
50.73493523343156
53.53988402043726
53.65930063357706
55.6464520199363
57.486540627532705
54.41796434655281
53.971415005048236
53.8249675678193
53.85227995011726
51.54672091795706
53.07783606849104
52.064449226668394
55.192715369722535
55.06183988125905
53.53096313910423
54.98301497178633
54.563053863493124
55.3538266784142
53.19081252110312
53.47832256507495
54.13335806614646
56.72402762891652
56.09225804951593
51.601259259069465
55.140757009631464
52.49097790765971
53.91499482133264
52.10239049043104
52.41691228717886
52.39037129718386
56.74944589513103
53.45470742235555
56.11744503912219
55.353235029632415
52.93925544586178
54.99098743276768
52.205576208796806
54.03931916306265
52.366881561014196
52.387362871148305
51.85442367879583
54.3833024166051
54.31280357034109
55.94058389797547
56.93229722314143
52.94782849347
54.80025748661061
53.1053654681286
51.90888828294663
51.734091597096956
53.69705421243594
49.94706360129392
53.41668491375164
48.922190761773045
48.649730260032335
52.89471157174766
58.07275353336837
56.946241234194716
49.56743478340932
54.41099818904018
53.24610639419386
52.1384668199904
53.11832815064899
56.01545202510292
53.980758090617186
54.01239453967088
55.23424622539736
54.97700796471636
55.70108381124497
55.16697434756253
55.743672012255566
55.59390681242915
52.34833616338841
58.06063249235398
52.14670784728883
56.529205043383925
51.648293115078424
54.234426487761276
50.6801620992335
55.44603761529337
53.74280139443208
53.76318874090878
52.77839047151955
55.32099500419804
52.074703958696475
54.511360512520675
51.48549882957731
55.109274406709666
54.55078290413509
54.83242690786023
55.54250746898418
55.77415349352073
56.91877940369799
55.41153121725323
56.39795822925532
54.708533859088206
54.991356487985755
53.08581569434432
53.16093654121436
53.92536648572117
50.23286331186337
58.83375857510659
58.7296832524508
52.655885571740015
55.14016306461452
54.37512146206094
54.96846155605693
55.92352916905664
54.71377667969779
56.339858690964945
53.6330980162222
56.2299485978058
54.067560010581424
51.09159955174036
54.027577960340665
53.41582595756038
55.28174899628385
54.99339165469026
57.941347477699225
49.14357517127171
63.76308323623887
54.17364384791995
55.190391338272775
54.43489792660629
52.53008017204892
56.442136664329524
54.8400069726104
55.27653470301988
52.82951698040172
55.85637091015545
56.11217872159654
58.80369695183148
56.79323034266222
49.784243567988874
56.344069406768874
50.35760837194265
54.0410975849544
50.78095366941968
56.631726694292816
56.538043223994784
54.2322113299507
56.23050476032714
56.20861203398439
55.36054936632148
51.53896746387254
52.306277511242335
52.3828459810559
52.10606027842712
55.959305367600365
53.03052391416137
54.62713147093165
50.05781050700415
54.909756858137484
54.604360877699854
51.30510923743878
52.65848672408286
56.498952542144046
51.72107889055896
52.412934773221636
54.27523284409418
53.894361671593835
55.61793299205384
57.057015812076145
54.98357847800295
55.30769977022539
52.10008822159536
55.703157964536224
56.52780516804505
49.51834648030695
54.7820214292018
54.21744217959726
54.832198384463
54.74486561971663
54.634480341329684
54.310537382483105
53.95494874257381
54.41709726291633
54.50159905207932
54.616135720123275
54.75308997473116
53.445372886181474
51.2081909564377
50.04471104599124
50.57298160736827
50.08075800538799
53.299842358379415
57.077202429033655
54.500735669879894
53.98214705656526
52.4824381586588
54.99282829676694
55.30936757987324
54.316007720931104
55.88856094994194
54.455131960040546
48.18198878145311
53.39327875930054
51.75787078715224
51.17101964601238
51.31327668259853
51.432026933541835
53.20612701379559
53.2619984650642
54.67945477535431
55.76330025129492
57.306805615644045
58.02369072455094
52.008643015544294
55.75322836768376
56.480885802627775
54.80020748624189
55.34128153230954
51.686243117584986
51.71074248096386
54.95626787718753
55.18910424865042
57.6996139160515
52.136023870378715
53.18049875457104
55.454558363366694
53.755462727579
51.03549211724374
50.277255813411095
56.11821727298879
58.59232970819141
55.42246888962705
54.91740721091241
55.0315115826248
52.555905197887846
52.515730893285124
51.87124931058442
52.478155491414384
51.68622209330899
51.98208231906762
51.31328036187713
52.524526507587446
54.564764852743586
51.98828920275804
54.896154298596755
54.193468024981065
48.5918546916373
55.80445277497904
55.25627506182496
55.20753166530491
54.08199378351981
53.64187560408725
54.576296961710085
51.73158339889266
54.12198610531009
55.2949610689015
57.0032935010272
55.96560667791587
52.6573140618378
57.35359328231331
52.17270842403904
55.0823175602752
53.5950231382106
54.93378013944746
56.323689606922265
54.00072587194263
54.392339370349134
54.53317085762087
56.465365612530874
51.40568855068847
54.67832631296344
53.703362011268446
52.08633430350251
50.15725651922477
49.969283379083095
53.79988249766604
54.238008802767546
54.495707752287636
54.68251457929944
57.02209689316148
51.60987387154311
54.711813973235884
53.26591353918736
51.148845347749116
56.868257714752446
53.59512956785014
58.9415701481015
52.00711199066386
55.562101397665025
55.36577953263855
55.102383468459834
54.141910648856296
54.39721240013365
59.909518327951524
58.97338071413077
57.85872588403848
54.14759909559135
53.582829625597725
53.9149903351804
50.741149041146976
56.03017416872969
54.72963050621131
53.8651044648446
56.60033396844585
56.738972850897774
55.593880400561595
47.23708804693664
49.98813476146262
55.58101611284452
50.1669108642305
51.72992431429038
55.5817876383091
52.881896694282915
52.68626363552302
52.85236934157329
50.99607299735675
53.839250361492155
51.21579542512734
51.11117806321003
51.25230151823637
51.29281849515787
51.326546831107315
49.49583460154506
50.342388518308994
53.23698786610397
56.54341765399294
52.60512902133955
51.95820919404949
54.95023992446974
52.14243717657279
52.86000891892719
54.23925077107657
50.26682197576795
53.500196243769544
52.53275653188474
54.36072936285305
54.82636746706803
52.93572013484325
54.06121902872231
54.02699176902045
52.15217182768785
50.81601732432092
50.49361008770079
50.86124299589203
53.52406861706828
54.04593390094669
53.0312152985409
54.808097929175446
56.82027412231858
49.323539989179125
50.67508798639303
50.46375329032483
52.655409173910094
53.84156533356638
53.73146366257864
55.056327809320315
57.686426319431206
50.25438326631378
54.81437078162892
55.26096281079748
55.972773612830274
55.493285204959776
55.856238346157596
58.162089331338905
56.9149000342863
56.694704979646716
47.80079556553212
53.531972575501214
55.65063246006204
58.032942802750014
47.46757332565709
52.446992678616525
50.40532679079849
54.66835499042936
52.222042497470284
53.80056734673733
54.905668768069674
54.32436139529051
54.43364775838187
54.35090472278229
54.53696180991532
54.57714089209041
54.660071898538334
52.49661481334951
52.24937003392485
57.11528716392535
50.46532359041002
54.34861534549802
53.35460209185872
53.46851137680538
50.842700365784765
52.26056109959208
51.913572582655576
55.16348119387774
54.295729700819514
55.37549746699251
56.91027932133205
54.31446543925615
52.93987148485052
51.715485465557336
50.96272140318064
51.70481864941624
53.90522182283166
54.441131647357786
55.531112868864724
53.87750692708071
54.4547375959219
55.82271252511149
54.05774434963536
54.34284130454782
50.631966965812055
51.98559324317708
54.56579481049104
52.18280704319502
52.60464236742389
54.63483546821861
52.75855946006702
54.08451779709911
52.5430669950326
52.5889908040665
55.54833737567741
50.31180997842817
56.540382072020975
55.14882043312097
49.14594468106038
57.05711709592822
59.182983975939
60.643937494982936
56.00764807148213
53.85466372239564
56.41622921602064
52.136064624415525
52.29729513731424
51.77545390680048
55.93379702588086
54.42550052092859
55.044824830267
53.14789833565164
53.1049525144123
55.38729237440294
48.30451141386789
48.937750298182024
48.59272112804739
52.94391290481232
56.211978981579044
53.72239944443115
53.83910172125762
54.23550602491947
55.22030087733106
54.605971619320485
53.7023919412944
55.776539085911466
50.19367931692651
59.182052834739224
50.4850886037776
60.36382309890936
57.9651750998659
52.92629564481885
51.0265325050017
50.07472878866168
50.02102850520706
55.21772009609569
52.891994630285204
52.857755129360605
53.78443213845486
56.14200012928179
61.21431286162167
61.55606115577509
61.930456621154946
60.77314812755477
59.799198140504835
53.41650695691975
53.074163535333724
54.351587848457726
53.916102100795534
53.30324732777733
54.21893123498932
52.58160219533494
53.69228962544772
52.01170131013372
51.99624745239835
56.63275259409223
54.047037390286775
53.37821109703325
56.4273930534945
53.2477731431392
54.20469163085227
53.900845666902214
56.76332761900178
54.55990619019878
50.096344013510524
55.2515909980769
52.761417559540874
49.47218043443827
49.94203333828483
51.67803458985817
57.508141723353035
60.11973388803998
54.378963426914474
55.19514526986457
49.98501075300665
55.139229429505775
55.81074589763771
49.681042379695924
48.81348893024086
53.31306612837213
51.70129642863487
53.986102082983095
52.85873261913461
50.96601900978489
51.81544520097857
55.079873374892195
49.92514193922699
57.333101989960525
50.20400372974081
55.530256427135754
57.82406512525944
58.07540634017625
56.753485783824416
52.95657256560219
56.046501599006646
55.145832814964976
59.96823264401669
51.43829643187724
53.30305156690965
53.26252645034453
53.09046361900626
56.3542092506371
54.645394876016404
55.6840807980938
58.37780751937981
54.33497920316679
56.555344119901044
53.477768637167564
52.38040270747073
55.24672711742553
52.580202233499755
55.435053388916394
52.69875392388256
52.54075377842324
56.185887365118745
52.31279272229334
58.68910189722396
57.765067761431844
47.7716701549192
58.166870796047206
56.317283808008675
54.97934516567565
51.51526946264122
55.087505831770294
54.14015271968839
54.000536610350004
49.515916613083
53.92410148385132
54.427425913078054
57.73980428879137
53.04775135735184
53.88839105164316
54.63830984283507
52.6399411167282
52.53569367349332
53.40735453528756
52.73480176926846
52.95458494612154
52.564840703183094
53.02509947279028
52.82559401258667
55.320614402074355
53.20710604824429
57.169787649389484
53.76595695839963
54.00820962634354
54.08640164659011
55.13128983129304
55.30394411704558
51.18200372790364
45.86063356517322
53.37232853436943
53.65088586441791
58.21771312250481
58.99747070850224
56.85825342455157
55.2151344942078
55.072665334836366
54.708080456077724
56.55631098103879
55.537595644685105
56.54153664257589
51.21836479575035
48.98158544590771
63.486944317550694
62.136041072712885
55.68361418466666
55.27132457288293
53.22296414700298
55.75511317822997
57.6769979372167
54.25035332803028
55.41323094477265
54.971931753447414
53.669120599823636
54.89551338129442
55.56592046397072
56.05739488247047
54.04365328774888
51.8644405672273
52.45118827637597
53.9408199567943
51.70972959413284
50.816037957626484
52.85073983850022
55.07459112736328
54.423401119911446
51.87404612432566
53.93251987360749
52.68131446122742
53.1962404537694
52.05098445903807
52.36639159039781
50.12665569357411
54.821059019733745
57.13978099454267
57.96917924675795
58.3313585182987
55.69811926197331
50.95237765100906
55.085435553884125
55.84176718122388
56.253636829905474
54.168638105113494
51.62886164297963
53.90306322330458
52.357948008209746
52.34847804661561
54.27790839067062
54.155269333707444
53.32457084899984
58.50965077797624
54.19419484202076
53.537314625746774
50.40822029448205
53.6125015790322
52.56472440382735
53.84518540358371
51.84584674671322
53.21154879996066
53.234823874078
57.03123644804179
57.68468787905258
54.46938829731028
53.413328065103265
52.73814748160586
50.68681950972832
52.634689793326935
56.84922149097043
52.75174968255216
54.93247479784379
57.69516076286182
56.22192348325495
50.119284978220676
52.72844049445906
50.518524812504836
51.9519252692747
50.26549827357088
51.51816006038533
55.20861131348325
56.45611714035528
55.83177328603042
55.24404234637124
53.84715883527977
52.146397791755156
55.22341205334761
53.310971386553476
51.915717349945304
57.17062196330909
50.92154056145545
51.86640180556323
51.86640180556323
55.08314373783868
55.35600222621023
55.21123258883881
55.57437411012018
60.56196875192785
47.125171300334145
50.58272078106791
54.21470054314733
49.57595565595157
58.02146121648009
56.83543937958299
56.47677707636429
52.00714923439241
56.16980436815784
54.43204014962464
57.813595761465024
54.034325675775
57.02413712280392
55.60882841080831
49.59145377944236
59.860429949194355
55.7910922225792
61.60676218542331
57.79298922138029
61.82467188072686
55.09970974938102
54.85057787306696
56.905130619586885
55.82060944222477
56.006282064957965
53.37224500342486
55.56216170958787
54.81968895885932
55.28253927835897
52.41220086345369
56.3711225208496
51.9430920295982
55.62063260828
54.857709385819554
46.83608536095967
50.6339042615776
49.75776018182208
52.35526144896985
52.984579478760175
52.46608910105185
58.452584664195705
58.83936881106741
54.053086567363636
56.41606194387789
55.507892918651855
57.7740008373141
53.811855240944475
53.36906950579334
52.50884629030303
52.27409562732492
54.59086118370068
55.85834390858064
54.135278659625904
54.43295594099605
54.25960204508767
53.83096142682964
55.93094008527604
55.95800182125824
53.98884343530565
54.21558817708187
50.79092163444053
52.878778791991294
52.75650525669883
51.712620739680624
58.13932044657029
54.490290728528365
55.22907506177163
53.403726761091505
53.793973689690056
53.64781658168601
52.9227256990071
54.69065814548798
54.07595423549318
54.68041208603927
56.02945558359031
56.86687679653284
50.86634071672309
50.963956681678326
54.284264496980896
55.55937220554805
56.7326336238003
54.78250998393661
50.79097400126714
52.98842422057289
54.03186142879453
50.528446184092786
50.932441763584826
55.82224089199372
55.89651216613358
55.53320621232813
55.459143189032694
53.27023249283797
54.8740957039932
55.272672465688835
55.68195003710068
54.49614217384253
57.38182256615319
57.43597175709845
53.413228016209075
54.69723324108065
52.195562593216444
56.669159205919684
52.899446178088375
52.69138383069453
52.707345845107575
52.41897385760068
53.74743344987144
54.99571796458344
53.815430488239635
53.326874777640946
50.6916285453533
56.337152341060516
56.35075108466467
53.68581270452957
54.13867254929042
52.572374561271126
53.00569948383884
52.366111904878714
55.93255609503942
57.177376279206136
49.90007171876811
50.19390369891798
51.891590221891185
49.27947684120394
49.09643890811995
47.55055738836049
53.64533027884748
47.160476666563376
49.81843910770717
46.61136105139324
58.531969177290335
56.11755247339124
54.562866836591624
57.53980494384824
55.447266250246905
55.43171201233046
53.095149861321566
50.405530858426275
55.971863464487996
53.877550121439434
54.55148766430513
53.054991849507125
54.191189590913886
57.41374883239233
53.27044557822433
56.723818676017444
52.8536082510918
54.539285221196124
55.209471651767686
55.42725593065726
55.29004292190739
55.81027964340375
55.945403421199316
51.55138611105336
56.19611615290092
55.10066814184453
55.1340661082048
51.332902528015886
54.393848121292656
54.36264958552267
50.019636141796525
57.0849873149391
55.01291890063817
55.3610166502632
56.0029153963255
51.45198497357233
54.02929895869924
56.533065549340385
53.01641574907875
54.655470791017784
55.85148377666366
54.19611083750633
57.11870366126273
57.89678691938929
59.36232144149652
59.67424843490303
57.894546539438295
50.19760797040404
53.61701835472367
54.17029466295482
54.68137362366483
55.380897122028905
54.15289602184339
54.08956449355987
56.18781004654434
55.10435477112014
58.131964530464856
53.55182960227811
59.1831175886281
57.19614440093607
52.18001748825233
57.40860177975423
51.7482418857663
54.78627077764793
51.741752754046786
51.954071835378905
55.24679805058027
53.29044642798587
51.8742433383095
51.21127679468995
50.91760695838713
53.20231836641943
50.943125463350356
52.746604971809525
52.038838779507905
54.68776542465422
54.01925955934544
55.10467658069003
53.005278584990236
56.8273718598002
49.55549131956406
53.849908115679305
50.47876409888295
54.02790561710609
54.99431629369149
52.35114943089157
55.39910665427292
55.81743389539655
53.88710467398762
56.05113186724378
56.4980639126802
55.301091241656465
55.957075638218704
56.97419535380482
52.40131449376044
55.55425293142783
48.542156967258926
58.58055369490489
49.465120035211726
52.765973950012715
54.04098655227418
61.920261177747136
61.4527074281781
49.98521060210627
49.78352952406887
49.78352952406887
49.93897298037855
52.16708286409151
54.739424941534395
44.51942234536873
58.40532327559522
55.50208525862859
54.86012995577126
55.068968579819455
55.1047299107404
55.84533701888578
54.522660922783054
50.792764785777
55.97853801458534
56.4439517649676
55.42388976132914
51.92398014678754
53.12719608691736
52.691392235117185
54.90860192956448
53.3843880737104
52.439171833051915
56.73074451645149
54.012812585897876
55.0011141019279
53.16273870042981
52.97713812625169
52.746641377420524
54.69025720532877
53.86031666630296
53.486125820411836
54.81979552045848
56.763219662300486
53.17329949586074
50.25101627356733
55.62752883289701
56.16637498976172
56.89177844746246
54.10121150598259
54.29570621984199
52.97685341053165
54.87000121552621
56.73499651810768
53.40272795553712
52.59675303041419
55.522730279747606
52.40677365754636
50.902250449138705
54.31669876288507
53.91047509358367
52.41963762963001
49.29625929377572
49.945195592085156
55.10343034090966
55.22175577484333
56.372708444133046
51.89337336920949
50.306656204955154
53.585725234960805
49.679389760363726
55.89927905668001
52.355567256774776
52.611357844565234
52.97094820220134
52.76940515458777
53.81362405598089
56.3299669111067
57.232345123170404
52.20227581128113
51.84185869386903
59.312710089612104
58.620310976203086
54.826175727378704
52.03898543069662
53.6173640874867
49.99375361802955
60.39752743136255
49.82614831253436
58.49167984532063
56.435177090993825
57.98480042246109
55.076193434443134
54.2101935129992
56.418569516679554
54.08584681032874
55.86345161851945
51.30673505890494
52.77428603115378
55.08838901723843
53.44543752878973
51.714665339456246
54.581317368121255
54.6175568923293
49.396425829363814
50.65623594865232
55.834392909502206
55.64736821730714
52.33359408145814
51.21814721935422
53.74318795192521
56.27134865106288
50.69646827994261
47.808309573610615
59.684173480623976
53.265766095387825
53.32665874104324
53.74134701983689
53.22729677254385
53.14312552609381
57.3625204667052
55.12985896169978
61.08395171622044
63.221092213423894
50.27947296090391
49.09803562026122
49.6968862359064
49.0945886282674
49.19213332814467
58.34468965445253
55.993159412636956
56.34972054394358
54.916055449671646
54.91990873273964
57.23193692527131
50.114562408777466
55.14482744941264
55.089906125882926
51.42671107335923
53.96262929979507
55.416102327286296
54.76840069998006
53.75431527303775
53.47892379792143
55.23222714261804
50.25461726615939
56.62288303760731
52.39305048117679
55.88062105565713
55.208930301172835
54.23819554496116
50.80105250486031
55.980773950246096
56.98139934514321
50.36532891832975
52.57340362650925
58.226450026148484
54.205385793724005
54.4183231490532
56.75151555758571
52.3536046669954
56.46688230940024
55.71455466719036
56.49727300569952
53.27952263811877
51.35842965214449
47.9488259357116
47.4436683892812
55.33988091088836
57.41415073666671
54.505931331345415
56.30815648003727
54.89645900801512
54.084425047612505
52.08492448872467
53.550047203765835
52.139342879270316
55.70877859738607
55.88904125525417
47.10801798260044
48.07270269337763
47.30239205095307
56.79054487108326
54.968002296475305
53.36028914091848
55.38848160056908
54.554101249933154
56.15840662051935
53.711167906721506
55.5200780254502
53.202797029891194
55.12311005092663
52.760902973776645
53.314737852291444
54.07950327225786
54.392862348763565
47.63217625352331
47.535436245603414
47.11862974666952
52.04129192993401
56.093975923326475
58.263656727401816
58.16398818799625
50.43517956221292
54.983752987141365
54.598173666845774
54.88170018538428
53.553300098768396
54.57222313739382
57.85775186806
48.61017971422111
55.1064006557877
57.41383585605478
56.38966468616467
54.13574991417801
52.817575568052284
52.07900396606906
53.17971964227439
58.25987212965653
56.95326798998431
52.29926647870564
54.0976759886425
54.5407978084648
56.46371554403254
51.51800461904303
52.76856937749868
53.74583930727453
58.47196200283768
50.5658069763486
55.854807918905486
55.452942484380586
53.63439967488826
59.93036997425471
58.23692571541017
54.34027466527544
52.180067006220554
52.9717439975441
50.79606904024497
56.538086801270005
56.536872068326645
49.28757748561732
57.329230112474626
58.29508739948821
55.620733520335456
55.004405712498276
54.37996539183234
57.3862974861438
56.771377308931065
51.2398409949037
50.88431591274492
47.01627151398567
48.70669242494159
56.85671362787417
53.262314832833866
51.96166805639603
53.98197053043282
54.679472045815274
50.72225197269654
54.51151885925597
57.826045049546245
58.827577511320136
59.48561081387917
54.921178488638105
52.9342775379263
50.660483438423874
55.519543278927834
54.70079191093552
54.93201928001834
52.22430856789011
52.6896237694838
50.292693277548466
54.267787521135745
54.79516525815029
53.84435248333507
57.97772548174719
58.036824123758244
51.43927734816848
51.557095855763194
56.50509310911155
55.994099376390174
48.13614236574565
57.900702435116706
55.925514530015235
56.378683298760016
52.70072884152553
55.02826245053696
54.731877075211756
52.83458438059512
52.79927664191769
54.45862156674103
54.665375278001775
52.56778874067688
55.972448921494994
53.07441672269458
50.739906877510094
55.1644053479441
55.31364680322653
50.66641254454946
52.908937046842375
51.17983883565172
55.80540506048278
52.28171709710156
55.00781691588556
54.977071306822396
55.49878145195925
53.75182161137993
55.965936287543684
56.267048118000176
55.557154086188454
53.964851406481266
55.71589752508138
54.59492302307759
54.73001891550334
53.54717973520994
50.69035073781813
50.503739066521106
55.16649474499541
53.26962147694365
55.33974816956889
53.888562392746934
53.937954757334325
54.61760784226891
54.48574383576477
52.80429894824229
56.43746528096503
55.765745712514864
53.18503882090613
53.554189741261276
54.698658979501516
52.866528841764065
52.26938279953817
53.39706287829748
53.629327969890866
53.635997649510344
51.792941917258815
50.98893380192398
52.448405752305874
52.475212907962145
55.75889974785812
57.33535853868487
52.57198676637124
52.51162834339302
57.616870812953636
54.20854830682697
54.11211112896945
51.55178029628609
56.93640382993344
53.119673455834494
53.001170469273994
56.07897992123961
54.85770104572559
53.26678526303473
55.335992532959715
54.32886036893699
53.68742555286061
54.75128609595152
54.44434242055497
53.4938727538556
54.95825953408502
53.58907352574302
50.14137176200149
53.940856779561386
53.143686001311444
52.85421973172959
57.35005795506339
50.516080509279575
53.98891164462041
52.27675064403421
53.35007166803008
56.818269592013635
51.594018871828624
56.32538331012681
51.69477273328322
54.619886256030405
53.86133381504528
57.0031244407257
54.99542081845406
52.36100329752512
53.680918492646406
55.823257694667774
54.864868028914394
49.81542016971133
50.293857672201106
56.11283200282216
52.54087792937245
52.75045469273097
53.130115983970086
51.268368966489504
51.55919496729797
56.49812102856118
54.91997890629984
54.625169709910594
54.33906708839401
54.951420760045345
56.05779943174838
56.891670356802244
55.90387213870288
51.36843636438272
51.956010178322344
56.02211188097172
56.41164560809325
52.49005235244611
52.83940061687776
55.09462345560974
54.416232035447386
53.07541507224098
51.83309426368353
56.82965366999986
48.31044122199852
48.29684179403656
53.077484672128755
55.13640061596522
52.90807275902744
53.756459905757914
52.970330751387365
53.085658840759514
56.33441787098426
56.56492864807221
56.55535905819498
60.564635035424025
53.50372839682272
52.982492396044684
55.67131083764977
58.14530858317134
53.14137139335318
54.26640218400093
50.55207878711215
57.26880209366308
54.50725231243641
52.266134505693465
55.99035480812658
56.51244699313794
55.609246483248164
54.87503486482924
54.956229342229406
51.63496170770672
53.614454310921445
55.21538766840016
54.61639712346508
53.22674771690653
55.309620046146435
54.03852732332224
52.46222557220657
51.021142514707996
53.352373415311654
52.74145299717597
52.70881416611506
56.22850569191009
56.153137904885426
54.91188146325697
49.2716822315687
56.02493302588627
53.63883665701494
55.26736296415205
54.50917650513591
53.94167065451235
55.45722244100668
54.367791896548844
51.777061108522346
53.02470803846787
53.68333076574335
54.61642102146141
54.556558217965765
54.5580804909882
52.15668049246183
54.38933067133528
53.86248907198034
57.54585675113521
50.83383043471203
52.67293320060705
53.84841966605797
50.5873221135096
52.662752511765305
52.42317683384283
54.586293221806415
48.84913551266724
56.408327239473024
53.81721813267793
51.58332666336372
60.85344384192222
56.030528823866625
53.84470669800442
57.62690842647488
50.808392138527985
54.71049771009624
55.06957780106445
57.086521063410075
54.44670807318605
49.9001530764951
52.21134542976788
51.693010738459705
48.24432349776554
52.716552438432394
55.275404939843334
57.57234536019265
61.40899585024677
57.21681791290245
51.30730746458215
57.029945368208274
55.26852460737495
58.521153007074965
52.45887375506545
55.48989369018681
53.963078203752524
50.92839840948758
50.92293269969172
50.651401460613585
52.80175223689175
50.079283465669775
52.382478467524734
52.18369562273156
52.223384586346334
53.08750855016378
54.371860913852906
51.76709997718812
55.020368551174094
54.975649773481585
54.934170268700576
55.55220709504612
55.507278875791
52.722370237855756
52.66381936793166
53.64762059100321
54.06169219172978
52.68573710398199
54.09394177529566
54.17636510638619
54.79540430362813
53.47930215083673
52.853526039200695
53.089040981080196
56.69137517903394
56.70329322869975
57.30588683449576
53.379276668194294
54.492891958469365
53.30092029927241
55.68724877072628
56.86042157368741
52.826437979346906
50.44631224314978
52.46150422555463
52.211613773410164
52.9254226482284
48.02030181889489
53.13315331258172
53.80609639202561
55.985783359652906
55.85543232929558
55.887457318593476
55.09504447374347
54.260508281458755
57.27472053661781
55.524381427724926
56.83824699740002
56.652887407786984
55.670891390637564
55.7855295272797
55.713343695092654
50.70834509231923
49.43201063101662
54.49176270187434
53.024201030964676
55.25452814274549
54.66928059846777
52.00948919822554
52.892671059476356
52.47633128781803
46.31227890731464
51.9987635130334
52.96519252055099
54.16974526322746
53.50137094301939
53.602714294691154
51.519065630786706
55.60726628449809
54.29662416847896
54.323085904934985
51.77916459316199
51.46568125392023
52.83266581803369
51.063338762498184
54.19606678166759
51.199450249597945
49.36142951329951
53.60468496065681
52.52521336145276
54.28026284545182
55.398014963024984
56.54696463693309
55.47472981327577
55.82951554138264
55.705500762243204
56.00846629913684
57.12985559663235
51.7238845529939
55.83459170079773
50.260667863109944
49.254844956605744
52.95193434289131
54.32695884613409
57.37117526893064
50.7253864550063
60.52403235936397
56.39967218152078
60.08904888447429
56.860727701901936
56.37490685118856
55.87145215820182
58.200355001961746
51.79552731055058
55.12479460989322
55.825171716066535
53.91009513082117
55.27261014713559
56.21693660625207
55.000865599582625
54.320378107095706
53.89234523163505
54.63012289716452
49.22843308550579
58.309737237761766
57.619584937584506
59.993879813904194
57.70459830933028
58.414795135455634
54.2078198309191
53.62129910541051
54.27607324324555
55.47811176840112
53.659338352588584
56.445245399334766
53.536487833146914
56.402479199481306
48.72179478618015
50.01471516993533
48.04822578232032
47.76234640647571
48.05487968907739
48.692141585377875
51.8478283174064
50.73815020216069
51.23172495849617
46.79755813881839
54.580246625061044
54.838385621887426
54.857100583254116
52.2882105799114
50.1493900044792
52.504504282637185
58.581131173380044
59.88390912785778
58.69292267131302
58.94748545882352
55.231358332966614
50.217518720365796
51.63671552227282
52.22386153758063
54.95163760549908
54.34022634101892
54.30868811943811
54.50721417357424
55.84329016572888
55.107703627232915
55.82635588954381
55.887409786159886
53.878263313690134
52.99179008440272
52.76322023048606
56.35267159714595
52.767537994951105
54.16390695698203
54.91024049415495
50.036353159345914
48.249766705151785
47.34367335008458
52.683894704019565
53.572794760799376
53.12105141256618
55.13778352378897
55.12719631606955
53.06985134951948
52.4993602681445
52.84196418784201
55.297182682568284
57.22746677040538
54.55054350041895
57.35633534410218
51.97600693760418
52.5677662139276
59.28491181909139
54.870288214683434
56.91639287115567
48.477382539030806
56.67985679261849
56.7526715879262
56.94778805177796
50.76201577292549
54.29473862735995
52.89134795442891
55.4304215605704
54.301711906034164
53.05900937303503
54.08507224943446
53.81902426998248
54.22038023633378
54.45017476732791
53.87469280685627
53.607513443581006
53.083864142177795
55.00020324643711
52.52087031583407
53.074409752430675
52.121783657699545
55.812959455080126
52.24418135571939
61.94434642117774
61.94434642117774
62.67364104444808
62.06445748056939
62.17184882579382
62.060832133315984
61.107834490423215
59.25301086008893
55.22918880646307
52.49580269272177
50.03070712830012
54.217937999592856
54.62074312147879
57.07882720733954
57.62890206278978
49.632586466687044
54.42881441556297
54.97281751480924
53.68174658455955
51.94308792312797
48.012625530527
48.012625530527
51.80095609907991
52.89314226088219
52.06417587049037
55.42629987366969
57.097724774002884
51.839941122533816
52.57890921705268
54.88874991189261
54.0403647811694
55.469906706202764
53.36871371629747
53.99064416036023
54.00830789216646
52.77095823233099
53.74004986623727
51.7890963093387
51.73631458567097
50.26957120823196
51.80534912848289
51.38171473391426
53.07901442888962
51.70317417576729
54.048995769583996
52.65477368099194
53.64483090684941
54.08370340007445
51.613175650857976
50.734715062818964
52.94545936226705
54.481511198071246
51.49206795427979
53.202202252516315
53.84412284278032
52.97896748762936
54.102755603258665
54.379189194038595
53.66082349074814
59.81939502435828
56.42806667475776
53.01893758917856
55.737742151900505
55.448149890936016
55.45997679927629
56.658236484230564
56.76310525069726
58.15702106065318
58.56534801701442
59.67568264068179
55.877358685491394
57.08315895858659
56.66375364069635
58.70489294517034
51.918976271777886
53.993441607605014
53.723435662685134
54.59713979458056
53.01176781449958
56.799638368528406
53.22984350894487
52.54768186910703
56.41841549895911
56.63740800425888
56.410573898312144
49.623693181040544
54.00075919680024
54.74835950157568
54.669072825929305
60.35825286685381
54.10754094398975
57.523366850260764
54.51938986358394
53.01758195605812
52.290550330505305
57.384775593145925
57.776719034483875
57.87349896871434
56.96650196618516
56.16654626738849
53.96635215293147
54.086292633369716
53.77926586402422
53.627255959644096
56.6676189613859
55.05187374219931
57.92462018883564
57.77517213782172
56.89006586414508
53.068379413470986
52.9805480181638
52.88607786610825
53.97452506190219
55.58426054106737
55.65777083190071
55.19221424213281
52.18889582387801
56.88120396849231
55.82437907942222
51.005850585972
49.44054219985806
51.302794855346974
52.14102823874946
49.867603956768825
48.09639362069822
56.54302281060754
53.8951697069355
51.97677637194581
50.76162975659944
48.27373521484957
47.97908926768767
53.75857353672426
55.306862914176556
52.63042529971455
55.72350432027978
56.52809736233412
52.3528017670137
54.377400503545935
56.246586591312095
54.30905961791819
56.140639150688564
53.71438726183637
54.15033162727031
55.54452587208826
54.49614294374486
54.23456326062984
51.704067455758455
53.61915449438501
55.00341748576007
53.630124079403444
54.424153149785376
55.15710536304943
54.12210066912731
56.154329625834734
57.56371919895583
58.302821776154126
53.92370653267343
54.40598375852367
59.4333070782252
52.83086761975503
56.210605745333915
55.92701183129391
56.81569954743651
51.282957122358624
51.617055568752654
53.414890106911116
57.57285577902971
51.58964905151789
51.55806625784676
50.53147984061374
53.95212964116033
52.89632350178976
54.251027813784134
54.14244237605365
49.55879220549868
51.765849213509625
56.170919756226155
55.494658912212145
57.17620298377577
56.726010547505815
55.139469845196615
56.43787607309402
55.94251743301481
53.81900056157229
52.963241795942
54.031863221843025
56.48662037338936
55.28051500596082
51.87737576388669
54.6862054695792
53.27947918528587
50.61155098349898
52.734937617396795
53.229019546500396
52.630902405155176
48.39620903485838
49.182954598045214
48.42976971151182
52.773557557440235
51.509671248634795
56.30629530595592
