0
3.064078896586567
1.5716993147084166
3.980638957190696
2.83204976199726
5.11663225429733
4.630977881055788
3.602440551473512
2.6684631464389432
4.220393720170709
6.914862588958705
7.139402673075334
2.7321807513052327
3.270488773756447
3.3353221748785553
3.169828195840649
3.5557873871742194
2.0494432154715896
4.3938625896691486
5.165853679877061
5.003199501531843
6.915562057884209
3.7127437479167567
2.426536685504218
6.107147899617256
2.540012253699755
5.719483974118044
8.876328058887415
2.2533861861246516
4.029586590737453
3.642477870245116
5.191830397336765
5.627231133286296
6.914826449811045
1.4856053329378804
2.5896974263999155
3.7491893980059596
1.8766126656034716
8.574814217956426
3.1857179780411555
3.3185646267106055
3.9113590496309274
3.9945546099544473
10.91449582296871
2.651967045389026
3.2941311173674217
3.4977062465571382
4.33533872928177
6.486957900209653
1.7533158252742413
2.483966601223596
2.6473366284346254
3.504180185834615
3.6653497937535318
5.093504855973063
2.7888908935609367
5.017820709129073
3.1336280129833534
3.7287446919504257
3.6407397497680347
4.863836547967357
4.853456235572331
5.083660341861653
3.1048195959229337
3.2822697084980454
4.596400948724974
10.058082432163706
1.8101170886406712
7.238491003828594
3.547279567194437
3.116089950192442
5.455647438272679
7.371845342880384
3.3709616296986065
5.458631188865505
6.055639115865009
9.1008214026606
2.2354805060065868
4.17426253453594
3.2916394312640267
4.383235970484048
6.01293622451638
4.439918279405551
5.039335519857349
12.11139082550074
12.318190930937561
10.068944139604458
3.4318026485140236
8.036315186368066
1.4647485564481573
7.3399370953746494
3.7302394756099995
3.8334568901894053
5.659154832250036
3.6851555832761553
3.9613794323237923
3.5610640691918722
3.836749880212147
4.043532383404135
2.359947134653225
3.25361857779838
2.2939913029728314
2.5280917028038137
6.533652473331746
4.195091878493549
3.269688882386271
1.8029215508242273
5.040621769916155
5.120336775717557
5.254710286811045
3.145658195233381
2.7355725752072755
2.0581597202904067
3.3754352470657563
4.456797397888853
7.524166322444744
6.5457598920387925
2.39906568589777
3.672203892361461
6.158222574228295
3.939526061319554
4.01393614365108
4.346005062740701
6.102852530491322
4.462716350764608
5.914766305943691
6.2730891276123035
5.189636354717885
8.040642751215058
7.071295428141946
1.7134303079508153
4.320803959577874
4.23782482323666
3.35044596362163
4.073712193276609
3.41644569441994
7.774512031230859
3.4041760855898073
1.5527385382857568
11.014442221718065
5.823109080676374
2.9959218773426097
4.296122611450168
6.268821574905713
4.239888856790549
2.9181548802205186
3.138475647539238
3.717011983785667
5.5672816054014405
6.13711567952919
5.743146943850471
5.0453292920759845
4.757971838963101
2.952201012328531
3.542001096102907
3.4488113409803294
2.655498994181321
7.051444417075283
7.623636135619706
3.3590586980208905
3.365148157746498
3.445953109939278
4.438580542956235
2.1176789015320905
2.063778273257977
6.929875525581056
4.226826282261153
10.353771121052633
3.3447230452209133
10.239559456600858
16.11483589463245
2.297050190052266
4.509370764524417
3.95634656038234
3.4142332758435447
3.273694949365779
3.177199695470655
5.597987764588039
5.91413659663853
2.273902942276378
2.6457017368125197
3.4273997849324984
3.355308779036763
2.6835771437595772
3.9400952847024944
4.4351315660414885
4.18671547324716
2.5850263783181706
7.28096643210607
3.169797250664886
3.2660817527648067
3.1838857089192136
3.134567130374978
2.959143784857028
2.746405378689727
4.6557221903602635
5.49638541249605
2.4822414703913394
3.982055484551928
5.849022244348278
9.59794387514737
3.8238301738764373
3.7740047668538312
5.125851068454852
3.9193921868060864
3.6940694397044487
5.098019429084135
2.2863140576515435
3.535532598841011
3.448545381428064
5.714869390680469
2.627876064851218
3.3986585608180686
6.853146880695611
1.2843186557139332
4.701699693680122
4.593278147758103
3.35007997482675
2.1022233513895197
2.695196390859797
8.07279841489546
2.015912463666829
2.6230840385089365
5.275186572761302
3.21310920059466
1.8868447246857099
5.381976799907485
2.7002880259406874
3.6120664973058587
3.64505245537711
3.043277019788933
2.684698202580903
2.3338699395342606
4.128516975598609
2.259453685463915
2.391045738972906
10.52762530543391
4.569856150055646
7.427980783917168
2.7963348604966067
5.204737158946194
3.0824387080760904
4.6461752433762875
3.2788247843471297
2.1710477318558605
3.79035499806626
5.307182799029415
4.948400487979205
8.54813974065271
2.625851650029856
4.348749148466769
2.5964040733819513
2.8297860078749566
5.429482144737145
3.9999841187176113
6.3358889093476485
3.0986253093433214
4.906864331179423
3.8663304662996762
4.004140790778429
3.743504770119592
1.9313416088299034
4.25902344912928
3.4127434659981994
5.550839107825881
2.5156178837821574
2.3515684724112815
4.834139225005755
2.7766054919130476
5.450868150010481
3.064027998887524
2.836245627019503
5.195965046246599
4.695719379466807
3.065009363291723
2.4984750643321787
7.660853353503399
9.092738547788494
2.1336641451722103
2.2184591450544526
3.355065635853804
4.015357872965968
10.96147943621822
6.106895972737463
4.901613055475067
5.476403645347696
3.0962735026406434
10.860259897737786
9.670965889241787
3.77046387756743
3.832906544469467
3.577835013787473
3.425865431013461
2.7495862151875734
4.030640805892419
3.483739566686406
4.273414238402167
1.6780695906541976
2.6215559704963964
5.282696025121691
7.748622523733356
2.441028590962974
5.270736140718518
6.5326644286432956
3.0378335642988152
5.546665945596738
3.490619648868532
2.158487954506985
3.9586992221442956
4.12320661958231
3.485137209569465
2.490834020343222
1.8378658321883812
1.7209238908065412
1.9471101247338547
1.6811347771767997
5.123448074016568
1.8226199111653543
7.489148714748166
1.1129583501428846
14.017374320318917
1.344079492118427
2.258138042116965
2.781341230621667
3.72791481575862
2.4330255870205426
2.753546824173138
7.508210803182754
5.205329630101217
4.86855763887397
6.278752957038275
4.821005106155837
2.7867798164611877
3.5693349058402513
3.322056367332133
5.103570273148891
4.448277918651872
10.007784615762326
1.6113704442033665
8.970605722951724
2.0201115278372495
1.8307208953741858
3.0158433035683005
3.214641541882429
3.134103183763117
8.283768638322295
2.5182866926823975
3.106467729833726
4.020213657441718
6.090216111758498
6.09543789093042
2.158782046912759
5.130324391264569
3.8424570244552236
4.979089574212732
3.545888365206307
3.4925400186253595
4.639306763984586
4.923395242394547
3.0692604916368724
4.532030171049288
2.8213903524402664
2.3326558560775768
5.716389556877358
3.5906726884009736
2.862458727371909
3.2037109895693234
2.0299281809108636
2.867008031130842
4.756818264910114
2.221416295089996
9.072925750291876
2.1170907786849766
6.751910500628286
5.966249957078438
6.946961023542995
7.7061919471780636
3.098647909665303
4.15086719788126
4.144595259183808
4.945040189957167
3.72986326707301
3.556354612443633
3.3194425066468254
7.192268258422424
5.596350851620463
1.6653887260548195
9.119574681859094
10.118531986664216
4.348523854284293
5.570392882371747
2.8509053256584997
4.834840467296097
4.163277273611506
3.763190432462591
3.2982114676492227
3.407751260423519
6.480099234627756
5.586208548553212
8.646286027636343
3.325258337772224
5.898172245559707
3.961195343808693
4.024405478306389
1.8237998557513826
1.8028606565113277
5.5024274866340575
13.201066301848982
9.676279352002524
9.2270778436056
9.166273641611916
5.945278124718881
2.414860936281288
2.54892478442183
2.3054886028719714
2.2136631647271416
6.690549610001457
9.388940395685708
7.273170757824969
3.3452086905931044
3.356705875942598
3.667384521690498
4.448835195263633
3.0564573760311387
7.867596404568692
7.592695120622389
8.976754408355623
4.287866287073797
3.595191711719105
11.079985474368812
1.2394272729967557
13.574456943198964
9.960375188900064
8.41305917045998
2.088936050512034
4.497998650107768
4.615389479341993
5.31726698926515
5.215162485978528
3.4021732703494085
4.607268318981509
4.703874318796541
5.207822616798536
4.932754297724913
6.258832793977911
3.279791655323286
2.6790872565171724
4.43037116200509
2.371809073946523
4.235282422900737
1.0882277103391644
1.2514450374575676
3.4265253483844966
4.785598473927455
3.4830126186526438
2.846291494344295
2.6979185884687507
2.429641927164667
1.733160284460545
5.050687338321574
3.227419784579529
7.047055471747534
5.49865595763383
4.821993549477244
3.8918521344814163
6.542967591177362
6.492566631384798
5.943148412510403
15.672894589069955
13.521494903891242
7.430744678188215
11.7884202492564
3.7442350409778937
3.675478659012716
8.51562350611418
1.5198248153991467
11.225745038723293
1.3585124786649756
2.141515068320336
4.628669744898631
4.432645804911884
4.3347518906646005
2.425758546767326
1.7773180323133864
3.2936981600084714
3.368718713718571
4.220222004316734
3.708935541742469
11.981795675639544
5.417199817408
4.549975117837505
3.320856755997332
3.9383477106846874
3.715378879520292
6.288812716116752
5.626302976969349
5.736431363225418
5.756392619789739
5.758915973662554
4.017198360413201
3.6627897073813056
3.750372501529709
3.3173701786493868
1.3906965482287186
5.098251835931882
4.892923439226017
5.150818521391848
3.673055463421141
3.8330654609162345
4.052479737511974
2.6041428289426665
2.5251509793875093
7.501971051031346
5.72550329543375
7.055409985835129
11.048715362323199
10.344569240537243
3.1484407345024312
2.384969563146338
5.7088364999515635
5.623628362811873
4.187404279183381
4.997534217426465
3.3663422825266185
7.8260260583697585
6.317072941796851
2.9412304594432377
3.526149168024477
3.8648872573183066
5.757240583466126
4.953878587595755
1.8923484712942569
6.140038917813494
5.578846652984015
4.301627007496651
3.7522840755086677
3.7301254535286623
4.428987733758845
4.030174339221177
4.030562856014436
6.156667769950922
3.0072169584441233
3.0498457410987414
5.330124232053334
3.572701192910583
7.2563446653996575
10.875026416802923
2.932225181529411
7.922770474975835
6.322245546857388
4.370957792998023
5.81618095874372
2.6851014899278316
3.655431364400577
7.077547450342756
8.504609986143649
1.5124139625996431
1.7851440097403772
1.7493368312482869
2.0458635115060475
11.867340235431143
6.520037090472711
4.192115265320531
3.5903223607826478
8.65836092626682
8.559546109546458
8.885739259980372
4.770401056220409
10.239066736511772
7.861256631419762
2.851069691141669
3.0957709206912947
3.175837757669717
6.406786203642175
1.9399493171264175
5.5738455408912655
7.686884564510529
6.401641166882969
4.938467328116726
1.1431961796311336
2.915371569185066
4.258505330718371
3.778837593971128
8.461012872329539
2.139478155006941
3.906658429646802
2.2878824786220293
4.709370962600575
3.2061751592927354
6.728872879449822
5.612544006360187
8.902867832943201
2.40784427170244
2.5550695989027425
5.756117613599511
4.305465093722351
4.605217266063402
3.6551671851705567
1.912716326263604
2.728306085968565
3.6942829759562197
1.930744112447473
5.81789056292282
4.291922168279962
4.821693438502813
4.942054906059125
6.888148348311193
4.0092080175758875
1.6498340269806504
1.5193869852632462
5.0570638029746675
2.403849956488148
3.957539374832767
5.578278017343136
4.082698650449913
9.445486300035794
1.2717839975698149
8.089513790523576
7.201169418874262
6.6869731921006945
1.9118201764028047
2.8054862256276247
1.5734101610305895
1.1162524768724496
1.0450498903141634
3.409644629750803
7.4439502033824905
9.064861065615696
2.611802090579734
4.390681110352182
4.619856270789724
4.660180358089404
3.6756521394408543
2.0589340406017165
3.779700820950382
2.6257513221512268
3.137783756024352
4.055200116378946
5.472968187941561
5.359830030972441
5.874787026053467
2.738954427428429
3.3303049424120674
7.274053102222808
8.236253662695368
9.756497698320445
3.8920910549225622
3.2275431806564367
7.352449600281749
2.5567805689389007
7.461191350515587
7.017147101183426
4.179567898602243
4.189317212409903
3.0097336499627656
3.7888998620959233
2.0375149570327347
3.1345688591513086
3.8994285441574634
3.1013383055161574
3.230401073331697
4.0109448211503755
4.991091320687362
5.324976556373437
5.043135890256061
9.20211357964232
2.6446725154412922
6.748059398222661
6.104763764684053
5.156837829739406
2.1552351467908344
1.79525521059171
2.5637662666771597
5.30974591491576
4.2183703256869824
3.9209305395802914
6.001237955717852
2.7886169159286487
2.904212175117568
1.6090866193665647
8.977010154682647
12.149197055954195
9.82899071555057
2.4073018348585555
5.09196824592343
2.3630835028057575
4.523450717562428
4.099459773497467
4.0006394533965155
3.0915145117423384
5.0045804317623
9.144342022777744
4.105985563924477
4.19550912419178
4.165784415184226
2.7182604230727003
2.3217210473961987
7.933220207095707
2.0197678872992624
8.553167579523189
1.5175584082271891
4.071139081495284
1.9956304754443708
3.077643990388293
3.9940158256777893
2.2713640284952596
2.659830057577813
4.648166423656599
3.242500472662153
2.9635832751268207
4.366467256343513
3.3681776278177464
11.748259975944503
6.704768734109195
2.5459413851311847
2.7367525591091453
2.289126986829254
6.018348468872872
3.023500228500865
4.4655877209716115
4.985336002791173
4.708305267439261
3.116467174392701
4.7022684646356865
6.042377676574079
2.850472093788987
3.4199497727010715
1.932805550763317
1.6817254903593177
8.105246083782616
2.4770988132523573
2.7917708637496235
2.762393095359526
3.347360624335194
2.846702419188292
3.7251832078503844
3.7829983114132673
5.31822911422944
3.420865291014595
2.804970573470639
3.092087637174129
1.9036865535287772
4.244062992030295
4.070798674563053
10.560873483232958
7.650993849709644
6.496895683003858
5.469689826950219
5.110816450688922
2.785378730565433
4.393866338993469
7.287525137108189
4.4024554842927275
2.108669286811949
9.462678189394877
9.17466889474297
2.27716847308647
5.074768262180493
6.37201668199662
2.6720305329191736
5.670783501001333
6.069881599833463
4.726925443536787
4.293700434655254
4.63247887260431
2.2444953831903467
1.674212514085306
9.824934599479988
9.644544246036451
4.082018768187307
4.742841562796901
3.8575521658916085
6.200345636327271
3.105310937508965
2.248212754153403
2.0309108858592615
2.226446345921104
2.1454332767832067
3.9719476099138986
7.092137361487432
7.96680675891315
1.800828925215026
5.841675747237912
4.787862971419039
1.8321405396639598
4.216341180200574
4.050980775180209
2.7754596821363986
2.3537005665552164
4.475372571981886
5.035114716147341
2.4335558669031205
3.4588813557201683
2.242830829081768
3.073800156498803
2.211219841686762
1.9497190326934852
2.4724060701982418
6.339109930576951
4.405326813024316
4.602499135276685
5.013832502583427
8.834337580632702
2.562678630886744
2.5043542896674125
2.1383708201666063
4.715743403730066
3.5896863380738866
3.9067082832714917
6.512682043830883
5.6587857950890195
5.003183327603887
4.9642493602740085
5.546172172813654
3.3174537149137855
2.737893119547551
2.042931562342648
3.0006586751286903
4.76222846263663
4.4552298151253025
2.9772398526292703
6.380688340368078
2.045622868079932
4.043641899513507
3.7736808183082196
3.6337979118497423
5.9686369495534715
3.8997850488516543
4.499557438052733
3.848823187026895
6.935338965081344
1.7635090897606214
4.603808620288467
2.918344156372479
3.886371179858166
3.1187533530135236
3.305209445917918
4.181949460069889
3.123849861672306
2.8776450046746835
5.311552239085787
2.6002780924028093
8.537268907484057
3.7550677288807943
1.7752025051186473
2.08822569378558
1.8838210477221935
10.274712664649774
1.200956826743043
7.318366417640971
8.13935599029232
1.5684376787515668
11.140254049619813
3.036682110063241
3.036682110063241
5.692494132309202
2.4478894278258108
2.6337463513833885
2.0646619196792044
4.266000936307767
3.8262921826666854
2.1456172414599344
1.6168326812919855
2.979465391272404
4.567594736366122
3.7349339135395874
4.426878879535566
4.424308182887029
4.910789476157445
3.620163524569391
3.318376954064912
3.2518971036226376
4.0819148259730325
3.7155580322441066
4.0717790837876615
3.96852649461613
5.26358607518644
7.446207582813335
2.603767505789394
4.018480574648713
3.1230890690804496
5.371094009628592
3.8332922680426944
3.4101016096099284
3.2124047587409392
6.015603456784973
2.778486612419683
6.123405373609949
2.979961617950403
6.549942920505479
5.946808609423287
5.1305149435425985
3.751220982246211
1.973984870578849
9.78795752442725
4.782086813493691
4.5880176493994105
3.7925605007744054
7.603023932941631
6.082590414455848
5.602369370694327
5.246008467801101
7.249891807648612
3.7005943072871323
3.4430914675190096
2.7746560598359604
4.811830264055684
2.765613503935027
2.3629227557688877
5.732241498610818
2.727772341545903
4.267400734118645
2.7315651569822683
2.748442213453204
2.619985831886311
2.99222425581073
4.046581920228519
6.532603291836043
2.7313428692851787
3.1995697480102603
3.37377401609896
6.358115684740066
4.416912824534896
3.501232323813635
4.854316583245495
2.7221480358034422
5.303345350378609
3.060932774217283
4.2875960561026085
3.1040878482312277
6.590111569200784
2.6217161961498796
1.298369474970295
9.166733203584949
2.195605194389467
1.526501483098236
9.819490910410298
3.179350557525042
4.38105445435939
6.575945714091402
4.973448660183957
2.0345843489404043
4.050941729086955
3.459646604691735
5.990160298420903
4.65699892929476
3.640917146797043
6.7620587549005196
7.751196393098062
6.3356781772404664
6.803401570618138
1.960101040563734
6.14991276309895
5.999996667272395
3.2044852239261754
2.478071419528517
2.212268555479289
3.6869271167815945
3.3549820074833803
9.069180831428548
4.817470356337251
2.6846632300915636
3.073215765703751
3.329162610705998
3.757190612806685
3.5149527254904003
3.6388614952963634
1.757101987956301
1.705054952659658
4.012122226648097
3.746567284575005
5.414941988832336
4.8354469463254866
2.3429000853537403
2.6303179071955296
3.0354272944474943
2.148729885127614
3.106976554594259
4.836951990355628
3.5770658262679507
4.072603857400101
3.1767396434352233
5.993928725627762
6.198151949233572
4.364727152065982
3.7080468555003945
3.5398878408793673
4.39525225632786
6.022032149217966
3.1253425674938606
5.229563854665123
9.687775456515537
3.7285629786854697
3.7491842643868023
2.9777306103827974
2.6724193033857695
2.9202347641099173
3.01914413506989
4.165569062488291
3.481260989106303
3.086153688348418
6.766433071462453
0.47210099182544346
1.005648653389739
7.302472151378423
3.182695501341995
7.157857678736081
2.578994264060881
3.958247412482311
3.100001426835997
4.132375471433905
3.634096426594149
4.612453850987945
4.725387481117039
2.961554313227352
1.5843958812504864
1.6473879845873565
5.280045287052557
5.255535025563047
3.3511488855544695
3.683804108303343
2.041839854592686
1.4358806136363718
5.072247788379769
3.411609586711385
3.6428527893037232
1.4208737351717675
8.832533019608915
2.604356247414076
3.556488007289139
3.883202730196667
10.95686937835513
5.493516239167813
2.290292556468934
2.611172862345643
3.1547131684395016
7.453333539196702
2.0670360431794665
7.539279906178488
2.2681423335687896
3.065079473271374
3.2467828350408023
3.8960419759912797
4.870268433251283
4.743777350473659
2.0868840916903286
4.097136799394411
2.9100899994367544
7.578405721222694
3.582538608165631
8.897216339008319
1.8299183898377813
2.7095817754764
5.315763004032208
6.1916035788700805
4.449889226522389
3.4112170584002985
6.981344618774299
8.550507310891359
4.713445376883959
4.606503700885088
7.035368530118398
4.780079986368808
4.1519737419439435
2.3067947777633826
7.779795802115239
3.709862272357821
6.574988965299462
7.171211283837974
1.672873307502407
9.291173728664665
1.8984700563856152
8.957494175988616
2.1834762618218804
6.772192241267931
6.704333211209966
2.2378300100139916
3.876114896746209
4.208526228174826
3.637908597719325
6.100114202475248
7.542100241602072
4.435889587101063
4.597049585846715
4.948926674305761
3.2370201132370844
8.643531554271883
2.0658856591724906
5.163177528669025
4.936161163463277
4.163333640679425
2.005019699876915
4.293931365392439
5.891671760417484
6.2567481267726235
6.2567481267726235
6.2829271074282635
6.1222826299196695
1.5814819903066581
10.150670119103072
1.977513962336068
1.9435759443482992
2.3413264487525978
3.059151005061924
3.503453846813737
3.6038689727476876
3.9824131072421896
4.157178193395862
5.766059639036742
3.1346676559834146
3.0709155156336454
5.801624628116152
5.919132836430676
11.574587285463375
1.1816747926760547
11.564639627288186
11.811538060196902
1.1124702772751174
2.2750495174951535
2.8321414364714688
4.78286841387532
5.858163126414479
7.413391153224343
6.591459555691194
7.518244997453259
10.966963209608812
1.717963818245116
2.2041605041945664
3.5532909851981436
3.885149178641874
4.785201013172282
4.037614667474292
2.588891037284207
4.7456597857840945
4.320853785647684
3.3647501040550187
2.847732842391397
5.7931706967324486
1.756367100276611
1.4252222659841838
2.9357720519982395
6.815347331119558
4.49584160912482
3.271011118065368
3.8835125168060993
4.601268637434395
7.797414599468515
7.783975285170946
1.997241162393161
2.3619593641319447
2.5065992644396076
5.613411565559737
5.752276242782197
2.406685747066565
3.474488818723252
5.594338591905016
3.7427963827420085
4.161195191279756
12.05431846306058
1.4279471421964631
2.802277395617185
4.54751932405415
4.477887616494335
6.656092931914831
2.1683663023223696
1.7363487754942246
3.2424982219765135
3.364674201442112
4.975041828263506
3.6792424314406333
6.666545907038367
3.517965148120531
6.531519216684026
2.163745022873279
2.5800418269278507
8.490002732993084
1.059086286096531
0.9799485042742163
6.331433677454293
2.1904076094780702
5.633520617548849
3.1791568417164346
2.9871405154035116
6.48862665785033
6.518994590598834
3.1341620768698917
2.807646834515773
5.643299883955069
2.6195359029452012
6.855934805429936
2.5992467839255737
3.6175938146884468
4.798750080798802
3.2051226083466418
3.075047825808389
6.507399219742523
2.4226566343327276
4.232027075085817
4.346133524692021
3.5377642060498538
2.7733082973141427
10.566576777432477
10.348920265798826
12.12014039587831
2.4782899163680066
2.9330749744451734
6.693068587053685
4.314687350459436
2.6252199086214882
4.4578987590953485
2.189509609102123
2.0205118854417656
2.56813891906341
6.655548650729604
4.93440606585043
5.129202856245191
3.8611513846172514
3.2484998165572363
3.129917907117382
3.494866567859436
4.075619768621633
3.0114526352655564
4.104641892132573
8.407542187620965
2.525119909532616
3.409114671316556
3.5114120103851363
4.524552970994796
3.561417754829485
4.032873270701607
4.33626482433307
1.486843011654813
6.452278835784442
5.792573992436634
2.6817019399422666
7.216318929689955
4.378759528279366
5.297514161388633
4.641088089804832
1.8803410286003701
7.182067591110889
3.354805370141981
4.010973043786872
5.30590614740214
6.221746387237508
9.672533785348637
3.0961736251923484
4.835302015049347
4.851462736916659
2.425079065785714
3.249051819514537
3.535868751396167
4.109777469504737
3.2513990627801483
5.159068585782535
3.8640714660509796
4.421109120471094
3.157199099869174
2.702346061857292
2.720626147158405
3.663070623651682
8.20954828598293
2.550961143526394
4.271012884295476
3.6155414864100033
3.216555380566594
3.7636284413951633
2.7428352201138377
4.1700823797262645
2.914084555405008
2.278347527252807
2.0716319164051766
11.016640102858567
8.825107121910012
6.589253701737095
4.683731810505112
4.202785874221053
2.799052452582923
3.3353832886194974
4.3589470436719235
4.9964037212264145
6.090683719082323
6.447367941025379
3.237143543005541
2.2497933737391795
3.510007023188393
2.326720292201511
5.3873409268937
3.2790368375972823
4.379685088402875
6.399659513969515
7.015325960189133
3.2007755152214905
2.3809706590218083
5.683459488858763
5.700234906075464
6.379856008156623
4.8830623025110045
1.8249189501317014
3.721345114602407
2.097353535714976
1.637181613840814
6.740318832305769
3.225444692944359
4.357997206515466
7.093296895164406
4.62255858671998
2.914289306744354
8.204224975416645
5.81764813057441
4.985282157544238
2.430711495429813
4.654786151501227
2.9566986782543134
4.581191691918154
4.581970708241328
5.351524037180353
5.987819054556844
2.7823758093255373
5.335351730305245
7.308814386428275
2.6720483868761695
7.813612888503207
7.8131814724783135
2.43681218011703
3.674659716773902
3.59843219116352
3.094608479815947
6.093598838249224
2.801863426819109
5.09211902314585
3.2149817422519886
5.322189432176332
4.029064802455909
4.045313695810815
7.83055392585731
1.694012465924981
2.8054474287995923
5.246541096149789
5.027062902736627
3.7212685527407596
4.583172203416617
4.239452251420961
5.202450365129958
4.83092873730984
7.761729329977515
6.3424778746888535
2.4520565243546377
3.699231405570394
4.758446968558478
1.7843099976014392
2.581349105641452
5.138385227112632
5.19580863840005
1.9369738620759078
8.621694616141673
2.1935066535016334
6.51604687643839
9.407614630261204
6.974036380085716
1.790673053866231
7.714384190187349
1.978394249785427
3.167300434913479
2.2899741648994856
4.326082482919241
2.477962334255417
4.909853545744388
7.984028897056824
2.809541275799063
4.352539191044608
3.0028216563458026
2.964428026695684
2.4199560925029093
4.473301178460427
7.324587953280913
2.912235459673268
5.838713119701646
2.954873407242297
4.393003292828931
4.460916760025921
4.567159560223063
7.424548972637205
7.7568431864270115
0.8663393376108582
1.4991144143971689
6.2455104239632915
3.5039148968568705
7.101175514743186
1.8651393958706117
7.083866822852753
3.906981206705575
2.220338627271772
3.566486090064467
5.239645385565904
5.869144814230011
6.147372262650118
6.250532823401317
2.4506785379569633
2.2435960766719623
5.568224394382063
2.3570080739590806
2.2018442213119944
5.430260913146405
4.120291970798438
4.242679316330091
5.406766810111247
3.585044479734858
4.560439678286705
4.41283677923848
2.1457690676406243
3.297381741223769
4.3177553551762955
7.094751529726717
7.084014037686181
8.162884735445369
3.779405556204546
4.023195043085073
2.4821958408623206
7.216443550329675
5.717497810323141
2.9733510206566955
5.9849041182792435
9.002122113736597
6.700534139325717
4.305214636171619
2.802526342893686
5.51693392534358
5.0780158333137555
3.583486496895125
5.256618988165595
1.8634907245085028
1.8597497444848308
6.873246973477183
3.3456895873133283
6.617546405435319
3.6124331170564807
4.575636440261608
4.9910605703978845
3.6858388414815404
3.7852622807401417
5.023706021560068
3.1073173987666878
2.8213236652943365
3.9153427458105283
3.6059730355833173
2.9962925464601855
3.5863993295982923
5.761759976776264
4.6700304434756506
3.6805276769652906
6.668672417767055
2.4861831950544726
4.321239734161948
4.056371254496028
4.103009645789258
5.03371211655015
2.4537412459491317
6.369432762413066
4.552061767342739
3.9978253039626286
6.84892499001764
4.925833528000299
2.484458948726165
3.1677201640420827
4.080731440696357
4.481431622322323
2.977729567800834
3.5594485219567615
1.1072192093035431
1.1564787983038511
0.8764698436631705
0.8724554592636988
5.768315272379668
6.2566368763738005
3.236164098941091
3.420624730069833
2.3704386513287994
2.37517657439855
4.267227032694882
3.1882547943283175
2.52500565296922
7.447633803469991
2.0260503902169784
3.4373922049591683
4.995549766412309
2.9983801212067624
2.3122582343346574
2.2306704307080847
2.5788575261548705
3.1675586783312233
4.5395676381421275
3.965673794857693
3.99216644153686
3.450971680008916
2.593059948543747
5.985779728578991
5.493574111663396
3.5638321021402084
4.982026049512467
1.7926947491189564
10.116108725207269
9.894304244845175
10.662305062410356
1.4553681406905632
1.4365127598841125
5.436208189283321
2.973597741260423
3.4192509598337737
3.655693152110171
6.660587650933723
2.309988092250858
5.501488128761185
5.643169662563222
6.103497023924635
2.097319199058503
6.4004762219284315
2.1254132231595477
3.875565968662062
2.043405741609016
5.407894587508252
1.5288798758752666
1.7302210534421458
6.84032138313557
2.567094462635899
3.9323016914121234
4.507111682976566
2.6631252089623496
5.966929385452382
3.620566015246332
3.256987956153414
3.440555026402083
2.6025997394654086
3.3330343105417666
7.264789620755318
4.559469946502465
9.040815814189958
5.921652297660198
5.571343206926288
3.9465543082930497
7.760719879196909
6.278026077327195
2.68774687047212
3.3413178012981857
2.178600968167448
3.3231050284007813
5.280635844679427
4.229696718377167
3.3295758506051976
3.6634930779112795
3.5889643760763037
4.5629247381722955
4.443757704098526
2.3262797977750265
4.569303436323328
4.873480697445292
1.4600854437109732
1.767877807123584
3.9790737281126187
3.336212473751506
4.177560499995747
2.05085210046799
3.1672817895286656
2.2281552488628797
4.445268481903194
4.57497951058526
2.8162352512866837
3.9917238463523086
2.2643752770308017
2.2295533564296712
5.679800546650825
5.01339103267487
2.797841229512244
2.944632067269536
2.8067609018656716
6.328844602337558
10.483934083108789
1.6271254176132415
5.0635921198465415
4.323657315414712
2.8099530401712465
3.4839417388261875
5.355875468109867
7.613276025762401
3.26219986483938
2.024961831792464
3.7149772343324914
2.426588833600721
3.8109134444685235
3.7181126211554747
4.118969757692131
5.3264114568754195
1.7352226069318633
1.5854681817025083
1.789800373882051
2.3707982712380855
7.771347694230141
2.3656723057180353
2.847818009295947
2.622579837660022
1.5970712708231172
3.4984673315023063
3.99724883446005
4.035064467348902
2.1572867669267684
3.5057455756042213
13.767766440117402
7.781885741751886
2.70158412446239
4.948462250957154
5.135380499312366
3.439489692873611
4.394196428624065
2.817718916562876
3.315003791565812
2.6660523894616666
2.472371097161904
3.15687702662713
1.5716002673815892
4.393537020208829
9.485972096688357
8.457274547879367
3.5709678421174678
3.6643381264730546
2.659646340619544
8.022306290152619
7.487364317704643
4.975857687124872
1.706738696774015
4.906002323743764
2.3694678517352252
6.293632028391653
3.8209532533579282
3.536255955630906
1.8049877618814067
2.702424428969555
3.3194885508855307
9.578083584707262
6.457760404202475
6.634432793907677
4.270626738792771
6.345496697813262
5.5370271013228445
4.338944698835167
2.7530687134196734
5.97972689896153
1.9890744856551166
5.340981978646357
3.4132644960425975
7.121060038591787
7.417390832825799
1.9358280090385807
3.1067602519427724
2.5003999839116116
2.264466481369356
3.772046494449684
2.6584884386553185
1.796949133593838
8.957748937784567
1.3902473216089588
1.2654179018898157
7.99645256515565
4.6342866401416565
5.574859398567399
2.657568400375581
4.947463872197345
4.009682623435916
1.9849120395775552
5.254043437447857
2.517586016040657
4.217683172269591
6.766033164558755
2.552141839584963
7.778048877717387
1.4138624525040908
1.2158577485716155
1.3255570604531488
4.897510287666015
2.093469400262109
4.333194570333162
5.31456848252706
3.4074579286469167
4.666803038326449
2.04542158731299
6.293618625023202
5.182308434285712
2.223756104370383
5.422827713380547
2.981273902055121
5.55613489934852
4.215642303450206
2.7441025971644413
3.839801286506376
3.005459401845649
1.803620412083326
6.410472219473763
3.8166281201891774
5.2661892808331086
3.2041175401049924
3.635572898065009
3.3580613702809954
5.513261779333201
6.137059530870276
5.31955198963011
1.8135127106570013
8.412827424055765
2.73303473416239
4.228111586297532
6.549790470455424
2.463863772806141
10.386585406450125
5.291792713409994
5.2540940817021795
4.889893689673312
4.252437563408771
3.4163050551575087
3.9185837291217105
2.4369118535997365
7.92742163438341
4.751690732155909
4.217714384315858
3.647900023983595
2.3826696378525227
6.24163972209013
7.952335571437769
2.7608218368957345
11.063550893535592
7.951256327728259
6.891069363003903
3.504741397244928
4.617889476599674
4.893182306625436
6.247066973326396
2.2657411472237015
4.571570623093613
3.6637762012001125
4.12040663569543
1.2647502795183196
2.4936965717989636
3.090227749993257
2.813998266711399
3.07327351988275
3.8832211459718433
4.304552686613951
3.2970020833538496
4.507628045569152
1.5963701727036643
1.7460005584572924
1.522138909472613
1.613531372510524
10.034252739292533
5.433690814399895
4.600340756968096
4.994063521999651
8.882888771192523
4.08001362723374
3.0722207640458223
7.234861956052816
6.850430530203455
5.539052429642937
5.22793459388603
2.278648928614531
4.239173339546822
4.0610071710223625
6.762815834202672
3.084523503778443
3.6637691959090337
3.6568677253964186
4.879916074860348
4.628161740028185
3.086755643075164
5.445943225850786
2.124880813881083
6.599867512283188
2.30366504699354
6.029104574502024
2.6099866842274886
5.888715363029865
5.441625421338731
5.1889117014875055
5.075328375392567
5.401169536284629
4.634744656001578
3.8343706825157056
4.319599687177333
7.117758123646337
5.795665462565259
3.1410439418986806
6.728351067171985
6.779812699812958
3.0038266856041482
2.922418869580467
8.408618191140384
2.551137379593075
3.4708293910361743
3.5067937411007524
4.352423219270803
5.0738247976480455
2.7684066758544974
7.066367968641258
2.1662206586889274
2.1662206586889274
2.893066339077536
3.002896910580442
3.4260728012715718
3.308886670146395
3.134563842780271
3.215514323324645
4.665592991472326
2.7205413476174267
2.8629997700070007
3.962620334004151
3.443937484711893
4.494601973207537
3.298922712616652
3.0952001646265708
5.508896712375949
5.248686620212654
2.946996931495111
2.319854000187846
8.216220467557822
8.216220467557822
3.287976207208061
3.68665657156533
2.951887057674613
8.018842272754481
1.2970893081833479
8.192776711728431
5.476783768913806
3.5149768138072806
4.980769213729113
5.328744314787674
3.2014555444762736
7.042506301163054
4.055659702591959
3.0746565349581085
13.17866081131792
1.067243711932067
1.4414279336843248
3.0745667730392983
1.3255271647411557
2.052607313236151
8.860665778250874
6.099422443327434
5.827610857887611
3.196367550996808
3.610877004839049
3.052562078421934
4.946960119451407
3.8710759315569754
11.750111678185968
3.155985128710561
9.833153007043792
3.943068482225224
2.7686417193340898
7.5874959988776505
18.455061619515522
7.084810385908851
2.354928413286303
4.381060151727432
1.7476153286743883
3.0371080040659826
4.428471678156697
9.111398241593411
2.6794545051318446
3.0380145869928494
10.037199283392377
4.299196840566107
4.225646808340547
4.618233957164604
4.795141400479174
4.3239902946791435
4.570089083289666
2.270898990813791
7.396925574831497
14.317802996225682
14.613332942165268
1.8523396804769576
2.308124856858452
3.547820677097755
4.262018299154123
3.5110590814602336
4.472916276360177
5.550106408136668
6.025187887567643
2.8614926264193845
7.421234443444589
7.927734330240902
2.944669981338268
6.441616215066071
3.1407429393245505
6.972629457411677
6.881232230001941
8.122902403553995
6.5665175305687224
3.908252906537229
2.9631861534094797
6.432918865730278
3.6442206693789783
4.846427867289235
1.6568812096719325
1.9634214475303422
4.826647485476256
1.2722641052795438
2.5810752212836783
2.9061674299389333
1.6829588945436271
2.5279039259974927
2.991172538581772
1.454023042304635
2.106971880293405
1.792712916573304
3.145579743195291
5.305969484251835
4.903061220938578
9.431458936452175
3.926728775688398
5.695189429240795
5.6776740101469585
1.8952793546563649
2.289249169779299
1.3484628183897882
4.387246220927503
2.957250285040814
2.3571302483146668
6.408501220836615
5.2247533284691805
3.6302478827664726
2.6088310678690796
6.955508273771308
5.948746286997694
6.889041065970021
2.4199315566599884
2.4608837671424206
2.2720928811524135
2.1984865935165874
4.155498943853345
4.01299768096444
4.433176537269421
4.811269913425853
3.264718090814204
3.3756587716217257
11.758836250732221
2.8449367536860004
1.5955949289867821
1.6700979952142516
6.598148455147921
3.9307681460095534
4.630109039305708
2.843737403533097
4.2638456534480556
4.230757426862653
4.4737684175178645
3.9437396780949303
5.234733831556828
2.756891031235323
5.339178849801754
6.518610172287916
4.523946121902222
3.685567118202863
3.313013456632921
5.620715644416594
2.31817345361642
4.694947489315044
4.148532564325963
2.882466478821287
5.313981462017455
4.200910274842282
4.115378170379814
7.161556203981014
3.7675992146948
8.549282801342466
1.560424106247909
1.6079420710586312
3.4980511976289246
2.3183362884638843
3.784249609006015
6.397245284947874
3.1059609067794973
4.609530002371335
4.152996718490966
5.068829626340206
3.8430054083516305
7.0940866307908665
3.896927296362697
3.9700635159329054
4.8725181865127825
2.9020820931826177
3.010246272885412
6.94633600371833
2.194692375774506
4.785171692434127
6.389069982120877
2.2627077865756435
3.0045367399534597
7.4942684537933895
4.8032310354611845
2.4427707063421167
1.7782531691110743
2.1327404970610857
12.384318299016117
