0
1.119747001085528
0.45215740008072003
1.3814423484185698
1.0410007470038154
1.632496459797984
1.532768051209037
1.2816115467355362
0.9815027061058802
1.4399284223145266
1.933673093474409
1.9656291136187176
1.00510010031988
1.184939445836094
1.2045692788631914
1.15367738952479
1.2685765259806565
0.7175681540507762
1.4802087012087857
1.642070370594063
1.6100776080915666
1.9337742427802274
1.3117711579780704
0.8864650084400563
1.8094598719954376
0.9321689053100504
1.7438785870071232
2.1833879646044845
0.8124340564924525
1.3936637877530416
1.292664183638463
1.6470863127158435
1.7276175153648505
1.9336678671605623
0.3958223208034703
0.9515410451032003
1.3215396560845203
0.6294683780802123
2.1488293272728622
1.1586776884364598
1.199532348089701
1.3638848966301012
1.3849320861331393
2.39009179772743
0.9753016459225119
1.1921424358713968
1.2521073955278288
1.4667997454224946
1.8697936843392953
0.561508752446619
0.9098567184186804
0.9735540887271403
1.2539565946500397
1.2989237724633467
1.6279661704141857
1.0256439876079708
1.6129957177581018
1.1421914428825501
1.316071633299157
1.2921868889588966
1.5818275396517232
1.5796910770433314
1.626031541862809
1.1329556125454705
1.1885351673834956
1.5252735948074152
2.308376533397607
0.5933915330421603
1.9794127597885867
1.2661809906145922
1.1365789947909672
1.6966512993683385
1.997668060596791
1.215198053718619
1.6971980603168337
1.8009899231879594
2.2083646734778895
0.8044561964599997
1.4289377042659077
1.1913857480384742
1.4777872576521012
1.7939131857341601
1.490635970735459
1.6172742320933042
2.4941464003097704
2.5110771073020204
2.3094558491580788
1.2330856766256053
2.083970667981451
0.3816835939144769
1.993330272477255
1.3164724341712344
1.3437669784049708
1.7332745581412918
1.3043127454491237
1.3765923061054832
1.27005939604389
1.3446256228518891
1.397118662277484
0.8586392182159548
1.1797677855153963
0.8302932274937287
0.9274647504699756
1.87696612433428
1.4339152415848206
1.1846948373816393
0.5894084329164115
1.617529441521045
1.6332202133955722
1.6591248718502596
1.1460231513188368
1.0063407650443357
0.721812243870956
1.2165242781031547
1.4944304358723985
2.018120016782543
1.8788174953021926
0.8750793640153437
1.3007919974589472
1.8177881927640884
1.3710604270693505
1.3897723418398036
1.469257046753187
1.8087562898247875
1.4957576278946028
1.7774519879336625
1.8362689171457143
1.6466636281946776
2.0845090241764868
1.9560436919985127
0.5384973891685391
1.463441486695373
1.4440501242198955
1.2090934604459758
1.4045546705562373
1.2286007400208823
2.0508506948392466
1.2250029383949106
0.44002017087199374
2.399207340907523
1.7618343254077387
1.0972519896616628
1.4577128976396372
1.8355883903946457
1.4445370558792023
1.0709515262179121
1.1437372194779374
1.3129201153577164
1.7169068926896425
1.8143548727533754
1.7480073081559895
1.618462922651924
1.5598214931921914
1.0825509980271877
1.264691848819348
1.2380296328298421
0.9766325821121491
1.9532324776934065
2.0312534390350727
1.211660785327395
1.2134719911754346
1.2372005309148661
1.4903346277976033
0.7503206311214402
0.7245384161016531
1.9358418513638838
1.4414514235698437
2.3373508128705605
1.2073838935068935
2.3262585968695744
2.7797403318232106
0.8316257737304444
1.506157623719653
1.375321013660171
1.2279529512246605
1.1859193009262037
1.1560002099284956
1.7224072054152817
1.777345518329348
0.8214977129207077
0.9729363370460523
1.2318018934951491
1.2105438016690464
0.987150659663163
1.371204906952059
1.4895572807198398
1.4319165299267227
0.9497357122867307
1.9852636050607941
1.1536676270629462
1.1835910257000273
1.1581023718979344
1.1424910881160417
1.0848999646190582
1.0102929216103913
1.5380970416301456
1.7040906784613443
0.9091619706848888
1.3817981393851926
1.7662745095564572
2.2615488958619
1.3412525836058091
1.3281367100228876
1.6342965733752135
1.3659365873939946
1.3067286795712534
1.628852117065558
0.826940938986101
1.26286395245269
1.2379525135613743
1.7430714432114263
0.9661759400168719
1.2233808128345007
1.9247079454245801
0.2502283487096741
1.5479240802943481
1.5245939625690559
1.2089842186346296
0.7429955234176898
0.9914710740100949
2.088500189816892
0.701071928466228
0.9643507394522955
1.663014047980502
1.1672390666693566
0.6349059761356447
1.6830557416130532
0.993358443595103
1.284280045492102
1.293370756407033
1.1129349018646983
0.9875683203699248
0.8475278080333288
1.4179182566747186
0.8151230519666695
0.8717308179347517
2.3540027836602797
1.5194817273988082
2.0052540565077335
1.0283095813265246
1.6495692029909519
1.125721072022858
1.5360443528310739
1.1874850607370393
0.7752098767695538
1.3324596817438046
1.6690611481422044
1.5990643906200672
2.145713685083305
0.965405281531537
1.4698882516729623
0.9541274390335761
1.0402010932042551
1.6918437601045604
1.3862903907914117
1.8462301211115166
1.1309585645397648
1.5906351087083168
1.3523058572932072
1.387329023366862
1.3200222769283658
0.6582148955317451
1.4490398967087983
1.2275165033135775
1.7139491069294543
0.9225184528136974
0.8550825405889704
1.5757030830675696
1.0212291355439471
1.6957748895691824
1.1197303898547148
1.0424812152930099
1.6478823717354183
1.5466513233865071
1.1200506242910853
0.9156805714970379
2.0361233813991704
2.207476133200351
0.7578407577251829
0.7968128760956797
1.2104713338250686
1.3901264774155602
2.3943872574666134
1.80941861999365
1.589564345938709
1.700448616423962
1.1301992924718782
2.3851102458711617
2.269128189610602
1.3271980383381665
1.3436234042774007
1.2747578727286437
1.2313541203836973
1.0114504331526357
1.3939253722243228
1.248106304958128
1.4524130951886047
0.5176440795653914
0.9637680233638108
1.6644365782193273
2.047515088694715
0.8924195041496739
1.6621700379440383
1.8768148889559026
1.1111446180444138
1.7131970167243562
1.2500792702732957
0.7694079555053457
1.3759154920487702
1.4166311663624604
1.2485074149064512
0.9126176023230864
0.6086050246360217
0.5428612924319427
0.6663462860303175
0.5194690279982145
1.633827664340769
0.6002749776143974
2.0134551348278675
0.10702165033794513
2.64029758306281
0.29570938627335536
0.81454059854304
1.0229332684157122
1.3158490467121273
0.8891355804006452
1.0128898349047144
2.015997195472189
1.6496830295720237
1.5827977205108805
1.837171387041716
1.572982434571615
1.0248867415974299
1.2723792775502984
1.2005839789376176
1.6299403483656931
1.4925170367076825
2.3033632517262235
0.4770850245043814
2.193953201433149
0.7031527216896166
0.6047098211809925
1.103879493745701
1.1677158559470338
1.1423430673749726
2.114298014403861
0.9235787864413011
1.1334863025177855
1.3913350498359347
1.8066835674236255
1.807540604639747
0.7695441954931768
1.635168891348116
1.3461120121013743
1.605247057900456
1.2657887252631366
1.2506292705301068
1.534564950762561
1.5939983824192496
1.121436650379355
1.5111700004801596
1.0372297962295316
0.8470074708329137
1.7433374097533136
1.278339563331723
1.051680950391053
1.1643098221317478
0.7080004135662057
1.0532689881288553
1.5595790130016576
0.7981449632286128
2.205294786564441
0.7500428720481935
1.9098255019671029
1.786118582143909
1.9383043011498766
2.0420241546892393
1.1309658581739754
1.42331727575769
1.4218051382668604
1.598385092434402
1.3163715753626402
1.2687360349642078
1.1997968491436173
1.973006596031887
1.722114751696422
0.5100585652847313
2.210423167237695
2.3143685927307094
1.4698364436677507
1.7174655868864699
1.0476366019636882
1.5758481329722933
1.4263025702733985
1.3252671168848023
1.1933803420482207
1.2260526193384613
1.8687358242326904
1.7203008009745278
2.1571298677750783
1.2015473666602665
1.7746425140289985
1.376545834214631
1.392377192707665
0.6009221574250807
0.5893746569924072
1.70518935607341
2.5802976067728656
2.269677462938983
2.22214240506301
2.215530839624719
1.7825973120121033
0.8816417021261753
0.9356716170817314
0.8352926292006462
0.7946486839258705
1.900696024727039
2.2395324429428833
1.9841923392172884
1.207529080451162
1.2109600990098084
1.2994787436109865
1.4926423080412836
1.1172565250372508
2.062752603401363
2.0271866167346344
2.194638392525262
1.4557892402304797
1.2795973170721895
2.4051403703407344
0.21464939630356641
2.608189860835572
2.298614740455306
2.1297851617615806
0.7366548696176013
1.5036325534276453
1.5293962586174406
1.6709594475299199
1.6515702453937249
1.224414424584212
1.5276351258426775
1.548386492296483
1.650161844571716
1.59589751313053
1.833993713091064
1.1877799006600793
0.9854761605871849
1.4884833642957094
0.8636529863050151
1.4434500136964787
0.08455041912625577
0.2242989135921514
1.2315467297646625
1.5656110900050502
1.2478976143036993
1.0460169168909668
0.9924805825596335
0.8877438914183625
0.5499464960471908
1.6195243406239372
1.1716829896976648
1.9526098659965396
1.7045036910355806
1.5731874420304288
1.358885171433851
1.8783908226699795
1.8706579273261006
1.7822390287313696
2.751932761010952
2.6042806343168676
2.0056260795739074
2.4671177148385897
1.3202173346838544
1.3016833715337492
2.141902535874763
0.41859507518916744
2.4182098045859215
0.3063903354622292
0.7615135543877054
1.5322695146991827
1.4889966529343805
1.4666643746071732
0.8861442782675033
0.5751055046353309
1.192010994286819
1.2145324684241985
1.43988773432218
1.310744919478701
2.4833884709073843
1.689579043093105
1.5151217643407644
1.2002228086722326
1.3707612725823004
1.3124806593813845
1.8387722955213086
1.7274525616161067
1.7468373032635625
1.750310997225251
1.750749257979225
1.390584734395273
1.29822507220635
1.3218551687903057
1.199172354175007
0.3298047354606037
1.6288977037004655
1.5877899651839613
1.639155638239218
1.3010238670287604
1.3436648644984082
1.3993289746181488
0.9571035726664988
0.9263008547565795
2.0151657928187854
1.744930457442439
1.953794696420706
2.4023141644020853
2.336461670943153
1.146907325362298
0.8691863624753662
1.7420152375724671
1.7269770717438424
1.4320810381874445
1.6089446342777256
1.2138267788122117
2.0574548535002544
1.8432559587545763
1.0788280174141576
1.2602063882494383
1.3519325114504883
1.750458294548859
1.6001708228128169
0.637818635115534
1.81483108054507
1.7189820620156573
1.4589933249706188
1.3223647413665511
1.3164418667439224
1.488171055408855
1.393809635375539
1.3939060327109563
1.8175356847445803
1.1010150525323652
1.1150910126513391
1.6733745459836729
1.2733219463559633
1.9818762124288754
2.3864690061031006
1.0757615824155142
2.069740952104418
1.8440744530988649
1.474982159691345
1.7606438536989981
0.9877185261022724
1.2962141065937225
1.9569274423746268
2.140608367787971
0.4137070250732493
0.5794990897030312
0.5592367625419651
0.7158199553853863
2.473790108991744
1.8748800646451893
1.4332054431389376
1.2782419925588135
2.1585254351764136
2.1470471641621036
2.1844476612945942
1.5624303802380228
2.3262104764454272
2.0619464704331483
1.047694254086937
1.1300369609651602
1.1555714582229226
1.8573577729167552
0.6626618475413997
1.718085218035563
2.0395155732788948
1.856554389817941
1.5970550255937763
0.13382800580772475
1.0699972796671178
1.4489182373813245
1.3294164475166648
2.13546889131333
0.7605619464963367
1.3626823870263503
0.8276267079597402
1.5495543455212635
1.1650786875335901
1.9064076525802427
1.7250040938145046
2.1863734532542507
0.8787318541353841
0.9380794635597042
1.7502632220337933
1.4598851677521205
1.527189849064101
1.2961418336523638
0.6485243920937188
1.003680935288467
1.3067864830543081
0.6579054791022206
1.7609377498106424
1.4567346904660867
1.5731252021475082
1.5977812175935575
1.9298023041047723
1.3885937199610192
0.5006746931443085
0.418306954342286
1.6207860387820812
0.8770716006186922
1.3756224621443227
1.7188801297242877
1.4067582036988584
2.245536987191379
0.2404206372667535
2.090568629205429
1.974243432121517
1.9001613341062304
0.648055760207698
1.031576866422331
0.4532453409006621
0.10997707212879704
0.04406462620459391
1.226608071715429
2.007401649260382
2.204405517626671
0.9600404392402281
1.4794843654744074
1.5303635943910403
1.539054150841257
1.301730569830971
0.7221883928563372
1.3296448586024119
0.9653670730534123
1.143516740535561
1.4000000368746965
1.6998210995999514
1.6789322639404478
1.7706698084886272
1.0075762517447227
1.2030638740976005
1.984313646816238
2.1085455879500423
2.2779334936404654
1.3589465594567096
1.171721222628694
1.9950335366495504
0.9387488768030009
2.0097150999257622
1.9483567395937325
1.430207867653119
1.432537764189782
1.101851586460993
1.3320757031034072
0.7117309069808984
1.142491639635847
1.3608300152603388
1.131833729787346
1.172606300836069
1.3890268298123056
1.6076545873922852
1.6724083090268185
1.618028089044464
2.2194331945871535
0.972547244957237
1.909254966989774
1.8090694114305348
1.6403235679463668
0.7678998344431961
0.5851471904364465
0.9414773752608375
1.6695439838106352
1.4394488747145444
1.3663290081775854
1.7919657738987582
1.0255457438611697
1.0661621573505882
0.47566670084747575
2.1946668819627995
2.4972630816730903
2.285336254986485
0.8785065497171278
1.627664444604119
0.8599673352045156
1.509275135666364
1.4108552024672198
1.386454211692236
1.1286611040835344
1.6103535794355461
2.2131353298588023
1.412445802741676
1.434014697082333
1.426904592864206
0.9999921253674285
0.8423087414319974
2.0710590322978653
0.7029825975331736
2.1463016914761743
0.41710273298160416
1.4039228329007363
0.6909600282072272
1.1241643660853682
1.3847971973487652
0.8203805446392821
0.9782622326240326
1.5364728243424748
1.1763447829793543
1.0863991021130803
1.473954274010032
1.2143718348402581
2.4637051424705234
1.9028190245816274
0.9345004775336628
1.0067720200926726
0.8281705164212644
1.7948128809636386
1.106415176306079
1.4964008341032908
1.6065008039088715
1.5493280274487726
1.136700044367627
1.548045044327123
1.7987975895468313
1.0474846275061234
1.2296258646219524
0.6589726006309511
0.5198203439266794
2.092511516698669
0.9070880420217421
1.0266761126747084
1.0160973675826757
1.2081721619688839
1.046161278487326
1.3151160339376027
1.330516899288981
1.6711403746738072
1.229893528141712
1.0313930481783262
1.128846473523427
0.6437922975694592
1.4455210632500441
1.4038392147394023
2.35715599107256
2.034835554394947
1.8713244755903107
1.6992219104294655
1.6313591665388283
1.0243838535645582
1.4802095545178375
1.986164001016554
1.482162449876053
0.7460570787747789
2.247355449698008
2.216446305523021
0.8229327734031637
1.6242808612607482
1.8519160100601662
0.9828386825998204
1.7353272917913054
1.8033390990876679
1.5532749792172367
1.4571489333190426
1.5330921184771364
0.8084807222942487
0.5153429138815784
2.284923501191693
2.266392392367881
1.4065916621691723
1.5566364419092735
1.350032828402006
1.8246050382919166
1.133113851276335
0.8101355690805324
0.7084844046584026
0.8004067475423045
0.7633415258202965
1.3792565562454606
1.9589867565364405
2.0752837549155583
0.5882470729064339
1.7650176987000512
1.5660841681172346
0.6054849770999573
1.4389677330598152
1.3989590185119856
1.0208163847000733
0.8559887987740827
1.498589604570006
1.6164363096542453
0.88935350745671
1.2409452291991376
0.807738830973589
1.1229146321048618
0.7935443278173987
0.6676852763960869
0.9051917939845012
1.8467383690947028
1.482814448015058
1.5265994462438581
1.6122005932314467
2.178646126235547
0.9410530516492635
0.91803093271295
0.7600442401109577
1.5509065714684125
1.278064827673059
1.3626951481385627
1.8737513596762754
1.7332093453656998
1.6100743753693667
1.602262099818402
1.7131079912147187
1.1991975353299986
1.007188690146537
0.7143858166658027
1.098831822944927
1.5607157231080186
1.4940786454789787
1.0909966473569506
1.8532759818767786
0.7157023240875805
1.3971457461773849
1.3280508695245903
1.2902783580395913
1.7865185846785847
1.360921435937613
1.5039790448404884
1.3477674358671088
1.9366299300173704
0.5673056250672021
1.526883921856749
1.0710163856998858
1.3574758635986512
1.1374333556316705
1.1954998437368263
1.4307775158233946
1.1390661711785897
1.0569722529331798
1.6698841162805558
0.9556183979242365
2.1444411565931194
1.323106322038998
0.5739145038106949
0.7363147550724697
0.6333021863573235
2.329685795480313
0.18311859469404426
1.990387136078824
2.0967110602128547
0.45008001483503396
2.410565039411439
1.1107655082318488
1.1107655082318488
1.7391484881795043
0.8952261952581487
0.9684073008038881
0.724966493725853
1.4506768395305616
1.3418962357620758
0.7634272692418939
0.48046910046804064
1.0917438855215273
1.5189867504596586
1.3177301245968072
1.4876947938852283
1.4871139233866866
1.5914347183226274
1.2865191973504124
1.1994757941353054
1.1792385502325302
1.4065661984112714
1.312528877452935
1.4040800252685595
1.3783948657558458
1.6608125577979942
2.0077048534950923
0.9569594368692984
1.3909038646782912
1.1388225982530173
1.6810316139592314
1.343724033959199
1.226742088391056
1.1670198026973222
1.794356669711929
1.0219063954500687
1.8121183753688614
1.0919104205519516
1.8794563351825453
1.7828547074965244
1.635206033003264
1.3220813822533402
0.680054276634831
2.2811528060151502
1.5648770230942017
1.523448046120974
1.3330413848554044
2.0285460540700484
1.805430660251597
1.723189610168431
1.657467495587699
1.980986545672283
1.3084934303427078
1.2363697502303506
1.020526797115448
1.5710775240189214
1.017262492436262
0.8598993086179489
1.7461066407271943
1.0034852839863622
1.4510049145181214
1.0048747624890575
1.011034283339761
0.9631689100814035
1.0960170091118835
1.3978725544610469
1.8768055302793625
1.0047933817679677
1.163016347019172
1.2160320038424022
1.849732057469364
1.4854409960680055
1.2531149990435244
1.5798683262829818
1.0014212876892776
1.668337819620931
1.118719697689203
1.4557262159968083
1.1327199035413742
1.8855702784470951
0.9638291400285348
0.2611092272147569
2.215580974550976
0.7864577235085556
0.4229785047601165
2.284369278905448
1.1566769487414894
1.4772894384188346
1.8834184025633878
1.6041134948836748
0.7102915468975181
1.3989493797890198
1.2411664464809253
1.7901181727744477
1.538371234087128
1.2922356133169823
1.9113273932305717
2.047847204753899
1.8461968604886179
1.917422718081512
0.6729960232217304
1.816437896855861
1.7917589137732999
1.1645514609127168
0.9074806042317005
0.7940184847352045
1.3047933514356855
1.2104464075131038
2.204881943778004
1.5722489679583922
0.9875552936851771
1.122724494059277
1.2027208041124517
1.3236715006805841
1.2570260758095675
1.2916708567065462
0.5636658541659084
0.5335973405150147
1.389320334901858
1.320840029976324
1.6891621673452153
1.5759735644107282
0.8513895147212646
0.9671047161452634
1.1103522035464368
0.7648769164739512
1.1336500843876722
1.5762847682914076
1.274542862754451
1.4042825632929168
1.1558554014839395
1.7907470778707808
1.8242511749142851
1.4735556792200928
1.3105052839507383
1.2640950432763443
1.4805249256966078
1.7954247686733167
1.139543898778392
1.6543278816099827
2.270864828496179
1.3160228990178273
1.321538286822494
1.091161470258319
0.9829841682827959
1.0716640117161707
1.1049733922382177
1.426852895934875
1.2473945813437863
1.1269255544988328
1.9119740753250019
-0.7505623505521124
0.005632759571537866
1.9882129416988377
1.1577284796779888
1.968210729320809
0.9473995028024657
1.3758013546967514
1.131402571760671
1.4188524163047176
1.2903605041827997
1.5287600041107277
1.5529495641689666
1.0857142363362038
0.4602031871980487
0.4991909939372601
1.6639346747746744
1.6592818118129689
1.209303237954535
1.30394594333742
0.7138512909043714
0.3617783290336347
1.6237840701174204
1.2271841994926906
1.2927671080152574
0.3512719888487576
2.1784418386657904
0.9571855227516963
1.2687735431315197
1.3566602590690284
2.3939666000557773
1.7035685312239321
0.8286795633228767
0.9597994929432208
1.1488975785289308
2.0086613872390973
0.7261157179832401
2.020126674299796
0.8189611412018112
1.1200734983412086
1.1776646091596048
1.35996115984732
1.583149055339584
1.556833727725927
0.7356720883114211
1.4102883881450579
1.0681840083466478
2.025302850516976
1.2760716575401745
2.1857384569171336
0.6042713701418516
0.9967942965895942
1.670676558222936
1.8231941127376523
1.492879202951998
1.2270691362404824
1.943241537014691
2.145990615795617
1.5504191431338923
1.5274691529715172
1.9509500744278971
1.56445727991332
1.4235838216489711
0.835859018912004
2.0515300913311036
1.310994752576568
1.8832728997809693
1.9700745781169262
0.5145426914040275
2.229064888081352
0.6410483283165167
2.1924905200140774
0.7809182222662829
1.9128248515330482
1.902754065287387
0.8055066508002642
1.354833336712548
1.4371125218408367
1.2914089554590684
1.8083074927212701
2.020500689864529
1.4897281789847259
1.5254147033325283
1.5991707195952387
1.174653188467307
2.1568112440099965
0.7255590251061258
1.6415521900960308
1.596587936690666
1.4263161092914936
0.6956538860852837
1.457202715489172
1.7735397876828916
1.8336605815747937
1.8336605815747937
1.8378359717982453
1.8119350057299972
0.45836237596977114
2.317539724894977
0.6818404812345276
0.6645295466199089
0.850717627207335
1.1181374281419358
1.2537492952904854
1.282007983021844
1.3818879439180074
1.4248365252155963
1.751988942387961
1.1425231576147512
1.121975730703728
1.7581379866252576
1.7781899578339666
2.448811943653109
0.16693274802806687
2.4479521345656634
2.4690768554465232
0.10658301764527714
0.8220018180979748
1.041033116841275
1.5650404531082038
1.767836094793942
2.003287980129586
1.8857748043692841
2.017332732726629
2.394887409127493
0.5411397629474592
0.7903467126838476
1.267874212136885
1.3571613817032195
1.5655280330449837
1.3956540887583129
0.95122961308736
1.5572304710328477
1.4634530182952767
1.2133536970567247
1.0465231838096338
1.7566797577139381
0.5632475281912368
0.35432777768685386
1.0769704687730315
1.9191770295313095
1.50315288268364
1.1850991475310169
1.3567400319459126
1.5263320562183798
2.053792217143405
2.0520671697978496
0.6917668094825844
0.8594915136186891
0.9189269597457913
1.7251586569063893
1.74959564478402
0.8782505923491998
1.2454473656704348
1.7217551206393205
1.3198330279614239
1.4258023386049177
2.489422974411591
0.3562378479637275
1.030432442164325
1.5145818807808038
1.4991514210537578
1.895532665548065
0.7739740279412765
0.5517845036016968
1.1763440888587398
1.2133311386298922
1.6044337782663687
1.302706869966984
1.8971018707775769
1.2578827395353482
1.876639568094945
0.7718405272737607
0.9478056107896522
2.1388893222305168
0.05740654214474278
-0.020255255357106452
1.845526699840521
0.7840876495590108
1.728734578427022
1.1566160175208415
1.094316580445399
1.870050899363776
1.874720160152034
1.142361858253893
1.0323467070698646
1.7304689802216366
0.9629971658020641
1.9251146721239445
0.9552217045665587
1.2858091127569484
1.5683554841703389
1.1647503449752823
1.123320454245952
1.8729398709810334
0.884864720827822
1.4426810922401212
1.4692866049453481
1.2634949474029777
1.0200409387134943
2.3576958853113528
2.3368821921244036
2.494868564392419
0.9075687724764363
1.0760513520433628
1.9010724516461104
1.4620248654698413
0.9651646672476297
1.4946775247675677
0.7836775959695408
0.703350887945106
0.9431814805730606
1.8954508903316651
1.5962323142445451
1.63495025846245
1.3509654251685368
1.1781932948684566
1.1410067764500833
1.2512951969482298
1.405022825587541
1.1024225654236302
1.4121185021033045
2.129129182475299
0.9262885505235682
1.2264526304065588
1.2560182387450074
1.5095187813313664
1.270158711323772
1.3944790923133616
1.4670133379948707
0.3966550880343705
1.864433376282708
1.75657675107736
0.9864516451796993
1.9763449793570802
1.4767654715544523
1.6672376843778167
1.5349488408599514
0.6314531585828815
1.971587306941852
1.2103937568607064
1.3890338661936228
1.6688205675459469
1.828050636994998
2.269290300514695
1.1301670346435135
1.575943591287296
1.5792802547192377
0.8858641283056501
1.1783632059332843
1.2629590262686876
1.4133688833695082
1.1790853845667757
1.640756056568897
1.351721411534043
1.486390596844659
1.1496852737479186
0.9941203075239592
1.0008620549768625
1.2983017638870047
2.1052979019729636
0.9364702071841599
1.4518510085477025
1.2852416331652952
1.1683110293692562
1.3253835030873686
1.008992137279651
1.4279357909456156
1.0695557243063905
0.8234504114457373
0.7283366620936259
2.3994068663884245
2.177600741205748
1.8854400950206154
1.544095187585817
1.4357476087868266
1.0292809501158298
1.2045876018850301
1.472230524449246
1.6087183978908655
1.8067603445633356
1.863671976365132
1.1746913184173748
0.8108383781056406
1.2556180383841467
0.8444596760647103
1.6840519286633198
1.187549732199309
1.4769768241786823
1.8562447880081425
1.9480971786458436
1.163393128950741
0.8675082444644161
1.7375601122682112
1.7405073855835167
1.8531455278475613
1.5857725440624326
0.6015355751615232
1.3140851928740487
0.7406763288949009
0.49297623532678564
1.9081072283017981
1.1710708300269548
1.4720125955207235
1.9591502388322346
1.5309483584486856
1.0696259845004936
2.104649262483658
1.7608960787965484
1.6064900031247937
0.8881840109691089
1.5378959701466517
1.0840733345127993
1.5219591590232675
1.5221291912219845
1.6773813871037657
1.7897272480909296
1.0233051704043887
1.674354811409981
1.9890810699682762
0.9828453643712777
2.0558674546459312
2.0558122397355616
0.8906907015527973
1.3014605343025754
1.2804982481487508
1.1296613972674276
1.807238849425449
1.030284705406115
1.6276940549596566
1.167821678747171
1.671884766092715
1.3935342900848053
1.3975590990018405
2.058033251543549
0.5270999550723146
1.0315630374126075
1.6575690206452456
1.6148358976093997
1.3140646189560483
1.5223913792083048
1.444434074913016
1.6491297386596426
1.5750387343373766
2.0492051611685795
1.8472695240640649
0.8969270701551796
1.308125069847465
1.559921347897072
0.5790317845340055
0.9483121714275247
1.6367388719597713
1.6478522694927584
0.661126890310018
2.154281656553814
0.7855014749004219
1.8742678847652399
2.241519428397794
1.9421941647706413
0.5825915569259639
2.0430866628221405
0.6822855307233865
1.1528796272546782
0.8285405357992279
1.4646623941357928
0.907436583033082
1.5912441136109392
2.0774431583734576
1.0330212229728082
1.4707593968803485
1.0995523987413904
1.0866841054747716
0.8837493964101589
1.4981266547259908
1.991236901209101
1.0689209854698565
1.7645104163426661
1.0834558097516624
1.4800131145560593
1.4953542964844608
1.5188914712371948
2.0047919384177804
2.0485754455543628
-0.14347860235459933
0.40487454335723766
1.8318628734582665
1.2538808853525085
1.960260335799609
0.6233357933968148
1.9578199200336435
1.3627650059015426
0.7976597190590416
1.2715808225641743
1.6562538215326041
1.7697089357018467
1.8160247161448904
1.8326667118587974
0.8963649404800302
0.8080799699751559
1.7170762229352359
0.8573930494717081
0.789295291616345
1.6919871830946707
1.4159240275491591
1.4451949838989364
1.68765128206302
1.2767708811530973
1.5174190395550289
1.4845177432536318
0.7634980278125828
1.1931287418043748
1.462735673511239
1.9593552895233297
1.95784070152311
2.0995976280026714
1.329566737001457
1.3920763737922064
0.9091435881266413
1.9763622484890147
1.7435312639367007
1.0896896065574702
1.7892403185439727
2.197460339957206
1.9021872455066882
1.4598269940518647
1.0305212757036528
1.707822257663124
1.6249206012992397
1.2763362083116623
1.6594880421640414
0.6224514624675858
0.6204419326970907
1.9276366253622141
1.2076728269859553
1.8897246676272583
1.284381538957534
1.5207458016777087
1.607648426338073
1.3044981365016652
1.3311151792680695
1.6141679126369735
1.1337597812173776
1.037206159679558
1.3649028724333796
1.2825916471001775
1.0973757065689136
1.2771487269302029
1.7512429795600968
1.5411655906050932
1.3030561323811058
1.8974208023008436
0.9107486810631449
1.4635423365868774
1.4002887942736453
1.411720764368633
1.6161577072649962
0.8976138989808276
1.851510417332235
1.5155802660076136
1.385750539266245
1.9240917041945802
1.5944935045678776
0.9100549089718973
1.15301213799325
1.4062762470287649
1.499942553933024
1.0911611201319031
1.269605623301506
0.10185165517399722
0.14537986988305102
-0.13185298061698236
-0.1364436757631276
1.7523800573619415
1.8336428005509064
1.1743887083373046
1.2298232040035142
0.8630750229697943
0.8650717818381736
1.4509642094215351
1.1594736806729198
0.9262433015245083
2.0078963716701588
0.706088277292603
1.234713103943667
1.6085474693897988
1.0980721832396827
0.8382246376242489
0.8023021818615377
0.9473464815402799
1.15296115816587
1.5128317736288226
1.3776757763007568
1.384334051351815
1.2386558377677683
0.9528386256659647
1.7893866109884997
1.7035790658593515
1.2708363991106115
1.6058366455522257
0.5837199342393667
2.3141290765956777
2.2919592627719045
2.3667146301100233
0.3752588862766311
0.36221848201809287
1.6930817938048612
1.0897725804029652
1.2294215094941945
1.2962857201216045
1.8962077165356763
0.8372423696506575
1.705018624506941
1.73044590455722
1.8088618895261623
0.7406599573404818
1.856372397273681
0.7539662414293166
1.3546917085690278
0.7146178970024102
1.6878598465958572
0.42453536001187797
0.5482491769031124
1.9228347163691928
0.9427747000572478
1.3692249265572356
1.5056565232942318
0.9795003237371289
1.786232454290665
1.2866303714179266
1.1808028284528762
1.2356328032549475
0.9565108452550083
1.203883093464567
1.9830393386890304
1.5172063769678343
2.2017494152647736
1.7786155142880382
1.7176361751232094
1.3728428711999907
2.0490750978301944
1.8370556121746258
0.9887032480153455
1.2063652804605993
0.7786829130650114
1.2008995953733679
1.6640465155963258
1.442130292704602
1.2028449236891947
1.2984170851418995
1.2778636862528214
1.5179638078737352
1.491500348260969
0.8442703382528545
1.5193607723530476
1.5838084040702003
0.37849495709754344
0.5697798482091132
1.3810490605801427
1.2048361736408175
1.4297274637274262
0.7182553655530162
1.15287374039927
0.8011740004556108
1.4918402680199172
1.520602220156857
1.0354009757463194
1.384223179290941
0.8172989050103611
0.8018012768150278
1.7369161170902498
1.6121125389645223
1.0288481303560182
1.079983874585328
1.032031114509063
1.845117692219107
2.349843998061462
0.48681491046158987
1.6220761365439476
1.4641016448821462
1.0331677715231822
1.24816433635508
1.6781941766455997
2.029893568827237
1.1824017729654397
0.7055508518833187
1.3123725501112398
0.8864864989604642
1.3378689096076988
1.3132161796300261
1.4156030732789275
1.6726777387966998
0.5511357088757316
0.46087974648994795
0.5821040906625935
0.863226721742013
2.0504435977599855
0.8610622545768558
1.046553090277603
0.9641585041652585
0.4681714961789176
1.252324967301793
1.3856063330978976
1.3950222786324225
0.7688513056852019
1.254403215584098
2.6223300947994423
2.051798692078821
0.99383831372549
1.59907687194462
1.6361539398198046
1.2353231152862045
1.4802846767921045
1.035927662782205
1.1984587673975977
0.9805988725243044
0.9051776485396593
1.1495832562125354
0.4520943788355135
1.48013460204978
2.2498140859254847
2.1350269642532016
1.27283666328402
1.2986477259800824
0.9781931593000475
2.082225947889558
2.0132168421027052
1.6045977551735684
0.5345843546337192
1.5904594194896229
0.8626653948024365
1.8395383330614574
1.3404999342517228
1.2630685277979075
0.5905538116407548
0.9941493067617257
1.1998107201232395
2.259477528621457
1.865282571028835
1.8922731771529617
1.4517605937046498
1.847745379869753
1.711457732414881
1.4676311615944468
1.0127161853185387
1.7883748978496985
0.6876694479665825
1.6754095271984784
1.2276691635648715
1.9630565961667745
2.0038273555586343
0.6605351466015109
1.133580463591585
0.9164507126411944
0.8173391821246574
1.3276176909014168
0.9777577051302755
0.586090301109104
2.1925189607998763
0.3294816605301534
0.23540242484870127
2.078998013980422
1.5334822799758367
1.7182670970402427
0.9774115695200735
1.5988750962339344
1.3887120919109135
0.6855746006019356
1.6589979587297163
0.9233005122724371
1.4392859659755048
1.9119149719957433
0.9369329437127171
2.0513055198122148
0.3463252872860212
0.1954497936183678
0.28183279406871437
1.5887269714297614
0.7388226898247924
1.4663050460498956
1.6704518198859073
1.2259665378203022
1.540474263018705
0.7156039234129854
1.8395362033877392
1.6452506006862369
0.7991977050735702
1.6906173977397552
1.0923506930832119
1.7149027045376828
1.438801965004571
1.0094540988018508
1.3454206169550145
1.100430435452311
0.5897959849122199
1.857932937403812
1.339367341767386
1.6613070043767078
1.1644367139592466
1.2907667046371045
1.211363834331408
1.70715642248769
1.8143457236809608
1.6713890873319401
0.5952656886255498
2.129757615349339
1.0054126160354555
1.441755459877682
1.879433059892047
0.9017307571323957
2.34051510879133
1.666157075683964
1.6590075977840646
1.5871705628973498
1.4474923628541136
1.228559573800247
1.3657302949287167
0.8907316039436717
2.070327842094014
1.558500498325421
1.4392933662304563
1.2941516661302903
0.8682215556285139
1.831242923837759
2.0734656680913797
1.0155284023964748
2.4036560018480273
2.0733299448260936
1.9302262780628971
1.2541167366647163
1.5299377774712957
1.58784287027332
1.8321120693322095
0.8179019227283941
1.5198568270633603
1.2984943644879121
1.415951856475437
0.2348746951966598
0.9137661765840005
1.1282447936929731
1.0346063427401238
1.1227432866338078
1.356665001476981
1.459673226932695
1.1930135959831916
1.5057710829174045
0.4677324099184583
0.5573277772668968
0.4201165229966709
0.47842517608318474
2.306004514033912
1.692618611041603
1.5261303783531994
1.6082499114402138
2.18412681617281
1.406100328418762
1.1224006759995488
1.978911279881078
1.9243115014236767
1.7118234445492158
1.6540162849503626
0.8235826921552277
1.4443682831472993
1.4014310145293347
1.9114393468458093
1.1263971896023575
1.2984924524448747
1.2966069682632677
1.5851280219426536
1.5321597568685938
1.1271205856247848
1.6948709692708206
0.75371571321804
1.8870495749344098
0.8345013533560529
1.7965985046051454
0.9593451194930392
1.7730378691264461
1.6940778069260702
1.6465239837612495
1.624391227345455
1.6866155109134442
1.5335811071014902
1.3440053229222313
1.463162732957105
1.9625928055674404
1.7571103041186082
1.144555210238558
1.9063301013289344
1.9139494761743971
1.0998870376982628
1.0724116533561585
2.1292571550322505
0.9365392909409523
1.2443935829882902
1.2547021559413636
1.470732751900544
1.624094931146179
1.0182719474313335
1.955346623528014
0.7729840172076166
0.7729840172076166
1.0623169566255017
1.0995774596009045
1.2314146493175973
1.196611779379377
1.1424900392961268
1.1679873210455078
1.540214941220307
1.000830885364434
1.0518699457831073
1.3769055069452347
1.2366154344587768
1.5028771152170435
1.1935959644535714
1.1298525775918653
1.7063643694268062
1.6579778777278618
1.080786662524989
0.8415042527444685
2.106110306194888
2.106110306194888
1.190272240917162
1.3047199691489113
1.0824446464109883
2.0817940564400903
0.2601227604682465
2.1032528772460535
1.7005180251817757
1.2570329288844797
1.6055843396969285
1.6731156222025405
1.1636055640381346
1.9519641155018284
1.4001133630136666
1.1231931990714417
2.578598916272951
0.06507935479699115
0.3656342428710849
1.123164004516513
0.28181024049481423
0.7191108451365815
2.181621906065908
1.8081940852749647
1.762607114979373
1.162015024732443
1.2839506804687677
1.115981263707293
1.5987732706507982
1.353532486891886
2.4638627450714656
1.149300690903629
2.2857596362427834
1.3719592227957005
1.018356845905379
2.0265016290546902
2.9153386753826744
1.9579531100334706
0.8565103292510746
1.4772907388738727
0.5582521893283566
1.1109057481793732
1.48805453088896
2.209526183752696
0.9856132309438538
1.1112042056738543
2.3062981195107537
1.458428223990028
1.4411723398234373
1.5300123716595522
1.567603197051632
1.4641786552506555
1.5195326977773222
0.8201757842891584
2.0010644510209095
2.6615037277108535
2.6819343272037623
0.6164495321904536
0.8364354446083127
1.2663335212021065
1.4497428272275372
1.2559177245753985
1.4980406067168894
1.713817100211788
1.7959486635490174
1.0513433860401404
2.0043454103828773
2.0703672861535023
1.0799967501581615
1.8627794737021677
1.1444593768140718
1.9419924072043235
1.928797739106146
2.0946875291688647
1.8819836357370274
1.36309044716778
1.0862650926083328
1.8614283801513307
1.293142534473925
1.5782419113752522
0.5049370458757414
0.6746885878849221
1.574152124278026
0.24079807330256647
0.9482060645518839
1.0668351787461157
0.5205534909909867
0.9273904716057543
1.095665463902388
0.3743342265130161
0.7452517888826892
0.5837300683474189
1.1459982112231477
1.6688325045214438
1.5898597490154893
2.244050796921734
1.3678067066683717
1.7396218587236285
1.736541643607068
0.6393662443748207
0.8282238903450725
0.2989652906478385
1.478701745735062
1.0842598788308258
0.8574448826370763
1.8576254246904331
1.6534075868740963
1.2893009332087815
0.9589022542955212
1.9395339030461183
1.7831804892878602
1.9299318976863415
0.8837392573967356
0.9005205403636117
0.8207013808122225
0.7877692116063014
1.4244325038545755
1.3895385134038352
1.4891163784009391
1.5709610645370229
1.1831734162178558
1.2165904968687153
2.4646049793027185
1.045540836640855
0.46724666292096456
0.5128823044760864
1.886789072575687
1.3688348637818255
1.532580418426816
1.0451191741804902
1.4501714886117847
1.4423810377527602
1.4982310998860178
1.3721294300221685
1.655315999010191
1.0141036068627711
1.6750718677023906
1.8746611894564162
1.5093846487891065
1.304424412905302
1.1978581850761627
1.7264589946628575
0.8407795711156029
1.5464869282132383
1.4227546727541553
1.0586463438900877
1.6703413588139333
1.435301233911618
1.4147307303632648
1.968727304280856
1.326437985530045
2.145847396546381
0.44495764729283105
0.47495514464679184
1.2522060127468555
0.8408498113853702
1.3308476133391383
1.8558674734796345
1.1333231382916835
1.5281259000478549
1.4238301744944315
1.6231099480238356
1.3462547189071474
1.959261568116571
1.360188369873251
1.3787820935466597
1.5836108848734305
1.0654284425465907
1.1020218936482113
1.9382143268516434
0.7860418889945955
1.5655219056476384
1.8545887150929883
0.8165622317454174
1.1001233930257706
2.0141385222270016
1.569288823849602
0.8931329304585706
0.5756315167814947
0.757407771075763
2.516431018957001
