0
30.710076262408247
29.694098011217672
35.10769224435758
31.31981747182901
29.45763576008611
30.27291959118588
32.72330569217997
30.10198913874132
32.54776239130943
33.06570481201591
34.29114503993895
30.982413766861576
32.68743816403567
31.920321240984727
31.555969185955814
32.30674333808408
30.43324665432447
34.04546826765357
35.02594675595027
28.474665006367882
30.185269086199913
31.71231049856377
50.95353142966331
39.06961517909416
30.48186910492807
34.013601885926924
24.598428612157424
34.00287648973638
31.921267444102707
30.27585483645541
29.09652989982839
30.059422561235344
28.950354880262594
36.33072441922367
34.25570031814417
32.252497397524486
27.9343151426025
47.257522281015135
52.61168840488717
51.059414233210234
58.149481485522784
30.61213206637155
37.81255623070585
34.78508296804334
35.99475175364184
38.50918772012525
34.41873517060176
38.30600650873524
31.06586894427682
31.70389884130485
34.27624745846049
34.639611303343386
30.17034215612536
32.58189306686978
31.543727369098608
30.12244249685227
27.798198024818596
29.86798043780912
30.64751913230944
33.473950152882836
30.690331608796313
33.52409310641845
31.692835109776947
29.653425498603923
32.117208266770625
26.501636405888636
34.170990068434115
31.65227947273584
32.95438341329983
27.693815042919113
28.53174539398871
27.569866894145623
37.39333424553502
27.48287994139464
27.874014702869577
33.935151215231784
28.406342419251423
34.196356551219594
31.55425524386985
30.260848405298848
22.69362476473189
21.491988481975124
33.97123323172885
35.7535175950782
36.19662065991768
30.561741514875994
31.429311818250756
30.4783626726455
36.79807923699546
30.396514151344405
34.44644284190651
31.93060844559338
27.30959487052154
30.600394625906624
44.964406625070495
30.847101170290276
31.084916550540438
32.58262253836652
33.73700311435611
29.734129566273864
30.817726585701163
30.56026650946769
34.29996933847602
32.95078387475997
35.85813926573267
30.808217429083182
29.70693430623381
29.77292892346502
29.729333311516676
24.67177628634635
32.50998970982047
32.27121036261513
31.356742552074625
36.828712120717036
39.43337408412506
31.53079200058861
26.66693637600457
27.862208739999573
31.408542696840236
37.56324932109357
33.114507084833456
32.462829306304805
38.38351935761195
35.62826876385066
32.45538308596655
31.5871781935767
32.79614845057043
32.22005669059129
33.05349862357635
31.36361114152435
31.005405478992277
29.413148423639452
32.35167610750336
32.018123502725416
32.16649294276292
30.558193290136842
30.208202214423302
33.939628374514214
34.981279009490606
39.70030348921187
27.137350341154598
31.311482331281532
30.187489151266043
30.90005435276555
29.508297529322878
29.413069367787333
30.725069005214564
31.538811716107503
33.939431409445206
30.56558729189882
32.57787496624894
33.62796076724757
32.34408390855837
32.98246656773732
27.00698574745991
29.70477162479675
41.45097028297487
47.55505103722118
29.958321868651172
29.915677618379892
30.572902686945326
29.7698152260259
26.23370633585577
34.28943197595751
24.545105176739032
31.389813825986938
18.73795108648047
28.15287056713562
31.707998336476706
28.98347552979554
34.00711596864558
33.058805674127676
35.98753467744572
26.165055213110072
26.575279093635945
36.89161219376257
37.42350162655477
41.268512043043984
45.41613125132815
46.697746392029195
47.848234437434186
47.562850629268375
52.23317781889534
49.20732608919387
49.86456615328045
49.580499267610115
54.30337175273924
35.178853609457434
28.91949776906002
29.29106599389686
28.770386249664032
29.586818299011973
30.97897055010299
29.51210333801939
26.053950253663956
29.95954953904447
31.924923182522235
35.81930289397622
38.285602204959545
39.80714738237494
39.21159838358964
30.02486264017615
32.99632490972327
23.839165009836957
25.47929177124149
29.90692794086524
34.180330289607966
31.316618173165168
33.45915048936974
32.09403393678602
33.78017710118161
32.76111029973771
33.293890203592284
32.04872283631408
33.59460669640875
32.91193962503538
29.343888673932657
32.62229334913259
40.816081150378146
40.69958041436258
40.18316410073407
31.88533429465336
44.5212283369684
33.07688063002921
32.70954741120954
30.894788449906507
34.43591397819752
31.288046641465133
35.77297317818668
37.41686758334073
35.93022458099359
36.932919273989015
38.85985642828078
27.957762924691032
27.667090611454046
31.334303800698674
30.55903485247296
34.37471310771137
28.94081755305977
32.771756132909644
33.520144910485286
26.802508975730895
43.1789235809869
42.26488356768824
38.537571483492286
27.825358277264332
35.554377489526274
26.76913815703277
32.22661849296736
33.64622810267647
32.19111411355463
35.361929446084304
29.380062713295036
37.46497696865698
27.854316500523062
45.982646588992615
26.960022544703165
34.606227021431046
28.302763523694974
32.46377865747539
36.96483470686395
33.817013085132416
30.397677551608613
38.36366868783563
35.44992971763421
31.12553238760328
30.805266017300927
23.44091816888636
39.25023567452049
33.88549511715082
33.670015676739595
29.76752867631295
30.56653923069884
33.071960626314514
33.388904342406285
30.43409927903638
31.052588005399283
32.77064273028118
34.25883702092223
34.37551539103938
29.66734076651917
34.98037374593085
25.852258596157753
33.31661382191348
39.37007298606572
35.08188548277118
33.8899888929633
37.35471721093713
28.219814673324016
33.38068449123679
33.7642011604487
29.507272307569483
32.49138294141992
34.646081959850775
29.77394575622347
36.68960077230827
31.26750250064306
32.31689404978513
29.38152560676664
27.73245161785807
43.24558656789458
47.319266334832285
29.82281045647754
32.96925928469744
38.61023407115491
45.18511533237798
35.23755744155918
33.016913754668266
34.02288534618684
38.58214071143953
31.608631775709643
34.285638450131685
33.11641350981792
35.18653691414247
32.79982071627888
31.939052556620435
33.74658218037576
45.87061690402273
49.05750791309001
25.386390244626696
30.814883934942337
32.45241976559534
29.14983002019004
37.32201351791506
33.985383960614925
34.62727230489809
28.05610209275834
28.69157340333944
28.664603535352793
28.089317201117282
26.2542710523483
30.619946940069788
32.548270420068775
32.550178467520304
33.01724033283151
30.270968583529804
37.20500940477724
32.79998005141895
32.8796143840486
36.38326084725909
35.241369697458204
33.386786953823034
35.49712230702956
33.37247026702903
32.28329138094925
33.20662791060952
33.50591066256155
26.96813145315296
41.20052277513585
31.368272136752328
32.48486065238235
32.752082536380115
34.65966760275711
34.38483976872946
35.91216994692448
31.779310580139235
35.30896143431449
33.676558959327004
35.2719832423695
31.92383884650167
35.341656426311374
33.76664009029528
29.146551939220867
27.88381102001828
27.488656406401258
26.50437398189507
24.046316789929765
27.490519173903387
32.03743689781108
30.853819191202685
29.55661846470141
35.76798192663396
27.060002284950865
29.969653823363352
26.89166411057293
28.95771787246444
34.74287541925064
45.83345343506228
38.41154520954575
30.507438285795395
31.28566032195066
31.338648231416197
33.61310172201225
36.5797472230542
33.51509987838158
34.90981634416689
34.63101230505071
25.511183156914754
31.721667793086347
35.389446561225796
33.73122241059552
35.79879355921153
33.181180107142
32.4545886007062
30.821031711025686
31.141768569752337
30.69950528485525
29.087215150624953
47.783804526761934
32.863226638284594
31.81425433808154
32.48088882501199
32.670564728849364
32.96106191757245
31.052555891621406
33.50970695724519
33.176033928285776
31.479293886447728
30.62683334246089
29.10663009239885
29.388530491118896
26.313034074545996
26.478721852681982
26.13579726830182
26.170114953324443
25.082463728935796
35.0796822212817
29.78070338838916
44.21470248559051
43.75206544396243
36.74860854673287
40.32487490180737
38.35961119661426
26.09046020376833
26.442786587154533
27.49119182814354
22.558883665058822
32.19824369756502
31.796260697884293
28.8039706086883
36.65441051007806
31.516256620604462
30.6954839988249
38.55075351295454
30.45161839796881
30.344596367023048
31.18058908443054
31.500906274406812
32.4471374027601
31.63729760241431
31.546601951645588
29.96304497599048
31.174205752663934
27.251847175307642
31.794556366260935
30.08097954770738
33.6889558432986
31.186506271781123
31.067934980478093
30.80348881580418
31.090844599526807
33.94657805528977
31.168621963305377
32.257126763290884
33.40943467427509
34.996500643448854
31.556689294647907
29.330137813297192
32.94888295970642
30.02302216329192
31.4819187945892
31.280316005735067
31.90679850020052
30.524266072625863
31.48475424657732
31.371622359113253
30.093611921340546
36.0116178695271
37.10345548530242
23.161820646280493
29.550940908207604
32.42904094001691
32.27364020152184
29.332767821291366
32.61540583568637
26.556086064969715
34.01988221040509
31.34688985122155
34.96564670540603
33.67734004981081
33.657031935709504
32.9964639182562
30.669080165640118
31.863219319118503
31.013339987255552
37.39454110476642
40.9051006120559
30.276153608220685
34.03107726259064
33.39820085921731
27.2962098841757
37.84022536401671
34.05556607772962
32.87427244860546
32.19106823192126
32.502100382063965
32.2678120520257
32.387473388287034
31.53698852801343
33.10098742623606
35.46435758093182
33.34941976870363
31.067526324798504
31.90472856286135
31.0556559328148
29.137665643211253
29.823103473773628
34.66978783892749
36.81377179173098
31.323297916030707
28.520381699218714
32.677984081404574
32.750254564495066
31.1391609688018
26.38490444584943
35.50671911350692
33.70603389248312
33.11016322955211
39.9755413142703
39.47500159685303
29.2616697508245
30.161828861025466
29.848125782070294
28.517693861179406
32.65451531506024
32.19633644204125
31.52242245300407
30.41233755790854
37.36965151183197
33.23197429652557
39.66014937334203
27.2946457709376
38.45681281668709
33.52958119968273
28.624509181861665
23.24084327730086
24.12566328603896
24.30453115910089
24.031441883998486
25.44718736420945
28.681799940608897
30.091258981660538
28.49786989574581
30.195766250271195
30.77934381325697
29.060940177701223
29.61923900061271
32.0971894265102
31.880621395495137
26.040152098487972
29.032254731029727
27.58913128118996
33.64237911584907
24.89715837127751
28.66803695405217
25.486597086502197
23.56342858009519
23.649770523710213
23.165053604866916
42.570257073526776
35.15771703354921
31.861387958315934
33.407617139620086
29.8882712618992
27.573403184268706
27.633558885077864
26.02654300167542
28.777492250199824
31.87648221586626
31.264283275259608
31.972982737611275
33.219626736304704
29.46575864562092
34.53740613200897
30.88444832323842
32.62507470399323
30.39198926992695
31.590112506397343
29.776898113699342
31.932210687870132
32.82912114408008
31.8587412760281
35.00798160803845
32.90336103600385
29.445494935268435
32.57698455997682
29.525298462066626
27.981006012438755
24.666386755711372
31.34071621460667
31.332726749778136
31.985316345304966
32.76984053164394
31.002654060232548
27.54591131745856
31.996740054008196
31.861513326373874
31.73265075061938
32.28771390416703
32.98541734594642
34.22508250306015
40.241865129199894
33.96898514324296
35.29299509406067
42.127068143742335
30.985636445597518
39.175910245850574
30.14131871512323
29.583212378904193
29.0699246731816
31.214725850739054
32.54756933143844
34.07539100543681
31.888612662007063
29.959920808108322
32.5977018545371
38.13459470639675
40.94854808687591
40.90335838329938
39.528682842426164
26.92487232779723
26.72559908391321
26.09735490669055
25.961610498175933
28.112521467056027
28.67618344931859
31.469657456434152
37.23911787855203
27.964788549440552
33.865463951902896
39.85955261180354
32.204347896326276
32.76761189224074
32.50156702324651
43.8895529821843
43.66352176851489
40.49927634778361
31.61403310554212
23.4772448773418
24.397677361928288
38.9768717277332
46.5246391723491
49.44754471213377
51.88117007510092
48.65924886811942
41.37404155179876
41.344228470569135
37.955763400485694
34.19752639638945
33.62366764814657
33.43874043665855
32.33137361571998
30.601958357154096
31.25254070299085
33.77850861952872
34.16477459954837
36.30721873923082
33.36314600864006
31.26626914728893
30.879123932159494
32.99786292433501
32.83962101470725
31.55513655776209
32.01492558050187
38.02424691680791
25.694297066982017
34.53436022094288
33.99986649375962
32.11118450642215
33.123917531947605
33.029608324977424
32.879442043983964
33.36543798304647
31.85988370541684
35.513566061734956
31.732512912474185
33.614450623697365
32.030970486485096
32.70655791238073
25.335807804404148
21.478346033036058
28.589654966129025
34.025127525027806
31.42934581041109
30.302811012677825
27.458055720588067
29.22649291753669
37.25163948833315
32.083463606929804
31.535375918526938
28.98980734439059
35.62811495676129
33.810951335710236
32.0671904522859
31.393183959510857
31.699803693492566
30.792320765007116
33.14205780165922
29.297244792929177
31.255848513052708
32.42653449447107
28.17215100470815
29.27706535668139
30.532990496635787
33.35517078378961
31.23465725543776
31.413059514724317
40.50837570397717
33.02615190368081
40.82244706737797
28.33418217389957
37.052554930849844
33.82630247284964
45.250573906421735
24.626922012959866
28.582606709176865
35.282308586771435
27.857187699457945
28.48979704060041
29.822764822311516
33.23037359205538
33.29338355812682
34.55387236535664
32.45104522990904
34.32281895349289
30.962264287266166
31.56201546635286
31.356251672289872
30.680096696778275
27.496266611938413
27.15772021415494
37.60484955768603
34.580883386011905
31.856555241704537
31.818083451230343
29.616226787841832
29.853612461085408
29.417622764108952
36.23586103069751
35.582094764854574
32.423707593865146
33.455396348954544
33.57890642188525
29.710237696430926
27.86455106017692
35.24922597109513
28.591075338379305
29.465673174964547
33.14035269155476
30.357630728191406
26.30887610326332
36.18660874093147
37.765575505016635
29.3213466941503
29.579631648884654
31.1319580385629
33.52426696864887
30.90874552134009
30.808150199445826
31.319843301335617
34.01648666263627
31.070890674880097
33.79896651086208
34.71272884779205
31.221847299440878
31.658317179410627
26.93164316247127
25.55909475780048
28.97398344703699
37.176587579658154
26.01120314285933
31.687633267542306
31.36568963279502
33.51735538920626
35.24436577047888
34.87301049467042
33.38083468629898
35.47801833365737
32.24344358380126
35.195036386220416
32.614553816895516
29.70698898359791
31.54048010271864
29.323354673729295
29.768391551868806
32.915545567496125
31.323441502590306
32.59978186193018
37.113434449100374
44.90480312538664
49.32710420129299
48.61291741854158
48.05005161480645
47.18262512703877
48.58778999865237
48.400818062462655
50.51699459206249
48.74463836584036
52.873854995343606
48.428494707388516
50.19312671205008
50.797566619097736
45.17198288626748
30.80549620283795
29.932176543177746
38.52143182707121
38.23381362068124
36.44057009243809
33.89863918022542
34.506814998165446
33.41765374285462
32.35413665004145
28.496724764366085
32.312222403061035
33.11567176767925
33.86803584995667
35.1286830627006
31.484444162667113
30.968318723706847
33.426181965674154
33.057703883360034
31.249398915652904
29.7597656829431
34.138412465223425
28.15071989444232
28.38091001266447
37.170832051801376
37.82922219530155
38.04843463629603
38.022122942059454
37.21460952908932
23.54074632847224
32.41951262438724
31.68940251670942
38.10299559154753
34.78641448510536
35.398785674242625
31.757627048548564
33.023041958226244
32.38132382675157
31.145878827382745
38.81977043041298
44.280679549033486
47.52510072171791
43.94252112122688
46.01419745492711
23.155742199399892
32.64640058370631
30.964721592228234
30.74342444984771
40.92674113912407
46.81251270900913
49.81752994679478
49.81752994679478
49.04084666378906
49.68688365827855
47.666754948673805
53.31361468001759
53.00132525114119
39.73274165312825
38.610322077231785
32.67079261019619
34.53537388841862
30.685672826026156
32.59734312703395
35.12419160977102
31.13118818921676
36.593200395365955
32.39004559354454
32.469872941129964
32.388011342071685
34.838945797999344
32.618102229781876
32.74292030829456
29.800002933015424
30.251502703698918
27.945217365613512
36.46862895739515
35.08397427882277
37.5015275865085
28.26865585327198
31.091574222473234
28.923467225833328
30.168062109925433
31.02054881234894
32.96152415100209
31.349097969454693
34.406521385925956
30.019311745721865
32.133897425975064
39.58002234975066
35.612318371970034
39.4576488541789
40.44603765909316
42.43853424554173
39.81440945921013
41.65576481476527
40.50411733144338
36.657276802280236
39.536451031211406
36.34641598760421
30.801510232761423
30.116583706503686
31.817842660810374
29.38658323944909
31.539923490570462
28.632507606909012
28.546824338858013
30.60234578436766
30.346944450610174
31.785064779371645
33.8654897380641
32.06750693520904
32.229945394463556
32.40408162015105
35.05576126776086
30.850639616749692
31.920287276643727
30.5013808656367
30.952159944979652
28.763779820781952
30.05403582428571
30.22197128821123
38.13969214508667
32.971273779750064
39.22088114181169
39.0215451432795
38.37577380124234
43.15659162679474
24.593262898439992
35.34734146704859
37.535096478332164
29.64063768017895
31.03543956279127
29.871145330028757
36.00705366782885
32.50761760506984
30.94107512946275
35.23728856111184
35.10632880444947
32.14998984042532
31.239167353787064
25.324720104046467
29.9369282630673
29.472997477177145
25.346743515457543
33.10080851878625
30.896523988566262
33.06283930302829
31.921518484942094
31.153794406257422
34.440913235926416
34.13888863440649
30.17689793983683
33.2238017156706
34.298234668620346
34.07915672689459
31.333151854599485
26.689389393698455
34.763308835807436
30.163460059797124
30.815311183425337
32.91177513964831
33.73334954820681
34.91859216796829
33.577402347640614
32.834323701269994
35.62221788250916
26.86195875870844
25.132846791420494
32.41730213374377
32.32650599164569
32.05665742684156
31.145519392264493
32.667586279427404
28.89992946941167
30.350037880475192
32.469133928104235
33.81335231521356
32.55911035140804
31.6214800843687
32.091077540452076
36.09268900549599
38.94980389862919
38.61242385863067
55.44406737708532
45.83931973244083
43.63881097321084
30.56445850212965
42.31430366809555
49.67327310391158
33.928175157123455
34.49740422870809
35.60016725398493
36.29113465213605
37.208599902750514
33.07279377179828
32.66738377564949
36.54588866223653
29.195160197544055
34.13060330468861
31.70510642688258
35.11512870949889
27.69146742204731
36.45593046868803
27.96652368748129
31.625306444431345
33.51522412514116
33.30954532567419
31.140790189060525
30.057290093861717
30.43121121861881
29.588127008535743
33.312245557877844
36.101718890050975
41.848329261597186
34.42758899335422
34.709195544947185
33.82232391878132
31.50402768781994
31.335199643109252
33.22188922495197
31.657582810517308
32.73060286672207
32.68367633460937
34.76964247611709
33.62861338015145
31.947047565050127
32.474718301162405
31.444064948138358
25.2035157272048
31.95758279349227
42.436042358049434
42.25522937651347
35.604745686480165
31.28160482021666
31.776756608617937
36.49534277207204
31.79326491242389
32.4196266432968
32.032092250747894
32.171654373589725
31.48777249382803
32.68375870529755
31.482620826185045
31.326791646447706
32.19674731263483
30.3365938880426
30.789016634343497
30.96428143663772
31.91003819899081
31.644937455220784
31.890291139253446
29.514188070378797
29.256656682612178
30.81657709616972
33.73391640175428
28.93855881362461
29.25888771816847
28.477838765785826
28.163522570923757
29.567253572868918
33.49667131599315
32.283529383519536
32.05584524073254
31.087735104886505
32.06815897650959
30.88620854628176
32.275486250292616
40.957100621686514
35.27749795208342
34.36282561769904
44.803218941707755
31.216056580285372
36.38446739529255
37.626863553554
34.32915309613827
35.913747434166126
36.384772596920165
30.247399120224618
29.437543801638427
33.26949639001512
34.96094761548302
30.588621375113426
28.12399268576276
41.51677593297148
25.704339614082713
28.1959133925892
23.720361403993447
27.303190177998037
23.047289029496383
31.56327220325536
32.232714699359
32.23967072429424
32.23967072429424
31.810747598595228
26.375458837556877
35.88652233597359
40.08894084756348
31.901722129329357
31.800936455989053
29.62699972103135
31.598532375810006
32.57585133708481
33.185610257975526
32.285178916894566
39.16571528493493
34.005617200298346
31.18001805068983
33.24186258303027
35.28072239950962
37.24923180956852
35.95108614201687
29.980721308453614
27.19265252125967
24.969316498068316
32.260059612985664
32.83091602087668
33.66296254475413
27.81223162600155
25.934996643710157
32.680317894823226
24.272854067913908
27.103139220048295
28.40725289362374
33.99271784753807
33.778716205822434
33.09992072174228
30.22494617913544
22.808829674926365
29.822603004679912
30.162467144853103
30.0690474586894
31.728205935875685
27.150244019815506
26.678402443036518
29.363618996170104
27.573638269510592
28.208306881867987
32.60463246586964
33.18148765373906
23.25318228050349
27.39567615386764
34.58279674815258
34.56355194781052
34.82904123804851
35.37260227030098
48.64664433672127
47.63837697585802
47.504825665854185
31.908063323138702
31.643045037808296
32.738730087310195
32.791944337003414
32.065081894050735
30.695968101338497
28.81402767776598
29.48480129985289
42.78767275284681
42.48097178335996
41.98660501842658
40.44679207633797
28.745896520169293
28.21071402494332
32.64680767438552
30.425750901044147
31.394946279169528
35.347469114152865
38.596317883460344
40.28279459009554
34.115073763480815
32.467810859170264
32.88536182839374
33.45047153945691
31.62792505557424
33.50093491909847
32.97184060677328
30.76118211665202
30.572642334394068
38.83586331825343
36.3811960757844
37.54021904277285
38.78102921247293
30.650332798265243
30.179299301456076
19.309707543809786
52.62900203467393
20.71940471428608
31.22954486419872
31.447555141518173
31.715956200986152
31.228417523857743
35.13890372579459
39.239080526408806
35.674566523475015
46.63734082434432
48.251024896236444
48.453086261039594
58.05959030083142
55.68131254061688
28.062805479685963
27.30455872385183
34.78518408963055
34.66721180050628
28.788840749825063
28.798962302479502
25.761645796813927
41.960278047948776
35.5289746127611
38.41607493608705
35.57170128494629
39.42103340576962
34.00200765038057
32.976736578499974
35.1351937013059
32.00238190571394
32.65324280144481
34.87043274892643
35.91724334746589
32.943390067682316
31.97954558711764
31.103912745228214
33.42925290061723
31.050496555640514
31.049102655535
31.077972190811167
31.579847215631336
34.592867321681474
30.24463863538429
33.24788680260696
30.783929213455465
29.6869465519376
33.29006173919176
29.15726582352917
29.97276774746532
31.162894322724213
32.559605830427856
43.63145155762039
46.79832692977896
54.21785097903046
51.2375158872346
48.2971991929488
47.14725142186294
49.17860815925496
48.68119749962508
44.10951050503997
52.17396870349893
48.875909570717035
47.88778467287556
50.64914365711555
50.44250487367676
52.91244918089318
42.3129683910876
28.403088016578526
42.42709776316148
25.53805175981938
27.468368007611353
31.133316689288904
33.089197232426564
31.263381586879305
32.23579949475782
31.16666931496111
33.205979452362506
33.77525221914613
30.21617166695302
35.91929408330609
36.04366130168301
36.32368655030974
27.951952098827498
28.52731573645546
33.57063903022566
29.818373974489297
32.74642312710516
31.772056018136148
30.417333188059672
32.945199675223215
27.62993249292437
28.246263689356397
30.94820391208919
39.71444703025669
37.389669130382046
40.747785647073506
34.15944179083956
34.25256399941749
37.25858453880109
32.69748570644408
27.51945628586366
37.17895713405086
33.37112524665893
34.733523322729205
33.359972280206144
33.49052120121799
33.22381051192294
30.38436774420853
31.666348961401376
27.150079133052355
27.350957523807196
32.6316445161648
35.71908650727573
31.266235892205852
29.873770048134286
34.31456164667046
32.84997852504018
29.152171079011307
32.15663969242412
28.051035635902988
31.358572477001108
27.433789292039826
28.013080225315594
28.071387766742163
33.62570812263971
27.885555459117093
32.37219281953058
23.533069246139508
26.45617285504316
33.040418581210325
37.0284686772889
28.773839734633547
45.08725974607984
51.83123023685187
41.02561527083195
48.82593919784688
48.51092040345532
32.72075826440329
35.554089010145496
34.045808668568846
31.512291985820877
34.35660303558954
34.747994179429604
31.046533086097376
32.72654482637945
30.948564344439863
31.87682248738689
32.04765478180987
23.675310977786147
48.864556707892504
55.592425896355635
33.047504328645644
35.94536723153512
38.801751444643834
30.550123740530868
34.27483333813801
29.983840551035065
28.74485235826606
30.77659978788444
32.77694385708275
33.17861625654777
31.714440373847285
34.21758058072109
45.700613966835334
49.49889803749668
55.73359260577583
44.6635279190266
35.96525187826555
32.0906078556356
16.985069265717406
34.86789325578151
29.5857262793735
31.90742234034949
33.097895001227194
29.522248114034745
36.12408417690246
36.56761540396059
39.485922295653346
35.35524802285254
29.04572440220728
30.449953594217074
27.73692776201041
30.2775738194341
34.02247496191179
32.194782260590465
32.28447609785181
32.15295717082598
31.38723827237352
36.25698978977013
28.393887336924557
37.814694836620355
36.45498684138082
24.28802000050713
24.38829548143251
21.0235261265832
28.154861954024653
38.50213948154974
30.580804994377093
29.19926676845983
29.533339538833122
29.362106457071384
29.484953877347223
33.37900736187036
29.483561609103266
34.39699511882213
32.34662860039685
31.720556346550538
27.694246989662002
28.92521924006275
27.927884091936132
31.192249619312108
31.81715425120635
30.66017568506932
30.916927235663593
33.609349025038576
31.01583205470651
29.181308095166294
31.563429887030036
25.754592900810156
34.99091089842073
28.56975838104432
37.979683465119976
35.52765390561867
31.713051656243845
31.991942343468814
32.001816697218786
31.998081894908612
32.582057263914784
31.429186140718503
35.35842403985587
35.06356200804465
41.01412495976369
30.975066283542606
30.09669574889892
30.536453363724732
31.429693512553623
33.24571631028056
30.985526639871136
34.91462509931469
35.356902331218485
31.272969238717785
31.411918067696035
31.356495014823473
30.016616669253068
33.5213478666194
32.081136791125324
29.29487795604432
27.737329419456263
30.60391449613833
28.260039614424226
32.54352100949797
32.429162025914856
30.98027084285149
28.349924823474733
39.0351323468315
41.91051083961964
46.3260165326604
39.32737104633576
31.501172196687946
27.38993577169846
23.966752950673637
21.862786850992492
19.838190578703465
23.822488782211543
25.807912966051973
33.67489294559597
35.694853972929806
32.09112787406524
28.636989106862575
46.420767574507636
49.6707706089365
29.951872308571456
41.41115759876554
32.587177845850235
30.31348094209939
31.026491190449985
32.13016579840251
33.005204618618635
33.28400225052994
37.296379113316945
32.13486574594665
41.024018603826
36.61836846339951
35.37009232512946
35.463031432460255
34.07488877058766
30.41085084544326
37.527200319627596
41.942080510831914
43.986960027598705
47.62577717785663
47.04115885935553
41.56843683886009
38.643850090188664
42.05032264871982
41.47114302365288
46.11567364161759
49.431289488134304
45.25923390650087
28.8592890538323
34.86525371351978
33.11722499727729
32.602311905393044
31.946260014107363
32.355757411188655
34.96285649482408
34.92215713522586
30.48259007432342
28.377469500549378
41.15697582275739
40.54802062649366
39.52362300193654
26.008640997564378
29.751271769744033
27.94009365460963
27.75547957177527
27.986985705439086
35.062736084842584
33.536456315542054
32.37202579565374
32.780516058759446
31.202642187649836
30.444580475088436
32.758935879757374
31.123911507255446
32.09941535909122
30.594357865328597
31.01120433091856
33.895668903788504
30.93152649529939
34.336578427367954
32.28624545884677
33.09224777859134
31.918604118485277
32.71128475839875
33.02412953361086
29.79488110208724
38.41750941338413
38.868046535397156
38.390335241012636
42.16376068858882
31.061256286318844
30.597087637865513
32.05034629533873
32.010140473333074
33.9141006305235
33.20932176223866
34.22640001435624
33.13042781762364
33.90403361274787
35.54858966405735
34.61364043840732
28.997773040448628
30.45309441564043
31.383905170216178
28.012429091869613
28.69694123923894
30.034711472831646
31.570120836815793
33.94345962546157
31.710408979814574
33.03289736720971
27.697232496721256
29.138276702915977
30.6186003205959
27.591254251978693
37.75716476174944
34.375558945640336
34.54219338373163
42.58761747534732
44.19312019399928
39.88177693787311
37.48379049255325
28.793954372997824
35.71906348341132
31.328201440204186
30.533236101659995
31.811177171720747
33.45622241723486
33.246926447705114
32.177456555299266
33.203252656190664
32.83079089244202
27.58487197507465
33.46995959732578
30.46194762033996
30.12378826744045
30.93902837025244
28.509553744663283
30.14325314932612
32.491421146533426
30.371651376620942
30.597187860030253
30.98788294932618
31.764994213910995
28.861637811621172
26.056805989450076
30.19781874583335
36.236797987379475
32.55062496742218
33.388178903797886
38.833246928442435
36.15663941744441
32.98197842176212
32.6467793595133
32.196167069483145
29.72857084012992
32.86482732839511
29.438492605798537
27.52980634975815
30.936467322311245
30.31265315403211
28.78486961766263
21.294591665887157
29.190134264228902
38.4566178760885
36.714369118442775
37.89178130013973
31.909387120919327
33.535174759219146
34.60601733539031
30.38629420029075
31.73870180656166
31.903191035972895
29.789035051694835
30.592841188593184
29.62700737120876
29.786586246167513
34.93716743489362
35.02124401816701
32.73500667152521
32.63573397017162
25.943933112262773
30.645913229203487
28.802133255485547
31.77956384529303
29.27663026002389
30.825734425590216
32.00714886740672
31.75448757762029
31.505702231181292
32.19918543832891
32.499501518642624
47.13107020845577
33.35930086339914
32.524064100123105
31.214519856271448
32.795837256603946
29.95185462659702
30.934786964622713
30.928062176799124
32.62513546725258
32.10538521572189
32.05549092979467
29.461151586857927
31.118127454949352
38.40220482366627
35.57168065845678
35.46952750595087
34.65517892694904
28.522674953787092
34.97022348402116
30.022218381370735
33.16028814976469
30.79690132772874
32.9233183650542
35.87092388047306
30.377908603064583
33.63458473161147
31.207504872818443
32.01225760542974
46.43154963451069
23.602599793518582
25.490661306703476
37.37370286192248
37.785510361772204
35.137814500301616
37.10245518411331
31.37414360550023
29.112676259789687
26.069963979789534
36.57507017771504
38.41881866447514
36.65136392725385
31.796469943751703
30.055600976612073
31.826019908200198
30.531119684509157
31.685778412290777
31.71009148611807
31.3873175558311
33.88804663736161
29.5516670600831
33.06236704599138
32.98727747343778
28.497614325891153
29.46936751922414
33.461470778781596
31.771059143427916
32.21015395064127
30.90348159623862
31.660941512440843
31.689214499187266
32.15728776598303
31.185364924448916
32.16034179307886
33.1871973535665
35.94386466271948
29.742408537688544
30.287144584588393
32.738457418594656
31.116219492923193
32.79412941404307
33.90099647966183
32.81016835765281
31.564831013694608
30.851967296264675
31.160341060498133
35.64452349057353
30.86369101134842
39.37307636626783
31.18687373177391
31.06511166612828
30.34687908043534
29.234009689944454
32.833264997444466
36.651041202489616
39.582804574720406
28.67159717263339
40.51368367687802
33.5157950701616
37.51782578857721
32.76358792447281
31.2027630035329
32.97232625241284
35.27787700696662
34.56803745388102
29.452788772754893
36.74987342668432
45.90096777058474
40.14390739585325
28.66014148829072
23.32940468787584
22.287826406983402
31.033084526738566
29.293225087282142
38.22851914842555
35.837566157777985
34.572002986633855
34.54804530310636
38.84548488410465
29.975136894875725
34.211113070833356
28.7942955201972
31.35256394955918
32.928035412493216
32.69317481788626
36.481674667843556
36.199457605969606
38.40767749232621
38.71881111716847
37.36882288617142
37.7326478264052
55.77319057847078
44.31208915438168
44.98614236681146
45.49411949147218
43.48063459755915
29.130559977176915
35.86175395697275
37.38748686361827
40.66563788150423
37.974171987208344
41.424002150678554
29.375979565767416
27.28559562210928
29.076600433100698
36.22972817013935
34.67403453752973
36.33654549136929
35.111189794313496
27.837144461938557
36.5429387894557
29.504339521147266
39.0514112582394
36.36592400541143
36.52824192095575
30.594513132439065
30.28957061795162
37.809396143315325
28.518305100568366
42.642989376979585
44.972824488151296
43.94929396989179
29.539162694633593
34.4451729712293
26.59143454630477
33.652454652874376
32.767352926567625
31.370385057403062
31.513870471153556
27.440257760184824
27.25821989952433
30.615918217151176
29.645459642908374
29.58692899928027
29.4596132753835
30.72901043669064
37.36984498860256
33.8378875392284
24.92145665186345
34.42591018221395
27.202159506152764
34.88327795794766
34.88327795794766
34.939282332224714
35.801381720546935
36.08517153256544
35.19001502883089
30.636169978355113
30.358022691815417
32.86274124766301
29.468186193797692
31.919061591367367
34.22071086425724
35.31523168126649
27.511417972088978
25.408245687102372
24.869611033443668
43.814232329154635
43.81214560305556
52.59779626437255
50.122311024434055
48.77950666807868
48.77950666807868
40.4114432171785
40.68669080066566
38.921427987830384
42.54585645514082
30.315369790040247
42.7446951196706
43.74885920422955
37.10652995066551
36.62143458886585
34.520542711558114
34.585033830007475
46.05733438115895
38.06847479489725
36.173824220245734
45.68023044361884
31.52912037370933
27.89049530189676
28.23392886195719
32.41221060996628
33.81482842188264
34.24783999281877
30.546319131037873
35.96158340989562
28.989408264371693
29.24935017431923
31.387857357979197
31.457702840292516
32.053948801190955
28.07748045205774
32.26232736065821
24.957852326171064
28.73797684589068
27.044316034391848
27.671452303497468
37.18714400415512
41.635205219329336
33.31912481699654
29.232794387657524
31.50315666237382
33.508620783948714
28.198833390999052
30.174398096622006
31.140744101969613
32.79128426162034
31.061750935458825
32.71309246356392
41.38197409974337
38.23066447005347
35.574348462705764
31.781702338427575
33.49636010233018
37.13449260155149
32.17476272090343
34.696654187181515
31.021623637505073
28.823884557971255
26.522356744762664
35.256505702156076
42.97343491109343
43.667137712339255
54.84619070856807
53.88255933900638
52.94224575374893
29.295950950612404
33.120211640774365
29.475027165139995
35.90312453021498
47.83109673764478
37.96060113593098
28.54224046952253
23.856988652883786
20.738598457445793
28.31277349024885
32.872975916301435
31.73314565596037
22.48509440296526
20.783089542454825
24.354055695827366
33.98172341333238
36.926542852749265
30.011744728970925
35.53562844054924
33.29848377381301
31.28061954487155
31.572994427176987
28.908519876177238
29.35728484823763
25.99027253078533
26.560265153802284
27.851622321269254
29.96878326586275
31.346740945115076
33.06788756693535
29.400790771451785
33.495293888086
32.69263248289965
34.41571447744742
31.875456424178985
30.810831729719045
28.388131207129412
33.49921378924298
31.499043552645286
31.7264286323856
32.4504321843782
31.574318365948525
32.39647312412344
34.337543856805816
38.78724745191288
39.14401188299509
32.29495595038907
29.52120856828882
34.96952414687732
40.520086696569614
33.721335844573815
30.500294949699217
30.10025508815852
32.865083348182296
32.00014747819763
30.952669539347188
32.00765854461306
30.109598191756714
31.52256154865397
33.23026649118142
33.17360146463866
29.417209688717122
33.32928947155093
31.20154395856631
31.727872406565364
33.92950902302234
32.241841020552606
32.70528385206677
30.664926944908753
29.517439828708383
37.10947848079334
31.64357970996211
29.278193002511795
32.78888965577605
33.21209307028584
31.35482697378243
31.42842502127559
33.90751544639522
29.542267588220636
28.645831662846454
33.772553202324154
32.15196259802442
32.44080870541133
32.02882646334822
32.24007497983943
32.68804664145789
30.264824991798694
31.715655650987816
31.227845581444484
39.543815295925306
33.51024482781199
30.314628501670068
36.55637164580715
27.491722909663878
27.984106319875455
27.5780375113502
31.491467581998904
30.814794689285748
35.95981674320326
26.936945504615718
27.63901176077842
33.64435819564649
31.09304391114154
32.29584297080107
31.973242622013633
32.70415673504616
30.406973172730737
31.816124424513607
29.929672048063598
31.494836462342626
29.860020886036818
41.0924294148027
37.05538120741918
31.273480785737547
33.67755349082747
27.79889306663537
