0
0.6924080285138313
1.57819837438694
1.7352196038428576
1.3566915870604546
1.8281284047570865
1.3521162372229047
0.9707490945706344
0.9224032989759484
1.132183772773006
1.7909300914058879
1.5728713377104138
2.2963114624103507
0.8989288137499373
0.8899208246258395
0.8799975097091031
0.8936362191021568
0.9958759796535034
2.340371335806006
2.27882484715552
1.070272767867846
1.4649752415460697
1.6148639111165641
1.796882254205211
1.7444692963371085
1.0246803256531738
2.149916147877584
2.067924082850443
1.8795830095902146
1.3656743737814867
1.244637678590334
1.859578559822046
1.954513969477789
1.6391407311325907
1.180414025106714
1.0143257403270813
1.6410626770800214
1.5000798939862798
0.8197827023970311
1.525550864909891
1.5159997463174708
1.3842994934742483
1.113143941124083
1.0161042541961627
1.9451227727365838
1.7076252058181747
1.5224143129069068
1.9349180421433345
1.6412155545767506
1.9158439659112496
2.3499533427236226
1.542457193639736
1.3682184097258978
1.7340817180784465
1.9397053878819943
1.5830052793396083
1.1885754918893883
1.9071265813334208
0.6384250816953573
0.7281300621349049
0.6163031383204964
1.380046161737684
1.7294043641277814
1.1045115400013301
1.2087878619253682
1.3261076668412743
1.0192033727021588
2.0390506021261894
1.6350553395448044
1.957702964895503
1.3047235318819497
1.5663451028374153
2.040082114674532
0.8002913655044843
1.50987207985174
1.4189768385388666
1.52487466942143
1.2819439833273751
1.2196464970641632
1.304899011270328
1.4134627942379407
1.7466193560723309
1.3182932293216678
1.1241435170178753
1.938902027609185
1.5986495522725903
0.7800074244373849
1.8806164337923934
1.117062931582096
1.3745251223438921
1.6912887491015494
0.4707793761343369
0.9778441653349631
1.7757791245557735
1.3995983124983498
0.9695121501401052
1.7819018038992167
1.1118137611773258
1.8388811328802748
2.295499684090422
2.2299286206916724
1.9216436031068582
1.982999293791423
2.715119015643207
2.151581244084725
1.0041526728526837
1.5843132216728801
0.7529098290090668
0.747699014250522
0.726761254146157
2.18555749997857
1.3120457893176418
1.5079090606305814
1.3789370113921746
1.3186938295722481
0.6152450013188756
1.2902653857587496
2.3018377219258577
1.989424392031989
1.4401451498510502
1.3098847012362196
1.5371897593363326
1.4889841572083813
2.309083383815439
2.107734602105913
1.9064053877748877
1.9730252048899872
2.1285204550718713
1.7324606027338005
1.470860528170912
1.6328287860521207
2.0645947197123222
1.9543841852580337
1.3593741358083942
1.8456841704435134
1.4517906358078474
1.504705001797148
1.243538946768546
1.6072239580254613
0.8858904321477822
0.8455821666274068
1.8565103446964848
1.182987373479127
1.3803378483754265
1.17377715452708
1.2148848233558096
1.1940445105654727
1.5597014182112936
1.5757346858861176
1.076712776224133
0.5048813986759475
1.0271994203812702
0.9679767789052476
1.6616549488355206
1.187377604129927
1.8491100358019865
2.068760378282209
1.4193161168948998
1.4118076761052614
0.962728120303586
0.9522197016715371
1.0727768412389882
1.0545243359948195
1.394355882396006
1.155270858944856
2.039496602472146
2.404084942974002
1.577287643329786
1.7189459051841776
1.778422274334431
1.7323519636392528
1.3637160319457746
1.7907646973456766
1.9292278252048127
1.7577340393204839
1.9418850675078358
1.4801895574306747
1.9002500909324664
1.024852912638785
1.428081087400593
1.2529859626089663
2.073975471226217
2.0740058333230027
1.9861615952469283
0.0036446719060593963
1.9155204048682355
0.11226810472531099
1.0588119887996443
2.2200446466201362
1.0784825077184503
1.0314644505835424
1.0510583521651036
0.8026493641094766
1.140883237915841
1.2504401257516917
1.024996163303229
0.9943021842654082
1.695896263988493
1.7248095771306835
1.1971812923318887
1.085765848079819
1.1668788419667808
1.7056960029748465
1.7817580131507396
1.7062526399790858
1.8304952078091434
1.7414709366620713
1.7985402092309488
0.8550739580777923
1.0001215164266182
1.7677682277699374
2.0833124450489273
2.143099453326296
1.344540799557226
1.1780450362766268
1.337167125036389
0.9740612360043861
1.863666380660781
2.6247326614852677
2.2419572886097683
2.598130148094239
0.6791435401688704
1.9970741638793283
0.200683343087583
2.5097425782942975
0.9938953983184369
0.8036691235214654
1.8355036140841565
0.5716651941967203
2.0790135844999584
2.4925050885106628
1.4147482845591652
1.1801576101944762
1.4602558253448974
1.3404798514149026
1.694287415608684
1.6419038771691294
1.3631434891883056
1.883945534930973
1.5686275768472562
1.3070196047795373
1.2855728050147308
1.6393132609934746
0.9605943942675077
0.8544888892000435
0.9866235009622669
1.0516000123393663
1.4797739925171827
1.543372380135508
2.0902294747267263
1.7623909676424985
1.7045289602341185
1.673836045440914
1.0025091950699763
1.2671833580362994
1.9857602946881845
0.5481551592659852
1.691669311521242
1.098049476895211
2.1032804979607214
1.276747170668697
1.5539726767304336
2.1396764577668743
1.4625826141810172
1.879819083843562
0.7484214881012258
0.6977902822050911
1.6024603923783796
1.2943027512014766
1.0091632728542517
1.7861833803780656
1.5848350626603296
0.9751677049142027
0.7542690527943586
0.22966866282535425
0.9782924670064094
1.5525642445718215
1.5776211052621034
1.5220537135061127
2.139335545631313
1.3457566392519016
1.2216566017407724
1.0681929929626117
0.6002112474426488
2.1916111444660253
2.162547907913014
0.4214615065255505
2.2728015673128463
1.4826155665320775
1.5012314767777288
2.14371084836642
0.8607484066671163
1.4077603296382915
1.3375008267999964
0.9602615587014516
1.7840860403518508
1.8223572670754329
1.3419901827565812
1.6816185531666274
1.4345745001699473
1.0984692118568418
1.1889241025161588
1.539926787209795
1.428640976595624
1.865562083583505
0.9601511817546626
1.655366539162068
1.3121750579049356
1.7465621682879617
1.0168711235915244
2.2312827991561095
0.3652049315035837
-0.04776684737901043
-0.030310469467172654
0.2309977648973246
0.35382231359483757
2.615249928401804
1.173768850954268
1.3921110200594502
1.4786665556699874
1.1921242181132454
1.9922563917010154
1.9587857402748563
1.3808327429611245
0.6639578582013638
1.5371736443368744
1.647475829792239
1.0419354314705338
1.2652012328851336
1.279013257167313
1.9454370376349008
2.0696409067184023
1.29925177351561
1.5793314249357746
0.6994112007402968
2.0183842409056427
0.9278297599930913
1.6402900292105502
0.9551843615616364
1.9689215974885848
0.9151893944754184
0.836455043253058
1.4377096942964362
1.0053767642072824
1.2283164269454643
1.8446366907059644
2.1742060901501294
2.251861615418724
0.7954256812981515
1.9620895589871301
1.2253636119892857
1.602284594457224
1.8101182705381944
1.7891696452833643
1.6334059173538897
0.9918300015236681
1.6985303939165768
0.7302025550742668
1.194662471073528
1.4080458715595316
1.0737348998057752
1.4680528030068987
1.669783226306738
0.9881484436951965
1.0057075135306848
1.838318939451806
1.8354428505095448
1.8197441423688026
1.8900711214713426
0.7772153615406691
1.302557211740293
2.446121831578093
1.1805188253646173
1.6273442199429289
1.79383375128651
2.122726104776664
2.3952641391065317
2.2207880496718717
0.8902365011206079
1.4763923890585593
1.0091914379083684
2.101137421105553
2.0910136787035936
1.8181615536068756
1.7421873899925324
0.11388737784672227
1.5497720666958141
1.7394890383377204
1.54205505438587
1.8217048249879766
0.6862065759478593
2.1422548235496195
1.7428087147747884
1.3691533082689877
1.4601344386350552
1.2506214551918882
1.245336530449976
1.336686582361261
1.7638516180801114
1.640024591625535
1.4752815487070763
0.754559205639485
1.3369921536427702
1.6658228632900394
1.3789117819992598
1.2719838643363433
1.362759297846459
1.503278627310792
1.3180243542098478
1.6321919422378244
1.4566128485767351
1.3943911795484523
1.077511569254909
1.1797971936475724
1.2412615295579106
1.1585700407393211
1.804559388751398
0.2545665716571962
0.3029175055877129
2.300131717771863
2.3317180171255067
2.926477700272384
2.586841569355393
0.3062280854908515
1.580580043061241
1.5564014833306719
1.6641779112325674
1.8647396001596808
1.1006715447678366
1.577099479511388
1.3096428046417057
1.0094738869561704
0.8738010693729494
0.5639032153345271
2.244340522750641
1.3774350803376383
1.2671484268946123
1.543341650115558
2.3434514182052957
2.30590371412614
1.7163627615455361
1.761737992983624
1.8626283507050152
1.9586005496016723
1.7366707980779665
1.7039666185489941
1.4324515695967992
1.2498343846642146
1.743123539921401
2.310764586683946
1.577359532687205
1.6442586647825863
1.9790396463179218
1.9089225459262584
1.6512638981610779
1.695186929853884
1.7066967938032767
2.0219045191226748
1.7481604756913527
1.409700395753008
1.4520900592309065
0.7118779039581462
1.1746631597511237
1.243692279860842
2.030510515799188
1.8927428456881847
1.8817776728031164
1.7547621035424947
1.634667967088994
1.4304428942941438
1.7623203142332058
0.9732510203013148
0.9392023673084394
2.2603250946579725
0.884231082666768
1.9227599792361163
0.6345827643565343
1.735051684113486
1.2711022949242106
1.3358737654199764
1.638889859327665
1.7284968768607052
1.243160157005247
0.7790536712529722
0.9926794835037874
1.4839586405752432
1.2415606309746239
1.373097461366755
1.5974049093445668
1.7233643036519837
1.7618121461211855
1.3441836698556668
2.081306354277952
1.8509696546160417
1.7508999906782188
1.5403605854161202
1.5230913421544299
1.5364556804980047
1.5396868738503835
-0.26480763313665806
-0.016648628566532656
1.3786335213339755
2.255411041924158
1.806026888341558
1.3975229432879828
1.0606790739891623
1.6668339141396933
0.9124226143156196
1.9728138405543645
1.955629757409603
0.0584680270550547
2.4615994920170614
1.5370430611474217
2.1744079192006236
-0.17760163402649423
2.551751979090076
0.8690725013313785
1.3611562775626311
0.7489502846284458
1.253457377331864
1.3291267978159162
1.1896292508161097
1.0243317724689622
1.098788932003553
0.7494317047063233
0.5243797067311992
2.0313063295768763
0.29641599540180846
0.8080841491347812
1.4842275126378508
0.754400721923842
1.8007187928711514
0.9981313588688235
1.2580179328494447
1.4501026118858151
1.1934501862447449
1.288502329009216
1.3487582237891156
1.4306912458151801
1.4779452282793661
0.9033913158523749
1.0780277713034323
1.2148658544195454
1.738185590018059
2.048910482003845
0.6182264368465482
0.31690613860652744
1.8420786181763011
1.5366854630944657
1.5269523552669952
0.6214650942914836
1.835119600153649
2.0502654229979416
2.127165057143949
0.9958916208854229
1.6646256379597821
0.9547046625293709
0.9148748773444986
0.9373359687603459
1.633539426694134
1.1726842069445516
1.6125840588787823
1.7272695760105157
1.1284603167039082
2.274072065749721
2.3930358465655823
2.373298347035237
1.371712255557635
2.1512499661635838
1.785250011863244
0.8553771105763673
2.2859933952697102
2.1181641080121016
1.171603285404914
1.8614873390910947
2.0330234571428814
2.404551407906671
2.1385750977995577
2.4422845894709333
0.9306019210158936
1.2600287688568645
1.2449782494570267
0.9413371969758084
1.4556782372186001
1.9858894567969496
0.8158582211673491
0.9859181369707487
1.459495004112133
1.1179890420405643
1.0142401075095093
1.8523879593723793
1.149278350376811
1.7287371252646893
2.0543294700705275
0.9146597724239441
1.7695194354489572
1.8601178559000735
0.8989581899614119
1.2675602952519527
2.0413485387366253
1.737865731884948
0.5728978381806823
1.8642255070141818
2.1650956168454445
2.2882401912319654
0.4061858554953472
2.126150088242554
1.1413817455314454
1.315310568374564
1.1123002614951918
1.769654501555641
1.1215656157358362
1.5449330193245177
1.4740263328256213
1.1815179541576353
1.363882986716113
1.4531653650110823
0.9371642626350711
1.4675497431554967
1.5049551544750825
1.0871535410278117
1.0188574155279582
1.6728840888432954
1.4835479011370243
1.572573775803384
2.086589473548361
0.8868947951995736
0.7024973909862542
1.032442768696107
1.62627927249318
2.6093202560203794
1.9402005402384666
1.076140998921242
0.9642164414776545
1.9979000503999356
1.5254075170941468
1.511060723323047
1.418929743988934
1.4702169675979233
1.9513680227291057
1.9842573567439088
0.6449308297418593
0.982572312835607
1.3823501090198886
1.711284949417248
1.88071787540157
1.381664543314012
0.8221434462787919
1.7699243012814594
1.430220881169623
1.1751107528193496
1.2588401964403657
1.458391693998328
1.4072360525767493
1.7102936906143567
0.8382123600155781
1.47706944243803
1.126250540392224
0.604792118109471
2.349253321947436
2.383841248685483
2.1375682792005564
0.7140262416312886
0.5095992404828927
1.6936971382042612
0.6759020995064413
1.8915135929840787
1.5670899115766501
1.3966222828099406
1.5234040034668934
1.5710138611035762
1.4444141979103922
1.8723305254824203
1.0508238784649482
1.3524433554292976
1.3851271742879403
1.053444338807276
1.6959870858189228
0.9777924284252388
2.0480117058921508
0.591108950737326
0.3645744831575978
0.9731663924456883
1.1526835131627355
1.2264083081492243
1.95025842248291
0.9754183050400017
1.1886328992570454
1.5592576311733397
1.210659231305673
2.195973615713938
1.7821880748036918
2.1278967897689127
1.5615513800420593
1.3008853970485859
0.8388136452708772
1.6786869257543644
1.7754103206367775
1.3190534841895223
1.4340361764732903
1.231834793244542
1.5886504052610366
1.6855787514725138
1.505619522452808
1.7330978328086535
0.8677557215292996
0.508663596625145
2.080600595491263
1.3913494833053912
1.759852890108334
1.0697143461511684
1.3027625598480455
-0.01002212164955816
2.0399361158091347
0.6790716940669214
1.7384754261466484
1.4523673869506157
0.8640755845901782
1.8585381138448456
0.8388537051953187
1.3840550306143973
1.2634733706019137
0.8398347075515221
0.5682128536043755
1.6820172767403032
1.3848380302891101
1.7490327166464
1.9899194950928956
1.707580960237748
1.7127159349450953
1.3164640831247711
1.4382378946752918
1.4829828726533318
1.2835360491703411
1.0890474826804928
1.9614907322858313
1.9511626249618237
0.6526581857786629
1.940469338483108
1.6595166322206598
1.048135937873561
1.4277970753220048
1.4194129914858704
0.6178626611544801
1.5520505214484213
0.6948485110069741
1.3886730364343705
0.54897775666874
0.9663573280100273
1.6588667237595778
1.9743071889609982
1.936348969452826
1.0825883046523346
1.0450975954427837
0.6538229553660202
0.6991460232744492
2.0242316783868044
1.8226541637635945
1.381196597103038
1.4158289803558917
1.28197113378374
0.7662540260814734
2.069922202717035
1.2395318419258061
1.6139507172086285
1.1159527422089492
1.0896285466253093
1.5679394834206108
1.3456176543634155
1.8658296958346625
1.9364953325820635
1.9354124398136536
1.0590351587215423
1.5398572851433183
2.148036288048738
2.3652201413791083
2.208603004790614
1.8767496392242995
1.1686017014153993
2.0025388488416573
2.2070388056849066
2.256032211070839
0.6524217816451727
1.0154854558424606
2.298004965353224
1.8605353055023992
1.1311421439731417
1.0720920994113778
1.2339288069565388
1.6871489729193458
0.6232838621838975
2.0739248088965856
1.9302684404408181
1.563340406192316
2.0891319029172046
1.8511504851760345
1.931227086408037
0.4718663024780075
0.629874144807844
2.006030587510341
0.6925083361110367
1.5656265001459544
1.7167569757385936
0.877713124319698
1.7117399802921958
1.1021571737066935
1.9322623441031905
0.8076844113061618
0.8827466076584377
1.3604733373517546
1.7900437495729167
1.660711425998809
1.846796113989715
1.9230293177356361
1.1138432744378033
1.485181694200664
0.9592771479423785
1.5075577516308638
1.391995319781373
0.7508371653682028
2.291397757958455
0.46654983365755803
2.0796278290659256
1.188666055040497
1.4521750088128211
1.2083331783183588
1.3413211190538152
1.474882721590292
1.7886067423594856
1.9686613617501987
0.37311552178406004
2.4532337520375735
0.5700380713340631
1.8531725211503656
1.653367294539626
1.5169732703641872
1.3870178151353278
1.528843800817101
2.1638924514267357
1.3179419425125747
1.6307275574312956
1.2765337900854714
1.5288018409920416
1.4162087240912398
1.0576124143944106
1.2252570821403026
1.2678821735404995
2.090983067935216
0.5071382604719153
1.888157709539154
1.980061209626468
0.7669411719913193
1.9977261262273187
0.816635174159178
0.816635174159178
1.6978760288160188
1.0788274695587727
0.7459714877525107
1.182960784086027
1.2343878993201993
1.3935576388101663
1.5206213702198326
1.7585891871005404
1.6641816301948569
1.3491356667187784
1.6932867346405318
1.4275631648202274
1.791222661902184
1.3127369201404235
1.6025557372768344
1.4721156382630793
1.7021630805972652
1.2161709923622983
1.876961027349071
1.4493659744426666
0.8902670621521448
1.115991062280311
1.3687528820192816
1.4854680879094917
0.985840696741305
1.5448384965770863
1.4541779908594656
2.307762539190018
2.289169747722032
2.0152483915946005
0.8269077809625098
1.281213613874939
2.109129670388146
0.5019034027777263
2.5591083290485495
2.168000146975273
1.4650785923106862
0.8437791815336725
1.2650942134780805
1.304574557104264
0.5236466175781813
2.201599012703319
0.21756496651924517
1.7009921181075751
0.3581105546041968
1.0044361398030093
1.567998523362477
1.0203325902374984
1.3249134643341585
0.9552024316126366
0.040987865213491376
0.7181986685725383
2.104828877234814
1.6809760246967276
1.5447960465799986
1.8745783977250638
1.3964952286593209
1.124184598496851
0.620752179203779
0.6476084774073682
0.9162986047882137
0.7603054878490891
1.4865626998065722
1.3591031922974253
1.3167648013255415
1.415607824596763
1.7984399759229632
1.5744944076501284
1.2594267061562188
1.927996535055378
1.071268377226432
1.6841753034028006
0.7988102286784435
0.33934738514556256
0.6118094955202041
0.2731274025051013
1.8153730712230405
0.9420724744353515
1.6169485183114218
2.063450069764707
1.217930694048662
1.8204780048295102
1.8836638863182134
0.5920834375178305
1.075462408756993
2.298598893353786
1.5926213087673238
1.6913216180720365
0.868180041817291
1.5863807166051473
1.5418670734357145
1.484400006485234
0.9663945803520348
2.4165523563426627
1.8199781420472974
1.8529917389281199
0.7536223340816106
1.860696521817313
1.8649834937279925
1.405253140323274
2.2883023384833567
2.215494763338306
2.3412421004775203
1.993573595111273
1.2251898307607771
1.4401552205057433
1.5187595601472257
1.1242349975273926
1.3020186505946152
2.2307352080250995
1.6934651026833876
1.6414438275212864
1.963783145432828
1.8030840651650515
0.5823899086456247
1.0976484188949842
1.3831532737817933
1.2036270376194966
1.6380821451842456
1.395840185902351
-0.12045617789158003
1.6722280755524048
1.833862355757542
1.461621001806379
1.5791346588117678
1.4600369844174848
1.0469672143488773
1.500243441429841
1.6494286518080352
1.8211794654307556
1.6339164460554336
1.436773527208664
1.7820078443329703
2.519888321053989
1.0787240253927306
0.9260671278615803
1.2322031462639278
1.032496936453593
0.8633344099302274
1.0316634435376613
1.0497614836049969
1.5746751761631403
1.6383340841131622
1.2342554141710511
1.8213196940672352
1.349159913703965
1.1106919739900343
1.1655939888546978
1.1662555566965624
1.7337308795972575
1.9716292741617971
2.3629931088450458
1.2702611360370994
0.7372999568447821
0.899294056730251
1.208171739010314
1.1081891177184227
1.4724977438991285
1.070816262162088
1.592684050895509
1.5911716088594041
1.484251034116441
1.7677710839132728
1.0016253484589808
1.4966931178152503
1.3648014624869456
1.1470801397645365
1.367355062047656
1.4642966927264756
1.472331000012846
1.3823240411372288
1.2526413781208134
1.5900964550463361
1.91956355064107
0.684111212229719
2.6349901623045295
0.6140832767174704
1.7207730300379331
1.5419211169170284
2.1154409925600355
2.271650054848273
2.006512662541469
0.8530800803751113
2.0419399711384516
0.6487865658072794
2.0189219148966173
1.9236865020394798
1.9932394339334143
1.7169238777531404
1.804637967046361
1.2121075832411647
1.7014261999706737
1.1545310534200004
2.4190083071979998
1.727763396727799
1.0772684381644484
1.8526029470557508
0.6242118317329255
1.792655027524411
2.602120968240991
2.616913331594098
0.22111148007034004
0.4340738129324446
2.0560016440441276
0.8601642997333945
0.5546567612853374
0.8451536847157072
0.9009368642897826
2.5912959590179465
2.3058118851353284
0.9352753437338823
0.8364213131671977
1.2521956923139967
1.0207214934775999
2.0688046721181355
0.9129220161336417
2.473705837803412
0.9676792730215293
1.9347453360379407
0.7741495574884517
1.003492304387989
1.6698846690123206
1.222907465300131
1.0654010748002332
1.6466639537847927
1.6005346979321016
0.8027837321966992
0.2578151751973711
0.7711214630122624
1.1441353147838205
1.0508552753316382
0.9317358584071364
1.8763883270459696
0.5964220909921689
1.1624365556268668
0.8595863622479788
1.7129140777010492
1.9665858789057817
0.8188425467983176
0.8932765369298529
0.8932765369298529
0.8734300756436779
1.6417554145730915
0.730519400696631
1.5198173290722532
1.0664875826639686
1.233667543442039
1.114090683551767
1.5121747691436456
1.9298687358185003
1.5769930814526756
1.5421846403726398
1.0960852440396935
1.2357630734683214
1.8008111914750555
2.0076607410133156
1.1854665675027443
1.0091910992087396
1.0047681114350775
1.5903076028812961
1.2196315659491037
1.6460500274126215
1.1231348759962552
1.7722499619128265
1.6924459831905523
1.5194666987661736
1.5996934218366865
1.0064053883946638
0.9026653982367273
1.2972482930368643
2.4994541858049946
0.4850035607350172
0.7220637652655744
1.7383718010554194
1.2529471078978243
1.124667136617866
1.561040817440035
0.9380299823076983
2.1189331619145615
1.4894555568854395
2.4123432350656016
0.44142877838984407
2.0893937383231487
0.616718076330307
0.3777115332599084
0.6372081645149753
1.9691247902867646
1.2223188179309845
1.3797860131246453
1.1383260194928333
1.0525774433422002
1.4590427945589715
1.670239945534181
1.44018694963819
1.499630347648581
1.2804558908921544
1.418090719859336
1.4829187070459324
1.3132647954638936
0.27464546327024797
2.550858850602561
1.4792014498763395
1.362075214386163
1.7698715720370952
1.3790908820926735
1.3576089991172737
1.7490989798272045
2.0406730843171252
1.0974427222015743
1.459354011733687
1.17579163886148
1.079704822469839
1.039307129203823
2.4928131339499937
2.5793910472095303
1.6015105405594003
1.4420219910857162
1.6684223301966712
1.1296046491591933
0.8938987162985451
1.6341613760494011
0.9808752181012758
0.9420169293791155
1.6270627456996558
0.3810558205385725
2.1192647841575663
1.4393365147967585
1.5497663933323742
1.623014665030634
1.2644899895529556
1.0857110201203892
1.3836544899294707
1.7948773924665289
0.6227789155585989
1.493402695804538
1.5042371894057034
1.3547679578843763
2.1387509556152318
0.4002053135436504
1.2025639390591554
1.5985146463983406
1.4495910669921042
1.4485202994779094
1.2492195823206085
1.4242513389762117
1.7082224357684925
1.144576882297989
1.0383037416516803
1.0563556930349958
1.4301790115118758
1.1567795223682418
0.7570807795842857
0.7865460148270569
1.9129381176081581
2.1607360898694075
1.4621437089296505
1.5987887773468192
1.6622396918918765
1.553350144439641
0.913596201293359
0.44293630634989206
2.9032914404475383
-0.012037649179107074
1.5322857553247455
1.797737682938314
1.2257829216714786
1.1148889134752287
1.1997838462229113
1.5057123794228984
1.0208654228138996
1.4486583092031629
2.042715755775377
1.0886168733675385
1.1396017607299078
1.3015786049969225
1.556806423148659
1.6377847429448555
0.964225234737083
0.6493785612878326
2.2273518847043334
1.0870661632471135
1.3529007563367077
2.136045037905366
1.2528216734224924
0.6424941257629212
1.7395761860669308
1.0425281616919637
1.9956245322844917
1.35747909168636
1.1024389093683067
1.4376549507900485
0.6056520598685725
2.3138216890091075
1.8391467697818373
1.1590995348535222
1.681680235841991
1.6553149347710563
1.0347863298542148
1.2959014281748178
1.6635940030718421
1.89598457059985
2.0862198154849607
1.5070933950622232
1.666480181938236
2.0702289990935148
0.6136832927551136
1.0260725740015115
1.030385350190849
1.493591419584625
1.6754533311433644
1.3539334253119266
0.9009518933130185
0.955530236730803
1.4032542766840217
1.3015360257151902
1.395017469276222
2.0714479787627282
0.8405081737776172
1.728779941295894
1.3415051329167431
1.2589370776336344
0.8159954290186104
1.0195675528207908
1.2839426157960045
1.3301655417103373
1.4262169772556894
0.8930148028763345
0.982805831709144
0.5305213998935991
1.8749995361792502
1.0198398225564096
1.7457017163944266
0.9695793129636093
2.110474864645243
1.6877891812002026
1.7231787298580536
1.478181300676348
1.2918754116705529
1.9061473927856065
0.9961885715241868
1.670051525622091
2.0616365396081284
1.596194837005441
1.1006271324088996
1.570255941765238
0.553527215681715
0.9154782368244737
2.0258155057813103
1.5779356283158028
1.4215412364635676
1.6816458342572107
1.3517346294823689
1.6529937948608042
0.8118306621743028
0.6434068968505975
0.3387232364175052
2.3434946859411663
0.3778206901789653
2.4177744519396818
0.6875653961050919
1.3785317080288542
1.5931368830234178
1.435169995347821
1.3518186431058437
1.294710245325069
1.9967640238288429
0.798504428695117
1.6556142091150137
1.64112497563583
1.262510604902553
1.7791987227879158
1.8518520071015696
0.235537225309276
2.7021011737542855
1.1028756054587436
1.0871920946445157
1.162191281283923
2.2863276852114374
1.9614921218925103
1.5168069020399308
1.8430568986552374
1.2878940654467124
0.441008240900759
2.0433842757902587
1.143530145030658
1.611916255702214
1.7457936861744565
1.2147353103290945
1.486195639008043
2.4891639643765524
1.2327083083030403
1.3078064579848105
1.784310405557476
1.3209911961045038
1.5699551969289263
0.4151498683210847
0.9137877139022349
2.9051651625628683
1.2197617153598443
1.4135152966415176
1.1453835513529302
1.346388832341461
1.454175284347492
1.6318606549556955
1.7354394050323338
1.1646243614833764
1.677587046601979
1.1982032450720126
1.5584300912956504
1.4638732940676094
1.3544733619370612
1.9587605961423218
0.3495800273107589
2.329811572511043
0.987727723215947
1.3241355581368766
1.8034748757027168
1.817532868963172
1.060115241873312
1.4533926921388158
1.4960202629744397
1.2982298430379162
1.411707782672314
1.6665204410636596
1.2199913464534278
1.209556929167046
2.2993874872796023
1.0645334825624708
1.0083117162493274
1.7840120028289892
1.352407806471458
2.134836279842166
2.009532024876557
1.7959070590163537
0.7834067275610199
1.4515355458834411
1.429118930677502
2.0496839069731854
1.505020787153596
1.710434180539611
1.7033541514468888
1.657794608000311
0.7392735320846804
1.6402264942125133
1.711691370399839
0.7544431905273229
1.7608825526164915
1.4791728150860186
1.3051810283282237
0.9002655849666192
1.1342582779430266
1.330388333565864
2.3161480390665994
1.0002998973500181
1.0979727408364888
1.6360867567304778
1.6385643592336205
1.2410410877106623
1.1894789373303205
1.0590309022201785
1.1463599776368383
1.3112442406083527
1.511848858304261
1.2959647621745245
1.7561929386732897
1.4449978005555524
0.9517926249247258
1.3298603923836412
0.8563607632221353
1.661500628822231
0.8481642222774314
1.5836966973385351
0.2834470862078854
0.5197719310892602
1.5342023957470694
1.8408720451706586
1.2089468084196138
1.2415021969378532
1.8140095437365105
1.4263904780109495
0.7883586449050126
1.2480337120457319
1.9413271943725952
0.943300456509221
1.8228733147110157
0.9652665220731614
1.3208287328345052
1.5956712692744917
1.3593771619599895
2.213015986619257
1.2485002454362053
1.7138276123382257
1.402944546184257
1.0062114105854976
1.5170615085397468
1.654587136064728
1.568529115616483
1.929398093508204
1.6202059679464562
1.06069521668246
0.3216045404349689
2.1947791812509183
0.2631952032147716
0.47598646283883816
1.7288639454864358
1.7116575402239935
1.7617971979679892
1.826705816054797
1.053923746287057
1.3664901133376424
1.1880502836809654
0.7976258651755206
1.5890532177303394
2.0081393916642885
0.3130299342385026
0.7612442323385592
1.0477357111988694
0.9700275528175732
1.3716045599106717
1.6982018614840355
1.7095398055837128
1.687530289769822
1.3074892386387962
1.5669044704443054
1.9750790811131347
0.8034344010224423
1.9353155917026095
0.7397317494197271
1.4633747248396625
1.3456495573496643
1.279367487722165
2.1540578189849864
1.8039391662476048
1.8618756632588755
1.3785506443118087
0.8055042801695179
2.1254778608099976
0.7027738591030388
0.7164949425136405
2.314321353291866
2.6078839668614755
0.007836321989601108
1.1111197805049626
1.3733985993162017
2.10267349195834
0.8893804140119717
0.8336805864915667
0.8167316326913867
1.3381962618329202
1.4849202521605698
2.0095742214252175
0.8405711258851235
2.3604852876447944
0.9979263818859778
1.2553493922320376
1.5519211698529745
1.4145267166681155
1.234256777280143
1.2192476050318077
1.2141428967184582
0.9210371931792306
1.7171981501610705
1.4494152404165765
0.9284981835816939
2.088677681589018
0.8897327128274773
1.353129017886761
1.2766701568648466
1.1451229851126425
1.1195997331315921
1.1015792641897446
1.4390123788831208
1.097044269956135
0.8445442373948211
1.4926826112093197
1.0241093640169212
1.6302669137900097
1.214677903591392
1.5205610647178738
1.05665106272012
1.4240007811509203
1.7327755284685407
1.5671368209374974
1.8584693901596339
1.0357269514819831
0.9639805770074428
0.8002189236737497
0.7559689891268176
0.872514196697721
1.0278617514417532
1.5573777203639154
0.40259530347348327
1.854597962330994
0.8541896711638359
1.6388751219872308
0.11023810678677483
2.0127603323371908
0.4561226541466038
1.2326884278190235
2.0151401531814974
0.9746412427626407
2.472477544102917
2.13588114582431
1.0507102425339936
1.562036363301471
1.4915137289595888
1.389078571127286
1.654034113006667
1.940753208418804
1.9611053149557298
1.4728782289951867
1.5350180133313662
1.2712034396010932
0.9656488640509258
0.971228620378592
1.6849463047995463
0.9597387224230464
1.5913625759704795
2.2810788307183127
2.33374083735188
2.1484998846707675
1.7277541618260057
1.0330849505765438
1.679251856532263
2.0756183678857107
1.1726553047952997
0.9121800283012582
0.8796871637983288
0.8745224126042335
2.5661670330058333
0.4668338170804399
0.6191763989653944
0.4040674249152396
2.06630191413264
1.6002447559273696
1.4499307521967524
1.444743398946439
1.8028435789596955
2.0360850064651945
1.5127652628605877
2.055896706684953
1.346947697793686
1.4317451233723493
1.6336738407663147
1.801403728530619
1.8796209507608574
1.0415802313719942
1.8740420836806968
0.785773538121862
2.161740801503749
1.845832568451211
1.3200370402046675
1.654542194622017
1.7823779023440387
1.338546145426078
1.355864866904159
1.2002537376925595
1.286119334147879
0.9096658799398204
0.82755660339313
0.830234829526935
0.9002479573297618
1.3750598132559189
1.9637867372633564
1.220880903968689
0.5099352160571746
1.7361726382193885
1.3491237932674407
1.4817843012805694
1.5666859811521425
1.0412956397930428
0.9840865382418551
1.260265059004812
1.352632756295106
1.5357250517931007
1.8935905952300345
0.8141312261756026
1.655169158658229
1.5480118912527767
1.6507668461038791
1.2626813346344232
2.30632076425185
1.3191902819223489
1.1016152155624952
0.8473278664795677
1.243674558819343
1.0515064698963794
1.2556489621523723
0.3621994505606445
1.9606455072342677
0.9664830746329575
1.6896434413534407
1.45057775727348
1.5649854466397035
1.745327746284
1.7819461676354729
0.48943394659038636
1.117764271220728
2.100475728137259
2.0913309509859195
0.6270114233970537
0.8055619711577923
0.9330802357296264
1.2735399410858017
1.8350273757940443
1.5000435090189184
1.053278079955428
1.5753368889760222
1.148330706379715
2.1552475349844156
0.5836360428161328
1.074085275739933
1.6642181306817523
1.515238915082202
1.4433470500258447
1.6899519384802435
0.8314117235935529
1.0032002587503999
1.5667857934505776
1.0553500645858407
0.8112901668336584
0.8273531442624366
2.1523341898703934
0.6788108988294492
2.471638553877583
0.9989192788644512
1.9033212414229155
1.2236950060328216
0.5698451254388599
1.4227960704253584
1.8155971194484335
0.5141066621734157
1.0366507336705972
1.570901667463711
1.3333478956134122
0.9761454111690496
0.1457945385374368
1.906633978928169
1.341460722445963
1.1421990462220941
1.3755528690049958
1.098758839744439
1.3262048050492694
1.6091338602076228
1.9121548560751862
2.162912308965307
0.3803185128394447
0.3499948402600737
0.6459451203300451
1.5286578108343265
1.1307698699535604
1.7664595105388212
0.7020208693512631
0.6089493416869117
0.7308426148614444
2.1791322003297764
1.545232715612045
1.8549873573610736
1.2039327167650367
1.1667316141685915
1.3610255371983402
1.5340256931025302
0.49047273265776153
1.7110335883622654
1.6909492351786082
1.1790441591386436
0.20112159367821575
0.9732028734168899
1.9325805914699257
1.3326583176353768
0.5555047360396608
1.0798070623618803
2.1149272530773477
2.080686470001271
0.37764524611499756
0.45094934511589213
1.7602651951287158
0.9612768786929738
1.6280034579437779
0.5715380791857505
1.5808886619465328
1.54918028651242
0.7660010586523422
2.004691733297774
1.6010486551925092
1.601221230039152
1.2142780321972337
1.4091098371746777
1.9229302331520173
2.115067132210299
1.8117361360065978
0.7857725220535684
0.9685766964565075
0.7120056535819459
0.9358292439786333
1.6842236070970735
1.5226864752720637
1.4923574937054374
1.026924379860771
2.255630239499191
1.108956909015494
1.5166229720576956
1.1054348933388118
0.6244797949350738
1.112821848468144
2.123672822615524
1.208510923353862
0.7870097680800362
2.1074649414661137
1.7491965626083823
1.4248204564075762
0.8919377269510087
1.0493311764683635
0.6697361041054986
0.31849650404341295
0.5941385053294435
1.6797667371812681
1.8107323872688619
1.4350246816639962
1.2832022282220217
1.3945366959796839
1.4142515601101888
0.20402966782074466
-0.48342770461401835
2.5364865089331112
2.402437980362091
1.1086892020038963
0.6578366131968295
1.984214797611067
0.6543003098430589
1.8567252765047737
1.747701454636394
1.285667541086447
1.4611279871439633
1.546076306167649
1.1505458491610694
1.280879622609595
1.170332906856242
1.9591182738778041
2.5017014005771294
1.12282302833873
1.557070138862702
0.6200296449621637
1.4623115454273516
1.3488763027516864
1.2578017706916587
1.2578017706916587
1.4499872917366106
1.561131732133139
1.4901027696305191
1.44008615388635
1.251435501843418
1.5050071051216842
1.1869147815013776
0.7321639814648472
1.2972938349679577
1.7181100841552663
1.4633257349876017
1.1963830944381355
1.442269241679798
1.1338112250560557
1.7049183776039967
1.9396428943038917
2.0902164654545614
1.5211442662680708
0.5943826669288307
0.5943826669288307
1.1275401286418945
1.734054396561656
0.7739761669645032
2.3284286235341716
0.43236194657984384
2.0902292601321086
2.0904377443140176
1.6247484722564882
1.6566826272183497
1.8090729240596548
1.478867575119634
1.1026411404181773
1.3051793026695149
1.1038795209062955
2.013123998597984
1.3361996459338776
1.3504039962159107
1.6480671806022373
1.9863493922919242
1.618148652323037
1.3993352294966408
1.5111138628803256
1.3065011112714435
1.5987547022441897
1.7242726535770545
1.8323185043151002
1.3604316767169125
1.422540754344495
1.2274917036890942
1.2514544162506744
0.9432003095858189
0.8749502442804976
1.5330379974521982
1.4956497370835609
1.5616802753818781
1.351710598430671
1.7027883666226935
0.6595348978741288
1.3822414168118997
1.4683357705094853
1.7710110761875797
0.844938024263583
1.5925166379304774
1.95808405521919
0.6568367939010448
1.3500297594715596
0.5926229098923192
0.5471991242181669
0.5065886531264278
1.3687176227786995
1.0871266529144712
1.8973561943772057
1.090915855058835
2.233446055552817
2.298728054154459
0.7827227853317865
0.6627532991875624
0.8095211495598879
1.2303225395707105
1.0433982364622942
1.6984426268317234
1.9760314728622301
1.681862584279543
1.4094048544518
1.0157295350620295
1.6449819511689712
1.026475079872365
1.548913463885261
1.041646290031324
1.3501677497624451
1.53403240526957
1.8825252001573332
2.2990085262388624
0.28738180140894665
1.4646870734207638
2.1301159369725413
1.6761582639940638
1.7718492953739653
1.0252120710022312
1.7278139991286736
1.6297273293542753
2.161818620510219
1.622404895640601
0.884798630897688
0.8349156760584333
1.061279450611567
1.3040117204844075
1.7542089498427882
1.596625273047987
1.4450932751563457
1.2979306811543485
0.9839424652166577
1.1714484160286773
1.2900297356167287
0.6619450265334392
1.591046605673815
1.6149121566602815
1.47924053631661
1.3095010117657018
1.566283431804047
1.733552364299009
1.8488144233452821
1.0697052104666152
2.3576068574280025
1.3332970615890438
1.4222265707591906
1.164331207965257
0.985913697462655
0.9902470692763278
1.8296947823631955
2.0096310363892296
2.3383690467942864
2.22713956321822
2.0934896371962233
1.0886190873077035
0.9534278266278847
1.8380648668008228
1.6222100572155078
0.6166278798941203
1.6394053407567013
1.2189381882870283
0.6661628726257945
1.3828016397395755
1.4391131359239493
1.575551588829791
0.7351294967330478
0.9778556707508761
1.9835284128296657
0.4700145770043184
2.400803685009761
1.4522110712294478
1.6484282978881122
1.1079281609321194
2.1782023875254266
0.672302470525805
0.9483654172875794
1.4899258354243345
1.648329849336928
1.3368117272828923
0.7608622085478095
1.8539077329074987
1.0746718927488064
1.4206144265688727
1.3182996473298645
1.4181756822158675
1.220420676753922
1.215360326698535
1.8079147028040594
0.8718043076382046
1.7501600886977096
1.2215550403820419
1.1002092479422938
1.5804667257148837
1.642672748882134
1.0224864898456607
2.2931043890207814
0.49415473400820686
0.7790749911967744
0.7667788003652464
0.5611846529105187
0.7947847562052228
2.542323095927456
0.49399837573486144
0.9314815211452303
0.9939857858322405
1.000327730543901
1.5702948301959607
0.6893902369880248
2.171617510557648
0.8391745704809356
1.1851559070243036
1.8405937082801647
0.7761536170199301
1.6861285160811632
1.5439809979793018
1.26982899034155
0.7948260065625123
0.6237556306835644
0.5615336953514533
