0
0.6441526662217943
0.5648341456670246
0.6521994741303165
0.6630090722782022
0.6190443469102697
0.6262609141406027
0.6283839009303988
0.6199980918086652
0.6648680454623657
0.6210246364547927
0.6216782747276571
0.6400457160108624
0.6482890241634183
0.6059820968826845
0.6039208306801779
0.6098347020783236
0.6175132564378746
0.6075681940898743
0.5704360956375907
0.7245685853559932
0.708914767980652
0.557995564205542
0.6479974062490532
0.6310417739892775
0.6855784390606477
0.5971300073200257
0.5418721181874337
0.6261745646671102
0.6456747643383054
0.6532944547637919
0.6332296610821458
0.6208167816186764
0.6168101975795622
0.7341732997959756
0.5706249724970733
0.6389548388456358
0.6619160354110908
0.7072113657360761
0.6591666369595884
0.6550177957011097
0.6696831963692309
0.5836668765901339
0.6766650228590729
0.606886831017487
0.5763729613635343
0.561175847336179
0.7215644494445892
0.6052326676179735
0.6165243416575636
0.6047094852971768
0.610384211705868
0.6180305618270227
0.7158134296918315
0.6456924632119131
0.6692351547536955
0.6117134884956364
0.6024473999109041
0.572747953768983
0.656486026554438
0.7029219087621164
0.5834740270613576
0.6578618769915602
0.6147634699273787
0.6130229613535094
0.6225509817298236
0.6557744901546976
0.6201862881305762
0.669424552030275
0.654296227093435
0.5960216312842421
0.5405793152454769
0.6343856146693551
0.5585401726412754
0.6677292011197593
0.6707010813922177
0.6162419606088995
0.6689911716032659
0.7148777221633411
0.7383099646880993
0.7399034646158559
0.5860241832099227
0.6035554681659168
0.6137043796350242
0.5934908710578684
0.606924950172079
0.6118016072640261
0.6856236037937863
0.5634001333001385
0.6558268877792371
0.6478173950208748
0.6458979333138918
0.6227073087088545
0.6379083196604344
0.6248997335087673
0.6278769221807838
0.6415665890758719
0.6450572109524463
0.5962285739656393
0.634408000581514
0.6157444130868391
0.6123707072255009
0.6215653040303712
0.6492926753430156
0.629805639615566
0.6258833413944237
0.6409779369031317
0.6676470871844561
0.6685153217849904
0.6688244904005956
0.6298374967896356
0.6597426926608146
0.6431560247174056
0.6668486943549109
0.681559182851118
0.6472792821717197
0.5846962349485971
0.6790735930237395
0.6521946498247231
0.64591359056201
0.6400875377710273
0.6247815836687405
0.6123712063250463
0.6186587100262451
0.620583998926919
0.6496896059906243
0.6527636275559721
0.6419030247816655
0.5801479345159856
0.5898393979487374
0.656517514579446
0.6193705630763321
0.622525952718977
0.6237918109504385
0.6488755529872897
0.6707625928857595
0.6001756622365785
0.6217570241000022
0.6326442254292801
0.6141543598298482
0.6430129842569446
0.6379955371204606
0.6742080775985718
0.6750922405248254
0.6477395190062751
0.6928895320216227
0.7087732409914124
0.6420902809164043
0.6727114771124318
0.676875071721424
0.6044304746538931
0.6249837989123268
0.6238944956284346
0.6762039102980054
0.5735132862773491
0.5855494145602953
0.5723222729533615
0.719396073196985
0.7151028819644161
0.6391934700834598
0.6382761074420576
0.6404839841589902
0.6243211235577024
0.6652118491268839
0.6857201758468864
0.659119509265435
0.6782987421609824
0.6846425934550919
0.6694837159532765
0.5659997957774118
0.5806361583785766
0.7264859695422958
0.6620431928113265
0.6522867458952949
0.6175432740925492
0.6087471050411315
0.6254923431056385
0.6271547678828275
0.6893203373235062
0.7013665021600765
0.7127721963942225
0.5721488005234232
0.5738070118033782
0.6021361162098542
0.5942956306447469
0.5882754367184446
0.6749528170217182
0.6194181885680244
0.6883718227085991
0.6193955220897578
0.6176843297365697
0.6168121951277251
0.6164058099404736
0.6263496298802366
0.6317675452238423
0.6584185295401093
0.6318626594752458
0.6447173616434348
0.6594928950401748
0.6462639963652884
0.658471897534596
0.6865353368165754
0.5985310642067219
0.6064182622217015
0.5968408737320692
0.6114800352099318
0.5973921056282208
0.6789200012368521
0.6300137001014707
0.6558696822365443
0.603904785378273
0.6124706222090738
0.6257997892605472
0.6379001717854793
0.6862270876637406
0.6423127793661152
0.6535567618972337
0.6871740494740168
0.7083722334080156
0.7144750634446039
0.7264294907823948
0.6462244325858476
0.6984409268412781
0.6005836243306469
0.7108345862279624
0.710211092780499
0.7399884470382725
0.6454384223637105
0.6534002838238535
0.6143592881107098
0.5741194532053702
0.6097535586496979
0.6068502304406783
0.655325050687442
0.6121031802389993
0.6240361338490372
0.6713027586471901
0.6738088078594249
0.6608420189639177
0.646779317511983
0.626411501989647
0.6473912376759744
0.6198747975781579
0.6544606468506728
0.6977446372063498
0.6335478825328891
0.6366690937015923
0.6362057921722055
0.6412336656728123
0.6342504071073083
0.6601308790731824
0.6522553919195518
0.6647297598399746
0.6025896280705552
0.624068925826235
0.5713272144965289
0.6133071082201902
0.714196709710505
0.6931710075843904
0.7262168613858883
0.612787594085562
0.6256836575955992
0.5752114557227592
0.5616162404936677
0.5622854485547665
0.5618289617475114
0.5370783287424067
0.5461074363561597
0.7107410815014222
0.7557147179702931
0.6927843937724756
0.7070916504641237
0.5755307342777995
0.5765672814058896
0.6002862591173005
0.6466130967541464
0.60769738357571
0.6103558730254438
0.611347182532195
0.6232991159453404
0.5504984494279619
0.575198392577812
0.6249418931893784
0.6870910306521741
0.6650516134531793
0.6416958876141509
0.6255987027849872
0.6498282512994193
0.5734140286964927
0.5954681540659996
0.62803181622786
0.5783622779403562
0.6674614536605213
0.6603596137282524
0.6512765894502702
0.6407065172824449
0.635226475175102
0.6583579866065611
0.6442220955799108
0.5980030981098028
0.6024099511834422
0.7166457601037584
0.583036195608337
0.6936382000378877
0.6329991676878017
0.6784492654601483
0.5999514707238578
0.6093256057604349
0.6602336454560053
0.6843577600720591
0.643401003818932
0.6589324718344435
0.64755046098145
0.6455524344349894
0.6490616805286881
0.6630989695066315
0.6317038686789295
0.716562657248555
0.5840977885591889
0.6483596237194593
0.6123222422942248
0.5744727059163598
0.5834753985698459
0.5749023989128995
0.6621548705860508
0.7063077995458107
0.6771093478654567
0.6416926137705045
0.6593444342878537
0.6590201330683578
0.6461485975347769
0.6292543407149311
0.6605984079469763
0.6211677998512124
0.5713548191175472
0.6925575196883995
0.6154250748215433
0.621189217846526
0.6915739380013934
0.6342748792846937
0.6927388481076523
0.7008921308000833
0.6879077840669077
0.6261144085825849
0.6152730383130345
0.6867351637302377
0.6868161305357515
0.6821109651581927
0.5899010824708103
0.689424088792203
0.6202498462030401
0.6958717733199631
0.5640461326211539
0.5814087787230702
0.5708395998658224
0.7215703542930041
0.5779823807948683
0.6637554535797167
0.6445520997297749
0.6478452274800705
0.6477616936246839
0.6176577271303337
0.6214259860028745
0.6216643474254872
0.6356363977342513
0.6157230146039218
0.6301986918362242
0.6404197698583178
0.6432644040326431
0.6264538358851736
0.6338931507457273
0.6437373810591558
0.6733544668120381
0.6197772065061192
0.627178812483432
0.6650994688583884
0.6563995002594325
0.6637807108469879
0.6134973606525275
0.6396313891089805
0.6810090182647732
0.6464470409417988
0.6483044558999852
0.6167492381367639
0.6106341666691026
0.5463139796546208
0.6247757252603012
0.6469548273537606
0.6818901928023384
0.6736446244182684
0.6872614365838877
0.620694023877569
0.5684944119539366
0.5922891542833938
0.5873451026231427
0.7263960375216255
0.7155738907827662
0.6425107516075893
0.6159276756952833
0.7307849061397507
0.6459713060376036
0.6957836518073421
0.6190581454422651
0.616361784816456
0.6395730328575078
0.6196999043535062
0.6313317616989591
0.619278331875609
0.6044016384468365
0.5424846138166246
0.5761844684160575
0.5590912674509639
0.6840244090045369
0.6830137335169326
0.6818094420108696
0.6913566786472934
0.5854268301791061
0.6945475836247323
0.6723992708822473
0.5850585469194954
0.5756697446194502
0.5698786054895967
0.5712354623230509
0.6573210795152402
0.5981613334441356
0.6015897808064502
0.6167921270979184
0.5578678504657573
0.7002863874754834
0.6469329515911353
0.6185641639586961
0.656636665966833
0.6788883476964938
0.6110674875209084
0.6618967693543438
0.6641522031448616
0.6573180585336724
0.6493903524223391
0.6247511574824649
0.5960279851239729
0.6135467474016104
0.6710247986949429
0.6540563840514005
0.6840736893996272
0.7006819326187664
0.6136253268583889
0.6210013422964619
0.6798221932985455
0.5926787383246613
0.6011117331524176
0.561239341578595
0.5670138942944565
0.5713995390171582
0.6386717701989427
0.6427907914584347
0.6438816075954207
0.6027551829947367
0.6158314690890901
0.5894447994140729
0.6138771045474836
0.7017950571606542
0.5795261987072625
0.5905605806850408
0.6054160609892768
0.6218527093242011
0.6091871334084378
0.610988494797553
0.6148876400339099
0.6567594297296518
0.6502690824382721
0.6578060511055961
0.6576561370979135
0.7434500222782463
0.6601978415315101
0.6386535550310675
0.6311322133156231
0.6280109006939891
0.724333305997034
0.6941164562066223
0.6894752844910592
0.6991591674482088
0.6977093107473317
0.6300211395875474
0.5808289688076296
0.6505231294278649
0.5991711009655215
0.6448923735561706
0.5775897764029635
0.568983624754145
0.5931320428222875
0.6086712733131886
0.7181501568045431
0.5783104276560075
0.587396884080904
0.624854687365852
0.6391059435807979
0.6401764355591504
0.6409954425113964
0.6412259254444036
0.6236001544002935
0.6246877625805182
0.6613313270563177
0.6772591195064928
0.6649693851990465
0.5616764541651964
0.5516628663184945
0.6176946570205665
0.6310414397056815
0.6428317961422839
0.6592503321494729
0.6924366081554458
0.6876195813304637
0.6408142979273712
0.603775755642332
0.662871124373351
0.5925805338769701
0.5830606180333522
0.6749155514062374
0.6709648840445332
0.6833078547287889
0.6748029580629022
0.6790376690156247
0.665996204244848
0.6675988318988966
0.6048187912227134
0.6412249899549498
0.5496937330480202
0.5985588130790068
0.6632818646837222
0.7436046012025831
0.7035192031243582
0.6097522435063781
0.6624547286586908
0.660054539840329
0.6091080726573835
0.6134424521477991
0.6230889816340782
0.6277226859887103
0.621663938578244
0.6224501677028544
0.5966178201433727
0.5888196244872762
0.5808798379293975
0.6922629600915986
0.6210600349792541
0.6418219607967889
0.6303857063943575
0.655530779926327
0.6353569346709241
0.5765037735794463
0.6921883883741263
0.6423328351730744
0.6007150653538784
0.5960662780455149
0.6807672971500786
0.6248203914129027
0.6426956450222417
0.6305095724650128
0.6309747706648254
0.6085690842464699
0.7015196631011955
0.6195620274946304
0.648415190806564
0.6046983529169048
0.5894482858838049
0.5822930709923576
0.5831460605289065
0.617948596874233
0.6491595081486318
0.6405115898506013
0.6510627920165202
0.6818560489471257
0.6881109177040091
0.730978193356165
0.686885637700016
0.6471793254262352
0.6265335806008875
0.6514191215613684
0.6923931029360633
0.5688224102927057
0.5774425856199156
0.7221651076197243
0.7564772893858966
0.654946497685653
0.6382749617513549
0.6082881069998162
0.6321159881777075
0.6429160278414146
0.6443305437500253
0.6236830487633938
0.6845656437825063
0.6412897906804224
0.6840826414831628
0.621548661442984
0.617359197638919
0.6323180292536495
0.593617490567178
0.6337519004114988
0.6611679720346767
0.6824692054720023
0.6895187843997176
0.5943656833047243
0.6672126196052157
0.6230101516877793
0.6245535951394433
0.6474529303395234
0.6511302007206818
0.6023518336226005
0.6287688641265022
0.6257615059351898
0.6446116616272867
0.5947252123009201
0.6462720859833873
0.6246980728044139
0.6441307347180194
0.6310344874552302
0.6256255442658392
0.6481612022299625
0.6176788076847253
0.6189626495530741
0.6300155827818216
0.6608593481237237
0.5844400518387713
0.5964718939537085
0.6250630305054052
0.6631456899329302
0.669148086245413
0.669454984168707
0.64533703105023
0.6011049339961234
0.6442966915547671
0.613795851649799
0.7121743613886128
0.5574008638315772
0.6153270762873277
0.6651479813713972
0.6598806198836928
0.694489749141508
0.5782873030857051
0.5867346462613013
0.58444189646572
0.6820142768710288
0.5979322614396049
0.6280884339364371
0.6406627024006208
0.6355214694016212
0.671275017953253
0.6967515261711784
0.612992966591198
0.6495724773282269
0.5913039496833535
0.6087849819904316
0.6623723015416983
0.6699517440118232
0.6985298430818321
0.6181871403319492
0.6416653673577417
0.6426066511290762
0.6495674020649214
0.6465400149342876
0.6533952725713015
0.5922452318732203
0.6689023162125144
0.6481853498987546
0.6680308337554038
0.7015614140816091
0.6343058314396567
0.7323820337610193
0.6992790261900228
0.6861791816792785
0.6704162598779664
0.6723845629529314
0.6710704558973318
0.6506408938968717
0.6081536249995615
0.6505292757974657
0.6394416052661902
0.6060079230476988
0.6494716983086168
0.676108186954413
0.6134935755958784
0.662520068779737
0.6044148942617092
0.7100591845751868
0.7107193538047575
0.7500740867752312
0.6793611901819732
0.6882096251649056
0.5794220981048019
0.6483114046769358
0.6065986699759521
0.6665189138582861
0.5940186975648101
0.6793679937577358
0.6502704536831186
0.5970548951377675
0.6565401614622824
0.6846427044829183
0.5593461790581176
0.6744669780216401
0.6391924376373723
0.6378750918493507
0.6671451958411188
0.6317181722544655
0.6328664787069965
0.6769032409174404
0.6296797044757564
0.6306298422686533
0.664314039959489
0.7375504034334605
0.5938328422879142
0.6565486300918218
0.6311707339203765
0.6263862401927622
0.6958229988392599
0.6174868365474425
0.5992327533914215
0.6719565330033392
0.6312187784250575
0.6079353308682812
0.6341689551281151
0.659764740290525
0.6662374452556896
0.7443561393587782
0.7133123459147579
0.5876452504080043
0.5898346805666405
0.5741679237538246
0.6165543712107816
0.6779700171624401
0.6568329150416844
0.6407863687840966
0.6504854964993384
0.6321023862116957
0.6277242102558938
0.6752991035260811
0.6223521110252191
0.6419644772656441
0.6257114470348014
0.6296092824939129
0.57183347245008
0.6816078670190038
0.6259717135183204
0.6494016036346272
0.6337028200424643
0.707260825661129
0.6242954429802945
0.5668261312166659
0.566502794217385
0.706685418570225
0.6229909893603017
0.6024254802854643
0.627864255442254
0.6438973417693434
0.6563830657391344
0.6547248225462071
0.6249577980037333
0.5993686374426528
0.6240802019178479
0.6567256801273758
0.6148742555469733
0.6202372200811446
0.6806817870173424
0.6531910780275013
0.6725150441938936
0.6094851512923888
0.5806565367031895
0.6596493386110313
0.6507346864073241
0.6229852748670348
0.6417351742150387
0.6697036203833424
0.6332119433564533
0.6100736156180507
0.6154942278748006
0.6324298909255709
0.6200800328143444
0.5727931387208507
0.5910788631713069
0.586249011575394
0.6104856776313154
0.5903830188662458
0.7115683502141683
0.6763081477835364
0.6401740941485775
0.5921379916409841
0.6128247693891062
0.5542321451838623
0.5713671121933108
0.6709171193146878
0.6519321232886403
0.6965334044583538
0.7327067810832248
0.6610589666189375
0.693044325176186
0.6803852433096745
0.6382928278885912
0.6449887611865297
0.6778143530184767
0.6123409415957425
0.6447362630680977
0.635802370633823
0.6777847472483368
0.6441411936914424
0.6491216810393695
0.6407285126940783
0.6766357750363461
0.5818294566166045
0.643445324883563
0.6735608286928886
0.6195461123496384
0.6477120960876078
0.5538999280711691
0.5398426239287003
0.7119454392490882
0.652282826063082
0.6617403072255015
0.5990420612657837
0.6346923784469986
0.6445029692422539
0.6477404334757698
0.7578971435975108
0.548322279151317
0.6095003707215795
0.6653814684184935
0.6372313592041419
0.593384860789839
0.6963132422971914
0.6622394060865351
0.6673817670979267
0.5446691178760651
0.7319140300184628
0.7101645620844307
0.7062936877926466
0.6251267242183722
0.6975834909146019
0.6294042121490864
0.6378790939566552
0.6168252581123983
0.6003730304260049
0.5993160428744849
0.6696191902783097
0.6215766880108397
0.5705871207132844
0.6365632510764754
0.6381214661172441
0.5809145733626202
0.6753808691414701
0.6412914927048247
0.6427460328089792
0.612583769298439
0.6962717954463246
0.6438700621979985
0.6063148716214518
0.6063148716214518
0.6683960104794565
0.7132432973880503
0.6674994097575522
0.6336091905129955
0.5897752354460746
0.6844809187894774
0.5628686697738857
0.5444504536751233
0.6588923966504414
0.686259157648942
0.6470266115207824
0.6512548441025772
0.6225133539761789
0.6141103121622465
0.6601070196614257
0.6777966446782361
0.6332730633575452
0.6328835782838307
0.6089060938033266
0.7077140292197764
0.5718947706097877
0.6553377282845534
0.6370961141860639
0.6278441697618421
0.6730929247032442
0.6281519486638173
0.6724428622303771
0.6221332244629861
0.6128069338331527
0.6053123708607485
0.6573817315163002
0.6486893189419346
0.6464276603507533
0.6104252299042139
0.5990011144744051
0.6175124818527604
0.7028600763600243
0.6749574056664642
0.6230363752549459
0.6546792051538235
0.6321556591332799
0.6528650955439385
0.6038120173806584
0.6135907838731275
0.6588298465151312
0.62362420258624
0.6602489579143588
0.6625723011760553
0.7105091285737176
0.6765145263482385
0.6789452080326503
0.6645599131094779
0.6096288933222551
0.6513065029178828
0.6290344377390308
0.6240892162588456
0.6804372063935586
0.6526077933662725
0.7155886188164259
0.7157407042440822
0.6805761351169103
0.6769259333218751
0.7140567406073237
0.6011354420591886
0.5998155047069841
0.6585563657376865
0.6091433353001787
0.6161910046957638
0.5760726542658828
0.7146655292418178
0.5918490461328799
0.6856138493887841
0.6474435347670368
0.6358462505582326
0.6718212600462937
0.6577104848535065
0.6725779475461684
0.5891533700858026
0.6724260117204428
0.6326460629140915
0.6440560371637687
0.6294271670709136
0.562512336402203
0.7239878128379795
0.6290517029255406
0.5966225924056437
0.6389601685944788
0.6342222401729942
0.6665277499778474
0.6667174503708877
0.6983677459685453
0.6746601500506413
0.6326502434021479
0.6701568410951028
0.7034273992630405
0.685399464057007
0.6849717509178835
0.5781642954114707
0.5817782442452913
0.6091668353735675
0.6609532519571224
0.6142833768251162
0.6312057420308804
0.5904591918370379
0.6556938757435644
0.5978101599624445
0.6946584325907417
0.5929343008452246
0.5997075025613037
0.6142931856180065
0.5977993659241161
0.5971692475333469
0.660183002265223
0.6565583145165187
0.6526631396791819
0.6530438336376165
0.6117834564139248
0.60424247692953
0.6142461793245186
0.6134903288764766
0.6019796512596167
0.6837895649643502
0.675625249398053
0.6443692983332645
0.6506090061753426
0.6151106509888546
0.6306122241045024
0.6700226915804184
0.6449708727456518
0.6245512003339896
0.5334280860161918
0.693277568870343
0.6217123625185984
0.5784207481548419
0.6764192557031176
0.6407905821072335
0.6870741624847614
0.6351617463720812
0.7036129865787996
0.6900460160988638
0.686686672111677
0.6522361390898835
0.649371580020683
0.6504966303999974
0.6416687372521473
0.6621560946854382
0.6971800359688493
0.6635401711038779
0.6813274873790738
0.6958059969785971
0.6336359444155458
0.5987067982032452
0.5905041107530553
0.6464409360631794
0.6515108985567147
0.638569351532185
0.6439943436385737
0.6443659078026092
0.5883764487292377
0.7014955128072905
0.6883698309892152
0.6631733490509076
0.6145017484439185
0.6241707462894015
0.6135968135122291
0.6820940755490417
0.7064555491462431
0.6690414324129832
0.6339419073004582
0.6243321636285211
0.6260551953807438
0.638230813516466
0.6635970196863283
0.7049227812758768
0.5890843528961447
0.7618158181046946
0.6408060277408819
0.6148792996224395
0.6381682039506832
0.6592188768074375
0.6288071019695404
0.5849895381640553
0.6893213747364962
0.6651551049671105
0.6200855214678052
0.6087358505202013
0.6042020542943053
0.7085797871271092
0.668022922155209
0.681146659664024
0.6059248997913851
0.7024484509501785
0.6204019792284389
0.6386059749045411
0.6809903821912509
0.5474061457073639
0.7034646904408397
0.6155722363244436
0.659464469224838
0.6391041999385861
0.643921425270059
0.6307887537639004
0.5992221390365694
0.6485291729784801
0.619436506288861
0.6292446834243254
0.5949589452701616
0.6026413145635737
0.6116638130051719
0.6031272716425691
0.6565166347615351
0.6299194955303326
0.6160713739842159
0.5951746572249723
0.7271276328236046
0.5777736613897809
0.6877775861357277
0.6821295570914273
0.6246348873483665
0.6502713589741915
0.6947461004804858
0.586145600971052
0.713513904519988
0.6992291025040378
0.7006356247197223
0.6217346074012818
0.6570896826190183
0.653882901069741
0.5989567212594673
0.6082983867061198
0.7217227985558031
0.6028132581600709
0.6931346344006318
0.652273786173919
0.5386440634332541
0.5340262672056275
0.6496646728653084
0.6896625911026314
0.6259949636696964
0.637603744413693
0.637603744413693
0.6364069647641335
0.628429802889132
0.6059748565944701
0.6740365094760911
0.5871725324812133
0.6143646008798078
0.6423251535579931
0.6692521880017596
0.7532970041541224
0.7026635398569167
0.5903520233881019
0.7001002932084277
0.7539671480617133
0.6509192687175466
0.6354898386935166
0.6649599405929824
0.6501956138350233
0.6234219603107097
0.6459063894255386
0.6014678908943729
0.5881109706711096
0.7061036556791318
0.5897431388416899
0.607175031187214
0.6608579431493046
0.6371867735353796
0.6896414107268543
0.5908433648189162
0.5940410893917103
0.600917310414035
0.6584514613791106
0.6856031601501583
0.6919458575771154
0.6581370785169244
0.6740008367656593
0.7211177565076887
0.6398576354602507
0.671546407173993
0.6525838118312531
0.6872301663255479
0.6373841829604834
0.6245225887482291
0.6909131138645311
0.669739299445004
0.6140201716360105
0.6819424031238225
0.6395627589745709
0.6251297826311583
0.6930038464371557
0.6941223919436629
0.6745694687361766
0.603558101492316
0.7284437586723157
0.7395605809451602
0.7297500069116438
0.5958893480394584
0.5821712003669401
0.6900092584429223
0.6320883461556801
0.6169753575480337
0.5992774385339497
0.6164964250751723
0.6744914575206532
0.6402419391483233
0.6088582908753669
0.5799387982405289
0.5733601771304905
0.6341196481602459
0.6131690612441673
0.6672708619026364
0.6755571017575046
0.6866912847766917
0.7004910458507771
0.6986558587597445
0.5607531296937456
0.6805444911318064
0.6505803992129359
0.6138810199501987
0.6454275854824051
0.6314432702401083
0.6137635584057717
0.592668573452495
0.6429876455014095
0.6726644614226687
0.6251473811403842
0.5967878987321239
0.6413116979790189
0.6341433615826206
0.6473454627205966
0.6447348719575663
0.6431631836548825
0.6762369309473374
0.6099078390385266
0.6007003269234438
0.6849306178424217
0.6600868066075011
0.6214661157588984
0.7140036578044328
0.7238462708681438
0.6918560954420752
0.6645813139809417
0.6641174772879359
0.6170100035141723
0.6553660556796758
0.6762877749682903
0.6691857221608349
0.6729483091916477
0.6267177214965188
0.6577730620695371
0.6130882737754008
0.5700987281535203
0.6144580573067143
0.6562182688181714
0.6418552150686583
0.6337512281084328
0.6289347322887171
0.5981586574517487
0.6915604940673554
0.7192782027104636
0.7139998881853805
0.5896143826206012
0.7358220398318726
0.7026736892725718
0.7150381464518824
0.569459386429366
0.7124811832795589
0.6693009482471661
0.5968616183185723
0.7432717044057969
0.7093059981185772
0.708788140209939
0.5556979848566191
0.5688709810622959
0.7419922553388241
0.5820849459944325
0.590239825432798
0.6803274902963797
0.694691926003523
0.5944021380352522
0.6105734534575372
0.6796631140310947
0.6850424709615247
0.6324520687701279
0.6486136610126368
0.6481306155464006
0.6450893775500619
0.6257693796279039
0.6252587953610955
0.6485976725847978
0.6451835098538933
0.6624158194878751
0.6138365973659351
0.6488846107745481
0.6744444391902581
0.7186118271547244
0.7364857754458182
0.5356787790614713
0.7669572588743402
0.5684908957985685
0.6615479080125398
0.6440829143866627
0.6586192546108844
0.6589914146238227
0.6863211649441114
0.6215487709896662
0.6870406701373755
0.5956197522607093
0.6741987898043867
0.638998620361996
0.6604769734773172
0.5826876819252365
0.6691754809806664
0.7550903596031612
0.6920290770683585
0.6967960705829739
0.6870784358828728
0.6827158950706483
0.602262401343247
0.6125515452626141
0.7034479459774211
0.6856338408393543
0.6137584150619669
0.6194051039032274
0.6577974834386
0.6034627927801529
0.6149717885376363
0.6209681625842532
0.649727500686406
0.6540187115706599
0.6705920855166174
0.6422340592358704
0.6899188895715553
0.6034956690581808
0.6489137087764979
0.6763610366035072
0.6616109031600832
0.658075734487235
0.6821285842489436
0.6434521183069172
0.6896295806591627
0.7011813765678024
0.6632109182522807
0.6097929247037
0.6712741850171031
0.6123857910965069
0.6241204702280585
0.6621280183784592
0.6045344322691178
0.6824094458584478
0.7153356651018826
0.6696015803832661
0.6080353469773175
0.665621205037576
0.6998093153282693
0.6931102675222948
0.6186770689666876
0.6306846851634251
0.6501370394662505
0.6190079350417301
0.6204806633608414
0.6804218607785864
0.6606688489215635
0.628340911279301
0.6360662697726179
0.6270455792630706
0.6116526091709157
0.6288339016216932
0.6295023018287843
0.6317401760340546
0.643981023971099
0.6182024621748858
0.6761355688322281
0.5943975067118517
0.6691060069095591
0.5878671137577126
0.5671213314966412
0.6581774284145564
0.6650993759142586
0.6280425409395282
0.6487020131210565
0.6908028526837457
0.7208644815782996
0.6542267551492627
0.6825779616145097
0.5880349791745937
0.6956706845401984
0.7208656135303234
0.6225551413726723
0.6456855597191976
0.6589780415011962
0.6425782992981766
0.6579394107482189
0.6578724451741734
0.6153589541587239
0.6447696095166596
0.6777665667032906
0.6511840409798398
0.5901958643248011
0.6246295171872152
0.6373827126792686
0.6203993032131604
0.7553049283931053
0.708462498681214
0.6422297949268629
0.6831300240779348
0.6497443454505105
0.6195396544582195
0.6545654247186877
0.6699959024337975
0.6081282928760209
0.6266333340383874
0.655442221877135
0.6369967386877587
0.609324815094681
0.6081704960493507
0.702867209511236
0.6918302047188303
0.6773291690535005
0.7110421125383124
0.5940904300131409
0.6268206928114853
0.6355675203257536
0.605038700634678
0.6365258904006724
0.6376797988144496
0.5846149956510736
0.6085284124371069
0.6276004674640655
0.7002774702820517
0.69748182501219
0.6660153476612316
0.69151648651429
0.6686430214249611
0.6224272595319627
0.6782660807154942
0.6429579864482283
0.6116086887597284
0.639967976359366
0.5964353856679874
0.6199091387202725
0.6270338829862546
0.6828511252058025
0.6468190260322434
0.6373027983470588
0.6458514377632232
0.6690901821229774
0.6697834929844315
0.6345095515633031
0.6405340738286929
0.6495953149263092
0.6334339639142422
0.5702462281101219
0.7128005559946519
0.6930572375164511
0.7241270781171971
0.6148146038019036
0.7185519733989757
0.7247717492770516
0.7167948331774157
0.6869454881616468
0.6376443501801041
0.6991645686041768
0.663919577391236
0.5763613804537941
0.6053472488726045
0.6929594807834861
0.68991662364492
0.6554210800014526
0.6142754946618408
0.7062599666397432
0.5982248413054962
0.683711003948874
0.6788678917828409
0.6173847472705938
0.6719113052679327
0.6874737983046839
0.6963922072515878
0.663291409952172
0.6675405247003359
0.7152014160838194
0.5785884048072052
0.5861231416579844
0.691038372151636
0.6373685407977167
0.7004624192022022
0.6052900270645145
0.6555647829555219
0.6264174335197401
0.5484336413148808
0.6969362477579809
0.5706008418207696
0.5547696839145512
0.7185611748692794
0.5538137356131339
0.7257564095061271
0.7176615622172826
0.661167226515438
0.6233271791623369
0.6663965249859651
0.6374312294328248
0.67178689034727
0.638598860394205
0.6091761863312343
0.6588583954871351
0.6027992249198201
0.6528686341053255
0.6110563327464782
0.6162364892897767
0.5989092313178377
0.6959796773258364
0.7347816082333802
0.6442534288598811
0.7188606057231217
0.7023117633609711
0.7234469464538025
0.739439836416355
0.7309186114487669
0.5788730824761892
0.6908917617317069
0.6529246170856366
0.6689103661041383
0.633494013840375
0.629959660678004
0.6370549629127742
0.63520937490193
0.6816706637679745
0.6399715416738616
0.6479687114061123
0.6505926694560417
0.6558946693791543
0.6267094121368777
0.5627006616336316
0.5571141927345162
0.6346012414919346
0.5621671705131469
0.6918813317557693
0.5836453971799673
0.5838613421078473
0.5748536083770666
0.6977271562833952
0.6467949389205582
0.6642383902906929
0.6687354737048773
0.6804209842061644
0.639607882834149
1.3718132428522898
1.3677272229538695
1.3345437743402202
1.4073069517294523
1.4409328562216306
1.3064354124652722
1.409277616028632
1.5252094075870317
1.2544019473840948
1.5091546544866834
1.3359264302418432
1.4855501444057093
1.4177105629046636
1.4318273049790944
1.3712042358691652
1.351940591184563
1.5387384034557607
1.439889870579786
1.4051970846566648
1.3623182146133825
1.291728102777261
1.3256683900519295
1.2635172664332508
1.3977617959822815
1.2679638932737858
1.3465084478083857
1.4254671046723848
1.354849119110808
1.230368779062004
1.3077542816025618
1.4044412650364049
1.330195372026409
1.4038824703310666
1.3673941408934316
1.3690912349390043
1.4013298657849103
1.472117768512577
1.4601529717004131
1.2900832159138036
1.3574577454398862
1.2799023065058686
1.2918507988152712
1.5109061314697942
1.3823546921156482
1.342169831912603
1.5451622910235845
1.4475654099496365
1.3557892320433802
1.4848956042996786
1.3415723315475674
1.45918235057862
1.3436369796331546
1.3400391850057969
1.1954494620147802
1.3584261131082014
1.319091585129777
1.3362540918998376
1.48269520693921
1.501369707653414
1.3440172222403108
1.4052602085523123
1.2996924719311196
1.360184680472547
1.30419851393338
1.3617617861120004
1.364129717890469
1.4334954014442012
1.3597229528840622
1.3484984455173583
1.3835250914908095
1.385344027853804
1.4325079628824877
1.2632928575824107
1.2559843689609576
1.432296432602014
1.4015423790829409
1.3098484134594344
1.4351990917575386
1.3829073354053594
1.3935148138175086
1.330710133156769
1.4400694021630853
1.2039227044971765
1.5346450488845118
1.217795406134983
1.4646366137998668
1.419570176032875
1.3276547822062021
1.4299438696393656
1.4125618343459418
1.3115855305953552
1.426916233523683
1.4471708130342926
1.3536624256020606
1.4557975076648761
1.3709744520668585
1.353945611103984
1.3511247401308877
1.4011749217513707
1.4153612655455061
1.427236361152902
1.3443739381496052
1.3133899301923992
1.4396904065165912
1.3858030567670152
1.4476634119663374
1.4662742936598623
1.4047560389212963
1.385616807332422
1.3788566296168794
1.4799985305940095
1.3531377124664603
1.438190406990104
1.4451926452530277
1.3184141403470075
1.32923755062359
1.3694813699573574
1.4826516292969318
1.2781929041657034
1.3610190340520727
1.388761115084913
1.3649689819451116
1.3922935274438517
1.2147998961354554
1.5975594138018785
1.6087674536995369
1.299507289260363
1.46257476350257
1.3247786937411279
1.3974277934793986
1.49714167524424
1.3368565948076494
1.3523929193343904
1.2931877683692312
1.5150953535283838
1.3050694001707224
1.5033693786915376
1.3045060103077508
1.2734852922408018
1.2494390176418486
1.29044357980929
1.3495596278106863
1.4588738678759483
1.2577001915450392
1.3221931534656783
1.4167263134864785
1.3816416543772239
1.2493304659430997
1.455162177138792
1.4079437073070646
1.2778641368673949
1.4284281926726607
1.393508609711871
1.373221800266212
1.4539113160471626
1.4271182291490705
1.303856017249817
1.4188058090839852
1.3432059042145215
1.403089471449892
1.406952837162421
1.3781473248255736
1.3239168821015466
1.5074979784149474
1.3302265221148863
1.4305469320717317
1.4480015977385328
1.4976912800742999
1.3736487434895328
1.4398808084619834
1.2332665403079326
1.312185620726467
1.3780429527117426
1.3127405025708443
1.3451135911427903
1.3362378670321415
1.4866277217839574
1.2740129314159385
1.4485407158551957
1.337209174506601
1.3537312661188825
1.3370408086041785
1.3743538268295867
1.3206346759397185
1.4386282849840883
1.2299746271479535
1.4433858856446942
1.277234969312243
1.4244663807662716
1.4270088124760854
1.4199270263392811
1.3303731530758949
1.4444227178821707
1.367706496867947
1.3754920769165728
1.416403965397392
1.4153221152980806
1.377659159459351
1.4869892856969573
1.4485652516478116
1.3305166902287258
1.3246105693508252
1.3044678373594916
1.4953642032623478
1.30455790008873
1.2875756119558222
1.4662469725210683
1.5478475286051807
1.513342913566749
1.255395445971959
1.543017346585191
1.3751612270110056
1.4026127680782114
1.2432337846823363
1.5107321586310565
1.2528877057627295
1.3846172585279357
1.275967474579891
1.2706902281012946
1.4009382714138083
1.418174604144893
1.279228027514632
1.4308136851360969
1.3267835724100563
1.3225625267297565
1.4821573699749278
1.3583088578510591
1.3978809987086884
1.282612619007187
1.3198939159484584
1.4544666736405512
1.467348334636323
1.4125408133576591
1.4688474528988957
1.3055781312900172
1.3320543859452818
1.327904180405563
1.3694800964970368
1.4244660756515803
1.4290127382745774
1.4046756704861427
1.3554230291260483
1.327241877904809
1.3818528072422658
1.4661857294149148
1.3235108569223901
1.2441352972257262
1.3818470716578304
1.4141800872758383
1.3033423879143817
1.3097962858013947
1.2765737038920135
1.3956382942388965
1.3427826373573253
1.3189164935720168
1.428959643823945
1.4010274744423528
1.32179067337473
1.3922197663147982
1.3304316062730603
1.4155073906509648
1.3314541020489337
1.475655852727552
1.4213299923697233
1.3323717039193324
1.3602535438669934
1.4044934971656633
1.3303926937685482
1.3228407995084366
1.3117134829322015
1.4107299074542938
1.3758471046327456
1.346539062461935
1.3581416233717138
1.3672723505614102
1.3864708413969775
1.40173440015572
1.407222738656191
1.4021192072693984
1.4113585166233582
1.399007008786742
1.4133534139652069
1.391379603602009
1.432411928669575
1.3610956212467575
1.1534408957995683
1.5212100259251136
1.332688554780345
1.3279743702419964
1.2536389224787867
1.2514374960855572
1.4453667641607646
1.3340534185894268
1.2953820081206069
1.427543984591924
1.44896478229999
1.2960248388662174
1.4098305108518832
1.3709382593069899
1.3644628992971735
1.3644628992971735
1.4291847449710442
1.411674880796854
1.4328008902929885
1.354913531481295
1.5218758046720902
1.5648024875068827
1.3469710005152224
1.2965932621497023
1.3337196671537381
1.3279688318325227
1.3024952510154426
1.3697359998520453
1.33338543786655
1.3970278900356963
1.3550401896171205
1.3676705528805313
1.4349420129404555
1.428487379813043
1.3995201684591596
1.3995201684591596
1.4048378733183078
1.424432440707025
1.4051469571902073
1.3891902740779345
1.4168486799072726
1.3684882229241442
1.446259802108261
1.425526938030152
1.3375434319116875
1.4121053618583597
1.297013105253732
1.4298217609042558
1.3336637922714691
1.3215386029128768
1.4353099028783136
1.284963363993487
1.2960535429944606
1.4311805454925044
1.3696549490796082
1.3686743887577764
1.4583610981591055
1.290499589529409
1.407625980832812
1.4070134483771723
1.3813607036807984
1.4260631368086158
1.3074182792522255
1.381760367377641
1.3701868528369228
1.4550478615939555
1.5250290409613265
1.4709691568006922
1.3057040716099746
1.398784710345182
1.4324560788296503
1.3989560407954174
1.3522423455620551
1.4164247134319499
1.2190236177470082
1.41471879081574
1.385670237432923
1.3597111662213033
1.456690448361961
1.4845581229147065
1.3027389384028778
1.4486483759188116
1.3466918686707208
1.399207497443668
1.411650569010609
1.3694284853024166
1.3632011332171607
1.4655243923795258
1.2564920558905384
1.2830999999747805
1.2283702431032426
1.4607410489960462
1.3840534140259204
1.47082631947831
1.3247708292490563
1.302739028631457
1.3629151041986514
1.346437687966411
1.3012352507205893
1.3603558447079702
1.4636902272143308
1.3514589885658594
1.41261050823828
1.32827801689527
1.4422366299434777
1.220118459515078
1.4417412246483436
1.298887403989338
1.2570403672725554
1.308153381385807
1.4582862908771996
1.4473904410328167
1.2816854229095358
1.4374456824299007
1.3005065009341044
1.3402071861815537
1.3130295681729773
1.4001672891943442
1.3415356815187904
1.4336557689866178
1.3978102629981377
1.3962680937191885
1.2875807700100705
1.224637259795898
1.337831958787712
1.3229626345344339
1.2208195665729338
1.380903423013154
1.3918221708352383
1.3384387132819873
1.309834301642852
1.4419100021988673
1.3816917332816765
1.364696285874804
1.2956295597153418
1.3193540013672478
1.3840239056687331
1.3681827644750089
1.3300737726925889
1.3749235643390842
1.5615078643905795
1.243778157985942
1.313647223003903
1.3016826304750866
1.3042039367734302
1.3541962526997458
1.3342419522503066
1.4126351063349896
1.3737772806186683
1.4011924528941315
1.4039168899388186
1.3694546218538466
1.432959924148173
1.2433634601112238
1.1802362374883992
1.3543353431829317
1.2831711702651996
1.463386747476966
1.449529137136085
1.4529504905171737
1.2265108912138663
1.3595932410528135
1.2927080442358088
1.3738135473626933
1.3790679341631684
1.3152336000982405
1.3650427368842832
1.3857160094274732
1.4117310021749792
1.3606676664422166
1.3582776502364577
1.2773132543047858
1.4843451484817065
1.3821440114695611
1.3895155432331654
1.456407788022978
1.3180495656445597
1.4459389235716618
1.4120008399514217
1.3861439467277308
1.3833655435541123
1.371525395872574
1.3552698838573694
1.3762276768930006
1.3504837722521175
1.336885930076136
1.4088179101465363
1.3986979880559112
1.3650258298186408
1.2624883436203496
1.43250793667032
1.2736237701545965
1.432074759409004
1.3203872428590038
1.3351847272457988
1.325919284791827
1.2874188477188957
1.4733656932897972
1.2432214360511367
1.236506759353105
1.3854143670875398
1.2875010410587968
1.457952660283718
1.3647461278278046
1.3781836269096395
1.4216093623132573
1.4269565731867837
1.367651768521678
1.336104800038771
1.4102375404563665
1.2566948691961843
1.398074685324698
1.3846232242627872
1.4122069904491714
1.3445059752903135
