0
-2.811770551559663
-2.206763981994982
-2.1517233019455184
-1.6001583103451176
-2.387928256396463
-2.459300216865844
-2.2552784447495617
-1.3274538271986955
-2.9209234897024747
0.12859829662583355
-0.451361466247609
-1.0996474370689684
-0.8226620815027845
-1.5660258559272706
-1.590962793385225
-1.792044437107173
-1.5350658305993092
-1.4547021318968973
-1.6997296420675523
-1.42780424868924
-1.3493921052541538
-3.0122677337711776
-2.1039111893009075
-2.69805232426024
-1.4147553066152192
-1.6888060597732013
-2.5055505892198084
-0.8380284226246042
-0.8712061895785238
-1.857467232805477
-1.447408081926428
-0.09428239000905736
-1.9497800179820035
-2.7561577779704667
-2.224525839224637
-1.9755471982136994
-2.426773978857125
-2.1895479773960522
-2.10421872241909
-1.5966036221580169
-2.3547304589211024
-2.6981209347685247
-1.7169615449226812
-1.9797895668388674
-0.8030913042626144
-1.4969115336947638
-1.0248366431856022
-1.559314039985333
-1.5786251329802328
-1.7041965456671015
-0.09999202711690297
-0.2213555597751954
-0.8980752960120576
-0.867580475710918
-0.27955348573168937
-1.917714040872678
0.7582383043881549
-0.4082761854531074
-1.0890624170644303
-1.9541865807228187
-2.5209773404864237
-1.6429451206543926
-1.7589963842837337
0.10168891028958794
-1.0626401390833515
-0.6208601717512843
-0.9432083102158487
-2.1368860259338063
-2.1211657612820063
-2.0637426751243124
-0.24363598163716912
-1.0518113872432597
-1.1782833101107186
-1.673077460396743
-1.680124355431399
-0.8605963440349157
-3.039857445245206
-0.5508716369478395
-1.0424336068968791
-1.043567878985247
-1.076416901913003
-5.594996556871795
-4.671411137092636
-1.2866303839471531
-1.9822453232466442
-1.0012741311826907
-0.7180924895200244
-1.2139236291082336
-1.3190985929841097
-2.2026386290931423
-2.8217333687747495
-2.0566056551280347
-2.5762828298348563
-0.049411429282667896
-0.11938915972810568
-1.2623159967322304
-1.1347858324210454
-1.3031468447502097
-0.42888030106170466
-0.36119068579828334
-1.8319193029339276
-2.3193580548317945
-1.8132763396643499
-1.8268197364485945
-1.6282107676850013
0.24347535971060855
-0.06020192233958327
-1.897558027141826
-0.7028988482944135
-2.492439248544363
0.4399576585270308
0.7453755490004698
-0.32923057958410107
-2.4261083623263566
-1.4832692343802
-0.7719239567197425
-2.0719734201076165
-1.577010012188593
-1.2084798554904261
-0.6230789335902716
-0.7112941497877381
-1.7334295032586233
-0.6268527624217686
-2.451021743893576
-1.6149687201286183
-0.8316691934349989
-1.1250858644508814
-0.03638927831218325
-3.225288777675634
0.8417409215257436
-1.9516266477185038
-2.457118843860432
-1.5281023109611156
-1.0966245747794696
-1.0427339362670522
-0.6894431303564142
-0.8508553317617087
-1.3495892259259996
-2.345965849565252
-2.2304285940130972
-1.184010542801928
-1.9469004549577218
-1.1915428007424318
-3.3590643106107083
-0.9023131572617974
-2.1354411021047643
-1.6201156359331348
-1.0797622847186648
-1.73644075048006
-2.6112304752905153
-2.350489258488802
-1.080974595486159
-2.6448911839495355
-2.346660452405221
-2.027570017606233
-1.3195734772608574
-1.317521748387564
-1.2172183229135713
-1.6310314660279879
-1.3659473098712551
-0.4981885417250979
-2.8664588835853717
-1.7135310673480602
-1.5971217648062352
-1.6022124525792354
-1.4993010897502346
-0.9130168357763223
-1.102824350765793
-1.1977297865699712
-0.7961709403267405
-1.6003863956343078
-0.9018257917027197
-1.2436400057713135
-0.8430682353825034
-0.690179802611452
-0.9741046417236708
-0.641130757321104
-2.737270110584087
-3.707421019401133
-1.4574622943052442
-1.9147281191619
-1.2063400874666428
-2.0828136084263957
-2.577564615539824
-1.7895448811162784
-0.6242437464142391
-0.5156971667116004
-2.4679577269367594
-2.517275567581581
-3.3918403535221966
-2.4399592887878443
-2.869490007295783
-1.0676166753929692
-0.8620910857855775
-2.299599655487344
-1.653337423634871
-0.04208933004519071
-0.03998622650866016
-3.409738123728371
-1.0105914203406472
-0.6021301827423158
-2.217460650038642
-1.2833394216356537
-0.8439125749143145
-1.012831876100785
-1.434787152583089
-1.3213706175471922
-0.7391801018002266
-0.8583345374762393
-0.3717467369722894
-0.48454734477550737
-1.4090863568595104
-0.40658660434473365
-0.9184742110673456
-2.128296818533283
-1.9211178604568033
-2.3959216355665247
-1.0307757186804762
-0.6607969347449187
-0.9244910577082589
-1.8302384746703377
-2.1572133000279967
-1.4921608840549303
-2.036070384377316
-3.5871621511236325
-3.3528167830107054
-1.1732647083961194
-2.2160865352330656
-0.3046785502672191
-1.1990908970719034
-2.106612030842304
0.06768540829439659
-2.829858280049766
-2.5570242063555373
-2.413584883442827
-1.3150373132301718
-1.7124984278189432
-0.6967868990155633
-1.1682211361375372
-1.5901601698656904
-0.3111782481660368
-1.3386703188183917
-1.523846193906807
-2.191836885699985
-0.5521578240954382
-2.9136578106693425
-0.16124299210150056
-1.9467396065333775
0.6010871499009697
-1.0928136047101968
-0.8927906513311179
-2.0169590234802244
-2.5969098790141674
-1.921501273045574
-2.347182936169401
-0.9639325472906953
-0.7099434734625493
-1.658842493961381
-2.4028077876929315
-2.2953354085253372
-2.949251044154321
-0.4625984633105043
0.9690386687294017
0.4134306961584168
-1.592697749177721
-1.1629100633783593
-2.1918074902783804
0.25061717714488524
0.661588473119422
-0.3835731213067617
-0.7083880442860021
-0.03208407871950431
-0.17502241393033932
-0.7611657896727763
-1.8623312032872064
-1.5203960346771368
-3.1407366314038554
-0.14809649461983884
-1.045460698120133
-1.7998728738821885
-1.6584776578323264
-1.535648931512492
-0.8228972976510193
-1.716318878958748
-0.5556082011833626
-1.2264368533003547
-2.680816147767547
-2.222609850536178
-3.277070687925958
-3.1049162568937807
-0.881908230367854
-0.07815903653258295
0.7530900438098003
0.381177485095487
-1.1609086604579841
-0.6354435845634414
-0.9975372047385453
-2.1063263474518896
-1.4614272170395453
-1.1595492501867108
-1.449582135580713
-1.5488525436768301
-0.12216037885134798
-4.397841448166733
-4.515039859809955
-4.322583258830082
-2.323591610371002
-2.6153882975790896
-3.177944019165815
-3.0796634358928006
-1.3725606315265033
-1.9876742545394819
-1.0640966206940305
-0.5960625505556402
-0.794714359735142
-0.5377381837691639
-0.0640868144825428
-1.0229213366164287
-1.9444706536290552
-1.570889317192624
0.11533761577041347
-2.3428904637639083
-0.9514465209359811
-0.9120791958002837
-0.9515792602817849
-0.47173993482896026
-2.7119784415868042
-2.561418834527888
-3.835247471827623
0.181608276060255
-2.5748664754453965
-2.3334825337265026
-0.9619976815018595
-0.9658297154616448
-2.149973345777039
-2.359690087649538
-2.23598971977394
-2.083252679367493
-1.3655382452197087
-1.1396363690878135
-2.281723358019998
-1.9231489694125534
-0.6518294471881088
-2.960417154996715
-0.7799578607349721
-0.9751006747926493
-2.3439992616078995
-0.7738942444347068
-0.4404112401249894
-1.1485223567755882
-1.3623613379830188
-1.5523198555692006
-2.5707352098221157
-2.037261926545308
-2.4935544310469866
-3.208262549569975
-2.9627268761636674
-1.6943892572100325
-1.8188238280559066
-0.9902914675647453
-1.0418662200315325
-1.495096201883209
-1.2453647211147132
-1.9540031519025027
-1.8663760522070283
-0.28026835052433813
-0.001907766351978083
-0.9929388244295303
-2.216629228922278
-0.5926483220327442
-2.3554826880920214
-2.4200807388624392
-1.8071699030256088
-1.7722881940789679
-1.952873378656239
-1.199379861521326
-1.446506228125575
-1.0798068309092266
-0.9486867917678733
-1.2383398547647044
-1.1069670253721542
-0.7039975201819363
-0.9197775372746938
0.0913659337719354
-0.5736686155485289
-0.36328775058807644
-1.277252047486554
-0.9286805248860464
-0.42692183600390754
-2.826077780445643
-0.4670469660957126
-0.30665240641603897
-0.1197369444729896
-0.3169140669216812
-1.8843778115531127
-0.23794620562224783
-1.4799241692441096
-1.6077351645114748
-2.8016017335269296
-1.3727909834285572
-1.60684744931237
-1.6144489555439774
-1.0098766897043219
-1.2641461170949453
-3.0521639409371564
-2.62178633821323
-2.466770191583474
-2.5222435088613744
-2.405545713514129
-2.169016297584756
-1.3820938726715761
-1.1446330677569245
-1.347747050460325
-1.9175390019065703
-0.8154508516956032
-1.0243859655268
-0.5331195492928473
-1.6681547153979859
-1.301515504184422
-1.1659607579310816
-2.4730359317163026
0.2915739085313727
-2.7998136738497768
-3.255628394076522
-3.1668922800318753
-2.9166536627816924
-0.5521864767593702
-1.8779826271777975
-3.1414633155414036
-1.2962539755856402
-0.8757107453379787
-1.569082256635718
-1.0431517076613386
-1.1089701424362453
-0.9749859132196222
-2.0608695817372196
-2.2677647048314524
-3.022576305015174
0.14323876181661974
-1.8209415856606288
-1.4058498974872822
-1.2060374951218062
-1.8232268893814396
-2.572425018403762
-2.6049270249146548
-2.037511288924919
-2.9492123853309664
-0.7286716352387477
-1.0737875099238297
-1.232066086641249
-1.4111758695649876
-2.1815533778038922
-0.8175465061359641
-1.2865308773379245
-1.4389219341396668
-1.5667923444728744
-1.409208555828236
-1.0950902345766915
-1.0624629852136511
-0.964005697628266
0.007595872639327952
-0.6354974148200673
-1.01349073719228
-1.443746506615968
-2.0983817915683303
-1.9613877834462203
-0.0018835942277789796
-2.945464788030431
-1.7218836053350972
-2.0373127226257517
-2.1645344465321927
-1.8205414343697413
-1.9186471271760905
-1.2795006422993145
-1.8394553515880494
-2.1889170396849087
-0.5355116409860535
-1.149817545312321
-0.24354929434738243
0.05668713143341506
-4.180552766595119
-4.1401133744757335
-3.002458611428298
-2.79664358377085
-1.1859764965459176
-1.4759340037477031
-1.0901650291125855
-2.3476178857835763
-1.0594450946216951
-0.7176865125473427
-0.6258789941757896
-0.9602554040829151
-0.7822282853391754
-1.2174390563229964
-0.9016986388916537
-1.3301561304244263
-1.3723037851801176
-1.7060212658334202
-3.790106610846201
0.7867172988594326
-2.0298873406919387
-1.9976466513489937
-1.5281826141241932
-1.019691208651273
-3.702957440887447
-3.0769472242061746
-1.0095720595931608
-1.987931707778365
-2.105048207715108
-1.705751709761791
-1.3493982066133072
-0.6071841095132493
-1.1528786615476303
-1.2085031850224244
-1.3928348003929722
-0.18476949080493366
-2.215863214207989
-2.790582113897206
-1.3679895208812216
-1.2723456230043
0.012267207036186912
0.023653960045342648
-1.0405279599112986
-1.6218680898111215
-1.5340984770911859
-0.007121252690733223
-0.008456545093771329
-0.8136507457475506
-0.5539952205293273
-0.6291882382843466
-1.141143375163169
-1.7268453604606244
-2.1467525082789165
-1.7257183227791941
-0.1496370844864466
-1.2177638046653791
0.0696502313753618
-0.6061849073460488
0.6093291990466768
-0.35897740979544557
-0.33166621039515415
-0.5700661428875496
-1.1404514877442795
-0.10025896509820387
-0.4710693172790844
-0.6187690917125936
-0.6778937447482203
-0.6850257678674951
-2.612114186648157
-1.8620448695088152
-1.7799553952673255
-1.543404434079909
-1.411608823556065
-0.5604859299297311
-1.270042650932359
-1.2828634879883947
-2.4747916767301206
-1.6649220786133823
-2.1878776788173355
-1.9867796935514914
-2.557341262845757
-1.5234615573962373
-1.2163978791837
-2.5827240675534577
-1.3274602220957974
-0.6804337086017934
-1.497113243609322
-1.3826075783680285
-1.645017684496582
-1.639632709395045
-1.223766810675273
-0.6248698733656984
-0.5115777707909019
-0.6381599972059844
-1.7294078945737672
-2.253874458812298
-1.0461442398243448
-2.236428756138421
-1.152169423836867
-2.2917818049313086
0.17965512368237507
-1.3439662706886737
-1.788445475347756
-0.06029715824976999
-2.0430259245691293
-1.244412143140426
-0.9015048064627261
-0.10159334674479517
-0.6921803255012308
-0.8938754709807745
-0.4500369152479127
-0.8556939007189714
-1.0747702917900224
-1.059571701173763
0.708620744283116
-2.0974342154638945
-1.3376590402555573
-1.7571235305214619
-3.130859624515283
-3.2978160580537947
0.3004362312228725
-4.7495066274034725
-1.920487235451682
-3.392743990906211
-2.909190444031345
-3.505641059156063
-0.3602679223939247
-1.5267919680927908
-1.4431586951064446
-1.7934568235219803
-1.643557474751223
-0.9354294859079822
-0.11843227193734468
-0.0333294721463585
-2.5511831921551567
-1.2631872197310259
-1.8776267745614854
-2.0137957667504605
-0.2689061874161537
0.08541792625290717
-1.3329533107354188
-0.8042123734196692
-0.6551565062323355
-3.0355192490887495
-2.5136378032727875
-1.8886249867740363
-3.0824328108010004
-2.6300481041468458
-3.1374252020143225
-2.5373521184829557
-1.8876916946576763
-1.548669649833081
-0.7545446739604184
-1.840451515506011
-1.9127668251751486
-2.1711348067831033
-1.6818714843713376
-0.10981113738514373
-1.431595470965171
-1.4404740250011367
-1.1144088557979
-1.149299685432275
-2.3763484657461302
-2.2042698709056467
-0.6759779145151872
-2.570489353239812
-2.1296117077488286
-2.2631773482375275
-1.8044896158538484
-0.3014510150207239
-2.9014205787466567
-2.9349054799985033
-2.200131823812096
-4.111622331633732
-4.030871818553303
-3.9700815666216305
-4.280747578998109
-2.967819830694731
-2.0147942485943933
-1.8047492356604748
-1.695975864997953
-1.1133053948555103
-1.6699627288409578
-2.0885928981063753
-1.1654471895655674
-1.3997862948401432
-1.630140139773353
-1.796618149370295
-1.1094463247051776
-1.4660951148768235
-2.476136716435557
-0.40855410616494303
-0.2651754609470787
-1.6022511260911927
-2.0590115182838997
-3.3404806456485603
-1.0645384032796414
-1.1125820477904416
-1.587296197979114
-0.9838885048866896
-1.3736269352845323
-1.3862216363122257
-2.3478831094938997
-0.3223138999144133
-1.7862749235064677
-2.296719338310589
-2.8317110948994295
-0.8491551308421024
-1.822979477894139
-1.7754888632645776
-1.0247887082275116
-1.194298980234785
-1.298273964631635
-2.555547403676217
-1.7332022703972543
-0.7355564465622647
-0.8341551371896674
-2.109401314252006
-3.450592757424208
-3.6997725419849803
-1.3852701314788562
-1.971472479950124
-2.729222576292867
-3.0445734089328567
-2.317248204569475
-2.74863321624271
-0.024869468753394915
-2.1640350158870127
-1.4126366852584735
-3.0213392534568575
-0.7193450305935556
-1.488198499721441
-2.1737146318879557
-1.90237937151325
-2.435265133274188
-1.9642908913037818
-2.4307748940721132
-2.4851668352213094
-2.4851668352213094
-1.705456261831044
-0.056351019431916595
0.08607170971601903
-0.27378218196368703
-0.26006301738627663
-0.25649398702520937
-0.2666276889721526
-1.0434944769015335
-0.3174884379010978
-0.33493578203850705
-1.3142104505093835
-1.9879339006795798
-0.6181627113629935
-1.0283146720376815
-0.32237418619644603
-1.8040626579423027
-0.5911954744954868
-0.7020166945752475
-1.0427818743813173
-1.6274386844373372
-1.4833614061501825
-1.4970069395468464
0.6682288155539461
-1.2039241402647598
-1.2804960319561942
-0.4191531297036386
-1.4040254489763933
-0.6094043602595258
-1.8030845013000287
-1.8154547723868313
-1.6634169530780358
-1.2721798881910973
-3.7041589928100014
-2.2003932985919956
-0.9357605653675668
-1.7429919256775273
0.009333076877440153
-0.8752438653505396
-0.933988039374274
-3.6985688874354734
-1.8901674906532904
-2.258130008037432
-1.032920664988925
-0.0390025490788851
-2.423584226926975
-3.1495778719802976
-0.46638290139566974
-0.56122301748132
-2.127049442362061
-1.411769527600697
-2.1256725568486416
-2.7885142539375827
-1.069982747526055
-1.515241008941967
-2.541650176758993
-0.08441641548636163
-2.8289303731313455
-3.093791854111406
0.5348229700455659
-2.099866780239677
-3.1340009183915565
-1.4098294583014714
-0.8254975710115161
-1.8984161837825653
-1.7392344982164503
-1.5138788566747958
-1.0958154350994782
-3.487223022962068
-2.9122814469272096
-4.236073586856262
-1.218527932743526
-0.7382390578984939
-1.400492119647328
-1.3337268174845571
-0.9673148820377916
-0.3564183303110707
-1.740633363576011
-1.5607229211197864
-1.4787485833350358
-0.7683042324941921
-0.7425559995183945
-1.710590617560734
-1.948583115902601
-2.2342189130364196
-1.8047176509723983
-2.8706092853522125
-0.2577789329305104
-2.9346519599861445
-3.382957620631843
-2.809216751930354
-2.6374802209867116
-2.672917204687093
-2.672917204687093
-2.691935563230836
-2.6924970672883792
-2.7467532895979945
-2.8876180160590903
-1.7891533352956541
-1.2384452493469182
-1.4576351596030117
-1.3572209474345847
-2.7011957960840296
-2.8775251202844854
-1.6923444571995658
-2.151124266722857
-2.7788326991184347
-2.8538049220170367
-2.935083155189995
-2.0647643241885043
-1.1311426107132345
-3.0261370837346946
-2.3172059007561048
-3.0483076174687405
-3.285132912461395
-2.726085063143401
-1.247492476274943
-0.9316194495241281
-3.286621250093923
-0.6163486738656868
-0.18995882377003093
0.12575699348257627
0.13905970483623326
-0.36342083953584264
-0.7420274118152481
-1.7386153068636914
-2.182765632350212
-3.1436183213222493
-1.4098409865311554
-0.616708707700204
-1.2457013004371216
-1.0601359023103303
-1.0322973952996164
-1.625012580130098
-0.41080610081838337
-0.5176721312615763
-1.3843357594053747
-2.0320906354916324
-1.2823347395046614
-2.1470872669930947
-0.8287516662034448
-2.2542231397354073
-2.490495964278865
-1.734978912559022
-0.7749579105690391
-2.219143855347459
-3.665204567468655
-3.3497465277689242
-2.5639684052728917
-0.6838287868059888
-4.379679140374195
-0.705786846880596
-2.0904224005698504
-1.6192916002411124
-2.1554674259140505
-1.952777208662702
0.3479107707579563
-2.2473356733180956
-0.5149844628263801
-0.09717935393662515
-0.969030759603492
-2.050372197560646
-1.5345920962829787
-2.924826036915379
-0.619338995541487
-2.421698479122196
-1.3768056197983092
-3.29925317727842
-3.407808325375115
-3.162190581831964
-0.5542486594374136
-1.6679027115165639
-0.7516240930833781
-0.6801450329360424
-1.5839919510749534
-0.7612386214070107
-1.421839256841961
-1.4354527967590376
-1.879449147163902
-1.0470051389194914
-1.6938415714599164
-1.7703341713643008
-1.4720064635224177
-1.1098104610668855
-1.6842731510491664
-0.15904666396219583
-0.5103757168853666
-1.1697386672383077
-2.2516431063629176
-3.243249400996315
-0.3306865288513007
-1.005212197416231
-0.14138244529307603
0.08379569175888721
-0.8405032930078824
-0.5162748877262657
-0.7940831783445481
-0.30124226790809217
-0.8990332184995133
-1.4917920964581703
-2.466280014558431
0.15814467568605164
0.03545934748430442
0.20481859630320884
-1.685131774579271
-1.0613535789265607
-0.9054540125142748
-1.4341334038270244
-1.4545620012445986
-1.4781645505571945
-1.4682409956103328
-1.823235280334902
-1.5837808876454955
-0.7483913482455452
-1.1376593645170054
-2.432435723770499
-1.486275737737197
-1.2602422502083916
-1.9512198235808231
-1.9089318632627035
-2.935268362675914
-0.4991256710898597
0.40798281585059026
-1.407571812765594
-0.9973214974748168
-1.6552224609706179
-1.245545103043085
-1.4146902072020262
-1.2400745041378256
-2.1616267481047786
-0.6667924881031564
-0.0526011346489185
-1.771756637200181
0.40958650512164074
-0.33083526942494473
-1.6745152622291382
-3.366844125786957
-0.5823726986506663
-0.5856032367315652
-0.9208086040725231
-0.3178030281846032
-1.7120276717873215
-2.3051081467462233
-2.6784572149473846
-2.8359682270220445
-1.3010818346262008
-0.995706995372212
-2.1507544636716562
-1.4733438139548392
-1.9815570042417718
-0.8257925813575714
-2.122242940133991
-2.60019144961802
-4.330353253531284
-4.016229068405236
-3.455338460038125
-3.410616913275088
-4.03310720083996
-2.0487082292053485
-3.0181587703849777
-2.155816505611423
-3.7223752561599057
-1.2528094178581213
-1.4852570908044784
-0.6599047199733428
-0.9838559414387089
-1.5612547682013995
-1.5909257904943475
-1.3820289656689744
-1.8115695966674905
-0.7092805865170886
-1.0192496782282567
-0.4560771746960556
-2.547429293619205
-0.21518167999830118
-2.592743433780054
-2.4750081687634022
-2.48042042203457
-2.421767838949681
-2.4617013900948757
-2.8748773100466414
-2.1225682607605414
-2.1201978527450698
-1.0237309559651477
-2.0626161128704203
-1.9942200138116422
-1.4668945929306654
-1.9629738595890285
-1.8176847373478549
-0.7705631023632896
0.1773521492577172
-1.240409271219465
0.6787343195911381
-0.9737315634430299
-2.3085738560972917
-1.951925286778143
-1.7511043212697166
-2.2485068484116795
-1.8083818576822144
-1.176532964301258
-1.4027828054117026
-0.9982350241882382
-2.01946139681039
-1.5096138440899718
-1.5271105865876773
-1.4345074859913893
-2.5523261044992074
-2.1349376740535995
-2.0061403276488106
-2.2688811699009728
-1.6911622961240658
-1.401305150820107
-1.8379406435096985
-0.025529520171673717
-3.361555930576
-1.285449576458172
-0.05378420204789977
-1.2213659625762272
-1.9528239477819689
-3.4952235064110724
-2.1223479743779317
-1.3471646824767767
-1.9063634773253684
-2.3353009345655162
-2.4430807254914355
-2.271393719407272
-2.396755152732508
-2.1521133465313156
-2.1044777582092777
-1.0802492629999627
-2.5578674696936843
-4.025182365374958
-0.0914689340333914
-1.8118918312147716
-1.4715036837603563
-0.22514343493193958
0.544314511939478
-1.3727823584968413
-2.4884772200930283
-1.283934506023817
-1.6116129886876207
-0.9396458414888759
-2.7087141727190716
-1.2836267076371832
-0.41758049231742933
0.46309901992024816
-1.865489292647313
-0.8055384706894978
-2.624890258408194
-0.7011830244265368
-0.9939867202189037
-2.426110830867845
-2.267777030028988
-1.925315699712242
-1.5282761160727525
-1.0757349741499915
-2.3228991306333078
-0.9735595496818726
-0.9711271936614307
-2.7101783902055696
-1.8192156319332915
-0.9425357885183558
-1.2726694097796445
-2.3892402213825896
-1.627273329982332
-1.6536037696186012
-1.5248756903825436
-2.0819361260233604
-0.7162748294945831
-0.6773330841597338
-2.0559960861571804
-3.0922852475358003
0.21358156590291288
-4.17981657674697
-0.8930971411440802
-1.267237022846666
-3.46369576394875
-1.440331076267674
-1.343342178511352
-2.627289569379779
-1.4788776839873916
-2.4141550184740477
-1.7922845388022424
-2.1409041055116873
-0.13425025295688064
-2.070860944775225
-2.2933884771081785
-0.4455055144784975
-0.9198125336485296
-2.1141429218015597
-1.1566165875636543
-1.692120762424722
-1.4148854798347152
-0.2247668409386514
-1.2570869813942758
-0.12881551142948153
-3.4845687944214196
-1.8955233049527722
-1.2871440489829902
-3.2356236675697927
-0.22803692831539993
-1.2891093347797655
-1.7182805475407368
-3.401336932575826
-3.5675074902056134
-3.6092247410031257
-0.7908475208328675
-0.6922651203595722
-1.0882797605172259
-2.95996028041023
-0.3257488101926713
-0.9642350373066855
-1.1767698373935271
-1.2104353616757912
-0.9348896794547646
-1.3550625082871262
0.23043186001140506
-1.675261547896046
-1.9930776904674565
-1.6642948711184073
-1.6787598799641568
-1.6787598799641568
-1.6329280555025019
-1.6535774261796028
-2.5536083991316243
-1.1842339257344856
-1.5670766299539594
0.20669821639297292
-3.4702982430870923
-1.2368169756604854
-5.509217503761218
0.3196054846904723
-0.9569877006152588
-1.413923610555005
-2.109469601891878
-1.647985400080937
-1.0057906681612616
-1.4829362980040048
-0.15447006113660444
-2.4491947833937786
-3.5942685360161377
-3.3285425681459633
-2.0096058096322955
-1.4845239207960053
-0.9409257387120248
-1.5125235572525124
-1.4249397520259826
-2.2881944603166438
-1.861204350407463
-2.178118784830647
-0.028183688050376052
-3.8534605718623465
-3.213232568264717
-1.9379458366675832
-1.4995080807873575
-2.6947213981808824
-3.2256988245562317
-0.7762001543107547
-1.4688130099275447
-2.129285658958061
-2.1932095276687646
-2.1760953449115967
-0.5962910127969493
-0.7134368960743257
-1.9179158982963425
-2.1593899438394963
-2.318200557682809
-2.1047032987775074
-0.6073988705968557
-1.4668865263925226
-3.2728001770580244
-0.18698776918612864
-3.3569566867579868
-0.11819414176842939
-2.9256338763529928
-1.9443080840635059
0.12204542449637899
-0.8936626635108855
-1.2730693633865542
-0.8502142036489698
-1.4915957992870652
-1.9924074774985292
-2.054849135879033
-4.0987182441690715
-4.136254692541631
-2.3243691653212157
-0.8537865390917607
-0.7293092225831868
0.09796974149487872
0.1714504625133628
-1.826438770014428
-1.917420530326312
-1.9541879242167264
-2.376814068530933
-3.215463922684364
-0.8808507391031772
-0.9267434836869639
-1.927954043447197
-2.6705647914833164
-2.6920778205477816
-3.363226311693114
-3.861656157103437
-2.005061667138784
-4.008023617512687
-0.8060283309009916
-2.396321591050092
-2.1412428568064477
-1.165926638895714
-1.4500977459196125
-1.4374530103960652
-0.4126447227628569
0.2789850889969879
-0.1764226032169352
0.2507003493566614
-0.7676025051622278
-0.6266775677966424
-1.5978000103470176
-1.525732696967659
-2.3299126337105305
-1.2390479516018884
-1.9036891738053219
0.04711011478008488
-2.803659188513672
0.6828914950236651
-2.830292692829552
-1.2908496135449343
-1.953363098679989
-3.1960055661719933
-1.012483951481709
-1.747601203005556
-0.7730632461212872
-1.675273099804186
-1.9431463051124829
-0.6667536732035837
-0.8996820863956257
-0.9426475228798851
0.11355712466618313
-1.8794592366719873
-1.5375921116573545
-0.6747594065698308
-0.9606521325249655
-0.7514378133146109
-1.0260367381483422
-0.4033187761934768
-0.6441604106412686
-0.4037674740268206
0.017279896839233002
-0.4281248179923258
-1.2977762051629345
-1.7550423181754948
-1.9350844498858446
-2.4793752708427816
-2.4793752708427816
-1.713624755457348
-0.026557731647944772
-2.4623677176393395
-1.34758500219729
-1.928515989985029
-1.981248712773419
-0.9567562906729854
-1.5981234466106258
-1.703471782891756
-2.1134744888792425
-0.3511910442432088
-0.8219134424742185
-1.5295268416116106
-1.1435727584125222
-2.6639419703748892
-1.6499660764773438
-1.4254347517681767
-1.352646462647115
-2.656190982913273
-3.4725878362193514
-0.7420955101618714
-0.404375690865338
-2.7676699781015914
-0.6102794745872354
-0.9652860325337189
-2.2935041414636474
-2.145385580855327
-1.7841594022222258
-0.5955245098809079
-0.3608007689519968
-0.3376830130511707
-3.439238226914345
-0.2380401759776808
-1.11311591223604
-1.0056878450044615
-0.07509285697627253
-2.491648439346686
-1.1288722954736012
-1.265351284548726
-1.514956899239447
-3.082633286605223
-2.3836841798615955
-0.8376195983113764
-1.2894929711115568
-1.2616661655870878
-1.303810155080549
-0.2912281171461602
-1.4026470214796785
-0.7929303846670535
-1.2899804377800528
-1.2913097841201437
-1.8057867830058634
-2.028280308528167
-0.8870829292286817
-1.7760944140018045
-0.8995934102652284
-1.3594280523707543
-0.3793556564301021
-2.02223590950949
-1.501293986023098
-1.4769813546107953
-0.8649812647285448
-0.9568242016474271
-1.2554527577794214
-1.2610799598872806
-1.301839588408085
-1.1884781060309757
-2.9012917662368327
-1.0137664315076886
-1.2967332709022044
-2.7212683159037288
-3.1758110629835996
-3.257061902245384
-1.3322548661453488
-0.8979490414872039
-2.628836487687487
-2.171194912974081
-0.2931032147726225
-0.9057124003544288
-0.6903704211705134
-1.6716894452417475
-2.209764775040823
-1.2875643119874647
-2.246207927820269
-2.3726991120296463
-2.177235239268722
-1.024727979996924
-1.441086629181131
-1.526413775672015
-0.6947562784821555
-1.1326753595603536
-2.3395292512790795
-1.811985136424566
-1.0344967394532798
-1.0569632329274063
-2.2499123232764813
-2.0244341481073422
-0.8792909853894629
-0.9216653370475909
-0.38683492384837254
-1.193768408768081
-1.9253748011259417
-0.8283896224116177
-1.1783278991741255
-1.0979171466110993
-2.4411688984193494
-2.3800475326322204
-0.7218499288902727
-2.987876613557624
-1.0802361455971947
-2.752418891196315
-2.94073015634761
-0.7603243567316466
-2.56389664634756
-1.9521936881093194
-2.7456065071666553
-2.110029110088126
-2.0247398096004514
-1.0713666989638122
-2.4575765582131
-2.5068555555509118
0.13238466747083122
-0.5246067498005835
-2.7995255649439663
-0.2847313552573578
-2.1190787575426144
-1.53036157051111
-1.7863937159911902
-1.8125001483642553
-2.7372009631076204
-2.8819239318566416
-2.087890600095381
-0.04147997314037576
-0.8230818443434558
-1.69833713870807
-0.8033414991938761
0.5034759075584008
-0.7496821142615108
-0.03775047251943211
-0.10398258500362231
-2.1069251935119504
-2.639763133446107
-1.7056292160839688
-2.8224801072327343
-3.2175317617987993
-2.8276641403080336
-1.2723937357218507
-1.7582901356813572
-1.4558622425476009
-0.900211760219802
-1.540359445500254
-1.4985858520686273
-1.5413372386041513
-2.05829931388534
-1.1545718551551993
0.6189481938761849
-4.578553272542853
-4.7210610250599325
-1.8955739904246942
-2.648822316591782
-0.7436271143852199
-1.0717112100102857
-1.8131664434542192
-0.033553274279433595
-0.10475116766660598
-1.7985040553947846
-0.9981324048765748
-0.9177304834294069
-0.34606152637308984
-0.840306641670755
-1.128664079519481
-2.938332516641996
-2.3736581965488743
-2.610944392299859
-2.8295027677914444
-1.2033363037271034
-1.0574582933800678
-0.9482821260479974
-2.774941195908935
-2.606829138325087
-2.648892207609345
-2.419178696999174
-1.513904473002376
-1.9060458352103344
-2.978184570445657
-1.295877986345803
-1.0920991283756876
-0.948026151400981
-1.5364662211995652
-1.6479063893556938
-0.8697998520800507
-0.8249342835562826
-0.22864810393087173
-2.0830809471596345
-0.15302195490127793
-1.0148155811654507
-0.6565778002461256
-3.162754551408176
-2.3011724532894817
-0.9803961462924773
-1.588979278932101
-2.4124082184147495
-4.3389112636964695
-3.3563446234404237
-2.793819360124703
-2.925763149140173
-0.8290915642395725
-2.860431338509222
-2.6374107178222754
-2.2461787946868452
-1.9190902562095484
-2.053293957531399
-1.894389959552662
-2.2721870303170677
-0.43209354298172964
-0.8141968247012349
-0.7772643496957304
-1.1092731569661873
-1.8696735886249642
-0.30084350350710076
-0.5612950679561548
-2.846068847235397
-2.4896226459136583
-1.336060542620649
-0.6186218022315841
-1.4355911093776945
-1.638461662999638
-2.6061627116333916
-2.5122619089766816
-0.5985285783631455
-1.5525856817478456
-0.9755296661453959
-1.5106233440379386
-1.554222322974575
0.7620487161689313
-1.8684224273045056
-1.2466114740716656
-2.5549572142518278
-1.0065971342662408
-1.8134076501703167
-1.2833099844338292
-1.6515494929488395
-0.28998166535511294
-0.3661107398176913
-2.9681890940162647
-2.9950138159930857
-3.256728742261327
-3.3328694470466553
-2.4948087663604612
-0.2556208950547033
-2.7919432399080257
-1.5331081280931298
-1.581700988235268
-2.7081632298303178
-2.107383357197381
-4.540262290469421
-4.262125000468697
-2.9203165502192783
-0.6997963581247892
-1.6679242515691521
-1.6605679345301219
-1.8071992140334558
-0.43067556105700067
-0.33568717630028416
-2.114575152484084
-1.2870313289577588
-1.6967520166701149
-1.4832137043519016
-0.40957086529735043
-1.3433775498539098
-1.7695301435159598
-1.7640421272887667
-1.7640421272887667
-1.3224701313301948
-1.7757633930308112
-1.4177140115077072
-2.2423078536007846
-1.6954604920846386
-0.8240168535743541
-0.32798838853668855
0.5749388845346911
-0.9235668464688227
-1.8869137335656558
-1.3698823727244687
-2.603022938499009
-0.684185451099277
-2.4709842174128704
-2.105902512199204
-0.18784224372924208
-3.04690190705703
-0.18127119188446617
-0.3262338711910354
-0.6091099187765158
-1.460298843521519
-2.9467718332241732
-1.7232083323541296
0.2952227033261741
0.3393975644490326
-0.43886128641378125
-1.6055202439819938
-0.9214615174149561
-2.2010635822244025
-2.5059005621660195
-2.1692768652417396
-2.5659106771594846
-2.7201368762800864
-1.335216358343958
0.1810720739326794
-0.7506438296530218
-2.7534973387273527
-1.5651504601540576
-1.6640725929037559
-1.6721156621004758
-1.6341126149972636
-1.6879353739724834
-1.7299597141995964
-0.5823742184808086
-0.7144848014620888
-1.051251396108035
-1.149934780351782
0.22486454183633459
0.3215660805771792
-0.5178789861588019
-0.5564293580640917
-1.0788974039684274
-1.7024237848908383
-1.8945391791490802
-3.000293347228782
-3.2358807063476465
-4.283532624953334
-1.4722751882469274
-0.36663570113903693
-0.20334383805674555
-1.126600225901769
0.22284893809476447
-2.1620493592351138
-1.640311867531618
-1.2551873726175893
-1.3062350126501292
-1.6395279066307236
-1.5915012833437556
-1.5750066032037489
-1.5295746116907234
0.47721993641663385
-1.6401607206677669
-1.6749647976435222
-1.6936877364116232
-1.6698156957235277
-1.7058869843272857
-1.5279721326448854
-1.4360959858476625
-1.3229734652903877
-1.5104545288719484
-1.9523423819287313
-0.6377492047267741
-0.9141702291745085
-3.117775859751652
-3.3897331568045463
-3.4304753409797413
-3.413601805559704
-3.3253714037626243
-3.0009411341172965
0.22928118846645187
-1.8182649224571643
-0.17824809625023008
-1.5578767461178444
-1.982982060488431
-1.6257526622414058
-0.3304006289556077
-0.16877205633247885
-1.4526310006453216
-2.6290300516816663
-1.4665941552096418
-1.7275225881499026
0.22118153504182148
-0.420289514837168
-1.2452874490158405
-2.5836000400881782
-1.2368958432155308
-1.2226051773427944
-0.6557192224790126
0.5184114945181756
-1.4677290508049823
-1.6449184580991763
-1.5316034997034171
-1.0818623670047935
-3.95565893069067
-3.5963927701723963
-0.7261488340548713
-0.5658876239143393
-1.01342172042614
-2.9697107594997454
-3.3759330131818617
-2.2643421837723188
-0.238468844271301
-1.8011539649292518
-2.4240799862853692
-1.9365710633873556
-0.8509843837362572
-1.1758905924524259
-2.2068784774722667
-1.6759937779039098
-1.3791514669856242
-1.0881603336494665
-1.3693252184039046
-0.9425886312367245
-2.914783410668261
-3.308531994303123
-2.0455194204709892
-0.7527938365997542
-2.0407549799663314
-1.35217369961935
-1.1503167250378363
-0.9739028276651637
-0.6362671512022213
-1.319906423917565
-1.4283155421511615
-0.8995122858025749
-2.181782400683965
-2.49102885762556
-1.0561533129419083
-0.16124941649578187
-2.101190902604707
-3.162687887653871
-2.588013439185033
-1.064651766225902
-1.4418895943788255
-1.5618852177618405
-1.5905398654571379
-1.2527424045443267
-1.2636754941507014
-1.1450106141362093
-2.106629490937157
-1.8786928176164215
-1.4532030755713854
-1.4726992774941743
-1.6264666875327156
-1.6264666875327156
-1.612754261081634
-1.629636320429103
-1.629636320429103
-1.558691780560934
-1.6255035054370597
-1.568946545919726
-1.568946545919726
-1.568946545919726
-1.568946545919726
-1.6089048096456402
-1.571657789181799
-1.4849263452319856
-1.4905167707092437
-2.011406419644958
-1.630833531429521
-0.44491515924167385
-0.9445311066696372
-0.8528021402277881
-1.5849716767246915
-2.107406635212673
-2.958081758782581
-2.3120381997608956
-4.197105658937556
-4.036964303831648
-4.029591648151457
0.06426472142494542
0.0985435180814591
-1.3032584509086855
-0.8502457300399712
-0.9444991389750624
-1.8139831308534016
-1.5887870731825045
-1.976132498908815
-0.8879046372408607
-0.6394086542192582
0.5578427803892502
-1.2825972347948256
-1.5850706602513116
-1.736235131520814
-1.5857906688535595
-0.7984793557042905
-0.2346539904928552
-0.7226648322255729
-2.043725652497994
-2.2402359826358933
-1.6802049636594913
-2.5510879262620523
-2.533718248322415
-1.7618400547222333
-1.7910154407897874
-1.7277470540144921
-1.029194122378603
-0.8410518422372587
-1.4314886102830213
-1.381436162079976
-1.8030920880941512
-2.0170535267115746
-0.548916369012767
-0.14667715652486646
0.6714764326180065
0.30735108608504097
-2.1607267801226433
-2.4201964685981556
-2.2016813404679043
-1.3069376639667512
-1.0998856962879657
-1.2921360993691808
-1.1913958491279488
-1.6125123548319789
-0.4887149343450883
-1.5243778721843022
-2.6775834136229077
-2.0853433726444246
-1.2281133739419003
-1.753391720661009
-0.8562676727411159
-1.8715898418208345
0.2208612946370801
-3.1097818433566147
-2.0175769530437813
-2.111900081223414
-2.205372959785755
-2.33833521029204
-2.1867412016184766
-2.5151541204204806
-2.2768223432675128
-0.8364348665102466
-3.9182458245568283
-3.3787211054223314
-3.2541275393509395
-0.7533410771863189
-1.820882314083718
-1.8054016972144014
-1.3857517515003543
-0.9513170178150551
-1.4094434983821331
-1.5418865579206849
-0.42887109411101415
-1.1523309284427634
-1.7592769052707868
-1.4912909353264638
0.9074221506015118
0.4340253112187522
-1.5855656283951904
-0.12330184040236007
-2.399889810072074
-2.311399588688883
-1.2885058392518807
-1.161593827755031
-1.7065851892496875
-0.1440314168557269
-1.1711059347667134
-1.928382629348129
-1.3613148341532224
-1.1129453336171684
-1.8945554695112297
-1.9130590536086278
-0.9775041769950262
0.19692111758749103
-3.87397233920207
-3.563344730208299
-1.6550221975281314
-2.0934743151059885
-2.3399499914457573
-0.8454469461880677
-1.8280821025091765
-3.262936260553074
-2.705364038336442
-1.2737598427496384
-0.5056911280083443
-2.478141332774703
-1.5560358354493005
-1.7367826699123639
-0.8822830699592745
-1.563639165014728
-1.9857515929602014
-2.014225706694633
-1.9765471258060174
-2.81888606390321
-2.6312711514763643
-1.343653822870552
-0.9835708055026656
-2.0916078299317795
-1.6489631448226019
-1.8754610420708868
-1.336583473884601
-1.14282466606179
-0.7564607625582481
-2.524236092207028
-2.3261180575139178
-2.650807221487956
-2.7185945183927758
-1.3199842834458007
-0.5703335449407967
-3.6707007378812073
-0.6983679726262256
-1.431441143333509
-1.8358034147362896
-1.1985924949293423
-2.855947632342527
-2.7304073950641365
-3.253602093050007
-2.6238083244734867
-1.646317389442326
-0.36772204426629357
-0.5024219771863592
-1.4595943330503365
-1.113154767396218
-1.1888415245886776
-1.2322710605804126
-0.798295690162983
-2.7231557554262764
-2.261614463990797
-0.8727855873404239
-0.2978930402213211
-3.6343556470938037
-2.1339550912514595
-2.208502202193708
0.2047394497576477
-0.21149435805364045
-0.6757695818511879
-1.1970580374524857
-1.0029187560699029
-1.9943637005518444
-2.559077108338631
-2.060106383058923
-1.8014095594544963
-1.8923589629901996
-0.3565563134080775
-2.1178707751557853
-1.3419248841048925
-1.352634717728672
-1.6863973402626917
-2.4348618992696407
-2.483916788142994
-1.195361500475289
-2.2077958777584246
-2.1928823038095278
-0.8392262553325248
-1.863126767689951
-0.9395895157330804
-1.7817467365043467
-1.400442092142286
-0.7126954113072499
-0.8629992735743667
-1.357275324234566
-1.4883445918875993
-1.1983795811805789
-2.121623152503272
-2.0259245076305854
0.14363554581700222
-0.4167947534007346
-0.3430945655435953
-1.9505145662008856
-2.6897654392472345
-1.5492544059715578
-2.064056109028085
-2.593988334706705
-2.8002769209534923
-2.432202871763182
-2.7036453215148613
-2.6255791278813994
0.2877734120848989
0.22657857511307575
-2.1481476596040943
-0.9599033647329754
-1.0638028859021316
-2.0252919122556516
-2.160121469923265
-0.44515087279035764
-0.5559352858446387
-0.10857597554271592
0.03796649522769508
-1.2650900724008343
-1.148565064477622
-0.8793526446033391
-1.6319329797667141
-2.8388649172634572
-2.6745522276904063
-0.7990785267883364
-0.9623619102049003
-0.3338367493406112
-0.9220737178631432
-1.6749313687381275
-1.4987612133595862
-1.4663056352934836
-0.9702778278336587
-1.2212212720221702
-0.872836395298508
-0.7237779923833382
-0.7039414840572934
-0.45991132775096466
-0.30954723364019765
-3.6949843301073186
-0.04411836963457511
-2.3755335032440033
-2.489501978414934
-1.80709279388159
-1.9869844387199114
-1.7910297173229894
-2.7701841027094676
-2.2415167339681497
-0.09130594139448271
-2.313256847457612
-1.7083226715895126
-2.4049954756332097
-1.0143424154357514
-1.4357208762214153
-3.1738441404442943
-1.1819198743287271
-0.6331728841494227
-1.33543646568294
-1.8572882464514155
-0.32415701546156056
-0.5674389599596307
-0.6354404899939115
-0.4420943973820153
-0.4771684752412715
-1.403683367981172
-1.2925008071725932
-0.6924351511584926
-1.069173586423751
-1.7721347213735898
-0.23988568720904552
-0.39999982730772043
-2.3661949512746037
-0.23540430339971063
-1.59070241998354
-0.7585237232070711
-1.188065627161645
-0.0912185420794592
