0
-2.4880885374955075
-2.513306186380828
-3.4217315476816967
-2.3026201608321566
-1.5536067957470934
-1.1480846477495097
-2.4844351511055742
-1.2094103718289426
-2.594462694009053
-1.7760661528942834
-2.7738494213649325
-2.76546687255482
-2.1716781866000843
-2.502399766527347
-2.7773672670447724
-2.015291694845006
-3.019128519837841
-3.4413775123888657
-2.51710042913857
-2.2516532205818627
-1.7478894830272367
-3.159429856973073
-2.138293028867048
-2.7705699331220703
-1.9922952594309637
-2.8529939411931133
-4.205738340134449
-0.24898439192800664
-2.8214106290667265
-1.9631639541974548
-2.8586039051036654
-2.7751697299264757
-2.434335183682901
-2.620447825329885
-2.6953427149671363
-2.6370584259074903
-2.6187693869961977
-3.0886745992178812
-3.0702611383446508
-1.9271227506812871
-3.4207247702297194
-1.7886092779975378
-1.40151010255034
-1.1631328377817427
-1.4591689135769563
-2.6317178537234405
-2.8399286460535413
-2.2479334492489746
-0.7601449573376534
-1.555871834785078
-1.674922499113559
-1.3352386248878543
-2.8677246100726648
-3.1706187629347955
-2.2981725828372883
-2.616540947498491
-1.963739030935882
-3.3568323649048457
-2.364541446229503
-2.654746015523627
-2.691454029461705
-2.516587153719051
-2.601285240402385
-2.7381383116549975
-0.9144487959533308
-2.9170597187650307
-1.0819556222896416
-1.6579336587783673
-2.514168797322931
-2.470813580740352
-1.5399275586952783
-3.3525455330443363
-1.7398300104029232
-1.6417417754969987
-2.555723558149149
-2.143157411164447
-2.91111796635083
-2.1182986443235112
-2.804148093862638
-2.4775475267000195
-2.6623619923422055
-2.4084740033539993
-3.133695845149384
-1.747416464756066
-3.0900691666322517
-1.73746655137011
-3.8028077842987185
-3.6454776607891812
-2.409549061821335
-2.0264501633895167
-1.9241842807156662
-2.9906789430175
-2.282612440795216
-4.458044180074573
-4.449653765868681
-4.250587691657488
-4.370137590074032
-4.2362518412491665
-3.991076391701872
-4.108005496247562
-1.1000430581172043
-1.809019403057995
-1.0397734912182817
-1.362638254878237
-1.2975245758745495
-3.182844077310662
-1.8109326158869081
-2.9533818373634215
-2.2384794702559057
-2.1009327989931146
-2.7174746525020343
-2.692531693896424
-2.7090521726562535
-2.2054181912368236
-2.0057918473372163
-1.061497247566147
-2.554725824373962
-2.7571633309104
-3.0420151861730944
-2.677549960084021
-2.3797795410418012
-2.26702278184754
-3.133239520982673
-3.3229477022912475
-2.642000643778382
-2.898763702291791
-3.6170952746501883
0.6515724503397622
-3.9682450833130303
-0.8651210656249811
-2.6472884169806528
-2.16131570941171
-1.6008477915962462
-0.7049680030736272
-2.869492331598341
-2.6914097399499943
-1.8999611451697156
-1.3747201628088865
-2.5490937751858853
-1.746803942222439
-3.212019530340627
-0.7939131973206095
-2.47692205973709
-3.0126289880330455
-3.7519162335036156
-0.814551403595905
-1.471308631281253
-1.4911669496407802
-2.1281208139575405
-2.4133882138600393
-2.4973232184686323
-1.9389246712747619
-1.9096673496592143
-3.420553888041528
-2.383991421137529
-2.7999127978826124
-2.496771818206796
-2.5446676100859897
-2.7332171369584892
-2.2272043803456647
-1.5969810754119185
-2.3922967335122447
-2.098124701524247
-1.407994765510333
-2.8333661744064003
-2.0728018847295986
-1.455316490404071
-1.1421053641213819
-2.3125264631455535
-2.8312337383160964
-2.523679599173889
-2.6611039092072617
-2.1956499194252426
-2.375454530254154
-2.297733141931862
-2.8311846932659837
-3.302206667359033
-3.4415279570275183
-1.5353684128755656
-1.6821050035443172
-3.3083654902678328
-2.7137074945970863
-2.9828891937676865
-2.8843372703196968
-1.9627489949660522
-2.5092629991506215
-2.1087218479709477
-3.1002122365973146
-1.9245512784683274
-2.7270075671348075
-3.0492323486638355
-2.058833052133058
-2.56684075905507
-2.549244051367706
-0.6367075723785456
-2.50971243823755
-1.8697905494009384
-1.9682214537522311
-2.5539772182233356
-1.8240939988215117
-1.6104027840265438
-2.765190024519625
-0.3831826030785741
-2.136705162389346
-1.9121207981506825
-2.3333586054407824
-1.297153274694426
-0.9537827979601841
-2.813895820234509
-1.558566391735385
-2.0892544909540436
-3.2057202581471897
-1.936397067555667
-2.72770115770263
-1.4680172671253964
-2.6673372681076577
-2.7096639612764664
-0.45021876989985404
-2.7918662623266743
-1.3813887709936072
-3.3794857565527647
-2.3128037456313506
-2.7881530790386115
-3.697006395613097
-3.4390487704368633
-1.8381404536376857
-3.142103568476367
-2.1644628545851425
-0.4136382244904202
-0.9194838641715234
-3.261351787578145
-2.3244897013967343
-3.5412296348764727
-1.0023807174162287
-0.8569610848777032
-3.3887798027961566
-2.473739967223306
-1.6853565491807279
-2.498128975048353
-0.8960185835827168
-0.531651169106873
-0.7169715767704086
-1.7491871543758486
-4.220521185107516
-1.1330072938695894
-2.3292338155010714
-1.5306884192537544
-2.535647640061119
-2.8761550253100596
-1.682012862265819
-3.071089171650191
-1.8441945697360511
-1.5766548830147535
-2.5439569067537957
-1.5719266786939792
-3.649042808270284
-2.3258269923177197
-2.4734944611039564
-3.579557463198795
-2.650345054232532
-2.3564485898559986
-2.595986680806054
-3.0698547504415234
-2.936789750852896
-2.4798225463101016
-3.388542285049947
-2.432047446018429
-2.6674966594890135
-2.7024456424013277
-2.70012912414097
-2.8375769168796676
-3.4806624600163203
-2.95601610271931
-2.822365182435277
-2.190146029798461
-2.4997034384471966
-1.295969914916792
-3.1807970116615656
-2.929173823976157
-1.9518783873968515
-3.0631158963466225
-2.488253351040636
-2.084830465332218
-2.3099376610440725
-2.3067053523170635
-0.8274195382419034
-2.5835210007828127
-1.933817180175231
-2.543310061156846
-1.590938044579184
-4.069193717754196
-2.81678026079843
-3.846213070551344
-3.0273742613251895
-2.853744700015764
-2.4469695494859165
-2.9986229656168706
-2.0340339768152886
-2.513094955135449
-3.0063113484451334
-2.3876902286714423
-2.7422467775642185
-3.7205543650940793
-2.364267150015245
-2.661611542112102
-2.7888053504181998
0.005235314822325586
-2.4051154699749033
-2.1298865652427206
-2.80393638658373
-2.3529645834196558
-2.6063809657949695
-3.456066415012144
-2.5333168123458645
-3.0988418765870716
-1.0465520801728385
-2.522086058566893
-1.6989401746272876
-2.6555866205321506
-1.4393665272984524
-2.214354674205307
-2.3700975685910377
-1.0468830568952507
-2.826324489846346
-0.674436801530178
-2.957658401171501
-2.068213901554973
-2.52371690108662
-1.8754730320726116
-2.5059985629903094
-3.5868753523868637
-3.2159168188389993
-2.2234351040861915
-2.7961729873523247
-2.611347439891818
-2.512130900119605
-2.083933624136263
-1.7558060507223008
-1.7879797640503787
-2.5818715857950782
-2.9038841818168346
-2.2316804819443554
-2.8064007914424387
-2.3345403387134387
-2.219065651234103
-2.8304683398331387
-2.754997080649584
-3.166526639175619
-2.3753566088413187
-3.7186784479968416
-2.347040231409639
-3.0979462199556047
-2.5531149980373566
-2.7486840029148745
-1.0279487144356785
-2.0774914388885946
-2.400391216201635
-1.366901857016139
-0.38963290061668543
-2.902752617623118
-2.5549548412170076
-2.320666924741185
-2.301268417366396
-2.5293998133983417
-2.470946062181374
-2.283177940071102
-2.958905790378188
-2.2768143081998615
-2.5173537505215493
-1.6989612422250835
-2.4688777898065597
-1.6771847212276039
-3.071782065927447
-3.133563314881172
-2.2786022313720116
-2.5339601283579425
-3.004039760453499
-3.1457634650734034
-2.06078745385405
-2.1047994419582756
-2.477867535571549
-0.7592118012087604
-3.555023442962174
-2.434754806066747
-2.1766995578105814
-2.0064114485438016
-2.2881338478508426
-2.7922379696751563
-2.5329575828539124
-3.3364153915699255
-3.4063152419797693
-2.9176585069382215
-2.1474000699024773
-2.654249378926993
-1.8427180368036273
-2.556225204233746
-1.6818366270762737
-2.0147859129525747
-2.1291780812743175
-2.586362518108644
-3.0728208325622375
-3.1059380330899304
-2.4242595152452706
-2.6181978795342298
-2.458131201465709
-4.227131103402147
-2.5999446535087154
-2.000632817617121
-2.044250470982025
-4.218931108595648
0.18757748602838728
-0.2234417118567919
-2.535845195693889
-1.4038176382932495
-2.987204705416954
-3.0643395844466883
-3.1606381481928256
0.15337857452058656
0.18329896682258218
-0.5448101282103663
-2.689735399355549
-3.0081054045443425
-2.5909077606144395
-2.5017221235301097
-2.4006559477631066
-2.2475264421427132
-2.2686888825278735
-1.0514862616355989
-2.3862329992074964
-2.6404767424905735
-3.065892922376134
-2.370792099472177
-2.791042324548723
-1.801144107222189
-2.08194279651439
-1.8573770344124803
-2.0049410803382823
-3.832363640484166
-1.951774603726741
-1.8077425733724375
-1.83598514674576
-1.230200463180303
-3.923321300691249
-1.9576967300936243
-2.2905530018984037
-1.8728748273477025
-3.345961802780591
-0.4215543724905112
-1.087137389784328
-3.158648387366457
-2.717443988681718
-2.6298366400744313
-3.1851865334750324
-2.303316470076781
-2.272402598659008
-2.003198441428442
-2.0070377655659093
-2.717072343038366
-3.0058946635723016
-2.911310065539608
-2.675218572165959
-3.063766833155305
-2.511468482841456
-2.5427260267777037
-2.066072462074721
-2.8581365052041594
-1.7327980460257626
-2.5191165890655034
-2.5044648678209893
-3.3590318041677967
-2.7225081301823657
-1.9440717157711993
-1.734768588069364
-3.0419941663935464
-1.3626620059562682
-2.2398798774805435
-4.610980859461192
-4.420394838122691
-2.1517385907912754
-2.43801285065851
-2.725559813386438
-3.1938957346517785
-4.0089043281464045
-3.860781694823896
-1.9985000793416865
-3.129963134073506
-2.6883677245386606
-2.1508138202841938
-3.282164663156242
-0.8569662317542635
-0.9166574061830157
-2.2264192234198905
-3.243424314640686
-1.0268185050384557
-1.134869065104086
-1.5090436202028448
-1.4322151819947357
-2.6375186323995217
-2.7005117788026394
-1.5596642382796584
-2.0746720094253597
-2.7909036697389498
-1.8832964625470308
-2.164554317729369
-2.8144019862158998
-2.847306549702341
-2.784183957644758
-2.5404686212371526
-2.2051964230602676
-3.4395491457779914
-2.5959046929669496
-2.2326731299724796
-3.5617739673916473
-2.995067066052116
-3.4930090425445033
-2.078706357783148
-3.0136658777039256
-3.337428799917435
-3.2010439449971098
-2.4243786711478608
-4.004291109395017
-3.608230761667167
-2.3224399115168475
-1.918968613407928
-2.427645025677195
-3.016235472599341
-2.974404236297389
-2.3272601418055228
-2.482325696900818
-2.72819078289773
-3.2603876008611676
-2.683227695638158
-2.272902718582691
-2.6153965935774215
-2.2732708859953963
-1.9550634631717543
-2.839361769360103
-4.177745944999044
-4.389194104843747
-3.6244547369219577
-1.6999825804850401
-1.6876238422459988
-1.4374641484357036
-1.6161935766223616
-1.8165204838240936
-3.478916316843194
-1.3263382980935075
-1.3660086608982838
-2.583222616488006
-3.7317622047406345
-2.78547254167583
-2.138216383677148
-0.7711393683787021
-2.5677445944881474
-2.47260406834338
-2.8021589552037987
-2.4083255928224405
-1.8918001245485332
-1.9555941213792472
-2.482923315111048
-2.040734294511893
-2.595612900263109
-2.9630901773428096
-1.9215809383639377
-2.5681772327210024
-2.893489821226539
-2.691652225261836
-3.133736887781849
-2.1501916194255304
-3.3864329997993097
-2.4747963384974603
-2.4360761958285098
-2.2982172810647015
-2.584485611693335
-1.758778130970182
-2.27714370395954
-2.4644442226103505
-2.816812490912165
-2.3956930788020556
-2.468751218330678
-3.6065079208570303
-3.346547790348208
-3.016444795212713
-2.5459718145297647
-1.4847228810292796
-2.086040398555284
-2.300406631522735
-2.6364995005249554
-2.828462103820876
-2.135883208307397
-2.8960073668067645
-1.4635030031829053
-1.310042381714375
-2.687077616746529
-2.845739702863001
-2.561305090355392
-2.26921646635043
-2.8004086130929227
-2.9796072972330707
-2.658544643920839
-3.2750468523509038
-3.832322613790479
-2.370314708412513
-2.6667040081239297
-2.6661200610996665
-3.6134477533022356
-3.12559916758558
-2.686260564511608
-2.780062834607316
-3.8866143479360065
-4.012903912326476
-1.9732726703314027
-3.2592981646600157
-3.4206023072320617
-0.906861511628328
-2.5746297457960834
-2.7341365013484973
-2.3847555537241028
-1.437716572439839
-3.1703766569660563
-2.6138281408152153
-3.0439449105121152
-3.0899692147735363
-2.5773719737424443
-2.133615488990967
-2.301385850906969
-1.5949461030765248
-1.7146144751429258
-2.2743150520414064
-2.5060545522362503
-2.4439938743512584
-1.4332073909808087
-2.573645719870211
-3.408103627839388
-1.2363454924762844
-3.17128662410509
-3.052718745325463
-2.8926451213579116
-2.2425450109354084
-2.3181775493137944
-2.10883541452097
-2.7123976571255874
-2.663204863059861
-1.7718181050427415
-1.5225588411423578
-2.9819202605162207
-2.0948286997418575
-1.7317232093327506
-0.8327591510248771
-0.8182094369750061
-3.6224859251912696
-4.0450493251344435
-4.7039313694018645
-0.8337300366911979
-0.42663879463108273
-1.2567709957915456
-1.353077868379251
-1.8784584624332572
-2.5004646803161568
-2.311533359984313
-1.4685419554386863
-1.8236174247728205
-2.401159831932004
-2.217979795481711
-2.3358164370026993
-2.4896130329888813
-3.197107356629473
-2.022176174000792
-2.9978480124967573
-1.3626508710005696
-3.16469482549797
-1.0457197728390113
-1.2560920476895598
-1.3863243118910753
-0.7076627450709619
-2.200963008092437
-2.6410246287153716
-3.0157061881626146
-1.9792284359048637
-3.030104861102873
-3.127231941203187
-2.142122549331293
-1.2057420402129202
-1.821577279708779
-2.177200233567642
-2.536880770885739
-2.583033895222845
-1.9695438043843694
-0.4319542836478651
-0.7505830285076794
-0.07790150047622
-2.4200097616039744
-1.7503033386407216
-2.446706437331656
-1.7852507464714202
-1.9490523186563484
-2.0130452620739896
-3.9193851278456013
-2.3626110256301116
-2.468185253844436
-2.7408775073015135
-1.7018958730097866
-2.2963169312013147
-2.292669416790871
-1.4002769428010946
-1.8334782373837013
-3.2786666151749753
-2.320970192173143
-2.3784323239449146
-2.8052170405090227
-1.6006246365780719
-1.8019705994165731
-2.102099107577322
-4.71924494439285
-3.7472554943853376
-2.631373502785178
-2.5000760720271993
-2.4188348681034357
-2.4188348681034357
-2.9058444301645174
-2.5175791551658593
-2.768903953843553
-2.4796223820376815
-2.477364090422074
-2.514919819281244
-2.503835395541759
-2.6674784217775644
-3.093285867672328
-2.9340571522198737
-2.6327023178621056
-2.5102822359470642
-3.1337821581299523
-2.8988660027823347
-2.1331858883645665
-1.521569204493278
-3.0338871443324473
-2.8117365245514785
-2.0504654433999554
-1.6307655739403242
-0.9843413870796232
-0.7028645932400795
-0.14870388747140784
-1.691829827879006
-1.9331535360383694
-1.692869815168329
-1.814800597783524
-3.738935621071211
-2.1738752740135014
-2.8736423876254182
-2.8466624582506914
-2.4161210969392215
-3.6989759881497735
-2.937120295041477
-1.9257519675539227
-2.527331814611324
-2.667738238762841
-2.6734613928323383
-3.3472091084966187
-1.9177376071434626
-2.276301607021449
-3.918019829206801
-0.11645744843682525
-1.2135436794969954
-1.4741256079084422
-1.4816783894573535
-3.3587535180155346
-3.27136801435128
-1.5006943730434537
-2.8746555748212597
-2.8379208811059535
-2.861759793321825
-1.629322615735721
-2.06695144292872
-4.26880161565721
-2.289595580666985
-1.6410934640031696
-2.3876480323521267
-0.4724394545117807
-0.7954819920839329
-0.7672330078464435
-4.0480863741743445
-2.0029832952485496
-3.376648323047883
-2.523607274791841
-1.956102871731526
-3.559506941212368
-3.548920590661467
-2.9130021430224393
-2.5132673495085
-3.0581139812101057
-1.9858173717005094
-1.5340309066627666
-2.894756329863985
-2.234220096340243
-2.072255642462245
-2.418027452854365
-2.2412742139395476
-2.487642605854839
-3.1047962345180085
-2.984979747420901
-2.464457097129864
-2.9511632887718617
-3.168552388488032
-1.3702351429336599
-2.51806503035565
-2.8867085830659356
-2.8571842715882294
-1.256378068771102
-1.3071702108210468
-0.9521138422585353
-0.9764875707434224
-0.9764875707434224
-0.9626357642489397
-0.9437569175109206
-0.9036810158739425
-1.2558517932317528
-1.829274742209527
-2.0172590164622175
-1.2136271354604524
-2.2448995763335993
-2.1904136770545657
0.04038814902801635
-2.965054953019397
-2.6063522437521813
-2.2417987436771902
-2.1198748017814744
-1.9908136917273254
-2.042260079554111
-1.7924982546368158
-2.4563304710101357
-2.148402879959527
-3.247260835120293
-2.5980733985968074
-3.778642484027227
-2.9739731775667706
-3.387991027952137
-2.363090091077953
-2.049456134282766
-1.0635628184336001
-1.9526442910356152
-2.283949581071765
-2.309752811337641
-2.9018534369073907
-2.665095142789233
-2.129464359167822
-2.3341031702732167
-2.6430874259672636
-3.6288447131390895
-3.169931673461851
-2.65107160696487
-2.9085244111895667
-3.080022253495521
-2.40531090671506
-2.457750170654032
-2.484009705326128
-2.7347333503018585
-2.5447036186020484
-2.878660014257057
-2.4580711781503144
-2.467377215229302
-2.833643409015533
-3.313572384835941
-1.9035119992308334
-3.0159109453782134
-2.6305720205698124
-3.4537386301886355
-3.1612015402163536
-0.7775226222212768
-1.5109661697225771
-1.6777024939185134
-2.250658882956487
-3.1247029184594868
-1.8919953688642879
-2.3170175245375386
-3.099761421665523
-2.238989145341308
-2.9847459373662524
-3.406759590612668
-3.334425820285461
-1.090702883734888
-1.2630656018831925
-2.404912892397766
-2.5548904187968966
-1.6385484897944564
-3.6143430217908126
-2.2427489083884926
-3.195083775025251
-2.8973547502652766
-2.3044858772621057
-1.321408832636964
-2.632081710941376
-1.434035119574277
-3.1345946915360785
-3.0369231856050876
-2.6982584245339125
-3.1105658399399934
-2.5716232119740945
-1.698238696758238
-0.8140944614940809
-0.7863359969899665
-0.2596839045589887
-0.389030695058698
-0.9463555129113275
-1.490971492857995
-4.456253989120723
-2.3888768433229592
-1.9487221578275498
-1.9414141502034492
-1.3569577361222198
-2.1308483678109895
-1.2527774378043413
-1.1367278982580047
-2.2373595902735426
-1.2524529449317634
-2.4195837598788543
-3.202278527238508
-3.0994556617289573
-1.4953095996104684
-2.8899623415403792
-3.125537936532965
-2.5417474707410297
-2.5743723733050716
-2.4045305587677306
-2.894654784490656
-2.4443881800659844
-1.4284985577682172
-2.7424348735527273
-2.708364411024768
-2.12735564127119
-2.3016860159566956
-2.3274390719542772
-2.4361304007572286
-2.7666615202674745
-2.2366902431342544
-1.0470090904592815
-2.037336412088088
-2.7585908282667853
-3.0307427538479343
-2.083824945096577
-3.15479508267983
-1.8690462376831674
-2.0311166400524816
-2.938406755749327
-2.662095235320553
-2.476207098562921
-2.6752803249394725
-2.6111399446495662
-1.8649539550678242
-3.503253183146683
-3.574321600005841
-1.634876617293867
-3.151829644412912
-2.4766076538352255
-2.6452074906747534
-2.380834620502505
-3.0060443501238314
-2.6602673396164427
-2.735185731874093
-2.534269352035575
-2.7161613064290804
-3.4292230624448603
-2.103757637476739
-1.9795512428123179
-2.821599782590517
-2.6723661782201575
-2.4017913735009477
-3.0192187189100705
-2.941611830242855
-2.8081501704317415
-1.0513674054526216
-0.959220676578744
-3.3844915870568895
-2.6828188561467283
-2.107255340779289
-1.5299741387385064
-2.74431804586112
-2.0171073071744963
-2.2909745137122832
-1.6082055729615288
-2.314810427179957
-2.4281258503955
-2.3053970584909176
-3.293789745167923
-2.7941336676790356
-2.6992405487852618
-2.6949566455300373
-2.5083467876084193
-2.438090681774861
-2.6233073698550045
-1.9877958980177344
-3.390473932468103
-2.0124631509213473
-2.739325027730245
-2.187974595728424
-2.0580227921588397
-2.0687695191197917
-1.9872068554126898
-1.5101622202082767
-3.3337387412426973
-3.3264629663302343
-2.807000303039524
-2.191028982197199
-2.757792245173197
-1.4621921503686783
-2.5727986583579208
-3.577111521095837
-3.088375047733489
-1.7447285351304336
-1.9205857625605374
-1.1958011785839788
-2.569830890668883
-3.4310750541072688
-2.1128294064432027
-2.610337696664191
-2.0008372802975627
-2.5686290987641103
-2.358585707155828
-1.501607956934017
-3.38574194372775
-4.085315725837464
-2.170753547439832
-2.637767179780016
-2.6946252705192033
-1.8925675938063158
-2.3951671140300332
-1.8881062719227415
-1.9464000111457083
-2.1539321904414845
-2.4281122956361867
-3.69061828334387
-2.393565134590661
-2.818103415710911
-1.1800679473378977
-1.803098217689858
-2.4171344063951237
-3.0015436413107426
-1.2696575549879994
-2.1487840182703164
-2.6143070236526147
-2.865827749001349
-1.9886759287629856
-1.4862486050438408
-2.0089138293709303
-2.0310540892235394
-1.7639655545903898
-1.1701750635342376
-3.504085769867119
-3.003172819313629
-2.3313932812507345
-2.1829593744455402
-2.83748623053818
-0.8173984151710696
-1.2475499349092076
-2.2559097905145413
-1.27403667856592
-2.200833333835174
-2.37756242680653
-2.4238877395771983
-2.394560183810659
-2.630420293642637
-1.054730946215781
-2.400974768608807
-2.931605496134018
-2.296005372115126
-2.17647547139318
-3.962071770864634
-1.8436580026918754
-1.685384291106801
-2.8823191316461614
-2.5677604836383696
-2.0896849467118908
-2.9468576472922585
-2.8507798760432066
-1.83770391506481
-2.1390088258455866
-2.660205760610929
-2.579337106659237
-1.9308811223160334
-2.4442876487916902
-2.01602910808458
-2.7287146851434136
-2.185793350403209
-2.1512791295745926
-2.8361581404112455
-2.7417752273839877
-2.688250656017284
-2.1104825351815117
-2.250940253816372
-1.4625514017370207
-2.1884916440540443
-0.2901034508532538
-3.519477802525608
-0.14375689972955352
0.06736700322671786
-0.663488080353869
-2.392180185560201
-2.97508403972748
-2.208647927803145
-2.3505448612310227
-2.008961225856897
-2.3745851438529084
-1.8925628997641293
-2.994130527807166
-2.367008879060403
-2.0512777354778438
-3.446516802407179
-2.945439281859488
-1.2327550208454658
-0.9567365095888548
0.12747993500316815
-4.218352873656091
-1.9235919666126522
-3.0745622716927423
-2.1150639560333944
-2.5672864767881456
-2.762963664525623
-2.147229639874873
-2.8298645612938795
-2.4094063447144167
-2.247689696410909
0.5032772400316693
-4.191869684043645
-2.162329254646668
-2.636609253855907
-1.8741202983643757
-2.4558833192816056
-2.1466704214515437
-3.0115629561764607
-2.304510448673275
-1.932152690048749
-2.5747555145750685
-2.2272113452462388
-1.703040171611015
-1.8263046898791493
-1.4720763874691731
-2.5144581689911236
-2.588327825537047
-2.5962848032802084
-2.6714336625152812
-2.6714336625152812
-2.618656864605926
-2.6120475469934963
-2.7739282189511276
-3.1316113516269537
-1.7054887472842817
-0.6173390365666499
-3.1674832384400764
-2.232663717724953
-3.3924290164084003
-2.000856985492094
-2.4416608771366843
-2.8794292134531547
-1.0223752393204868
-0.4830343177652874
-3.487288366979406
-2.5155595766568246
-2.494422448792983
-2.816721705286901
-2.7612559128224725
-2.8222085077343357
-2.7706887152066484
-2.110579154536867
-2.487446180927425
-2.2334065012979214
-2.794925151421172
-2.147112576257028
-1.902633273573225
-2.88694129029393
-1.1040233329427394
-1.9025157266811183
-1.8251346845219292
-2.04729403203241
-3.1184046371310843
-1.5929514090408845
-1.9334937216312558
-2.672132531969587
-3.9468974783261315
-4.542552707145367
-4.148075415503726
-1.8167659564531675
-3.4592409675419025
-3.4555913972711827
-2.089822406167718
-3.5215975578638217
-1.8308250987807695
-2.4410809861876146
-2.055852074439763
-2.3452152533958626
-1.0716810792477545
-3.554262816137768
-0.2970313601375435
-4.629120517276027
-2.569113640885171
-1.8362320855094147
-2.4121772293527837
-1.655420307630663
-1.799648836429505
-1.91744147799701
-2.503186083845328
-2.1287705875363856
-2.0833128424036866
-1.8088293574005874
-2.371369916370683
-2.271003285666775
-1.9947114871873088
-2.0792545472668085
-1.6005224921758598
-2.0481577619743447
-2.8096751168499186
-2.457703117985878
-2.017174966127904
-1.9563063213331564
-5.122837409450552
0.4028745659756138
-4.856538214311416
-0.7740945440299792
-3.017097871545694
-3.1013820353825916
-3.8430790059407416
-2.784891373013488
-2.7223609365918127
-1.3589366438363626
-2.525009369927181
-1.7053786636525605
-1.6792979301575524
-2.102620494392796
-1.5533255911345762
-3.4297385951953223
-1.494139850275805
-2.747282801940978
-2.230834616570884
-2.3562798072062803
-0.5083591634894186
-2.783076748274027
-2.027027732494954
-3.283747485131763
-2.5486131691215657
-3.144699915290322
-3.3665204821162247
-2.4281907261449702
-2.237430668886843
-2.9665641164591077
-1.8310882349745627
-4.47924561143499
-1.7597146463918423
-2.6446655477651326
-0.3554716861393567
-0.9418310169070909
-2.9099530391864974
-2.1528887202619376
-3.2032495876738656
-2.4757612001450813
-1.9056174316003323
-1.8511175161795177
-3.110246794682811
-1.497744303435805
-2.580006521944509
-3.352670134575384
-2.034702820797314
-1.927232912745238
-2.884671787511457
-2.2191881192807648
-2.418033037716495
-2.5231184494039947
-2.102545549453978
-1.6328333789383636
-0.45025051834184837
-3.876386272390528
-3.7615748250031675
-3.6180961281158197
-3.6180961281158197
-2.8384309212204655
-2.193654657980259
-1.169673854356272
-2.150653874897002
-2.98748886306713
-2.427812150528398
-2.789513350716249
-3.0089751069045545
-2.483049158324825
-2.49645772683271
-2.7405975734168706
-3.331529954376351
-2.335550789332372
-1.7761156180224136
-1.8018321227224043
-2.787814078588048
-2.159942963272816
-2.5957213176490463
-2.5413994973754055
-2.849982508760755
-2.4418818081035623
-2.6065186144736097
-2.5154227370572464
-2.563873551708492
-2.9395635572575145
-1.113742737058208
-3.5566039996662595
-3.457065008077833
-1.3531356696047707
-1.7123471938102897
-1.4806470114555796
-2.582506592754243
-1.2686598685471964
-2.156972597890851
-1.6351128070341865
-2.8597118626862272
-0.8525555108410365
-2.880903946284222
-2.7162591053422056
-2.3136991880570945
-2.3233595075347537
-1.807223098694128
-1.1170317143115513
-2.0568549860655443
-1.9211355382983941
-1.5524847569265454
-2.5195137793476223
-1.4330714169733583
-2.40632504610563
-2.6297779885702317
-2.0863160898993023
-2.645658305944178
-3.290787320724285
-2.4989192490450174
-2.2503050563827505
-2.3304377466216013
-0.7863770348789534
-2.173639180727913
-2.3181274585582514
-2.709629849413045
-1.4946996259241985
-1.2985496989507894
-0.949927184878302
-3.992700459358474
-2.48666564937712
-2.7822915843242515
-2.302494706310552
-0.09256895501686226
-2.8770745965688524
-1.4872689591554447
-2.8906981776362692
-2.6289233011985087
-3.3499910073321617
-2.368361473506491
-1.983879189255466
-2.126540617151731
-3.063104128835082
-3.052921043652115
-3.0820020846381095
-2.9809886860564254
-2.8339870697374656
-3.0182433123422285
-2.732866796466461
-1.1868821897520307
-1.3735029358509785
-1.1860350362630439
-2.4922930606604696
-2.5736260456546987
-1.8386140071732109
-2.9078807089632543
-1.7101185888865928
-3.1599160206262353
-2.0901029889630744
-1.555540221181801
-2.0817642711421946
-2.039713394867128
-1.6076965098379499
-0.6302430294626058
-2.7656613292205843
-3.5415759983158157
-2.0980335129555625
-2.516228722181373
-2.7592269805859684
-2.9882402233138
-2.445852695552307
-2.186545720625399
-3.0198315964708202
-3.3784048250200076
-1.9045202605029175
-2.3387918955755076
-3.752281125650179
-2.9754712026607253
-0.5660241369043898
-0.9657773262812026
-2.6163383115264085
-3.049288281676676
-3.391354637965461
-2.642032566252653
-2.0173740622522294
-2.414161326126843
-2.4184199126878667
-1.7119391627578473
-0.859680632955224
-2.468992861035755
-2.9186689786713895
-2.7829139020425475
-3.0303917369951208
-3.099080058726981
-2.2861994172785898
-2.4179380139576168
-1.616782457499248
-2.8804836516684618
-3.215318567193922
-2.154805724565377
-2.920300547755822
-2.5576953103138127
-3.2136419325527625
-3.30238977271686
-2.745199216956616
-2.617031846135921
-2.4383533015960257
-3.1413264858581287
-2.383076405274608
-2.2932443860542455
-2.016762578770909
-2.165605723405629
-2.859508098613811
-2.6709677510973404
-2.8053472717930057
-1.465277683294788
-2.7834611552678963
-2.877392314564146
-2.7474514429172348
-2.808071543862865
-1.965890072152855
-3.06849141022572
-1.0447902104646063
-1.250887585409572
-1.4704325170951769
-1.2506491637958652
-3.305976799018462
-3.6230990813381254
-3.211000525551921
-2.670630373852928
-3.2559983751688244
-1.8046226178573812
-2.2817022838598664
-2.8777559791538394
-2.690652043491496
-3.2532529540017667
-2.8173221646459763
-2.3767882049564926
-3.192746688497597
-1.9073775592302495
-2.1841708159944075
-2.8088243067357728
-2.470944817626508
-2.4985432031228596
-2.6135660987712654
-3.5651853530879847
-2.8396619649733084
-1.3489713194709994
-1.8246706822531749
-1.7814901445563749
-2.265020284894731
-2.0674739000208024
-2.6529614347626866
-2.5399733990604774
-3.402870395159282
-1.5337280699280142
-3.2854688678721877
-2.3151540457772515
-2.4275732064432516
-0.6373196002446524
-0.23559256831672282
-2.3168866977659737
-2.9265864729661346
-2.207449954691714
-3.26838117376896
-1.7054108528069658
-3.0814139897965016
-1.7955549276438003
-2.417422141257898
-2.4842630929386713
-2.283080138974297
-2.826449313425945
-1.8548345430389557
-2.9290110676085592
-2.7703495933349562
-2.103174197067532
-1.643014497978861
-2.1163799053629537
-2.0343332225564335
-2.827693102957441
-2.63150407862769
-3.0816312155133367
-3.0065845180877013
-1.9953976718787967
-2.41355766691366
-3.5885572922786704
-4.012748752879773
-3.2694369734358695
-3.6024616485401832
-2.1339948428809494
-2.8393060060629565
-3.1252310693051255
-2.3528159099947135
-2.4579654008722644
-2.734254604995988
-2.5420006390787577
-3.2426774734339703
-2.3499933933615775
-2.7530509907218073
-3.0164068709171765
-2.163394019377576
-2.822491880597974
-2.408777990066814
-2.7416761903388185
-2.428153072944325
-3.0738743177049397
-3.4579561334736972
-1.472900302913554
-2.4235949745859204
-2.703881912477432
-1.3957648147946107
-2.8199655126167933
-2.3140968731767453
-2.221826899814003
-2.061399957913848
-2.4003020409213778
-2.7381189674321265
-3.7523301337145187
-3.5535533588371075
-1.7125938467548485
-2.556124961335083
-2.7566847691014464
-3.2650616043011045
-2.3794316141823133
-0.4290353066733634
-0.8545546342927177
-0.9603305037048637
-1.0642113895087093
-0.9582648147252746
-2.1510988668732947
-2.2063000973561624
-2.2936779644741576
-1.9787092893207143
-2.128418006468284
-2.9242080953149396
-2.2155218092907383
-2.150511353543436
-2.397822092219183
-2.397822092219183
-2.360567577786114
-2.694637479198959
-2.39917002657104
-2.7255899674097797
-2.7683422845260672
-1.2220851094789473
-1.425926054826225
-2.8135856216133464
-2.7702297907563285
-2.691981553802884
-2.9820275237934513
-2.421718783573935
-2.571623614616732
-1.8825687191291023
-2.115411096290777
-2.097332641289995
-2.121878404416691
-2.8283171456261815
-2.2076854634567016
-1.812721438340087
-1.8506955687086755
-3.9261870247665698
-2.5237863381170342
-2.6635382753683463
-2.2041187912141207
-1.10027326292141
-2.0455582827480927
-2.110090502357047
-3.1835324299687993
-3.5117353760757655
-2.397396479494513
-2.481576158064882
-2.32797287866224
-2.9572849514237025
-1.657102300709665
-1.669153519746368
-3.7409633600377155
-1.5849650729208666
-1.728615085257673
-1.7215816555098307
-1.762835391684567
-1.7155019720675506
-1.7537391750052789
-2.1804252742841324
-2.231973532142157
-2.108981664238897
-2.159295000970515
-3.272997894631186
-4.702542410583311
-2.4798402354791613
-2.3959287518110477
-2.3105172595234706
-1.9613093862127886
-2.088332804344678
-2.3479914279422722
-1.9625216076275518
-2.781710108285655
-3.600099436943989
-2.337086885112093
-1.6390836257082249
-1.6803880963958908
-2.363633498643477
-1.9323457108044422
-2.121474635869265
-2.7362137712873063
-2.565616955476271
-2.6969468971393966
-3.043372938317338
-3.064584597689833
-2.884372472165011
-2.9048270005175967
-2.0397674838024624
-2.069589904643736
-2.1059556765258676
-1.921493954963773
-1.9520091863049487
-3.0666747242437546
-3.102280343219533
-2.290539671600133
-2.1498873142482804
-2.4131020444090274
-3.9643652211719678
-4.02672053652751
0.04142879309846875
-0.0149499452635995
0.02664194061645155
0.03865985622120946
-0.06919591822754675
-1.4581299261734912
-4.556852911239585
-0.30702201220577957
-0.9606878517012482
-4.5202999229922876
-2.3702116499165604
-2.3168418399883386
-2.4673273872348913
-2.5273549444856824
-1.7160114112721854
-2.5733286910083777
-2.6939337827825605
-2.939499061696167
-3.548445944260373
-2.2744369153905635
-2.8833246053017456
-1.3901003441324538
-2.6812947227233246
-2.71169280894398
0.8806398213802111
-0.9332303552850345
-2.020279844491202
-3.211478097786779
-3.1988049910549137
-1.7450997428798747
-2.404007297431706
-1.95350759904457
-2.8105859230722374
-1.4670495166035509
-2.174291399923565
-2.7265786178150364
-2.321760982742894
-1.9863448301114779
-4.116403757613236
-1.8629297411492933
-2.460843656213808
-1.947730290892542
-2.3707767600473386
-2.5226341056873247
-2.939310106633305
-2.3285570790713503
-2.3735766450140816
-2.51902974728075
-2.6179681350139523
-2.4668166936031857
-2.8727238593946254
-3.0028280677144843
-3.0090281717313814
-0.9339228398151748
-0.7589448600144193
-0.7685988772832888
-1.6130071480652293
-1.531034725357522
-1.280462385813171
-2.543094513177309
-1.9016222591881162
-3.409017753136754
-3.657141700280649
-2.6010253966163233
-2.529347342779239
-2.3037064105000393
-2.387140563291176
-0.4230450927174118
-0.8660720607396287
-2.0632424480495644
-1.9588617049490027
-2.054714476021441
-1.966810029599139
-3.4215847826783494
-3.650458264075919
-3.60724799492228
-3.3070115226815706
-3.4285611296323166
-3.1392954835292124
-2.8332085753666107
-2.928571567500161
-2.928571567500161
-2.96384826987105
-2.979325997789954
-2.979325997789954
-2.946752189178391
-2.9840400664029043
-3.0073742696254513
-3.0073742696254513
-3.0073742696254513
-3.0073742696254513
-3.020903856827756
-3.017146351177571
-3.0579513661946955
-2.8405689443621838
-3.383950593490871
-2.355446947622625
-3.0047004667164208
-2.657473640880921
-2.4184516023312304
-3.0145954578280096
-0.2775191788706032
-1.915152989792846
-0.9080684345425682
-2.293235647586475
-3.230189859777648
-2.5307008331272414
-2.7061883812403233
-2.2641330818921945
-2.229551589849314
-3.049860048585813
-2.9510942764970753
-2.298604945592962
-2.269211628877041
-2.101157483130194
-2.6418773477943605
-2.652126396725084
-2.7180658820854275
-2.4886461054777755
-2.734629166530069
-1.306143079471671
-2.32328357022918
-3.1104444680805163
-1.277611029950457
-2.4240897175084286
-3.2758029650298206
-3.3543790769107136
-3.182963317102439
-1.6030378053840009
-1.2979105597162104
-1.6366645111621634
-1.6131116133926415
-1.8031097555415891
-1.4857497597258145
-0.5194372348319634
0.18358209157597943
-0.689591353667443
-0.8573992136411116
-1.804649574707348
-1.716683053956546
-1.3719409304815542
-3.6575978915258776
-2.9310533394134537
-2.086243749862988
-2.5646043101794054
-2.2650759128643947
-3.0006385996799363
-1.438840416480503
-1.6673433598127712
-1.6173453068950132
-2.346672932955226
-1.9550843759516399
-2.8381428016014008
-2.9754428386005496
-2.5908693999574273
-2.9729132949278068
-3.2157776863310725
-2.572108895378156
-2.7909209833077977
-2.632973747171549
-2.898670661557375
-2.292540763789494
-2.088583833706461
-2.6622007896213438
-2.780501514860906
-2.6733434697783016
-3.018344005256021
-2.4711735327058686
-2.161453239232812
-1.4968988045459244
-1.5257373661864408
-1.4926349711729443
-2.387966780981268
-2.630356275162049
-2.5858658324121193
-1.5828784085218015
-1.3914033105189043
-2.2846653265742134
-2.5276411793829388
-2.1805968487338023
-3.230911554624665
-2.4971650186427294
-2.915792826627663
-3.159620536065509
-2.3091743631617008
-0.5441974906437446
-3.604368113085295
-0.28093871431812595
-0.446941042064976
-3.7755015510284426
-3.023370701542084
-3.662958104627107
-3.7107445985782457
-1.723903704181493
-2.8720351680855485
-2.1182632662662813
-3.4002594208604964
-0.506599198101929
-0.4052754474061129
-3.8100912637024815
-2.9679677453711824
-2.033939254714268
-2.5514975437632827
-2.887239786993062
-3.041904111532626
-1.6384467559713933
-2.0554747928718275
-2.4285199547530016
-2.3021958729499317
-3.0702811070868408
-2.4871898068242233
-3.2582730420522386
-2.37187323480598
-2.3649617639787786
-1.7150378881345456
-2.651058776126205
-1.866621172988411
-2.271482655488013
-2.029971667797851
-2.6398586096464225
-3.501895748643034
-3.205354491079973
-1.7341460145292182
-2.9465755376141125
-3.7313425251432166
-3.4609940543930637
-3.3806927724610314
-2.9468007647566226
-3.2743302830057512
-3.558164301753838
-1.7499940807189287
-2.711891955633372
-2.106163396955516
-1.5298812535736055
-3.0753561921703585
-2.8803695617633265
-2.677870906961387
-3.0132146826073924
-2.401557989236355
-1.964936122864376
-1.6432101070869787
-2.9020549009656462
-3.2284470721504537
-2.7156655504482137
-3.301874261907352
-1.1367264633545253
-0.960125685109247
-3.041793949244652
-2.1331129711659735
-2.6024604466436916
-2.648002844294055
-2.766177017916041
-2.5507150187398313
-2.2083353758519984
-1.954305360418958
-3.2479204029763156
-1.9950892197365397
-4.136706588868379
-3.2217409585382986
-1.3175963642395747
-2.621341776358708
-1.803441572963091
-1.7505851265776808
-1.693622646791836
-2.3997946870656515
-2.5391527619893934
-2.0320104340247185
-2.457121939111994
-2.7359441981628323
-2.552021583611964
-1.953531052305917
-2.6662394283117865
-2.2947046302299268
-2.622669145109534
-2.5957647315417165
-1.7626536877701962
-1.8350619868668947
-3.9113623162307745
-0.5497760700272245
-2.6823595979696337
-2.8731947737338728
-2.021642929823291
-2.219469387300155
-3.455244661395965
-2.21596942477893
-2.783020513879356
-2.547304599401903
-2.9495386904039926
-2.691603466118465
-3.525984581487796
-1.7457965982162014
-2.010337159295083
-1.3704062829415509
-1.0147017029405467
0.005028786955738472
-1.6205165286064191
-2.1966360205826905
-1.09595454787437
-2.4911653106638822
-1.8684122465584492
-2.0120808471215037
-1.4024213772122305
-2.5702276188384743
-2.4817124794127583
-2.522835439564463
-2.378480810061974
-1.5673488147674843
-3.0341926458298696
-2.3745992267064637
-1.277758423392282
-3.048001018674847
-2.405485696449629
-2.287447389618475
-1.3774925182228799
-0.5624637584577794
-2.272911205595151
-2.7048122578370988
-2.5729360159663623
-3.138330020858834
-3.446995679301592
-3.4434264163601154
-2.5151824115111485
-2.549211432144712
-3.2037392351953393
-3.5637865630041152
-2.4045096860431996
-1.3915611660969318
-1.1055245097427493
-2.3466463177766896
-1.4645347275106244
-4.436056344447186
-3.7476003742507227
-3.5238406955021073
-1.284332223055067
-1.5243261096093208
-3.2484075581172656
-2.5541559921687917
-3.332863391745646
-0.6452063634947514
-1.0755525894373668
-0.041565870617242644
-0.08323198549173953
-2.9830853310622554
-2.9771115917765054
-2.5235256326889663
-2.3156578912129135
-3.4118866494982494
-1.7500003433431166
-2.6696700458892595
-2.2829513614871715
-2.7313494788833177
-3.2747093411262926
-2.098128246645637
-2.3352250337154485
-2.680000044942206
-2.677384629223658
-3.433420723275606
-2.2184948942680855
-2.06908783485025
-2.755630696924771
-0.563091721303215
-2.4569746475804726
-2.3410177803782273
-3.3236929399896225
-1.9278931168543472
-1.6096165066186192
-1.036731546484827
-3.592548549544645
-2.3550521003145573
-2.6176290288032087
-2.3813314872330404
-2.5536122296589783
-2.9353008065229673
