0
-1.029827163912656
-0.9746900320517774
-0.8586832134247825
-1.0242566732975784
-0.7670887427054818
-0.7368071604871598
-1.1118531966500864
-0.8814399570308374
-0.869826094361352
-0.8980524828048739
-1.2620255869220207
-1.031839082568088
-1.009027309852505
-0.9056928690105509
-0.7966769391583579
-0.9712472583739851
-0.9827403018635132
-0.9941454228769155
-0.9051749190146222
-0.7568105058057307
-0.8564347543809199
-0.6553233827748622
-0.822533507804578
-0.9444931823631904
-0.8793754516207732
-0.9369198328034907
-1.1553634831870365
-0.9124317808210631
-0.9018480277747368
-0.890698483804598
-0.7096928489936888
-0.8477545525925947
-0.8394965547303994
-1.1071797308549816
-0.7555404404721612
-1.1389808061390052
-1.0134966404526056
-1.1227864224229331
-0.9351069785564549
-0.7800191209917384
-1.1391776429526428
-1.1107195579537992
-1.0789864578980946
-1.1512541071413183
-0.7424766404450655
-0.7178318183625638
-0.7002594127321397
-0.9996718429179137
-0.769352792319744
-0.8807374600135971
-0.954069160937405
-0.9336382292322118
-0.7846296303147489
-0.868918315609773
-0.7744586949666304
-0.7556058136904756
-0.6809863528674934
-0.7870752997881503
-0.6484741747208068
-0.5925207578790936
-0.6350329876514791
-0.5539852157211388
-0.5721691923068318
-0.8971692421283612
-0.791880743924671
-0.8094511902942216
-0.8296524727119277
-0.7740824253674096
-0.7701851704527942
-0.7877389399524594
-0.5824567157064674
-0.633381056252641
-1.0521582763342796
-1.0097586975108868
-0.9059169873739842
-0.8853454403267704
-0.9060444218488894
-0.8806705439605401
-0.7944206909006842
-1.1233019075776993
-1.0371592717765987
-0.3068427180919857
-0.5440354944261363
-0.7003306851209717
-0.9977790895339573
-1.0722153641518544
-0.998870319617224
-1.090047134861408
-1.0693133472208542
-1.087444692669379
-1.0558569474246782
-1.170480984370147
-0.970347197443177
-0.9223854792496556
-0.9203380265749704
-0.8273413821592864
-0.5648811800240497
-0.8559670315349289
-1.0143656107372887
-0.7345309410054705
-0.9689259964981348
-1.0756883172712477
-1.216160342333697
-1.0823874759436063
-0.9442146274420362
-1.0442846288626444
-0.9938729572642282
-0.6941909232372306
-0.7777709001139576
-0.7271473405802147
-0.5820696486627651
-0.747447295663602
-0.6045232600661692
-0.6885915608477963
-1.0410182265225592
-0.8611941348553325
-0.7907729568053911
-0.808867993764605
-0.896395431233131
-0.93674874903213
-0.9865184677448227
-0.9488234542518732
-0.8285436975765018
-1.1300742741330208
-1.0578517319691771
-1.026486462408744
-1.0308773954976567
-0.9035976394542277
-0.9797038601114146
-0.9898691223402278
-0.5110742542850166
-0.8533653905961869
-0.8775667167844926
-0.9133458538403127
-0.7656099587464672
-0.900593771721202
-1.0303390595067428
-0.8567245739215866
-0.7562191543074497
-0.8135873442538023
-1.0755493397735756
-1.0851193644323776
-1.0069699864270745
-0.9416931907392668
-0.9015317672138492
-0.7052367798594029
-0.9447426199163506
-0.863960011009771
-0.8349686112011149
-0.7937013957009812
-0.765030979269254
-0.7917856273416312
-0.855708465768059
-0.8836635583787736
-0.8285171195856729
-0.9089172621293065
-0.7287814746418309
-0.7116850470717833
-0.8895199612999525
-0.9040951957514496
-0.8483674825048939
-0.8243008688765635
-0.8171062437088367
-0.9158339710836946
-1.0852853360704209
-0.7275653309194565
-0.7384002518375815
-0.667557179313325
-0.8179171430306247
-0.7351332369407708
-1.074375721380223
-1.013044199687151
-1.1460463587924543
-0.8377404428176178
-0.5252417926095059
-0.5673742703111446
-0.6033670264488985
-0.6271161561767212
-0.5477305581908932
-0.5265580949611934
-0.86815069452237
-0.840143347509911
-0.8839825107927591
-1.0104067926228224
-0.9818102779414281
-1.1366833294762206
-0.8366307396160498
-0.7400171629306871
-0.6236127604746687
-0.7235585917403505
-0.8257319558158565
-0.8676758854870494
-0.8220043801424839
-0.9758588842834005
-1.1363163840820443
-1.0239554445976928
-0.7759808575069106
-0.7693310851916673
-0.7546594565753181
-0.8932384753299879
-0.8218488381568205
-0.713911443184158
-0.6980671037413289
-0.904365587971774
-0.9079252555198969
-0.8941220598795625
-0.8653150575944968
-0.7946689617351445
-0.9143838339617533
-0.8081482672238334
-0.9216868621443556
-0.9596766343278761
-1.1028419905518572
-1.0315532540535728
-0.9573308685884536
-0.7886780639710533
-0.967651886327554
-0.8390190895536
-0.8117367726368628
-1.0379013744066516
-0.9841100215503017
-0.8649985130328268
-1.003336269746334
-1.1055465957885857
-0.9460129391248855
-0.7277788125170657
-0.8034988805385377
-0.7999058719445563
-0.6799188391368299
-0.7274699903160661
-1.0225507238196339
-0.8922156152810197
-0.8650750031159826
-0.8743074259449458
-0.9630263861055041
-0.810794300128856
-0.8194178087626275
-0.7103282272348305
-0.7752662857592432
-0.7807556173718709
-0.7359717747395326
-0.9698033526517152
-1.0309313811753225
-0.9708539645681411
-1.0073567935704435
-0.8470632871014004
-0.39690959600033704
-0.5441098701433145
-0.9302708816707577
-0.9785093227505008
-1.0339750888343322
-0.9883580554792991
-0.8313044607325905
-1.0363453375872316
-1.1561528567571446
-1.0790384192289544
-1.0619834242691542
-1.0040952535848313
-1.0804665748122406
-0.9190584235410934
-0.8741912888251574
-0.849199347801438
-0.8301396383276145
-0.8707816911151661
-0.84433338307803
-0.9305213620749788
-0.835763339961159
-0.7831853249273993
-1.0305009090705421
-1.0305806064722454
-1.080433834370135
-1.0926377733063157
-0.8665471830350273
-0.982086864903397
-0.715449709220799
-0.7349346714174251
-0.7374098711178678
-0.8394948620972692
-0.6372618991808665
-1.0558275115632112
-0.5401164579742673
-0.7521935721506046
-0.7643250552072468
-0.9872912054076457
-0.8871365857910049
-1.102884244792467
-0.9233612922555017
-0.81963483748628
-0.8143498036512327
-1.0988374812513462
-1.2422480990112708
-1.0848983655316313
-1.1683381685127607
-1.063449236688617
-0.9727691345872135
-0.8342702727681979
-0.8318969997686683
-1.2428230401373133
-1.0090486330333126
-1.0295971994615276
-0.8369184980798925
-1.0973754630914503
-1.1024820992505349
-1.044370954887747
-1.0468321190067156
-0.8431421084931249
-0.8966456196382401
-0.8813469003140861
-0.9269928054015115
-0.7235387331067532
-0.8767499153984477
-0.7751272613396706
-0.7218992604947316
-0.9943453971020333
-0.8949967710133491
-0.8138938097313131
-0.5770778590047266
-0.4758030720226278
-0.3644037189175302
-0.7481205290496723
-0.7452325172260067
-1.101823831332193
-0.9833335926098713
-0.8068308152812302
-0.886644998705874
-1.0683084864259211
-0.880325121568565
-0.835870335618302
-0.7779512096013431
-1.17923687064857
-1.2744947233506208
-0.8105979155063753
-0.7799781599922284
-1.0553532932450258
-1.0380921731272317
-1.1024669185500962
-1.0183408329760624
-0.9547545197063002
-0.9145106385203642
-1.1087418053735665
-0.8239019354840871
-0.77908848334918
-0.665424722344553
-0.8387371790351773
-1.109396603332314
-0.9899940380752875
-0.9754680035418807
-0.7678359374877607
-0.7395514938215528
-0.8578343636828006
-1.0027418310222378
-0.9077144091132212
-0.845384439285193
-0.714966745871481
-0.7788006452721072
-1.0617862096018542
-1.0259562293531344
-0.8283860432203214
-0.8800027741911203
-1.0010463794866835
-0.9398190723350406
-1.214895044181365
-1.2270571405297819
-0.9263675538637899
-0.8899627089227504
-0.8848111978361302
-0.9410362832129221
-1.0288950969884567
-0.969433039433156
-0.9519148688922987
-1.1841742915598898
-0.8331708075021923
-0.9091774212688499
-0.9349775290547714
-0.9206572499114971
-0.9779959044011274
-0.7022239326718349
-0.9892988773855553
-0.9133419373689595
-0.8942590163978335
-0.9867523399343564
-0.8973244784074792
-0.743178914545315
-1.0721930091565424
-0.8101723634561893
-0.8229774213344115
-1.1217751908731761
-1.0598221845100821
-0.9382086020637226
-0.5879916116567201
-0.7899181431635505
-0.7302876291284958
-0.9210462097790773
-0.6515024519619971
-0.7577392662389729
-0.7100920982119165
-1.094621811992679
-1.0254482035499375
-0.8201247800579509
-0.6797938337980897
-0.6920328024853172
-0.9146565941461154
-0.7628216987142632
-0.6494366043959819
-0.7876024169271347
-0.9124550139265694
-0.8417428764762316
-1.071262244931217
-0.7445447797700592
-0.7670760217903997
-0.7695698601494113
-0.6707569834968643
-0.9218015413068724
-0.9426720316811057
-0.8835704275414664
-0.8535702866530331
-0.9421294554855287
-0.9206329599878841
-0.9648411759537997
-0.8369666328513256
-0.8560925456079105
-0.8559349542569087
-1.1254713345955374
-0.7516312740909382
-0.8172939599612403
-0.9508260982861519
-0.7120955366333312
-0.8018119266671533
-0.913901435470814
-0.8054835516450531
-0.7879867962086469
-0.5382709147900615
-0.543731404606231
-0.8332952151809896
-0.988517987655418
-1.117394669942678
-0.7084784597135126
-0.9873455311785856
-1.0849054827017954
-0.8258061108158987
-0.6109284787987214
-0.6594969361691381
-0.6402216150301273
-0.6218232736661686
-0.762488438236306
-0.37360446024619476
-0.35812483356335834
-0.3731043152725188
-0.1958447206579444
-0.8901627184948833
-0.8985498372650397
-1.00313154311749
-0.7570537498946665
-0.8761010790790903
-0.9437137501871935
-0.9815964171343557
-0.9272760869751688
-0.6966003854235054
-0.6939149856434523
-0.6820072706369865
-0.9297982320434087
-0.8204402947790395
-0.8949869610047902
-0.9233060800669829
-0.8055326627034441
-0.8703974036406585
-0.8465488464539247
-0.678510496924239
-0.6469491692895203
-0.7367266013170736
-0.7014935492069575
-1.2122158514275108
-0.862513678171529
-0.9131781486237327
-0.8577810094123559
-0.5168523398290651
-0.5752513316776415
-0.666781706552669
-0.6931993853107277
-0.9360190193621126
-0.8763970200613176
-1.118958999622678
-1.1224137037671051
-1.0328927924962261
-0.7246858678451771
-0.974372236656924
-0.8916087817659774
-1.0385303244772959
-0.9290231042518932
-1.1122845051173582
-0.9310738614208879
-1.020547273115541
-0.970482769260379
-1.0168809147859559
-1.1780729957187737
-1.1653589028370535
-0.7079360949535226
-0.7727733817584868
-0.6660329340375483
-0.8698101905275518
-0.722385518987465
-0.8324863521221535
-0.915538175642573
-0.9899634998036139
-1.0676902659228533
-1.0130424841238006
-0.8506122061067152
-0.8926850542468262
-0.9972354894998525
-1.0096206633279416
-0.9923488922708602
-0.7500144210477979
-0.7014877245649739
-0.7830295314330263
-0.8586385979605801
-0.37702403807079365
-0.657878491754317
-1.167153452108222
-1.1322675902317576
-1.0097285900997914
-0.722428371162627
-0.6316254787237028
-0.7919026795581433
-0.7441256573415636
-1.1076065891935396
-0.8738045664167663
-1.1037476339329921
-0.961820613394838
-1.0135076030215369
-0.7571158883800284
-0.5480007685426891
-0.8304076386856826
-0.9437303044196922
-0.9558075515608968
-0.8365123407970093
-0.8824777779681103
-1.0033671511177413
-1.0621409991214361
-0.7630715306396393
-0.7632315242031753
-0.8116144842483323
-0.7993473012982895
-0.8117709895734885
-0.8033411126754514
-0.9428317062832237
-0.784707604262615
-0.8500988378362738
-1.0298286953060214
-1.1162003348413965
-0.9471589306204109
-0.7829069656257313
-0.9467602630866992
-0.7212731886682912
-0.9165797095706574
-0.8637828989854242
-0.8260241120979753
-0.8718015054319426
-1.164441422629087
-0.5162522320278665
-0.7822524873302201
-0.9481483814010789
-0.9604717812782979
-0.8218223786173029
-1.019802330715421
-1.136782100778569
-1.0945340944740367
-1.154214046310476
-1.0810686843879258
-1.2047069536608566
-0.9127720776507748
-0.8457943842698352
-0.9155117808936633
-0.8806352193089518
-0.7482773961862682
-0.9070861878778124
-0.8191894250299635
-0.8515734948576908
-0.8644438505008825
-0.8709667090193467
-0.8751988972509654
-0.633307904014036
-0.9382546624128375
-1.1149854183788337
-1.0701325430098556
-0.8988967943633225
-0.5731050628823176
-1.284818920756881
-0.9594093418443987
-1.0040635739992052
-0.9948735246673972
-0.9393402154218753
-0.9805242101288212
-1.1832661359933991
-0.8605283283615658
-0.8132811451586113
-0.9691253344294832
-1.0111920913649461
-0.9673668071448074
-0.9809753826161318
-0.6448469222563182
-0.9269248803442557
-0.4481422935340868
-0.40584308144738607
-0.9035920560931283
-0.8239360738500346
-0.8065800726141995
-0.8709186131460941
-1.2037360355512254
-1.1780724976949613
-0.9935877104799479
-0.9558451899334949
-0.8053386091312105
-0.6619962103459542
-1.217340088224756
-1.0686393205334719
-0.8259882657022917
-0.7217352235356718
-0.6587492189953295
-0.6092057069017902
-0.8776620557896663
-0.8653905304393216
-1.0252582874005123
-0.8566461523585273
-0.8535341185669201
-0.856632322754081
-1.1189305041820052
-0.8717890676218822
-0.989667728218778
-0.6673440974547395
-0.7318579603609695
-0.8840360768300046
-0.7471919211565334
-0.712952115056425
-0.7525895890469849
-1.0744646773459423
-0.9770816649273807
-1.0544152966935827
-0.9530519683794657
-0.9531763866025823
-0.9262998559181758
-0.7618618971063124
-1.09927824192175
-0.6625077245684542
-0.5512528517702768
-0.6727869213009124
-1.0227968966511392
-1.011350611518132
-0.9451740300323522
-0.8302944832785268
-1.114807632456207
-0.9396437770005645
-0.936282274908842
-0.9334865875551143
-0.669314927501966
-0.734201964323498
-0.889305700273816
-0.9927217491841358
-0.8177839488865449
-0.7746008010287099
-0.7429642931770203
-1.1671469212322723
-0.927696707282213
-1.132501890376401
-1.150530579893358
-1.12098143603001
-1.1820928817003065
-0.9642992229219195
-0.6196916328562982
-0.9351649958819256
-0.909164068501058
-1.0203119722757823
-1.023483011734776
-0.7266939656727245
-1.03987411139198
-0.8977290510179567
-0.852812447307779
-0.6706644684192535
-0.4644067112557217
-1.019075782267568
-1.0174372587485772
-0.7349223101048374
-0.9136628197695027
-0.6889754607842994
-0.9472145694149788
-0.9312690654624342
-0.4632973233109723
-0.5542383178871509
-1.1312223309030183
-0.9163829030535146
-0.8185305570295889
-0.7941446689120559
-0.9197411327451152
-1.054644220078943
-1.1019307077928482
-0.9066388020930878
-0.9225974971823928
-0.8837902909465986
-0.7900719595268753
-0.6937556704207872
-1.0893664965640748
-0.9725659487159621
-1.1139031506842296
-1.1399164850594254
-0.6854146204542124
-0.7903597963983868
-0.9968131945963273
-0.9523316440821924
-0.9354889561841991
-1.0637090406092395
-1.1686158671425169
-1.0989274438062442
-0.7556175526581079
-0.8123143872256756
-0.8313245653206454
-0.778781679795565
-0.9894205742822643
-0.7593921634961008
-1.0183691354160356
-0.8131380372637368
-0.5657700421433333
-0.5197088576315819
-0.9058605498488164
-1.0187003068327403
-1.0354134432119309
-1.071770307083593
-0.971982444516065
-0.9920262524279349
-0.9088793471538866
-0.8274607219380258
-0.7137817103924394
-0.6378958428056055
-0.6558010115338659
-0.797781492186972
-1.016092055498868
-0.987030545764799
-0.9896952418041061
-0.9670303304840457
-0.8544041637247535
-0.9900214018288915
-0.7771936713923739
-1.040643643688973
-0.730319083586368
-0.7544556203119016
-0.6899482391546065
-0.7107122157167547
-0.6743132625764495
-1.0986225468688133
-1.012775543459245
-0.9948666521911887
-0.7952395289936772
-0.613610601978793
-0.7205298003519888
-0.7574860589061948
-0.7381023264578713
-0.7054772191246158
-0.9939075444530007
-0.765605633230518
-0.7695326232898418
-0.7642724190704926
-0.6359856647248224
-0.938799245521013
-0.9088511865523907
-0.6383161701242929
-0.6256673752198377
-0.6906821539115844
-0.8412568011344397
-0.9529770617114758
-0.9554847005425401
-0.847576228475236
-0.8052340896449073
-0.8751028043855614
-0.979870469365014
-1.0269518668401243
-0.8421629779098435
-0.7071888780156044
-0.7534056496798135
-0.8422044935214186
-0.7174081896373523
-0.6746333158745385
-0.6903847012428995
-1.039750332021292
-0.9139915416207814
-0.7633727903099291
-1.1838181132873693
-1.2100006425920122
-1.1911729435477414
-1.130741387216034
-1.0840159606197772
-1.14845335442309
-1.116845675419501
-0.416660356872913
-0.6482049531374052
-0.8040367720329875
-0.8803802173907757
-0.8859977690750757
-0.8090899519692337
-0.8134508411066034
-1.1609604514550693
-0.5403335662378297
-0.8303045682098106
-0.7264038742007511
-0.8782369424734755
-0.9972964181348547
-1.2481439528927316
-1.0971442439012686
-1.0509615283799758
-0.8921455097556266
-0.6673773604636024
-0.884777639292903
-0.7368150324515467
-0.6910508550347337
-0.6470041484416721
-1.0783608012820374
-0.8881999342992983
-1.0347403355615399
-1.0516238585509219
-0.9336384981401646
-1.0514486987631593
-1.0441348188041286
-0.8436255503662956
-0.626503211141718
-0.7920512591782993
-0.850111596716948
-0.8810349375233865
-0.8640471230728508
-0.8132807796933119
-1.0369001955081545
-1.0096677539186747
-0.9205132532100208
-1.0639363526871424
-0.7448615365524084
-0.5842888322971734
-0.6945630482887805
-0.9349499236816247
-1.0362187289397307
-1.0338654964233986
-0.8518768948674104
-0.7834320537448171
-0.743847709874981
-0.7729076643446762
-0.597901932037309
-1.1618129477298142
-1.0142904731964912
-0.7154298502373674
-0.6968938097650437
-1.0565779547281613
-0.7347937829683757
-0.6809706558710276
-1.0049807156587929
-0.9851253189003162
-1.0378475955397475
-0.9443664785203768
-0.9712335966581658
-0.6926071852954426
-0.6084698471649385
-0.6285413645915732
-0.7373832492801936
-0.6815718339408859
-0.6160265965341686
-1.0045533271047686
-1.0377500276727654
-0.9829884286407248
-0.8138665240968715
-0.8049804484663625
-1.0539672313186714
-0.7871940290569939
-0.9985136446173357
-1.0865482362371055
-0.8003903611695826
-0.7672175651877781
-1.0040858414562748
-0.9758482319170269
-0.89523541645863
-0.8151663213574952
-0.7523324316812563
-0.7886409484329566
-1.0014975682596419
-1.0983636875515397
-0.7497236087274958
-1.197793599931217
-0.8953687243705082
-0.758818573029475
-0.7339246502805487
-0.7764562688272012
-0.8037004250213452
-0.8595210712487911
-0.9500945986332613
-0.8987746362007671
-0.9601242649730963
-0.401433657069028
-0.8375459238036872
-0.6504105359574304
-0.5829532880027043
-0.6400221154621256
-0.7363956777099513
-0.9307886648689969
-0.9740436958514365
-0.9029218579296752
-1.0481119648946988
-0.991641796971397
-1.1089981290824698
-1.1447034671826968
-0.7834815458076277
-0.8144783898260423
-0.9243834716683048
-0.934626553812155
-0.722855167196681
-0.8266429763748289
-0.9863075082595443
-1.023019561752656
-1.0729342988412107
-1.116269026539225
-1.0256006768988923
-0.7995313012371035
-0.7974953400507714
-0.8678728898014185
-0.6413208854041235
-0.6712991757444894
-0.8011973588121857
-0.8658028766726151
-0.8677770642949887
-1.1237459229712947
-1.0293546191050285
-1.0121770522721456
-0.8711160067897485
-0.8317315094118604
-0.7063570660158117
-0.87998792656109
-1.1341689374853832
-0.790998452093493
-0.7365678255037506
-0.9547768370228743
-0.8385426497203541
-1.270550726368855
-0.8697163889459824
-0.9389433194589144
-0.9460542906511547
-1.030597437815119
-0.9654447721235239
-0.871272919221783
-0.707042616684529
-0.7877339294442706
-1.1695397471007623
-1.0449332988543807
-1.1220795999274953
-1.1841603863241528
-0.8485854615349308
-0.7202312328838083
-0.7112430090976222
-0.7098287903045886
-1.2115204011360257
-0.8261778206223337
-1.0627849631967363
-0.9256623139912884
-0.9568601387042143
-0.9569974640328296
-0.7247041027878657
-0.6341765805661055
-0.6048736185106345
-1.0656366155076686
-0.953571753845208
-0.9755152550627255
-0.8620982488080399
-0.5455672393195614
-0.590635948749094
-0.5741546835139888
-0.8276100445337963
-0.7415376955878732
-0.7161814401679053
-0.8723546010229689
-0.8986190010304209
-1.0262047681531756
-1.3388230454911014
-1.1017386289079327
-0.9863209953520055
-0.964130510172713
-1.0265932201682881
-0.7037785034179577
-0.8517884173883955
-0.9182778532935332
-0.9443281154189513
-0.9703763042636848
-1.2155215850244776
-0.9848806005156839
-0.6992200648761288
-0.439819776332321
-0.418573324014146
-0.5880290931861137
-0.6875624140978198
-0.6501400373004502
-0.6476220150646479
-1.099727445898534
-1.1314893694475319
-1.106180896117675
-1.1549410504059652
-1.0092602729746933
-0.8524214784306444
-1.1180953079931968
-0.8887012872730382
-0.9310518917602933
-0.9409730429711869
-0.785241221213268
-0.9504729614974289
-0.8645738017040445
-1.1031901571700162
-0.6190194469897053
-0.6432410492401532
-0.34418071091814484
-0.8141516995205801
-0.9384681623107832
-1.0030634380341537
-0.9285422876119959
-0.7940127221465241
-0.7170450877377906
-0.838650693439739
-0.8034047479942213
-1.2865117290939516
-0.8904032717757444
-0.9181941992701774
-0.8346448956912121
-0.8379565223342467
-0.9730670956640889
-0.8947351968961356
-0.880138447528214
-0.8517711351692037
-0.9628650685643292
-0.9238326963057767
-1.2575446949048925
-0.8012699162214686
-1.0335417445078938
-1.0039933376011956
-0.8840098846776069
-0.9675154561974194
-0.8831238572579807
-0.8697826562386944
-0.5487830766491724
-1.131945108507163
-0.9495043453540608
-0.995144718006799
-1.0303829036795444
-0.6363872329987896
-0.849534678275819
-1.0495266160746926
-0.9536475358575216
-0.8761674959018065
-0.7927498692466488
-1.1514762281962907
-1.1038412881786854
-0.9501911047525943
-0.8793275413040621
-0.9310071229378748
-0.8335766326102418
-0.9226645497594335
-0.4752412951834183
-1.0114731214882031
-0.9852851924284147
-0.9176988615989163
-0.9742192474790096
-1.0542999752874151
-0.7856275647695474
-1.0270554502992986
-0.71067561445115
-0.9444271313098558
-1.151792167323235
-0.9491256063873362
-1.1818443868296622
-1.1778713362039879
-0.6375960394362334
-0.5232199373906959
-0.5559573002059937
-0.5362297868382515
-1.171879027072378
-1.154329830180644
-1.2765246715775915
-0.9929355914122039
-0.9189990720729049
-0.7883048877082746
-0.9308798770015062
-0.9316635547692996
-0.8834062250668663
-0.7807488015404621
-0.7742325428304858
-1.257871892267205
-0.9238087204314064
-1.0157764151832294
-0.8784118673296764
-1.1157019091529556
-0.9687080421631123
-1.172530090581659
-1.066409710263642
-0.9706141535904114
-0.8093831421428556
-0.7496404255072728
-0.891186263028114
-0.5884744207310663
-0.426971331804091
-0.6359138401679248
-0.7972728458472647
-0.8615546202053057
-0.9307605908937373
-0.9179920322669096
-0.8450088138355798
-0.8384969733560464
-0.9918866630183896
-0.933551898446972
-0.993014239153794
-1.0015868445879643
-0.9842264170091877
-0.9458696730973969
-1.0580813797118127
-0.907153218634636
-0.8378149240237548
-0.8828754819090606
-0.6729084397252587
-0.883715374980672
-0.8281370180736468
-0.797941352912143
-1.1098091959225989
-0.882374276666628
-0.7659756636843491
-0.9626947838936895
-0.731848505804116
-0.8434150226357845
-0.9371686225228816
-1.005738577470738
-0.9141163803939936
-1.0969576747276988
-1.0016194459899197
-0.7788122121757053
-0.8371734994058688
-0.8141115954651014
-0.7596931294776129
-0.7234931822292687
-0.7118568193208494
-0.607513865161569
-1.173829518303378
-1.1512976276754359
-0.689200057537076
-0.7901460650765294
-0.9707835717079726
-1.0308130932395232
-0.8243227186970186
-0.8102430083538359
-0.5995877116827325
-1.1441282999941114
-0.5615660110060189
-0.7688833112898176
-0.7987914127000312
-0.8390035788459379
-1.0072193525570545
-1.053924013799465
-0.8638441304158712
-0.787452772168513
-0.9771143085979993
-0.8527525528947721
-0.7221869152432591
-0.7379214949656167
-0.5527281667317084
-0.859134835764322
-0.9219817262632107
-0.8841888599277676
-0.8111370980551049
-0.7469185463756486
-0.4853812042128441
-0.48998185154547264
-0.5594838619963886
-0.4159268408188762
-0.43774615629362446
-0.5462948728433722
-0.4302882579961293
-0.4234961786580024
-0.6919804194590797
-0.7052435747908313
-0.6013454180221509
-0.6967779168263023
-0.9844967341210047
-1.1692063369822734
-0.8998737947769724
-0.8814115991658634
-1.105281461662448
-1.0061300773382311
-0.943507389058933
-0.7630609397474446
-0.8569989397065216
-0.7926069066765501
-1.090050034939522
-1.0624098718686645
-0.9683672829570822
-0.9588770131765885
-0.8297858898593682
-1.1016532781535462
-1.0273277691038525
-0.9882517389253768
-0.9875397209478758
-1.0372902449814176
-0.9962411421471578
-0.9742784567712208
-0.9337118706598252
-0.9838023597259955
-0.9639375514174263
-1.0137977557194082
-1.0614459843824866
-1.0371042831455872
-0.9718318813481128
-1.013969451436708
-0.9195554506020802
-1.0069634248985793
-0.9562696390356936
-1.0084778796432963
-1.0694817799834548
-0.7964487981174702
-0.812381628084795
-0.8200495844902389
-0.618140911369598
-0.5762156131036631
-0.21788332916122358
-0.41269692321177387
-0.6686201952340108
-0.6349016426792217
-0.884147707034526
-0.9973747730665602
-0.9189180745861442
-0.9061630238257924
-0.7422599939904535
-0.876358071315208
-1.0106895750239173
-0.7680121395978171
-0.8804195797995445
-1.0842318976396694
-0.8125544240283842
-0.9855055635248565
-1.0140900892515838
-1.0332906705905078
-1.1130892446545546
-0.6331044384250089
-1.0118012398641234
-0.9415318106394869
-1.0831496875107067
-1.0855976107072747
-0.7849830480852771
-0.7974290298371319
-1.0011538861794431
-1.0066497390915252
-1.074804772927072
-0.9609639274049154
-0.9325094120172801
-1.1528024128301357
-0.9083511942907033
-0.885833669695864
-0.7121925080085963
-1.0812447265369132
-1.143665940911953
-1.2469498808173574
-0.6405417714306294
-0.9655410449904278
-0.755860622139037
-0.656445623490838
-0.6742915887651214
-0.714053437915481
-0.5549795302617213
-0.7899073541772733
-0.8341811379284343
-0.750361963271594
-0.7531664118090104
-1.1361131592165221
-1.0746082984312646
-1.010341208395947
-1.0900028645490771
-1.0490606592435925
-0.9961852369940055
-1.1639440742536291
-1.094497363174793
-0.8188395169048668
-0.8572034966861677
-0.8436038978222355
-0.9431090708990768
-0.7762196963695063
-0.5736353310812587
-0.9213358351816971
-1.0824161125211484
-0.9119720115801558
-0.9721336292977358
-0.9113689018801653
-0.7307844455309607
-0.6848183353138578
-0.8813666787146783
-0.5182635199682019
-0.5022515221901993
-0.5012341106917869
-0.4991319587576979
-1.0817995070207722
-1.0762539368475765
-0.9717598080364405
-0.9128024915602924
-0.8989914040762198
-1.0437474992808513
-0.7917075918625829
-0.9243265178930751
-0.7924814667959081
-1.0085566237684964
-0.7822912221488246
-0.6498636854065326
-0.6771661908237818
-0.6403890524980722
-0.7517181705954311
-0.661268306929364
-0.7349832467129499
-0.7470324843346786
-0.9529698800473752
-0.9010873239067186
-1.1192963843967152
-1.2389579157620187
-0.8572187721525864
-0.8131268621684978
-0.8659623605615725
-0.7984307538279329
-1.0338537457508061
-1.0189660711359767
-0.9108113694717366
-1.0537581324388625
-0.7141444327079356
-0.6786973164899717
-0.9505460173838582
-0.8961464202259762
-0.6880396060399814
-0.8957458531685363
-1.034159051189512
-1.0750195817168273
-0.5891481615648549
-0.6684919502931101
-0.7105993334188238
-0.9778431050115466
-1.0542160343695517
-0.9103117959158403
-0.7712982373111019
-0.43731130692122144
-0.34868045332862874
-0.630616859278071
-0.4122563181408369
-0.6805978755012637
-0.7772270769690162
-1.0806518911493062
-0.9978740251665318
-0.7513185321042045
-0.862232744917135
-0.9184377289063125
-0.9743840833893016
-1.1999931964235682
-0.8679897372915437
-0.7741892863766883
-0.762749304233995
-0.9154046747076282
-1.0839322020273223
-0.8796223795280794
-0.9509665803561177
-1.0643581906380868
-0.7389608200584084
-0.6064664116364095
-0.7011355667499216
-0.6128797599029147
-0.6657696460238481
-0.9478275499980853
-0.8975975643015563
-1.0063487064951313
-0.9193727689513861
-1.1105866880322923
-1.1660692237201917
-1.1886108702733107
-0.8755190638962412
-1.000449175364804
-0.9903317078597951
-1.3176874094521724
-0.8182174360243142
-0.8985564550535888
-0.9573544688098579
-1.0753664808942724
-0.9872407425326941
-0.9968345557629156
-1.181939841774913
-1.031760121146881
-1.1877396046319861
-0.968828169264863
-1.051416857590207
-0.9076885700945936
-1.0035334240103935
-0.7669918975396173
-0.9851985874238317
-0.7674644621154127
-0.789260630353125
-0.7568812022050767
-0.853726123513821
-1.1357458458248395
-0.7474755987249418
-0.8910073861136784
-0.5892036295262734
-0.5206290572201282
-0.7229027106603166
-0.7564420277018089
-1.0024844599952467
-1.1147346838820769
-0.9515368651253162
-0.9556597267100657
-0.48839263841823394
-0.7187426794088327
-0.25070736578198943
-0.37678262278524977
-0.9537220435935144
-0.7523344009037561
-0.7644602378530964
-0.3994407694679165
-0.49981675352971733
-1.051088413901945
-1.0309866421735612
-1.0259546709759442
-1.0202011687873385
-1.1329327137877678
-0.822630119353583
-0.9042483641453025
-0.6553160812805902
-0.8421426501310921
-0.9958720286009123
-1.0073589502502378
-1.0667713075207528
-0.9444226976719162
-1.1263954525899111
-0.7632837721386965
-0.9746343954306268
-0.8232636731127281
-1.0728304420603112
-0.9014924962404974
-0.8816967151233027
-0.6991858189403315
-0.9838497200050107
-0.9906913554862427
-1.023037716265566
-1.0482768626448689
-0.8980210488118576
-0.9828232521981758
-0.9691832680574063
-0.8402880630146055
-0.6769090563031885
-0.9094521305083211
-0.8865857435712742
-1.0248980579477145
-0.9747905430997182
-1.0103884097292897
-1.0925449302221397
-0.971547019078589
-0.9457017806186914
-0.9412370789064227
-0.9780976090076335
-1.0479750804522567
-1.0466393485145769
-1.1717788381809628
-1.3900263476328978
-1.2597058569744581
-1.2084511958043187
-0.5565033042115928
-0.6096474878405351
-0.5223550608420869
-0.6807709084270787
-0.7287185032858806
-0.6676721140130523
-0.7264667756238609
-0.6294987356896098
-0.797880003931839
-0.6572484182514285
-0.8128251535005273
-0.7253979477927589
-0.769582213435852
-0.7504969867720334
-1.0118818065205262
-1.199621216222188
-0.9780345076613323
-0.9782792273374737
-1.0658425462483883
-0.8843931655881189
-0.9055639183073795
-0.8264700525119427
-0.8497149488401388
-0.9916930778083507
-1.0233026991518015
-0.8416938442087666
-0.880935675284542
-0.9783209341624454
-0.9035475227432648
-0.8214475401679108
-0.9281935383139038
-1.13923188747473
-0.9605995134160747
-1.3364458354750297
-0.9949137175167514
-0.792708859834571
-0.8066607285502204
-0.7947614231356237
-1.1331271095100313
-0.8609976524420323
-0.8342080175259625
-0.36818375081912896
-0.547501627867331
-0.5891457412871538
-0.7640365708531879
-0.8932595579139825
-0.9799177833186449
-0.5545826088747494
-0.7555502661357356
-0.7827393254530123
-0.7256456673790519
-0.9284758778783587
-0.947716120703453
-0.9708025683740749
-0.811406340194096
-0.8786980920018278
-1.0542951896893402
-0.8918291112703631
-1.0731786425825058
-1.0328037132758632
-0.9810031518079912
-1.1689873736934797
-1.1351638498394525
-1.367843902439725
-0.9991630859493511
-1.0532634160938084
-1.0790487864930147
-1.200097303992793
-1.0313950468921325
-0.9279727477562172
-0.9236669185241491
-0.903229440773413
-0.9710144117623313
-1.0543569831931145
-1.0666998500636797
-1.0494252336059466
-0.988400657995028
-0.7320994830015358
-0.5506717452304564
-0.8986944064676428
-0.7991158468173097
-0.6588673425160648
-0.7273428675704214
-1.0315858144790473
-0.9286205235646482
-0.9016017971054673
-1.01435206088266
-0.8484585381277123
-0.8665533642298421
-1.0557666136405934
-1.127048999058466
-1.0467198021065953
-0.9996547716879371
-1.0593732662016082
-0.9718834480217295
-0.6259542119254501
-0.8903805242426769
-0.7377837965398676
-1.1114412193293286
-1.0155228938686967
-1.1867437265981888
-1.1549849609597402
-0.9406679026230822
-1.0979094411555348
-0.7998800390667326
-1.231941206928923
-1.1947075493775374
-0.7407029014467861
-1.0568584167694053
-0.9816377117849945
-0.9923327011848061
-0.8354077572585856
-0.8222746601926701
-0.7244305782358892
-0.9390719157490075
-1.107145747672436
-1.2694921974816527
-0.7326144272613615
-0.7821464730903802
-0.9296946029339703
-0.7913473966655273
-0.7377426022826407
-0.9156433112863217
-1.008934266419643
-0.8563816104595148
-0.9480053582613007
-0.8334909002934517
-0.6628287157535412
-0.8067645606462536
-0.5845405296696221
-0.5718711440618621
-0.7667716335355192
-1.083565601658479
-0.4830058640030351
-0.5027120250903527
-0.39451780840703105
-1.0945328421953118
-1.0086028207896605
-0.801314482917368
-0.9723135201643722
-0.7379527736185421
-0.9331021342411311
-0.9107306913156628
-0.8930161906267692
-0.9020346565370279
-0.8248173192896313
-0.7322201684258288
-0.6206116307184163
-0.6771299981368519
-0.5653767314183721
-0.626519013777058
-0.8111219060950347
-1.0347993623850995
-1.023224374068206
-1.015392109004875
-1.0402982922177464
-1.253555456881658
-0.6929143460375414
-1.008324171560456
-1.0138788868481274
-0.824458858960449
-1.01392273712267
-0.9869406005097661
-1.075597647265398
-1.034672406477253
-0.9662691119831491
-0.9116185175818394
-1.1463197601200577
-0.9946408948770765
-0.6779037811773442
-0.7691721461282245
-0.6926867689905418
-0.8612753093298391
-0.8039798584134811
-0.8409688582729357
-1.1383805310714876
-0.8360746404135379
-0.9727134979889659
-0.9178473457842846
-0.7238981449691736
-0.6513912701242395
-0.9305413430887409
-1.0305031840398833
-1.1023522086097468
-0.6687500594968733
-1.0884058205625362
-1.1901128133166088
-1.0893029053797845
-1.0592963408746277
-0.8245644522129518
-0.9183678606465223
-0.7324063199805997
-0.7534071651563067
-1.1306241316293766
-0.7394160018335021
-0.7266702208149762
-0.7538732720768184
-0.7134692165455233
-0.7040312698664413
-0.7096301421112323
-0.8851154963136151
-0.9786109617175093
-0.8484574859602031
-0.8807088572776736
-1.0456599378652602
-0.7833089191760486
-0.9491040687510759
-0.6100258549559935
-0.5629288817035631
-1.1865406999874584
-1.1084180342888854
-1.0280036126209267
-0.9891423394566581
-0.8235637750324708
-0.834398655533039
-0.9424283056962234
-0.8969759454739737
-1.1090468680191605
-0.9591282066793736
-1.1739384408375513
-1.1599960269711493
-0.7516510157455305
-1.0559937382284903
-1.1056077257401347
-0.9647250151607193
-1.1747977274197632
-1.0165303394458527
-1.021595426767749
-1.1222491893706905
-1.0419912637988096
-1.0170838420179082
-0.77275711304767
-0.6735897921329078
-0.6409835695435563
-0.6512262478285162
-1.1476685227826076
-1.1368112029943087
-0.9518589910215395
-0.7736415074001954
-0.762800639332846
-0.7868840398769551
-0.6979752596612299
-0.653611587398919
-0.6779535895965032
-0.8781548311330208
-0.8426159498344875
-0.7307715132822583
-0.7882717604385537
-0.999809270014531
-0.8773965848253987
-0.9253398266101732
-0.9801237021861808
-0.8598064596173497
-0.8714532803040013
-0.8718700323951304
-0.746267484766749
-0.8932944204619251
-0.8349751720973437
-0.29694987048825844
-0.8313871093086314
-0.7697577434569298
-0.8246113480397727
-0.8828061388808214
-0.9538957573193136
-1.0460715754453451
-0.8982591732513818
-0.8502592217193096
-0.92262387920947
-0.926569995845383
-0.8300634118376418
-1.086080405051038
-1.1884898217277187
-1.0392175332329177
-0.7358566514544159
-0.8380295393346032
-0.6995646593404055
-1.0866119814364248
-0.8350102794761642
-1.1151375978920566
-0.9644417636750598
-0.9937291981618518
-1.0049693399617816
-0.8319791210555789
-0.6272133555662043
-0.5930803738052299
-0.9832079431266622
-0.9526153646118393
-0.9598990878360345
-0.9699927318427815
-1.1736134834228547
-1.153267199123657
-1.1195681673483497
-0.9480495785843734
-0.8278077465696732
-0.860167847733084
-0.827260862304072
-0.5713381264216197
-0.6870266744586613
-0.6806541335664051
-0.9689319414997335
-1.003559204406555
-0.8016934411321691
-0.8586150740969669
-0.9984171822843245
-0.5377854087044164
-0.5333610430809347
-0.6063043935495348
-0.3269916060221181
-0.4898149818946055
-0.9355096847535863
-0.9129717566219897
-0.9041181223743547
-0.8972124531880457
-1.0831644514329906
-1.0096700718442193
-0.9984879265438918
-0.7995752459845111
-0.8089929080327161
-1.0308472351641622
-0.929513815869044
-0.8529525026522174
-0.760643016143355
-0.5637097909181705
-0.6095473881891177
-1.0448821532874073
-1.1223661422281357
-0.7767530429078383
-0.7870798293160006
-0.8982327179125553
-0.8526103728405616
-0.7316318790076429
-1.02855547475945
-0.9820685721957426
-0.8485689573591226
-0.8624100099196866
-0.9500886847735944
-0.9916981971079845
-1.1793739557180756
-1.0990898446120776
-1.1633799669401013
-1.1796008187808338
-0.9409012806287984
-0.9991310320179435
-0.8649583702924821
-0.9335744333292701
-0.8512664230720091
-0.9645078523363845
-0.7153180331556028
-0.7948388497273834
-0.7150998374086481
-0.7903476944407151
-0.54864090518223
-0.8941028681917061
-1.1564653936301201
-1.3271984583287637
-0.8195970168909543
-1.007619502086908
-1.0721821574969013
-1.039826701960753
-0.9640418444511457
-0.8326610311467599
-0.762571113303473
-1.3353438240867082
-1.0662645162938784
-0.933674555930245
-0.9625987183451461
-0.8624931850469301
-0.9930679905532552
-1.1106127658234166
-0.8420634786173986
-0.8364704793134193
-0.4948899949409346
-0.7233714629793707
-0.7468286513989393
-0.7756584572070059
-0.8073233109117234
-0.7401656138859979
-0.7661744000656018
-0.7941147319573294
-0.8882438212614467
-0.8577441538859635
-0.8194508383179292
-0.9047725144531326
-0.7463808801411639
-0.8982782832120451
-0.850483098825803
-0.7451371467321174
-1.0695894038830542
-0.7458737968157476
-0.7753908945236309
-0.7815100437924517
-0.8757944371952429
-0.9186865065828204
-1.0008498797223913
-1.1230834112130357
-1.0202188493913138
-1.0164983929415772
-1.063037658181548
-0.9960272001117885
-0.76274239825292
-0.5225132200931958
-1.0322835145549965
-0.7454050954772032
-0.8562564880570749
-0.8575957728557214
-0.8624038277302881
-1.0175235418829653
-1.0767361078379398
-1.1990206094315332
-0.9035027624212236
-0.8330402012135165
-1.252835598046754
-1.0506604650763895
-0.7482017206464487
-0.7395124847039348
-0.9025347746930213
-0.999558504795713
-0.8460649949277127
-0.7617345972181065
-1.0548356920738582
-0.9398965117575345
-0.8111721523684782
-1.149888501266662
-0.7401944691787186
-0.794686893644143
-0.7500908380371052
-0.5055922404805933
-0.7533986766904788
-0.5529845807600564
-0.7646441243329287
-0.689525950956059
-0.6431135691560654
-0.8514613565879106
-1.012675787189124
-1.129131309855138
-0.9059558320040665
-0.9267569098366135
-1.0269495256877814
-1.0825425858028463
-1.0893141429464763
-0.8640783675710293
-0.6722184335999132
-0.7027623375899774
-1.278762409311902
-1.0971039080275522
-1.2268942889052485
-1.0262599998889697
-0.7092755409434826
-0.7915505833980597
-1.0554715127307994
-1.0237813406294294
-0.9131258737900289
-1.1357021005038188
-0.9415217110123979
-0.6820469134366319
-0.6758295943455771
-1.0800841971591142
-0.8675243835299411
-1.1050909688092148
-1.039327985451295
-0.9144119813081137
-0.9285342265689556
-0.643682829424904
-0.9153455244239462
-0.9834221641942318
-0.8287965508430636
-0.8456038075897021
-0.5986267598463753
-0.4244202573855495
-0.585084566316887
-0.6545355271011605
-0.913726548839708
-0.7783818089707072
-0.6655797680506442
-0.6606542370130242
-0.9545052028863871
-0.6261467490233771
-0.5696843156851402
-0.545504854530656
-0.6577511159873333
-0.40772233536764807
-0.7044842182404571
-0.7116308503249805
-0.6733572059512734
-0.7236300955743753
-0.7234499470660017
-0.7985549696287765
-1.098972682237595
-1.1875924011499928
-1.163742753187712
-1.086128918872838
-1.0728384479818294
-0.8625335462986927
-0.9736849028716043
-0.9208535754932574
-0.7813724735645815
-0.8489402736995912
-0.8673830583865241
-0.7440879617289583
-1.233408542885198
-1.2101626541992976
-1.0024536559951722
-0.8841914679901335
-1.1047548418353361
-0.6115526725878938
-0.4008645085349407
-0.379116633626708
-1.1926134115504476
-1.0035631931091387
-0.9108759865714293
-0.7177490876490578
-1.0876301379223394
-1.087815305501545
-0.6774835056571278
-0.6829021910923209
-0.7719825738727489
-0.9385068146155079
-0.9302577227612313
-1.0452078962686162
-1.0242719172685282
-0.8713525479846691
-0.889045695075008
-1.0142279237546665
-0.8634667885929584
-0.6943288610381255
-0.8426100324025119
-0.9212684233553505
-0.7748112371220371
-0.9676169720436081
-1.0799126475666834
-0.7404672696145072
-0.6482893337446641
-0.7951920900180554
-0.8948144326455936
-0.9678359464798154
-0.9107359723782601
-1.236938793074551
-0.7818485574583979
-1.0531992244226946
-0.9392992443288098
-0.8761891409340993
-0.75825053446689
-1.10720100284727
