0
66.7791502953743
63.62975272588366
61.64992717613524
59.56251483084393
60.23854577419385
58.9991713752569
65.39394214957497
60.35317462224434
65.03278998667098
62.17697319497279
66.10914527641602
67.1886710775708
64.03742502154797
61.68641769376055
62.00861003729536
63.475543180981205
64.42166680717773
63.71449622806776
64.57252128638106
59.36975156608323
59.65819937267428
62.15644387638516
60.72637813039702
62.837939581688296
61.92519801975236
63.40458197546624
62.8938689277289
59.2843696324958
62.96685879608886
59.74239278001765
63.40331906300164
62.95586687735946
65.77258405941825
68.09071579678304
68.23297107778507
68.47873874834457
66.24736442209672
64.88949128242612
63.98486174728911
61.00473656503369
64.4337476624365
63.12795026825211
62.43358880484631
63.158039303640315
61.41979006365959
58.18974012184594
59.96067018584067
64.65603615175398
59.82906177296399
59.40716477716595
63.33700223031815
60.34382825976169
60.74639009361006
60.77216346586214
63.44676203883914
58.79569507377645
64.80555702520219
62.28298628929237
64.44565639305048
62.087173736177
62.88307259718847
61.495085674088706
63.57438541753838
65.23787033173595
59.327247075370245
65.28758413808629
59.81565485731043
63.164656471567156
61.83676712530202
60.91990562153221
61.63045623281238
58.363445815205054
58.15023808888238
59.07295317276429
59.78830508987893
62.51248603522241
64.83442735462921
62.20508274993229
60.761525081355806
59.31169273567235
60.09146977703631
63.90681041419229
64.63730266424432
59.88489751381141
65.1153052001653
57.68356180405904
65.00678321491584
63.58554443328903
62.818500732919524
59.41374008641454
58.64464160983888
65.02786323208095
63.347250015027676
61.82477288738985
62.54593967052138
64.69456257557735
64.03963420828867
64.2256422922738
63.584081325951686
64.92018653361671
59.391216019728084
59.86384040138302
61.13321032349986
62.12388994431012
63.6081172614801
63.46743381844887
65.53634236080516
57.73224300857878
67.85604052018746
55.65756764707717
70.06294724499634
68.76664089219032
58.362179421236206
65.38347249129083
61.3390530784358
61.217872689607795
64.67607216884318
61.790199119583335
61.13074030874186
61.92245631884313
61.44938300771179
59.612655515862535
67.65346776195857
60.82753877054755
60.7306357380141
64.60310021918166
63.10815686164311
61.540829928221214
64.52986841783095
58.737605816831746
62.75028179245331
62.80947790040893
61.25607695156777
60.04208093479172
60.297092455400914
59.810165867138856
59.41900535730162
57.331872260163145
59.52536282285131
61.239054373286365
60.936490176437815
60.06315725337381
63.80172241870457
60.02716270430852
67.67242048948532
58.940077115468874
59.19675871343197
59.744340140864686
59.663845549472704
61.39821153344593
63.7149281911599
58.01127204023713
62.946338644244136
62.918706479659214
64.51291103803887
64.54645396916688
60.53923341355783
60.90139092084128
65.33818399657513
65.63967564387883
62.10672017275965
62.04666971787836
61.64386019085149
63.109403878426114
59.83174056769412
61.92580334685251
62.750189653984194
63.79334942390744
66.07480021012191
66.37362993263655
63.523858050334674
63.034096305346694
59.125638956687574
62.51271226634987
62.40387927140712
62.609614828777424
61.266224145051865
63.83323885935816
62.5078419475891
62.04622154229569
60.34410100526707
65.51802328674357
61.55205149791284
62.75550268962148
62.90521668738094
61.010991784083274
62.25223582873175
63.042496599460314
61.150812306241576
63.713025709487816
59.20950761531317
60.38102351474982
61.579876928581605
62.97173934346218
63.510270411038555
60.53167714215249
59.99152269472888
61.07965809192985
65.51751532411666
60.246708315225646
60.213197509430735
65.24230947776877
59.596393716754605
65.1614225267185
62.668253399216844
60.61365663434213
65.97385751258051
61.901036480327875
65.09814249704058
60.51482743642361
64.7764431044538
58.0730576877701
65.85134419810694
62.95146026013573
61.98066623704241
66.08425497283727
65.31922721336497
62.38333803676791
61.68287190616059
62.204171846401074
60.37203338276721
55.43621255606964
64.56699056145818
62.15586637927394
65.30220579714016
67.6366582946658
64.76786763526181
61.25510885037535
57.58821809882781
61.84340967071995
61.73864338291046
63.19773161440627
58.8852418409567
60.9557013720169
60.195006935588324
63.874111205321775
63.2961318310969
59.41061782728565
61.365012332807716
61.21162269354065
62.21044658831709
60.235699734241756
61.196419096201446
62.28826113714241
57.42089725399296
65.90884360533859
58.37712004434815
59.084341314387295
63.777018577232354
64.00211499393993
64.36641310485108
63.63489085381914
61.06837035203867
63.952753198456406
61.2138684403942
59.408946873750104
61.512351370289196
61.59556543147774
62.64945064238567
61.46211129936783
61.29428061926038
61.8126690430165
65.35338764392958
60.9787142100679
60.379465350037364
60.68252377809682
62.422992848014225
63.371966011997145
66.26750995049292
63.56531520555063
62.984987560609525
67.29625448799074
64.5173115836234
63.24421594877323
60.73661170044685
62.21140796557682
58.55373006269563
68.34446416815966
63.24951506302395
63.0005550186326
62.69648244065366
64.91942356775097
61.07267653320002
59.534063060792015
56.60742164790013
62.9033363316453
60.14609331670453
57.76556833972816
63.26630466528582
63.844297910996154
59.28385606448274
65.40010393090074
63.28225578997634
63.540392156102556
62.505579408818924
61.28598773704716
64.36151161492323
60.679589801721015
59.94225882848093
66.22878487871365
62.81136745742519
62.26178459812986
63.67491899227021
64.39698682275677
64.01780429926403
64.12679102239551
60.22627507904479
62.776614415076224
67.03839965310601
69.05337736024454
62.41314800037094
59.38594477406045
62.52348371732783
60.75353520166879
65.78189972900591
59.08597353661196
64.65198250434554
62.907391430768186
65.42793801486079
62.62582228653383
61.16470819217056
62.38837762620055
59.109560453075275
58.27533342236042
62.35438311154968
66.37383690769045
60.202419814940036
57.97172065274617
65.35011775363247
61.24163897211665
59.96845418249769
60.67065549918141
62.57010588473559
64.33425494925683
64.2020175863315
63.94014565486739
60.36011164227253
60.210607498696035
59.52689068134958
65.4177915272916
60.530165940046096
61.06065623228928
62.79195393515354
62.28583672332457
65.38231714625222
61.352034712777076
64.43571515691755
64.10067127562239
64.48199162402972
62.24190972761491
67.37220740168075
60.230990398262854
56.90093630863409
59.66078607940598
55.75500947508807
56.98586309447905
54.96118725691248
62.3869429173074
61.692447121356025
60.97639309711012
66.63375041358157
63.96210820222555
61.77024604514339
64.91156731259643
64.84681376135374
59.949727875867055
58.77636621465972
61.437347674558154
58.150177971296316
62.24211793196694
60.5890270997077
63.16697500175876
59.77980627237024
59.139438268173
61.6481133662026
66.83752109336416
65.54053357377704
63.7434597769894
60.69996285842121
63.98569714094288
59.30312993100136
62.29758868684232
62.14915061931085
66.45759271596113
65.12137260798433
65.2887172575298
67.43983555634274
60.561219860815065
64.07473497851805
60.58177046272414
62.71810385500397
68.96126063797394
67.5431026830654
68.89776548350217
61.23381748404055
63.93909382169638
59.975401076549126
60.75120160097491
61.29183819353975
62.02446072968598
61.67138214631074
61.07032098294055
60.28817514598834
54.45942330406277
70.24315082644857
60.50183050181972
68.31893070207347
66.5073187965631
62.35062373952901
62.05583091228616
59.61562707111198
61.68060219834005
61.87670071736233
58.26532256978887
63.57639091992826
59.74253351012218
59.62794140869982
62.76454267785779
62.773490760852845
64.53630048403765
61.736253898424444
63.515550638965486
61.099427905587184
64.3894695313977
63.57370851663309
64.03628827943119
63.21516128032383
59.13907765832894
62.18424829341956
63.10157066240326
55.00359508651498
56.92863705155875
56.5943856420249
63.875878549966146
62.86840621502952
63.14321990211616
61.443570450869245
62.051998576006355
61.253101252043386
65.17561105169999
62.390917026403486
58.675467990257744
64.01778923870636
62.42679297816367
61.48916436685299
61.09283884704968
61.672964109415354
60.121042637860185
63.932351805963904
64.50066868486556
68.2864422405565
67.04680539721335
64.41956878313358
59.479166420874414
59.22124507368049
59.62154057998487
59.0509326362363
64.89901049609185
64.42649770641157
64.46497173576162
64.95863690402491
63.148986756102964
62.25205964667905
58.4391224772013
61.65587172070409
64.80658967779443
60.19354637017648
63.63373205003397
64.35016580205733
65.45200103687385
63.453772600426014
63.24502136837376
64.67567768463282
62.119272297625244
61.06568694862391
61.255886671441615
58.78597173491125
60.52159339225835
67.32881452040023
55.169994137730725
60.66383955812207
62.435356633956594
65.63085127035691
65.47284456898795
59.82209074567094
63.544851376117585
62.56660450652059
63.00041968755706
62.45967797179865
60.01746391494134
61.74214846540842
58.235526712445356
67.90253864755408
57.32335875397745
57.62144397263291
59.40355944059321
60.6309723055076
61.60468633289615
71.38176325449281
56.55992526979934
58.92687837891919
59.239705438163504
64.24791813918476
57.58593610634623
63.32814721519056
74.00206247074213
60.531426909813014
66.57353400407865
64.98680203484093
61.92656806606617
55.84400209907874
67.76795399990695
60.51359105130814
58.577327371764596
62.04534427917318
58.682132075861155
66.4041318854818
65.25834267567399
60.23812422397432
64.30265414060663
60.637421715202514
61.22485205310247
63.30000931537091
59.728869510914286
64.78100355052706
59.02574539896747
58.98414587133608
61.5049113835297
61.081046118063526
59.48877718921433
62.05168621951542
65.52681480273048
63.02526019420049
65.24848445408965
61.47106949242593
59.79649255556927
58.19476731266379
64.0061286331071
64.01563755562326
65.88291808869162
59.88828010062156
61.16381979932336
60.94803460071335
60.13805379262444
62.360838646071386
65.48696964738797
58.59338500743875
58.92476082159598
59.81968752093765
61.70130051225042
59.26382189532562
58.24107586852538
63.00797858070132
60.85817901647132
66.63909610765334
66.50842641807306
65.30122247195173
59.3654435922761
60.36741674007251
63.17841848981549
59.41258557255543
66.10538767782384
67.83647026557253
60.6874031404093
62.48531268092597
66.82510551538816
66.17185060810986
63.54408045359196
61.902490206093695
62.851219541707955
65.57143755892572
64.76814743231944
67.42285045616846
62.40196261721739
61.7841690290376
60.0197011358637
65.17157558882036
57.82633973517375
66.55145184149893
65.4134052526455
58.864041356245465
64.65087020127613
64.16430592884416
62.849010572842694
60.03846965007906
60.03747801324366
58.34151342541927
66.82656345285922
71.39997157219562
56.41340636504884
59.51077427190892
58.7689007024607
61.867136333409
65.06833210016343
60.633222622877824
65.11380175236252
65.78259485487236
64.66075273640004
64.0508814107143
67.0191479194923
58.65123955857013
62.019613119656704
66.46927253071266
57.17695926642118
60.878348791828614
61.707119267015806
63.01904702388316
62.41888667329623
63.39258610719092
65.78431816647667
65.37584695098732
65.33059539767666
61.207127093995936
63.8269298888697
62.63645105844047
61.48640249200778
62.71272720426935
62.37382614338914
60.67311017578994
65.6506336265874
61.21850738502796
59.77278275195192
60.087265662496776
61.98023117376976
62.45802339625756
62.48613157291136
64.20911105329945
62.35521509316419
62.18575879500464
60.231129998975746
63.42307015501696
59.389452699483854
61.88207824309632
62.07595541673588
59.628763626162836
62.935239199723284
63.498491784182775
61.138485210263006
67.83622033656545
60.47142917322937
60.719180087452955
60.61042186679889
63.09660783395349
61.52707226552059
59.32003888975723
67.34430015183337
57.86617121013527
62.95808344535008
60.599678204823576
62.56219605710565
59.78450734249856
58.82619160616063
64.98694127861285
60.86004187827741
62.40912408202349
60.60061374151697
60.329966081295794
62.33701276973229
62.80041395908341
61.67926438433977
61.736300845154794
61.0151098731282
59.22767503358601
59.617593456905205
63.78160267443906
60.130527957316595
56.80118004913547
65.70520837406673
62.05292331623452
62.13612527253758
68.51937691424209
61.999786097180014
63.94011135666782
56.521253132286
59.38299754546949
62.896177096711654
61.78819328237738
63.16811605902228
58.311662635824476
68.50956687498581
69.00180027305616
56.09542508219761
63.219648591575805
61.2680106920317
61.12921718125342
62.74757512386766
64.00894740983667
58.82529839594937
60.5498523904415
60.019976340985636
60.89050623730206
59.19987099310019
62.34014617617747
58.86563676331631
59.06580798666235
58.42486416219927
60.19051706077407
68.58200188142423
58.43237152706956
59.36954272065008
67.70439951132819
54.52194001629167
60.590130926192344
58.49418617530571
59.1455948256692
59.560961402766985
68.71992223684258
57.30453550498483
64.90681765995129
59.019139087625554
60.86422644338256
60.18511014807578
66.10570009568998
62.33609902766211
63.69471008132465
61.51458357460936
60.84410511326687
60.94735024472181
60.94735024472181
63.167230863665466
64.90102361454518
64.8378082577801
66.20871134761212
66.28102763822451
66.12491976761915
66.04356791658776
68.08834072621273
65.57493975651809
64.26579035900576
63.937862521032
66.79598416233655
59.40895402794256
65.5969216438961
59.979660945291535
60.900043294890736
60.03454436316094
60.431390456856676
62.36107022492632
60.30412943158899
61.98959218055243
62.616990608818206
60.426554109615914
60.34917346145677
61.792027556169714
60.66640530164949
60.26814176720656
64.65715830437854
61.87898094674491
66.06506720844637
59.531779056451384
59.53730832186501
64.74338648027752
61.72528593305163
61.132616989914716
61.66526626213202
64.00259854780248
60.861694146470015
67.13307905610948
58.07803214013562
69.72944064647422
64.97690405075508
59.97242719224566
63.579148964612436
58.73410687119195
62.77964299741106
63.751808257549214
63.51378876553538
62.04526639611179
60.676334455206984
63.67103087540395
64.19111677960075
60.22206546237897
64.31187843000913
60.231465792808464
67.32938462450922
60.33073842705652
60.16018119969786
59.47063833144176
60.70260207349393
61.05150807979394
61.88989947704786
63.88751262998346
59.8869532531817
64.16281663292848
66.11900326094334
59.30043888384933
60.26990755589463
64.43037268590817
63.094014920671675
62.05903714199746
58.16682699284536
62.160143933608495
63.289083262841956
64.09300844014068
61.43587571603193
59.91164304360008
61.4312835442297
63.094879671728954
64.40120833334048
63.12131572272213
63.45007114521937
64.25380552397233
66.9057043318835
59.43411127904837
61.00466154465579
63.10342859782551
61.77703344788546
62.979869356990726
61.7036855426195
60.97458018427827
60.96647223839015
60.96647223839015
60.94591661640134
60.95234603286421
60.829551347119825
59.8543227086573
60.77495099439615
59.454650752276216
61.75676319227305
58.97531147646689
63.02625953663529
62.49133366112756
60.479061750490764
65.18679069828309
64.30908119562082
60.969168058395034
60.912963781226324
60.36157381058565
62.076848456110056
61.122007644861746
63.02604707281726
61.9609542168408
67.16200511466567
68.26339722374817
62.68233621676602
63.21558968061281
65.51453533977826
61.05691526341104
59.45444711148494
60.552246631349774
56.49091855769263
55.62280998248668
57.07774514508603
60.105712175051906
58.55254952975818
62.30388775032115
69.66453112964123
57.298608645173815
65.080424597202
65.28392641412584
62.939286203624135
64.82935955437739
60.02146232778697
62.86703715244005
59.85184238606456
59.39686294804444
67.82431670046077
65.77600079816746
60.3385550035354
64.3698418000923
63.72382674741996
63.38221310265398
62.95491736070724
64.81371936024291
63.33227747673867
60.02042792133383
61.29548232320387
60.57216830108339
61.35028946909098
60.49982350588729
65.2916290555069
61.24761024373914
62.849475771965665
61.708770400467735
63.09115813005316
66.33756355729368
59.67691879573097
65.41254258744642
70.69487752580181
55.438832286110426
58.535767939949174
66.11712872759641
61.64969355511336
63.25278292614168
65.49372003136193
64.6699488011486
59.49161831965442
62.28802205782609
60.666366610502465
58.94416130812031
64.70517956435152
58.09596088030216
68.39406501176104
69.26599032186606
68.69766776578712
65.5594907546044
65.59921884396644
61.398299428273404
61.76370267139946
60.04395523557768
60.1948333537375
63.870250391219
60.106496180805905
62.652833382468316
63.156299656951354
63.52084017177336
64.0362603163059
57.88609239267733
66.67304864294451
58.95143188451212
60.28860821097719
61.35285169613195
65.2667830792614
60.55989924236088
66.95371154830994
58.23326716111632
61.35409152176202
66.01485069063308
60.05122974583659
60.09132239794465
64.32494607862957
64.26779756815311
63.25162145795246
63.375631589367465
59.9746369899102
62.54323087448162
61.49938820557
61.28168854768267
59.34201677245552
63.07966045836979
60.79856697629047
66.38914700692031
58.00053916673014
60.46093711438241
62.28166072576683
59.357640061461
60.86987727162474
60.726014382658555
67.76388571356237
60.961725906626924
58.41486963268843
60.01466053456889
64.69475244704401
62.01674588803635
62.55473372299872
67.23745422814208
65.96729187487803
61.30540079848996
63.315505251356164
64.10221541701044
64.9161515078229
56.935372614481594
67.61226843239785
62.569213511405415
64.68223112090516
61.89832798513315
59.494630434522044
62.20092623940883
62.45089190029266
61.99365247710447
67.1533531064625
61.998635176197226
60.96654295773042
62.87619593780488
63.48613773908743
63.77207299428404
64.3621927255253
60.91979829934447
63.35185950909789
59.96040518699644
63.19317107671683
59.0293376021229
61.02613084446828
63.13601153689531
66.18097806311302
60.99146421399337
63.742258733693866
58.17905813467373
61.253396585991304
62.018736289068485
64.57686378839198
65.98789088788243
60.59375566096064
65.21970255192105
67.83699664618203
61.54621136820767
64.98060573586149
66.85968426064441
57.29184166975322
59.651912439836934
67.52162440731415
57.621245205809146
69.96715116015687
57.08219302030249
63.341448998933714
63.47457779821753
64.08362784408965
64.55164648294321
57.429711871892536
60.85854270461615
56.53693151875603
63.89440831554567
64.56476611353743
64.08059760551863
59.32421179581602
65.49270253567579
66.038733551405
59.62021814232501
59.08531264815993
60.310866323375706
65.50513642590423
62.46591893275414
61.241086318622415
66.77525655814894
66.34530993024836
66.362791379472
58.657017059191816
58.614881013173054
64.61175875529408
62.95414237113799
61.31188989159741
61.81062992890734
63.92940141796831
64.22411910316019
57.952918326444866
59.0095733814326
57.20106487995075
58.68869058428557
64.40980659000772
65.51592864117201
63.27453017414826
60.637297954328695
63.39829633922567
62.82091741569133
58.68117326299813
65.78179411280631
56.20750067517458
60.8801238032271
66.20132867022747
66.17373087838665
60.012667537985806
61.19628264458515
59.13667419845824
58.95479622296407
59.619267334195314
59.69273899343152
63.94035299975416
60.35292728613726
61.62206157794489
65.62527292762216
60.687516304114816
62.71794806178825
60.22195920459562
59.65091200430057
57.450712010653625
59.78160629120246
60.73487309694731
63.842291378837366
65.32986352034092
60.423287904956034
60.90282745421328
63.352531312828475
63.37074582705505
64.5582808201484
59.78913336499551
60.458069268519615
62.235304314651344
57.457718355582195
63.40605122896594
62.39983815687708
65.00831956952764
60.04941438673957
59.04880864769772
60.67007455419766
62.407728344014785
68.94282696338428
61.74251879031171
60.15815786202208
64.65010344879103
62.280769483726424
60.674782912742096
61.95355634269206
63.97950876479458
63.810427362867095
63.3637153951043
59.14791522665454
67.58406943455006
68.11048515357679
63.450984373302234
57.277290846900044
59.933943641497336
62.312167698802554
60.57177982063134
59.634279874939566
61.08136157870005
61.62154999424322
57.99239627183861
68.49146947540197
58.55103638223988
67.14083697231412
69.09748987184489
63.685472667198326
62.23175985003375
66.56851897300304
65.48005682975906
58.65759414639151
62.75640311879031
60.65290128910751
59.08317585745435
62.32464587701434
60.08820343787564
64.19969554016812
65.02968441228764
64.49814074699191
64.22776197951691
59.67544723274051
63.54909896295328
62.483591976209844
63.03284343726134
59.56872585963901
60.32291117957256
64.09937259465875
64.15628280050463
60.815282940241566
62.68374685348741
59.33284032967008
65.47760553044456
62.457773594946666
59.8315708475308
59.78565389551634
64.1112064361014
59.75693601024247
64.15045640391031
63.524308922039666
57.984016685366306
66.96495327058146
67.87782967147307
68.49092210759042
68.28531137701766
68.28531137701766
68.23488032745516
68.370589067309
65.0939051964224
66.60511618215966
59.399112215585696
60.52388542570407
62.67296121074205
64.77955493797187
60.2826087960462
66.50596464039718
65.20001469219633
60.72827129449812
63.996360724397675
59.14455399066471
67.63952220733258
61.081467525464184
61.87098361416725
63.85109191567619
63.64915722015493
63.43895459882682
64.85591676388368
63.887036144975895
66.88695825687621
63.34950724632607
63.75986769756873
62.43420817907257
57.38648207281497
67.22541196600574
58.42361280432344
62.73532943715813
60.71610735717678
60.36714464843053
67.36962907013125
61.37799733982961
61.218236988022745
61.802518467641654
64.38076512658358
64.31048098701856
61.680055182010186
58.813423937605336
64.95160517551972
64.74469897601458
66.04904730184906
57.90262976049173
60.73663822233946
61.208284028495285
62.56535979831772
60.48223924045771
58.8733553500834
66.99158746445141
60.525399046768044
62.42017871730621
67.77107513145673
59.77320157196773
61.5769200897708
59.9686223734043
61.927769362769524
59.04627271495133
63.795473417320025
60.57439378976742
61.81981391869251
63.36863175480887
65.3808896207052
61.892628867951736
61.061290157138224
61.34910751172921
64.10686916814736
65.12358606680444
62.87480569248249
61.26524130151795
61.52494665052829
61.19707380124879
63.675564132286965
60.432444578075625
63.42470240175936
61.88962781562942
60.41268717648357
60.29627733481181
61.53134068146254
63.05522611053565
61.861104059173535
58.588859967573256
64.42199871074405
61.06091880144974
62.401417913402305
63.78040768117124
60.94474467171904
56.99139225645488
61.57130563051946
61.36868673354021
61.6782636890315
61.86611115644228
64.19293936690119
59.862537862694076
64.49763725966024
60.01949825266653
62.30688454465516
65.5042912131731
63.50830983732509
65.17996989957956
61.053105262831764
60.76864200713783
65.53996983648123
61.0322993362529
59.73143652128792
63.68936479734219
57.809503802258
61.466329585788806
65.42858829862492
63.238317889704845
65.56028410384289
64.3071692032423
58.29473077121147
58.755913217415745
60.65370047200211
62.25720458238815
59.458578153780365
60.78170146296235
60.769856622717214
60.0881931380361
63.45639254072483
64.62037850969645
64.42679662521148
66.1019128793821
66.01051967982562
60.78555709833298
59.48876180131077
63.070188417881944
62.00005559833263
61.7568520544137
61.7568520544137
68.46494877514286
58.73466847723513
63.55823584595959
59.0434357443958
66.60618697776026
59.35253645226407
67.92876906036467
62.04361086901157
64.5903118822833
59.73242409102443
67.41553708480032
60.825361837066225
64.32098498902111
61.28569221589294
58.452115774863664
65.84322594813389
66.24144116045167
65.22188531310458
63.564481160571724
65.65021608735405
66.93008259546554
58.6576953706
61.540965635399246
59.306447581197126
61.92377967883108
59.05476648343498
68.30210103441867
67.38400245612851
57.32016915054349
66.31075083807072
63.88304005528254
57.60819513353756
63.61371052442452
61.03135463046852
59.66421819187767
62.29496220245171
58.85479391052391
63.94025793257895
63.054389392755276
59.221757225955315
61.10775508115282
59.44183797635563
57.840237085102274
58.378733751462526
58.49498826868053
61.40694766499534
60.69825657668115
58.7478616433794
68.15121645291411
67.02515533338166
64.33492611922591
57.76547508215998
68.57177393119777
60.81228326471649
62.5487593895722
62.68496187723586
63.859481878131206
62.41468975677346
59.83575458072299
66.91533496260188
59.48990215326049
59.303970528537256
60.669770439107666
56.80983763292812
67.1505296616755
61.23700414278993
61.39046140973411
59.36140596956583
69.59505103369196
57.15176421254409
64.12432647180229
61.43324310744446
60.453563235863065
64.22482176290589
63.24416399148665
61.630605469146985
61.97406726632253
65.72276172059857
65.07795119198123
65.3549058028817
60.86538413158134
64.7068711445343
62.78241752642544
61.91600963769312
64.4852872499626
65.08949444306849
57.07921616264846
56.92839488527439
58.09919577588352
65.83867065495218
60.889511490761
65.48220466079545
59.70225081371875
59.915263788175075
62.25737312057497
60.52482573818613
63.27103806011316
61.85709499863737
62.354275150690505
65.15807648918681
60.32866795344844
63.88324983633684
61.36627147052174
64.15103086694951
61.1172921781934
64.98216574937713
63.58771239616554
61.770759668528285
63.18582411329575
61.495414188717874
65.40569779852306
64.74287615404877
60.90395065074515
59.42826176207034
59.52129604301694
64.00283018460858
66.19563968397793
65.41823765381875
58.519924761711536
62.98861240365652
59.69977625382933
65.2885069799123
61.159273498770276
61.9335732651504
66.57559277721114
65.58779607504884
67.56083240858486
66.91456232004134
58.041409785790094
64.24455298957656
59.52239020718747
62.400136639509654
63.226929515679885
63.6048488628335
62.18088220312434
69.18393526245657
61.149601696682616
61.22339312249992
61.43718402089396
60.84373909069872
58.71000166516844
57.05202303305187
64.78276254493372
60.98145773779185
63.499738621817386
62.3996609563511
60.309984186202506
61.760372662871134
59.289037379836515
61.298335100479655
60.70082852197466
60.656073535258066
61.045902297312566
61.999454773559044
62.21332723488679
62.07563906828418
62.63839868889137
61.88849298277182
63.60912806165064
62.99058081513179
62.8286880175599
61.4385342166369
61.57790689181949
66.50455826462296
65.69760917546704
59.8946837302549
59.70885024380299
65.04978523985679
59.48029098694252
60.28084146530607
58.461892534264024
67.49085406633093
64.97796132469296
61.514275276766945
60.122316593750796
62.12763196375969
61.606179375015095
61.64138693345671
63.34174662112805
60.67800207616853
61.937371165057996
61.95369780646959
63.764753045359896
57.928626110511395
64.04601164106602
57.91803621035178
58.25956481021879
57.84792479113891
68.33285676894002
60.033484704837335
59.43656617452527
58.93456337176155
63.42778734301882
62.496351425360544
58.296321726200816
63.06738495674803
60.684259585853255
63.739919129505694
63.2015290990606
62.78240954456917
62.22334907942355
60.38141390874121
58.775626430293016
63.02008234996042
61.07511915678986
60.19091406376994
59.844988958454714
66.387084461058
64.60757679335137
64.5184745749099
58.81434683993117
59.523073738965714
64.13380174711774
60.05943092258516
66.47919132576754
67.18027828155267
64.49880582444055
57.41177541950783
66.46432605973712
58.559362725711274
58.41053606601008
67.88560997060777
64.49572917268875
66.93792759138353
62.657700386217776
57.50588812654806
67.68618382317308
64.42364211849507
64.68390601646809
64.52165805483136
67.5170494152971
59.080014599838904
68.22151406734413
59.65159099633054
66.12140788363553
63.2939245576395
58.012884001360526
56.445533218263925
60.7608350312203
63.10436851734726
62.49400747230186
61.90349621836261
61.27194947729376
61.53819180564398
61.21623390040045
63.77754317431609
65.36757681482229
59.782848880266855
60.7634565507869
63.817663001570345
64.5053369280982
60.56126763578102
59.54529341670553
62.724692331506375
61.506724619820815
60.66114296391924
60.97823145764075
64.57594768394097
59.34443675149874
60.78751377154142
60.620646865724964
61.46748434677823
59.59957957764887
60.26964845305699
62.07454730027822
62.96448265871714
61.42532898775654
62.44633027860665
64.2411773952648
62.80850865463424
62.30103876713664
63.42352498246593
63.42352498246593
62.5117003777215
61.55550274686829
60.87116120535596
64.75764281537556
57.9381606122982
60.90769215425757
61.711013074887326
64.78892993233836
62.249912402517985
62.97911130399592
62.74318592025752
62.215754682036724
63.534725092632556
59.36998096809739
60.03623505415241
61.32117086218544
61.95105555980994
66.95091455073606
65.38757198937502
62.56389887124686
64.79902298293507
64.12993843587275
61.7204457805273
65.56419326279546
64.07707337067389
56.86573764246775
64.91481141435446
57.788350395412905
67.47909384142773
63.944879654448336
67.30023683449397
68.01316899227488
67.35009884892776
59.4628458451953
61.218120367762744
63.32832973491069
61.214607138482435
65.77606905544668
64.77323434957616
64.89851703235097
64.93490107741191
65.00169652198325
64.88791929608152
63.78285170001636
63.922425538288635
62.882677921917846
61.58947943787524
58.590417192084075
56.905053279518576
65.44392261811984
68.34689441976661
66.41564165082427
58.51048172535628
62.119819482493156
58.508259253933126
58.47341960543869
63.894442724315276
63.781423959832786
63.10331409365386
58.878298267557405
62.25438819956342
61.25254782646777
60.27469776052324
59.86917673274356
66.37049849898284
62.4594544916202
63.965184762141696
63.411110113349835
63.4891985211224
63.48129386157931
63.40739718615671
62.58011670526853
62.55883437725901
62.71999241065763
63.51130001708168
63.66103088395756
59.11275021086185
61.53355556299324
65.4237494545203
67.21954872470702
67.31415332068251
61.50556034534432
62.31190574917936
61.0657243890659
60.63730869562005
60.41559198380948
60.38781328257982
60.27254614375986
62.16403675598388
62.528331899544455
59.79218871648755
59.64418679497478
64.25731323660953
65.09547261604656
61.55780385560678
64.14199966991418
63.59676261990363
58.35813383212807
57.49561309694694
68.69374946899308
67.96889909264716
58.50244575771489
56.75671558670943
68.12511859808458
58.84938617516834
56.844660433889906
56.87534029049233
62.800935093929056
64.14051609832704
62.037028471989174
63.07874195798096
61.12418495790721
60.122645903206866
63.208855878266036
64.10033677743176
65.92377999707327
56.93894452882679
61.48444549387987
62.00047838383199
60.826297018077405
65.47399102740141
63.468711770426324
60.29377322839371
63.433270441638875
62.90449180798822
59.43510353332139
62.12593610645881
61.94512604076542
61.171025217225676
64.81440679459475
60.04542949289984
65.60236566510075
62.10001856713539
58.96000079486385
59.436707763444865
58.66890078189979
60.03239036922044
62.99801256188954
58.35750972558713
61.97142576883578
58.78552942044288
57.362521769430174
70.83746776194835
60.68495983167044
68.37265819457568
71.46519218841547
68.64219470767532
61.70956799484302
63.041626312242634
58.037190280229225
63.77515918510398
63.11809463388356
62.17862580260506
62.1329016173101
59.77512759553852
59.90431024660668
64.71331064410063
66.08127850023337
65.557128851578
67.07863319011021
66.99198224899139
64.9431866670494
66.12555240365073
65.77602975612095
65.77602975612095
65.48893085876158
65.47605407317596
65.47605407317596
65.45199547909881
65.50067190664375
65.40936426155741
65.40936426155741
65.40936426155741
65.40936426155741
65.65565582493223
65.62974765877155
65.99689562984501
63.17684796479975
61.238110380720386
63.24870486074828
60.297354516930405
67.81089152029722
63.97390588132591
59.965157148310695
62.04548868352597
57.32180153162584
60.518926992407096
61.07538974404112
62.773355054410594
58.53967684320671
64.71060766851569
60.17056615431207
60.51337805922962
61.18020131056979
61.681214533286536
65.04917581487793
62.082312669638
64.21330514244936
65.1966673205673
63.34549741738366
64.45844858968572
53.923765911937345
71.31339577439168
58.717330441693946
69.68109647206322
62.72747692400328
63.81992427254981
63.391317145886354
63.93481955330429
64.18297708112927
63.54179169805666
64.51478569816565
63.80729826636345
58.959632735186254
59.06136831992681
58.36926113921962
58.299292643278825
61.91840198770954
61.435335047116375
61.27159768356328
62.80680106419274
63.040294852216775
62.13306930049355
62.11783246598002
63.974101325253145
65.05759920410229
63.24863092957661
64.85161149704261
64.30235505066352
63.00121486546808
63.927318256974985
63.69591581825386
59.97149993650835
59.0816284961496
64.03009705253135
61.867574367986556
65.49867099866262
60.843746967285405
66.92587947616009
58.46130373324665
59.00405235276602
68.00203626232049
66.83239578580043
62.89217106861186
62.37660114920886
63.194029488516655
62.00278395931178
62.10070948054732
61.45791862750665
65.60955826788145
65.04913025279481
63.36704844979357
60.62695889877925
61.05182051063058
62.60018576806027
63.044193278047544
61.31829043543928
60.28471267068135
59.753677247816164
61.34864196045356
62.10111328088831
64.50691472281332
61.482218712531605
61.33560956791179
64.41235011113903
66.86676490464714
62.26829922831068
59.05457568004344
64.04171243184439
62.87344254740119
60.29325743495451
60.196660178923416
64.34079793520034
60.48169903387764
64.3678581545263
65.18036942027067
65.93801876377836
62.71769829219809
65.94092107827386
61.82912155561504
62.69589478157628
61.77063321063032
65.43213965277027
63.61400571492786
64.49309274433718
65.83343861789578
66.04369369674755
64.40622789996523
60.54239558700243
61.917714341322046
61.899759390903434
60.89249855671262
62.82441593576567
64.54676853207445
64.24143320339421
62.916599091580125
62.009816048838935
60.34211199032909
61.88128011736322
62.476828693501915
59.89371984298104
59.18361252857955
62.064909357039014
62.95174648886839
62.92370536429893
62.3058839587768
56.03268969097632
64.0779980290778
63.661945027478794
64.55988041643191
66.00753032005657
60.08299755199006
58.86091940336514
59.43478255911291
60.16467305535005
59.385861001612675
59.16625764959345
64.20398222413836
67.35764997538436
57.90715909296578
64.16687650268359
60.0882338433128
66.67530299740714
66.1177907819247
59.75151466839865
60.338481665565205
55.413607610465
60.49065578816236
67.24807505687716
65.42208642332938
63.31457232434835
63.77803677055998
64.73692954538902
64.32395806907677
63.922775986419445
61.92194667048251
64.69031727813208
62.177818194057494
66.18529185546357
66.78295607194258
60.623180462213654
63.047964472161134
59.81347820276912
65.47187249769514
60.49527972683564
59.74105149292155
59.39139629195722
61.84547672965761
63.07228035688935
65.71154449210256
63.80848841227462
62.036876514578054
62.49642107844539
64.75228714812707
63.25435536475991
57.82584821980982
67.00288295287012
66.03082482577152
59.722743964758045
59.35471971016691
60.66547160386277
60.221212216951166
62.758249035806735
66.45641644619359
61.945885516302894
62.46466070315348
64.6054470949263
58.75451549263592
67.0481311804444
68.52676114993139
66.6486853958102
65.29942156928834
62.200593865630395
61.03804992807851
59.16739927994961
61.86798035233883
56.21863334741611
57.54235987499344
63.24009860296748
54.01647247022341
55.73221766672614
57.341190704796105
58.97544469683101
58.15192538664693
62.96466137281307
60.46804045045279
58.48928491760654
67.18820002044838
67.36871809133567
59.75714201523088
62.61063701580985
60.035246789345166
63.61311859755929
60.639546729018605
58.394634941250224
58.27476783881186
62.75006365395569
59.316747233698806
63.93377301150088
62.88377402612638
63.69680740603552
62.33090645913468
64.08155539247319
64.99874767661005
65.31169895524309
64.7235776490438
64.66695205661968
64.86720990343284
56.33517676458895
62.01262327744509
59.601362761489746
63.637152423747196
62.24072765908763
58.12944339658023
59.25324523894492
58.41194100106009
56.919053328151975
59.70823906743665
65.56124316446174
65.34240172468868
61.424564316851225
61.409481224665335
65.24487376395214
61.0696412334529
61.44201635083282
57.18694475455466
58.24473012074267
67.37617148293731
59.69206544163392
67.45069133997744
58.826211747289236
66.50659275279617
65.79029143208923
60.55705282687773
63.11757916014436
64.40992055526098
61.2267706355052
68.00125365655704
57.56537779820189
67.65281215399655
65.64724829146783
65.36423284254606
56.61557458018283
64.31427568253912
60.28705739162721
62.84664344598367
67.53986257434316
62.05544529173849
59.50187128488415
59.01241662907261
63.85655712732034
62.70739976066722
62.07205183714727
66.95326883099244
66.55354354302672
64.44871468532709
