0
1.4193467231377197
1.1233744201024036
1.947318753063453
0.9270575580405028
1.091314952424198
1.1294468122465082
2.116623316756731
0.7451111944828708
1.6697265858505141
0.7102951720684914
1.0424881051893498
1.311527620512874
1.0543879997930603
1.7967751049917173
1.235365883777556
1.6467502503944225
2.3128819179343933
1.248766789057648
1.8585536892750079
1.6414292922884004
1.905246562951752
1.0740888031282534
1.9973654219709158
1.443089931062449
1.4134349317826782
1.6303849781106268
0.9419512533423879
1.717249482762846
1.0580720878106078
1.6587286582227991
1.232175221464666
1.6595434708136516
0.6852909923238505
1.6127685400344782
1.579559464547562
1.6431481379739814
2.23353243893169
1.7019735249144232
1.75996937073518
1.227717797832358
1.287479331926385
0.6913668657164166
0.8160608253999646
1.2713200320060167
1.4978817730468201
1.3553901714882668
1.7429110058399875
1.317240387146775
1.207120267984005
1.08628063298346
0.4761410940169396
0.5970807036540083
1.0583959070754134
1.0916614107191311
1.346658949951162
2.1207523918111693
1.2327646550705833
1.7449300823061058
2.0407012162879594
1.196391421509104
1.1204653627791024
1.7166620121711742
1.5769873914803698
1.8022468361156474
1.3043914746051548
1.204448472861713
1.6281390769746684
1.0806416097457126
0.577038654723356
0.514222889780324
2.776673855398445
1.3477474328859544
1.713911039478074
1.3712182134018338
2.626106381547622
1.990925785275014
0.5646861936857623
2.480265994690944
1.3168512946631443
1.3756139646613124
2.190726173900026
0.7696918875756813
0.09032744980478824
2.6755748031256807
0.528877905193141
2.3436691113601786
0.457469197371587
0.9599326420404843
1.5936287343033808
1.1299951577869014
1.394037224762957
1.1643015549237814
1.5896789417631385
1.1269377806108993
1.3164729420234618
1.7027011289183829
1.6587824364754733
1.7561833890978558
2.018005697275997
1.910095766390105
1.6852012477784992
1.3250226666360871
1.2813485198698462
1.1594213258238948
1.0826874719648698
1.1836165150090299
1.514443705072931
1.3479988280674078
1.6523495463234146
2.098476095476782
1.1458109377052499
1.9795543814260392
0.7090224679856355
2.0227302026696075
1.0025836008587956
2.1463844968767947
1.6018734997309991
1.8297287193884564
0.2986752846602995
0.07934276233738835
0.002301129297023641
1.8167847073251309
0.6182876131772149
1.1997659930702722
1.474038636735036
1.423616181773311
1.339701268018556
0.7198716713345484
1.1680127177791961
1.6080912870900175
1.4620244427562517
0.942365559358507
1.9288672155353588
1.9259383193241282
1.916380020102815
1.918399626479408
2.2499439072649468
2.2535736115645526
1.9152991228643375
1.6769873996447513
1.4150691685647248
1.4617455115734785
1.3313619675539958
1.4648792603239242
2.006726655405396
0.8415075127794425
0.7381894032819053
0.9266969720002054
1.3444019331310337
1.982629088262425
1.1105687587294755
1.8246001141665737
0.9365071359528849
1.381391084231234
1.3138459954511779
0.9228624968870528
1.8925660710035188
1.8966031127808245
0.6692883325503202
1.011476800265304
1.6835877552369884
1.428620120883861
1.6194737328277258
1.7432784982335465
1.227677310210767
1.326222648901685
1.1154312442385446
2.137485335348436
1.738816118443556
1.3226721507005068
1.0131474267154386
1.0045522680791092
0.6941198627714852
1.8218272055167812
1.3048639824315953
1.4561037151037521
0.4365674464492744
1.7984136467499452
1.2283493038493074
1.4984910139456455
1.3585026472182573
0.9932842812471825
1.6001574659283557
1.286731455963505
1.6048724399384497
1.4703006562903027
1.3225630050101609
1.5296897234434323
1.3731208131706258
1.5343307005415243
0.9540291675217278
1.8254871147840326
1.0320931076561732
0.9689956986506167
1.8558356154391344
0.8765846175475108
2.19206551573694
2.376775936181743
1.0320430055784788
1.4367063010820784
1.771404853011352
1.3574587401850873
1.3261103310911238
1.5426068248002378
1.3357269143189852
1.588734805518442
1.6707378657877106
1.1751006357580647
1.5502292027619058
2.1866117353142767
0.3921823462605743
2.034940845316261
1.3691409271024997
1.1355247367543633
1.9088740711126673
1.4275694544321231
2.016072380818142
0.6617787388022492
2.1026989453538913
1.5405740752353494
1.5178476064324138
1.0801906527742204
2.1617890393443364
0.5386406075413955
1.5567944671796694
0.9053612836279046
1.6377974082554765
1.2486728262997382
1.322107423884809
1.969015173188053
1.5191856556496643
1.7279607027618304
0.6723872321174049
0.31380668776161863
0.3785208323166993
2.429322050036922
2.3632391714853442
2.757702518171794
0.7628542230690709
1.5105085506962401
0.8007411358658736
1.753073098685444
1.1913326943663332
1.2511495982266176
1.6604268358423415
1.3150391520171272
2.3834976275479574
1.7276436506887398
0.7548129913460312
2.1263900747667486
0.6306395212529281
0.9989793283886378
0.8925643425962229
2.0683138492903526
0.7715837654994906
1.708212711073807
0.6489423547258056
1.7083724272220706
2.2993570701184813
1.130820864282718
1.2366816490578536
0.9832398772209866
1.6315816294528103
0.1535046914298128
2.0388213707138525
0.26197892182890986
2.747990756425185
1.8630917386789796
2.3637393743306987
2.3334570740852243
2.9797130110765364
3.272303753518049
3.1868468567423216
1.690996946867171
0.9747541526436341
0.7503808505628834
2.0680180960360053
0.7551917032757876
1.7977084806557946
1.487104312726001
1.5950018614405423
1.3235795430610147
1.461892934018635
1.266549575129256
1.3667004638644917
1.0294198679828983
1.6176776363458907
1.4228675664220345
1.2529576572006964
1.8066955103143372
1.21825092861152
1.6437549755698901
1.4826926079025038
1.219480770557055
1.2543819411164019
1.578996736793632
1.6073356270876895
1.1252170750473962
1.4832536340257094
1.2354108075867247
1.380455770012166
1.7183321900892397
1.9373642352917249
0.957219978986618
1.3625039800629537
1.2756396543878492
1.1819442133610758
1.8542858607029007
0.8271521975565429
0.7696331179648006
2.058742043748928
0.3170855825299404
1.7188570171732926
1.6640762564048892
1.0794704718758399
1.0260446401983088
1.3042784734150117
1.8801335091236822
1.7879081037198565
1.6447141241813414
1.0669085461993633
2.490629478206074
1.9427900301015433
1.71988549494025
1.9149066756813913
1.4382214426276603
1.43928211832921
1.3163710294345263
0.9652010718567937
1.7107903163828044
1.5528999039661913
1.2902824104094914
1.8403821956051036
2.003035023902404
1.8617975532919528
1.1525249039208219
1.7318602694047536
1.4336529576126056
1.8289492492040251
1.509238313228942
0.6493683171502888
1.139536692507669
1.9858347802491252
0.7805253649123417
1.9982430784801688
1.6298293907128514
1.3548113911350308
1.6209804466063014
1.1441537290421038
1.8729653270648958
1.5159642791823058
1.211327087177801
1.00529914443851
1.85320707211757
0.936301004001175
1.6094005141809544
1.6673705105513061
1.3863204998259544
1.759752307033385
1.5287835929057862
2.2352062105836525
1.4291039817256446
1.2734757214133923
1.8712096758077659
1.770392332914127
1.3738074336159871
1.568524119365068
2.059728124495387
0.8864605871716192
2.0277224258858126
0.7964481672375445
0.9742863178776703
2.4657058931258975
2.3200834932744017
1.3369873724882118
2.1763481119121084
1.6505682321151693
1.7060107283951427
0.9925488095397177
1.828105638873723
0.6024602735953241
1.729286715314419
1.5541968704091278
1.646496707102293
1.5417243665470088
1.0751821602615663
0.4969112335395997
0.6156601420254904
2.073118769338017
1.1544474167956182
0.9906143229076172
2.0242539512463855
1.8784174206932762
1.9682557953726363
0.9991364197093797
1.772272562783578
1.8995631180929688
0.9924509768213238
1.348431452495945
1.4547853261172197
1.7908692393446122
1.8486183059349712
2.0159647850948526
2.2062260932311886
1.022335629128408
1.6933450636280227
2.122149721889098
1.4700553936014227
1.3778387105963807
1.440641499045913
1.2494705947757159
1.4136848525945915
1.1369529552627773
1.501014962579562
1.5543041478199093
1.5930561203255034
1.7485426871710064
1.7868294467979167
1.1041520602992614
1.979369428743018
1.0135821367393585
1.9977252729298534
0.9541057871225066
-0.10238539076388338
-0.5711746818587785
-0.46392732423961386
2.7862310136487856
1.200829895836796
1.2641877491463611
1.2781080116225005
0.7467066996825992
0.7896078004056306
-0.0841258024162013
0.13078594218792627
2.0050798474164573
1.2368738840088107
1.3389731484412435
1.4491002838023423
1.3331235911414843
1.5556628632044793
1.7268528681355066
0.7429430589317195
1.8458854634376498
1.9072485737585156
1.5946697298621018
1.0334966839079407
1.4925414767129455
1.0266084668518518
1.0624754822163045
1.1464670600837616
1.6161494016816722
1.020123333742064
1.3294305935404995
1.9622487874413517
1.9635435091427291
0.9362731747956966
1.1738957160630616
1.990568166243784
1.256234143453214
1.330997429991616
0.8586550405924256
1.386797719130572
1.2099696993748705
1.3588945578164822
1.1983065628484804
1.3141637996462918
1.139180795081009
1.7778300526164335
1.1799949192357597
1.1475678144582666
2.0535678898428165
0.7485685636336166
0.9949403034166749
1.6827501766689987
1.1701399250676716
1.6381664016111277
1.6104629021063273
1.590876202847991
1.6132204080759904
1.3142969117617425
2.034825500744727
1.6552697094094175
1.8227158640039642
2.002657682220262
0.46287581518158855
1.3476899754581373
0.9108410054088669
1.1854328620153454
1.624562067453208
2.457730041421603
1.959298547821362
1.515969299957721
1.514997836371814
1.4269248288753
1.45264875276968
1.3596064925801925
0.9155880827785773
1.5930696510572364
0.5188671751198615
1.9245000043106275
0.9882833097069268
0.7235233490129099
1.700594414560069
1.6986368684461426
1.0884926323823545
1.7175819436622215
0.4936641948845524
2.2839348402597297
1.9022220490236694
1.6687014496680865
1.2751438245639595
1.9003617770346943
0.7861430278746652
1.4133673181146422
1.4876409242491488
1.8971633356540332
1.2994897497976157
0.7141750093615435
1.7945817621720155
1.6160222196310363
1.1290186617948375
1.0405685820151518
1.0393505764770359
1.5542166815891454
1.496239980864828
1.5577591411111684
1.5122822478175835
1.3804365201227418
1.3791596966040374
2.019054812726662
1.9691910184686583
1.3162605137506769
1.5343274460490308
1.3755337468754756
1.2440218801611826
1.510665990671998
1.033784166877237
0.6789283349038974
0.08158385804194009
0.313679315978526
2.559083976886325
1.7578405940646546
0.7743580156467104
1.2298763623196307
1.658144279949808
1.225746477730947
1.588442477126777
1.6882487010878355
1.1236067019411016
0.3734048320845453
1.688102904814764
0.9718617394248547
1.8735337184218934
1.5395009495693601
1.2339481725610935
1.1704615641291731
0.8684705282963343
1.25476149490992
1.3144697879241232
1.4119757071893508
1.8351804547566577
1.1582574545357947
0.9446444166628319
0.3881176560386913
2.354829208367332
2.5550726052020014
2.0812611208673033
1.6163790435485026
1.1359298138002754
0.7057382105880662
2.0741514166872106
1.8883372673560486
0.9307940138467694
2.0801369540230095
2.031412782744998
1.3146865355011155
1.6327103300421142
0.8756699413264544
1.8141097197217813
2.370998647813248
1.3432223025479346
1.3069893308521388
1.6291602490521715
2.339831266848606
1.9237700543999114
0.39649086562148567
0.18122511493308546
2.4659548667681577
1.251800017682251
1.5402596949738063
1.9382901565133501
1.0411787711060854
1.3665182165915115
1.938685849225484
0.9580658151574525
1.8734552112768423
2.228811929500597
1.4715960861929367
1.458305898853257
2.0358405292915305
0.6660509535387611
2.0140484395829303
0.5026853596436013
1.7724976444242726
1.053405684158417
1.5199158335247875
0.8087717621668403
2.208042383387838
2.1947126410638638
1.9467668157918367
1.9699544374468292
0.6665984869573504
2.047564970818776
1.2870643758220708
1.5299151443430814
1.246683763345702
1.2510315241728558
1.6013295386247
0.9877056982066124
2.087460143859099
1.3521684680792259
1.7696693130967858
1.7703755139519766
1.0558802479402851
1.3081368816021972
1.494838590776246
0.6537750957597188
0.6827196680129427
1.7931138618213218
1.672656595345603
0.599714932740727
2.226866639919815
0.8501390722294385
1.5786717747115555
1.544318938884455
1.2788280620296233
1.5817243216427874
0.6063586224509852
2.3389997408191427
0.4231553466647864
0.5026096603121889
1.0309638071564062
0.864267587316148
1.8091301172092136
1.5735646348682704
0.9633794214202261
1.781673269102987
1.2307204525143636
0.5815535876109178
2.3019959617133474
0.7999866335280271
0.8861408192061244
1.3215700526230987
1.1545756106099507
1.1580162787607748
0.8793947288293084
0.7911778628378132
2.117025291266641
0.6174334390910396
0.8201048020001123
1.1631910496478133
0.22750574340825366
2.5672953694706373
2.48777381937437
0.40967489023514037
1.0396386692405897
1.356582840695026
0.9662946910780561
2.0411658009235696
0.7448797583004994
1.8024702871216867
1.4583301780132
1.6907284352279117
1.3112606887961293
1.3122433242908744
1.3034199995106892
1.467810306029517
1.2732129317387375
1.2973342213987582
1.4663042773484325
1.5620152535132856
1.3257291852511721
1.6517070712671278
1.3693841968176692
1.5716603619098979
0.1857122323071656
1.9453141643602108
0.9924833157962578
1.898731516545687
1.2314953878948156
2.313353778932242
0.4757544683735463
1.7710558864157078
1.3043033495910543
1.2276762189077266
0.7889128368730218
0.38313559343398756
1.897827903732298
1.3308517262899215
1.3674137819388537
1.4152507585361989
0.9123985698619451
2.2748437083430417
1.870020039809211
1.6149553589828263
1.1213423227377675
1.306953445135951
1.5493076276221562
0.2037584768866821
2.404180358234382
1.089321022522178
2.149214419226985
0.9380492459800129
1.675211519611681
2.0474456722637404
0.6817476999079317
0.9656880472679028
0.9047621778097262
0.9047621778097262
1.200395148386653
1.6509607175463812
1.7066317459628126
1.3915348731235218
1.3904266042874416
1.4566781147777317
1.4617268956198441
1.549971678132739
1.139816399872967
0.9762434090752833
1.5739083692677087
1.9807079588448169
1.0339963945478108
1.898322369345042
1.0308994923132895
2.3213723113718268
1.0400417562680717
1.1477181579043427
1.6307157649891006
1.4682703501027965
1.3783482584976479
1.211683002924799
1.5837203228640413
2.1655525790102614
2.110217868167708
0.8426574683943899
1.2927127837494767
1.7133935796087598
1.03850034507698
1.1329246755914808
1.6152541786998467
2.0818425195105115
0.9454024525833552
0.7557607468181338
1.7738507820837814
1.3411163869789369
1.2475841002219652
1.1812127913340886
1.798534048788017
1.0277146951915619
1.3062145424182046
1.5648930887143533
1.0884980789716652
1.5526350863015732
0.6005854124516153
1.690187240252756
1.4807486182767697
1.469642079359023
0.6327794075828254
2.270716398649477
0.954779063659753
1.0296395780659908
1.8464328198459312
0.9659911117929254
1.5869766470592073
1.3588516141984626
1.2558456247609022
0.6543200952290116
2.564049596551685
0.44897873488325796
0.7181818142216766
2.1428875617363774
0.6477385926985783
2.136363328201555
2.040206438927249
1.8746111605225966
0.97460525556441
1.4742783917744395
1.599468191688569
1.1671613610565037
1.6963121349476933
2.1047200045506007
1.5964530221092594
0.5399432742137822
2.183935813965036
2.193071519065076
0.2682132709743758
0.5144204151878314
1.3752539720617942
0.681793305028032
0.4193011844798692
2.3632037097558447
1.425645365569921
1.844040341558533
1.4981214426465432
0.7492695565477037
2.594030778331173
0.1326452311853877
2.613453830054001
2.690600503060621
2.4979068662000246
2.476902937485898
2.476902937485898
2.469825337563925
2.4538924288787727
2.452152391850454
2.645799501233531
2.2226576969217406
0.7487558152772096
1.3874745123300394
0.9576306418236141
1.8874863024375257
1.0368886506737993
1.7432127384162481
1.078027826350316
1.20659822330994
1.299931456799515
1.3910898286566367
0.8663574625709471
2.127189705831058
0.8610899739954696
0.9074261384016303
1.3561984220206824
1.760752750618376
1.5330362679779725
0.8831288921150056
0.8589678448606166
2.2831344116511665
0.8050815390583707
1.2655130945541826
0.7116466133525968
0.6146923492620947
0.21322677026106446
0.48362991545000006
0.30325307091254194
1.058770057161424
0.8112922566430115
2.02145173135444
0.695514678147651
2.281819579845589
1.239530439938948
1.3989819122592801
1.8321502684521134
1.1436706734506568
0.54301430038885
2.229039714001995
2.889091133411644
1.2579860842801542
1.1948556725162076
1.6016869791858446
1.9665888319437592
0.8701797310643522
0.6231733942942149
2.2784646895660132
0.990153418598474
1.8223672840298673
1.0122294644437713
1.408013349897139
1.3330853968749312
1.3469356999299933
1.5830024467590555
1.2204668566985355
1.1418202992179822
1.5235595132230104
1.577719353375334
0.8028355959734736
2.0444074048520635
0.8454439237336863
2.8880860545217097
2.1744718136621137
0.8656791779421521
0.6971838046633044
1.897624757680567
1.82291215577215
1.483523711663974
1.870963362771834
0.33350305891597337
1.2483270772480066
1.2921262701358451
1.8030439516899235
1.2191516612584212
1.7743214124344675
2.219985067988393
1.4011735463157826
1.7264789373693703
0.9475912705197496
1.1444570611421931
1.1969229586181591
1.3459233462139828
0.9827486317494357
0.7185978285620046
0.9808155858769319
0.7673239183041745
1.513094482694855
1.5449697377293867
0.8015263947518879
1.2229741101053193
1.1375113675005508
2.174052373319429
0.7671254703954338
1.7560973567318865
0.8747786156324227
1.0312589517303263
1.9728179855441637
1.551499273917864
0.9475350195026825
0.7038790736285903
1.8272856449456183
0.7898825735717906
1.8775339471355934
1.3980650263991128
0.8631583437998461
0.9012520488128473
1.6666884536157143
0.6991459621574184
1.0402242463416707
1.9158802465373654
0.5685368697909422
0.5562784662087841
2.0078427323567665
1.5128103327964142
1.2995126422177878
1.1773456872149335
1.6036220124511789
1.2105292225764295
1.5403575212094829
1.1417271103235727
1.4086658796624048
1.2254468402526921
0.7305029643724646
2.578875914530353
0.7212869044919157
1.892542517644993
0.9525256692332174
1.1519491279317826
1.138683665206138
1.6268969566050997
1.6271115354500187
1.2513286230548901
1.602051697348373
1.589443904862792
1.6794437557839859
0.8767983729054651
2.120710346238809
1.7089909867709403
1.5216256255744074
1.4246985983908027
1.1066252942584773
1.5224474023630514
1.7635676568425434
1.1916960985937022
0.3947428633315362
0.9309412403568502
1.6497202121105623
1.5153030813692383
1.4069149676341153
1.451304686082785
0.8858280939266443
2.0333549030693274
0.7730896724976197
1.3642074173023677
1.3635247793254452
1.7211272110217772
1.5846126014609392
1.4936804841434244
1.9658116548978122
1.7787019632078545
1.380637609827813
1.107263019777264
1.9700191813534573
2.0381215818495777
1.2694255906743135
1.3845902554210097
0.5761650474163377
2.316488525327701
1.4067117969846827
2.2955552136107866
1.8071281085166562
1.3646235458753946
1.5770728177129996
1.5175773781506734
0.8689121627098402
2.3255853388552055
1.055045931122393
1.2918856946676458
1.2243754818018089
1.1959034980384835
0.8430024482959937
0.9298365961873213
1.8962667028122704
1.8438265715613549
1.043588077322201
1.7190787848030915
1.5651752895609816
1.3072280359800366
1.6131769324629528
1.159325182130375
1.180526808291319
1.9395039680956219
0.9072541740246363
2.359249198256994
1.4890183041444691
1.471750828216016
1.3076573682213077
1.3644259731389865
1.5788268453025494
1.2705824563556853
2.074318403882159
2.2270200984423676
0.46137659774413803
1.347108840671623
1.5333847057992211
1.2271292006713006
1.184601705127411
1.5049724956267365
2.3002889662427712
2.106570579803514
2.3120984613717215
2.04553491941829
1.1846919938037461
1.7770939804478376
1.56261563036119
1.2639671179868524
1.4949535305237391
1.0241417657809382
1.3125681467160644
1.6507530617716666
1.1019191303668718
0.7506533746947345
2.0828846113334856
0.5627614906776066
2.096842617738235
1.9566012388235479
2.7141646817319374
2.671230238643904
3.0654508080352247
2.5259625921968505
0.744284122371536
1.3570574368241441
1.6266820301218434
1.3850983391789315
1.3944532916619956
1.4765670445183603
1.6197122579789176
1.8777589617745416
1.1367160817930884
1.6808489460868032
1.638635698836407
1.2426261293126122
1.525034532795252
1.435761690366992
0.9494079547126224
1.793026348094164
1.1120217776022991
0.746594372233742
2.81093139801451
1.6085603331714646
1.782063634298975
1.0148723565150322
1.9265861723005766
0.8615816365153511
1.0287692963289312
2.055340999274712
1.5110153285815255
1.3878851258392817
1.5315029354128658
1.4504346079926658
1.4275845149013038
1.4714398195136786
1.3836020715565571
1.66985845008373
1.6785558391253401
0.9113968260266683
2.085186825090415
1.6615106637394244
1.5097049530614373
1.1753216188418942
1.6066633838751876
2.0911681310248884
0.6859365258102328
1.0698797992544302
1.4399546266611711
1.4339995531622887
2.175646892564627
2.3026332163034033
1.2068200828872537
1.9187344681672023
0.9158875839528207
2.0483558404015816
2.240469867550295
0.8773395618271874
1.348306600671018
1.5175132781606264
1.2247266895620308
1.7264250395380853
2.6587199887115607
0.37477819881354285
1.0606101641480452
1.8823653519057182
1.5580636553849678
1.5087246557974139
1.1264033561531583
1.9252685771669422
0.856472164658343
2.76680224675944
0.6647649234651508
2.9689236842196043
1.8030557984828681
1.1696637784436918
1.4023948262369903
1.0864492835405746
2.1439899843698202
0.7718137761618411
1.1865404074312116
1.8104277639267097
1.264618817765699
1.2660263931241624
1.463785613768969
1.9278788863184397
1.1494108596156996
0.7716082777070792
1.9978649139221742
0.9935674828623839
1.6740617785906073
1.5224510301982657
0.8619178702105731
1.249874849809089
1.2749351019496988
1.3563183226742033
1.4126698874308996
1.4126698874308996
1.3825565549140246
1.3600309809483515
1.3775635126375274
1.3699089426764663
1.3059839439093381
1.846158188297904
1.1379654909476908
1.3461998851910817
1.620793934318303
1.2887198441672012
2.3163818112952117
2.292781408825727
0.49057031679462
1.7915484817112333
0.9368590456592465
1.7503690739728455
1.2279422579489658
1.6022828759932037
1.205412765178427
1.009784025900417
1.093192046120007
1.069202269476022
1.6546687390798671
1.8809931588685116
0.8562633245969877
1.1315585232932766
0.7917470102629081
2.017078982472086
1.3592222749043281
1.2456912440558072
1.8307803424328142
1.0816472053182253
1.4145107615892316
1.2388030889743775
1.2938139322217932
1.4879497049610262
1.2879085648416928
1.4860614298184807
2.2276309368498337
0.6836231768071942
1.918216377939262
1.630876912015579
0.822392160065021
1.6377921730625544
1.7129361467961741
2.064492184690903
1.3124735427817835
1.410904006948584
2.36611147039459
0.6482580708600864
2.1300501227187887
1.0258488000420416
1.492004812948127
1.458502323174357
1.9631189406146563
2.2752274907856984
1.678934154814927
2.2986793867619344
1.2013953230923289
1.6012997819372623
1.7566505420709646
1.6701976515208798
0.9259976701585125
1.7287257771706286
1.4835932174543738
1.177379115040796
1.6244030601510355
1.4265310883154305
1.571854600088867
1.8780664613864635
1.421208385201528
1.416186160877877
1.1925929028776732
1.7077752044154944
0.9375509899660364
2.0747125077369257
0.8823863067217111
0.744744835052636
0.890500738943482
2.4090472310577766
1.095021382158333
2.0818051343091475
0.8839825233557618
1.440524698711879
2.032450407906681
2.444076809882489
1.0747387792157044
1.3614179392404264
1.8802625155471464
0.813264925000007
1.3890725986435273
1.2994253471707773
1.5202258727456972
1.601458632353428
0.8863118042029724
1.863439184901744
1.8021706125651114
1.6144384906348195
1.54066137406511
1.354364827495967
1.5351164663873862
1.8724719958574583
1.6448957250002454
1.3840839733442565
2.4225193105860963
0.6646389800993846
2.3315960217989082
0.8304082867792781
2.130701166072779
2.2073397341271463
1.7414620538191241
1.6715864585146527
1.5135104823816257
1.5827238789774514
0.7146920936140652
2.174531282983365
1.5351249684490722
1.722281108473994
1.8252847629837217
1.3433295930869724
1.3194743386881156
0.6993874584457496
0.8449287162397869
1.4278140176681033
1.180501101426605
2.033096624527093
2.1283782859704408
0.6579107061142764
1.1400906067658099
1.316093102861799
1.316093102861799
2.4566540017578284
0.3692381755423972
2.162699228220388
0.9065462884225949
1.7869996481395165
1.4241576430273193
1.6523120808447174
1.6836861358997284
1.1471463056453097
1.538024086123227
1.605426153599014
1.326031245345901
1.6331829358528984
0.9895828543069862
1.9056490695117794
0.9245301354393938
1.7898162792015804
1.1928759801537905
1.1938385249088403
1.1581059042979138
1.8144339171536257
1.361717956939847
1.5600835185462356
1.3332311281970295
1.324146026347626
2.116672815102328
1.8253025540464414
1.928190434164823
1.1552192703805193
1.6662707848533103
1.8680478627780528
0.8846604490157381
1.753291185260429
1.0324204736042675
1.8722444733098802
1.6232841835040148
1.3780816023186764
1.094042518071067
1.0922603614959143
1.7395633376828326
1.49233491921812
1.0462037994111182
1.451416206634991
1.865390034071979
1.90916755711586
2.403453679628726
1.4005410775026974
1.6402525149036173
0.6278279353870596
1.3154804279201442
1.3100688924421555
1.2026863640270433
1.337465290630735
1.319949042726877
1.6438376068190814
1.138957413725591
1.9235482973147906
0.854761850057458
2.346135532813698
0.4122571574738297
2.680743814646426
1.420441712060464
0.7660612470318947
2.097683910848731
0.8295571483173304
1.8841278709772542
1.7953949106861449
1.1388370621813941
1.816574635544634
0.7791012335275088
1.7910658070977064
1.8290927380455826
1.1911877805099433
1.409077344367456
1.155870081314353
1.6492448344563375
1.4814288818944152
1.1224761650866102
1.3369460596894904
1.5212231463042887
1.267010109728984
1.4378493889572181
1.340077337740104
1.6980195956921007
1.4240429492592197
1.2464037495881044
1.3074135724560174
1.7036081057401482
1.1597827158684448
1.2840663522799414
1.8591473734275326
0.6469221252192187
1.3880600747598446
2.3445457957134894
1.324699913848897
1.3868977580548663
1.1519804044763913
1.6757417434082047
1.3009099922319591
1.3874150153104248
0.7490491455400087
1.838418867200037
1.7579039999551636
0.843196433901626
2.4356029771567127
1.9618856162209186
1.328452319075784
0.8793377563096463
1.7150904397304678
1.047599187166239
1.4282416943734926
1.4364292138073442
1.6772391285521622
1.296970609071175
0.8870610164460648
2.043390183939951
1.5293749091405047
2.438754640589065
0.9130903059083295
1.1501180348980975
1.7521590928037531
0.9122426939805142
0.839924113397134
1.6678329472415692
1.224157485328918
1.6159338153504599
1.6008891320377479
1.7969075653074598
0.8148287303904408
1.7545548020283892
0.9047692084729314
1.2991291620526826
1.750827796063346
1.2435925986431626
1.19651837930025
2.4641484841125467
0.681058429311969
1.497249502193384
1.1815109312454182
1.1528514138461972
1.3500293303033513
1.805164755892208
0.5095068718150438
2.3702089327682208
2.212365116219669
2.0902210518043542
0.7945891108765117
2.284822401271678
1.9780908522260785
1.823218298167802
1.4792633074642456
1.4598806456426674
1.4299238242578267
1.7148512411808587
0.6930474655484303
1.005024199070591
1.3478623639805813
0.8966869678427084
1.0113495995746995
1.3917312797393377
1.8880489678335641
1.913515018748212
1.0257963440141473
1.8675151933278356
1.8280777755673285
1.0773786866716715
1.5979580585034348
1.2304480207174116
1.2684021875512033
2.044067997305645
1.5964674250986595
1.7575097682393286
1.2918259722422099
1.7516393083173003
1.4826864330539853
1.3978477386650783
1.770583550205527
1.9067279653558142
0.6653442656926759
1.2224609738716106
0.9599395293064223
1.8712352315954146
1.975214052460386
0.2017973934070832
0.6208850191747948
2.023202027920552
0.7701314384755201
0.7077353226865832
2.117757140985171
1.0435721626252557
2.0305504523628164
2.413640065407038
0.6863049705193995
2.2293869300307487
2.1638333361811273
1.1482603938347264
1.9366893420327687
0.8386532304262574
1.1406861837268278
1.6861490722687393
1.308393312003576
1.2133105505211623
1.3456793848946755
1.1267002762275962
1.4319786331578528
2.1213860884444826
1.0556387677000751
2.083019530923684
1.2889164160050028
1.3073995201939919
1.1580364146882098
1.4832677500599205
1.4380106070607928
1.2752395186029368
1.6245292518900487
1.144086215586453
1.4194865194763222
1.3179362879214473
1.859612297120252
1.0763619652441505
1.364037385482207
1.2943967128291982
1.3775750849177244
2.4601082232319014
2.3214392330703464
0.45958365661541417
2.176370318866411
1.1726614131172182
0.8293648101598123
2.3149017111722707
1.0270635881299344
0.3568312363992979
2.4471789495972405
0.9003786610703772
1.6502432637274695
1.260052861999226
1.3336522252330547
1.7932015226345919
1.6469341330343732
1.2098018785468443
1.0223457775768214
2.6883265540709385
0.4367215021691619
0.5162123862233281
1.507534145418846
1.660858641563364
1.1863973720029493
1.764792984054733
1.0169977824275245
2.0458607561108866
0.5584669987649094
1.5886363315084597
1.6135108479408697
1.0902076021006886
1.4360792942994771
1.8848187647029666
0.5904849105478258
0.8128986319016042
2.0460469768482317
1.4126198284228353
1.4504625460731149
1.065207468204273
1.1152547950942286
0.44955656389630744
1.5631951161433018
0.8965462814818964
0.999541184393964
1.8705406161262093
1.7256677251844283
1.0030526192987463
1.1757309878366804
1.0459844116279176
1.0459844116279176
1.4254918227071978
0.9230460189799066
0.891960557009115
1.4020455601802648
1.8328003186537007
2.161067222837619
1.6453344367130815
0.9135640598185701
1.5883174436662464
1.6422692445352716
1.067507059359817
1.5272117692148361
1.5950334879046453
1.7689482240912044
0.8317303297686401
1.9705165751129923
0.6467364950640623
2.507283840106925
1.671382618424787
1.9431883699380068
1.238091071082099
0.9992013685576955
1.9665349366159077
0.7447708234731141
1.3961241885908822
1.5645257670046948
1.2272322005053529
1.5351900568551504
1.574381802608787
1.5072449773930625
1.2363940696217037
0.9839976863110691
1.668621866173757
1.1103768398561145
1.7471950323079837
1.362422803029215
1.119401938417283
1.7242935260898187
1.537633843379486
1.5381110475988238
1.5633222583079907
1.5766383286086947
1.5548237277906019
2.059803724960519
2.2577610648108237
1.3290489783363377
1.2071241471211238
1.6816155803676538
2.479381911388481
1.7178618406790902
1.8784049404226693
2.0284255055042237
1.4301651837823268
1.090361644493042
1.7023785224220822
2.022091354399795
2.189666428085486
2.2135552865399757
0.9618570319466073
1.8794339626907588
2.0164027613124866
1.7222629304509727
2.31784195249038
2.4245193527734155
0.3556365952622572
1.484023423482307
1.5568948795386817
1.635777484513255
1.606679266656368
1.4877902401707022
1.435788565601747
1.2658213695580305
1.2411371630622552
1.2829424662842137
1.4453350915342449
1.492079907895354
1.28703692765625
1.594130294014527
1.9800246431887634
1.993469562992711
1.8020245826652614
1.5797152909155698
1.4584643109593565
1.2462516897322917
1.3162702253620568
1.4032435992047745
1.4405688957944613
1.090761087970998
1.6846739392781473
1.2471320096881966
1.367107168225541
1.9129170910209647
0.8734284454376584
2.1619345143633075
2.369433381957127
1.2003158579085391
1.0807572547573512
1.7475779470312727
1.511246650500216
1.2348647561834745
0.9820364661252527
1.6895576083607702
1.8149194860272868
1.3957708983631263
1.8066342760591534
1.5095448440388803
1.51263018598087
2.1044157581899543
1.7632343551921497
1.376868668039496
0.7580246392583099
0.5642419341972649
2.2938556695083943
0.5225248918871105
1.6500603073467999
1.1538155422671081
1.8016685977575255
1.663782217394696
1.1443579082023094
1.197131883625018
2.4961387598236593
1.186943515703114
1.3621904148203963
1.5320727402367982
1.7244165502535505
1.7716128150685124
1.693629410168089
1.1373774187000238
1.9726826843721712
2.3235579549104717
1.4183690017015702
1.3788167800787683
1.6107385695111693
0.9801254863685606
0.5623544089175466
1.8851113402908337
0.9934803614865614
1.5386614592277148
1.1386742189567187
1.5112443802119953
1.5081967170304893
1.1918309781610374
0.9209114378780371
2.4973666814690794
0.29380411884481417
0.1488228132283524
1.1875535732393
1.6068017032204625
1.8904332887792623
2.035420026528475
1.357834038199655
1.9017754060265206
1.2526803094130707
1.6135977228850944
1.5786168583027913
1.575280292479211
1.2235572772616226
1.2774868813172873
1.2293631428508083
1.341550537840222
1.081041584589596
1.6331997517991277
1.7348214213816464
1.7133423557519767
1.7133423557519767
1.7728318144182087
1.7699193628846468
1.7699193628846468
1.7788764919554734
1.7973573804413883
1.809892060965258
1.809892060965258
1.809892060965258
1.809892060965258
1.7918641803523627
1.8148015339716574
1.7011586757322845
1.2968530885469454
1.3903359113453408
0.7377303248841725
1.995345261212067
1.5513205839421822
1.344869595516634
1.492475765289495
1.2138012501319622
1.6400857232825035
0.7521310790153137
1.3319920148858104
1.1666172024398123
2.1239456320298684
1.9070783958168682
2.7063348322004757
0.010453581850544734
0.8950086232784374
0.7714480248647401
1.9947374397801947
1.9269355454397312
2.061070939817086
2.0703511482941397
1.3537696418187555
1.537594255428977
1.9286772845078937
1.2568485952145079
1.534642239275266
1.71534940866541
1.279824148339334
0.8474541766814144
1.2068368489453216
1.5756853379772475
1.3754133973585931
1.756086896881099
2.020293728872366
1.532071566289648
0.8874073674455675
0.8817636551944044
1.1717810063116094
1.9798524274568734
2.3126412463507653
2.6239607308516164
2.2934080409438895
2.549305870834505
2.231850856058671
2.4461956371939633
2.4766055856710976
1.2678197990335272
1.589796159613544
1.7572869892824132
1.5452784209464911
1.4786265477663523
1.5008468711781664
2.4909158870585446
2.39506608112374
1.3246251446203037
1.563541355779925
1.2861150778011006
2.252650177692667
0.375992788829217
0.9407740994569654
0.372397088962349
2.2860296566958667
1.6097889726044026
0.719976384887634
1.5437062362358989
2.2369304102019263
1.2289425781812582
1.0354586208876404
1.8183588235984636
2.0857306681298557
1.5240016090695576
1.629629530869964
1.793655444417176
1.5072390381170033
1.767310833180438
1.454197334152546
1.7456618754231534
1.0265538233682852
1.2222750460567642
1.5155147808257552
0.9856830601753412
1.7520659217507004
2.3260190299811097
0.8063862089306665
2.0816104969311318
1.2954770022082698
1.7792618280165857
1.74664894236032
1.154456734431774
1.6361555489463921
1.0425974314029716
1.669887535595631
1.0699000738255897
0.8924920700389507
1.8715867564757542
1.347860857297814
1.4717974213837501
1.6168623617616567
0.8275339340965763
0.5614650186238201
1.5423439904190444
1.787397766222468
1.1154249832926795
1.5021324034335788
0.9399117644885883
1.2474663061454254
1.5992348513597683
1.8820183788251748
0.45840259424265595
1.8026258924260907
1.0271917189147968
0.966657346891414
1.46923147181887
1.2276739838948056
0.8228410560209711
1.8197382082076676
1.3618416780972105
1.4768532127735623
1.4285596406520096
2.4809119875062566
2.2403580578229985
1.306223283476996
1.224318220231986
0.6230072299379452
2.1453804256929674
1.8979589484545727
2.1039275568099485
1.068767716802799
1.4972936466988869
1.3496427244779472
0.8214626541514214
0.6585968553763575
0.8721271210748079
1.6697204920898352
1.824291781463967
1.9307990231003853
1.6135939659098701
1.7723716777872418
1.6787141937870729
1.1124668677610756
1.3098268777652446
1.4358530773141924
1.4916252544474549
1.2547028856914237
1.646365940516011
1.5888198148411243
0.9748807822477262
1.1619014073651317
1.4865832856789885
1.3537693076825361
1.22644011242738
1.1817267661980415
1.5085673841400613
1.3265623654330354
1.5617281065940878
1.5366432153337208
1.6242566916493029
1.068991805026644
0.3552840772074408
2.2806843846582807
0.7389079486691348
0.8590476777204022
2.4132130538419303
2.4063688698858967
0.5752601366118053
2.003812911718798
1.0488863171597553
1.8602662571852218
1.4581132672951296
2.066591192983244
0.945555126834469
1.0994834967920937
0.6207588596279361
0.3528764093195815
0.06068685605456439
2.758649011992223
0.7658963993859584
1.23160753850582
1.6997870435471736
1.5189812283436965
1.3362469923846378
1.429909826130373
1.4024337404651575
1.3360258954983353
1.4395979808421964
1.714336560318232
2.1290000555628317
0.8110559110584673
1.237614058552881
1.6662352245448153
0.4324051037395452
1.6197950449831624
1.685670079520237
1.6019126597377564
1.7881705454234382
0.761041111071699
1.1645587505876844
1.5581156221205832
1.0028845245002411
1.9408032414575287
1.105710296389403
1.5312264353217206
1.7138030908151929
1.1091165531467435
1.4187460571087376
1.51121916869851
1.1235291591644088
1.6675613579247506
1.6409815393739777
1.4111591057686064
1.4887089184988243
1.7756935830136753
2.0172388965343875
2.508648802393576
0.8065652493462142
2.31148165327504
2.242886068629463
2.305225437187389
1.6000268299810043
1.2422014441201183
0.8754869330950975
1.5143960706991313
1.34645518023751
2.130668250130432
0.7375049872944176
0.9462255792580607
2.1968888496253474
1.0776924247520305
1.4626499825758161
1.1955963862969927
2.013185462916189
2.0053216654374566
1.5281746098955191
0.8335368728821985
0.6726150005474519
0.5633302750104471
0.5572181911387915
0.8691992517125499
2.527705687613306
0.932292932142403
1.9773354863026973
1.3490810033430387
1.737103265003908
0.9378599373733044
1.284098847181058
1.517481621757428
1.4091182972792213
1.2133333424045212
0.9545105594067513
1.8047934375454031
1.1735855938471427
1.5928805624516937
1.2823787896591545
1.681671072426308
1.3219557085525104
0.984563139509394
1.751653797125909
1.0447280063856224
0.9831137913629613
1.8640523316840534
0.7713537306449826
1.574975684323816
1.5901495058956931
1.4826861298735128
2.2355055020508523
0.7173328211525344
2.6528350177985223
2.012095567946296
1.4143080250336513
1.8439641560146567
0.9795272912677783
1.081768229850193
1.4358250989397119
1.1743848635695464
1.994376852157979
0.6533515246887117
1.147184381508817
1.6718587699926128
