0
1.413854464353526
0.658755038053706
1.0870686583533393
1.9059794196050168
0.932960310545463
1.3836596454207568
1.5118389583684948
0.8104886765358256
0.4847495706772461
0.9424984206806879
1.086846307476454
0.9390736246360043
1.6730584454603041
1.641162727403928
1.099163844187331
1.4559697666591565
1.3795656622911887
0.7927977295908226
1.541225964450409
1.5148834550152122
1.4272079132915603
1.4344602330338736
1.0589726745923036
1.4670870792601836
1.575180965953761
1.7369788757070144
1.777451121041338
2.066348276510275
1.9901217976055627
2.2458846326133135
1.8785591410679083
2.555045869898821
0.6501356129303888
1.7574208065822285
1.679288547443611
1.075753270267941
1.6262918237246307
1.4038214722296916
1.4785855949631308
1.664212433928252
1.0161236267281188
1.0977198157973878
0.7810397601184831
0.8042208634575019
1.696137826057888
1.6041605000378192
1.0753055152664928
2.3673045441658953
1.3047581248129707
1.8516547991295211
0.9402098934068461
0.8248545440889832
0.9857228827409209
1.439898640300539
0.8717919509425308
0.5574404087617305
0.9125898839863092
2.0604772110002565
1.4440962829494473
1.3791663605641087
1.7344954949274487
2.18986795194878
1.961136810933006
1.2040827646923273
1.6299520467901678
1.672913747473117
1.1868426630494167
0.7587963624963958
0.6533965441084085
1.968022262159149
1.768734134667511
1.8236179830091759
1.073237459575284
0.8335653932382809
1.405278450707552
1.7794055141463119
1.782843009387078
1.4891668919304504
1.4959779599765262
1.2079997229697113
2.2502464413829686
0.5186192295862226
1.6292670702420493
1.7923279925460278
0.9858944222514624
1.098634136003337
1.9173533154122393
0.6250020664455657
1.8056066975289318
0.9559473017009343
1.4343642857969767
1.86515832175055
0.9899668950785628
0.7990324262286095
1.929550736339683
1.2804462810465218
1.8202227624227116
0.3624729667529118
1.9128261881079376
1.3596589599526094
1.8441381878999779
0.8526621857331063
1.7969998800670686
1.4428901124755942
0.9332823577395363
0.9736594886178936
1.2551690717264936
1.8845399789972277
1.4380290367960666
2.0369432755232126
1.4508584767796064
0.8786383919157276
1.6705454371825608
1.750146860436168
0.558267236225598
1.6748262808158458
1.7313680725907934
1.6171297117846288
1.3484079053551494
1.1819161082694896
1.9597287657469586
1.888906466550851
1.5135780293394876
1.6729396134035461
1.0903346522623265
1.7686665875994363
0.9173514643283324
1.5826655726536638
1.2725019098999748
1.6097664709642387
1.4107118665978464
1.098492582841765
1.1777165678574038
1.840167197177861
1.0528544117736565
1.215238441792237
0.7605657996289605
0.9109419146409311
1.494002875702391
1.825817222063111
1.2503463689941716
2.4048657488783425
2.3456111632510037
1.602957117236786
1.2697749565975123
1.4653309674023969
0.9564064325062999
1.6782006655009944
1.684857652616022
2.1199891284410026
1.9257254661324072
1.181767510239864
2.3579419806329316
2.4039104548419057
2.3299377819290936
2.1764266052384675
0.9143643688749653
0.9392415288221999
0.6160750351621389
1.1363265943509158
0.9514083214295107
1.0700598275065116
1.2530278760430111
1.4239828674081405
2.3901180580586368
2.0921488878466965
1.642440240994325
1.5822204527406063
1.8643425550305848
2.0016436266810986
0.7728955543821766
0.8015278331115729
1.3969348659699972
1.7058021677420196
1.5223043484912895
1.5541944608000169
1.4364408816785734
1.023178001260834
0.977105401605784
1.5768704572865857
0.7204612775400127
1.521342238860973
1.923408650055016
1.2879991899048029
1.0386988178265668
0.4146131937541447
1.7841061179355038
1.4261357329283164
1.0142501279647707
1.9305918796859471
2.1343321324374527
2.2444582118958527
2.0843127968982067
1.0612072091532494
2.525461332446964
2.4418966680735035
1.9379951433155957
0.9333857770865136
0.9547470368208324
1.919995276234369
1.8863541740586147
1.3736215776434033
1.3503811418074447
1.6737433581344723
1.4600577696139065
1.4435003959324395
1.5126135182439564
2.0022283299322443
1.3314873541927197
1.0676532393728313
0.49151836634153223
1.334512061141779
1.3845514730812951
1.1108419843210615
1.9796063752932391
1.1236917481753648
1.4639658882253173
1.7064564380336047
0.7291678797077712
2.019805054274301
1.3005136404616837
1.5852329512845182
2.150556557876149
1.7429869308820805
1.0798538232873658
1.9704294016494
1.6437351978542811
1.698893659350347
1.9605183577776006
2.1967915003371554
1.438478181170458
1.492038216175407
1.6842469752715452
1.3207520896477642
1.8415351521628647
1.6304723083355417
1.6720016733382124
0.36554958887814115
1.1518245525942021
1.573972148821012
1.6658983883084713
1.4808187427208224
0.3569326568132279
0.9895860059822024
0.9343749281412062
2.0051109833011265
0.8557122324151258
1.873504403967963
1.363903872434526
1.9146719033995663
0.947892615512021
1.0411983602271857
0.7154281776669603
1.436950335802478
1.9514297492869825
1.7043156226872418
0.8573770328391042
0.8416450676805218
2.2966281560829134
0.7369513250879581
0.8820795717981702
1.4012377989827496
1.5517872604315857
1.4055369645351252
1.4223133754190065
1.2630575406688271
0.9345932985347002
1.3614892462868362
1.2115483975864645
1.4526845345911137
1.008239065294853
1.04682114678945
1.2557293181893672
1.4990348065262766
1.9293614962398495
1.7484298379623653
1.7630812611912376
1.6764598789236882
1.2407846750639853
1.2121432015403968
1.4927980301161985
1.0893964705812278
0.8812587906684828
1.0263445113149425
1.9468152401189343
1.6585905971310055
1.3932977475568296
1.4328591414934542
1.2174485396086485
1.45838208506478
1.132039966736448
1.747438804678402
2.023027726069214
1.1854723277885013
1.5067677164300242
1.0521546427652904
0.8461316974947669
1.2609962472956242
1.9706000099263796
1.1148619140674996
1.6457816993565804
1.0399599980062049
1.6914121655268055
0.8575763201595342
0.7099538980091489
2.218638421498617
2.3603756616761697
1.9311268727276236
0.9050133061185284
1.9805264436642627
0.8287651241437742
1.863043902725145
1.2543053006472058
2.080847496235121
2.035655404776497
1.3555306837290642
1.3723394713667172
1.406776446087277
1.6730465321793284
0.9553173492387871
1.2812507324422817
1.571215700925195
0.9062567350384202
1.6732747099586116
1.5693481606368203
1.8610538029338377
2.1890761512718244
2.4155394792686624
1.3733374409030867
1.757578778422727
1.210868603906652
1.2415400037013642
1.2954370203845602
1.656550263456808
1.2617214959383183
1.2231328745572405
1.1407324482871755
0.770219756256885
1.4885202546478935
1.7087785396656978
1.3007528083918698
1.0687822222178147
1.2597721779997446
2.0263030582545642
0.6834728513289555
1.607696010090264
1.4241251816624696
1.7387457342956367
1.7695505900790223
1.3452906975814531
1.0298332622297295
1.5596145471073701
1.9437639206307338
1.4784990134814213
2.0097380502123956
0.8063188481034724
0.3167475958642427
1.9554099403920546
0.5785909639843834
1.0791557176725357
1.2813037541552041
0.9843182714556699
0.9585855068970504
2.5512131658564705
-0.06448307688867774
0.10972351655016202
0.31811614205560573
2.3074242163922376
2.085054237579168
1.381095545321404
1.0401286489777246
1.6936832564507383
2.027387432684209
1.9375564205714968
1.3428290875838158
1.3751009490154555
1.4596423740235902
1.1250450646078811
1.588888597050263
1.7152722102089848
1.1533974813459917
1.1172743134232939
1.3341536071831273
2.089330407441938
1.4686884976970134
1.2554544069165756
1.1176931899089817
1.5367964641692826
2.27336907323713
1.7565994233533433
1.5666894824287474
2.187631928096158
1.4979767205012176
1.2579994102260976
1.5638677282845956
1.4858503367933498
1.64900280013814
1.654337850229491
0.7387495353202825
0.9317171737385807
0.913527122085462
1.6476077036194825
1.1359689714894519
1.4618398741476752
0.9591341793232256
0.9729849033783897
1.9453481221017523
0.6864164344520144
2.089648117364506
1.1434130333905448
1.0702735971566057
0.8533291499277553
1.583420052729655
0.9257362317619533
1.2374076270756271
1.7028690353753058
1.2746344202587256
1.5606078038040934
1.66163045792376
1.2951026071463887
1.6192852501655022
1.121070866121393
1.9931263847597762
1.271330528145536
2.2921141538920518
1.2924814291711837
2.3842972261305744
1.1001057694837149
1.6416600134808101
1.6045263124237088
1.7032172794090985
1.4560533043184838
1.4386218568669478
0.9846275808464185
1.3955566337379501
2.8966220026058194
0.9741870580582717
1.1381290222205105
1.0114961325164074
1.8601124957740522
1.2134219204317813
1.0505555965221558
1.1412499472865754
1.4107979096367966
0.942994612907115
1.2289360910432563
1.472249866169175
1.425349274028606
1.943655277020867
1.0058457614970484
1.1165412368723888
2.020655253501873
0.7672964501136832
2.3344446429732493
1.367302529052175
1.4577533190094476
1.4696831166917685
1.1997027374875793
1.0414648256427135
1.6325680025954692
1.5331779233371297
1.1290367418638538
1.4044726380541863
1.358300918992885
1.912863376890902
2.12233386661744
2.0729547069949787
0.9797878427908479
1.8054096914472402
2.140363499507912
2.1982114880089623
0.8074918408164687
1.9365245870737835
0.743962254876336
0.8365177953441091
0.9818027966610134
1.0788639559613393
0.802370727721181
1.1659477655379278
1.6359679565290115
0.9735426535910768
1.2399110758029106
1.4422184798569413
0.3348632566595257
2.1715052382372697
1.2190998302047364
1.4458956872454067
0.5517415838123175
3.2743111910941956
0.7372693918770853
1.0391982002716662
0.9105309571481146
0.7912130087884791
0.991020147151652
0.649001644215277
0.6312945184434765
0.6697463267631726
1.9457562423854677
1.3356540435702664
1.6337327108267032
1.6323999301662493
2.038110466285059
2.0010875546741165
1.4527942406851304
1.2003014850174158
0.7526224422975263
1.1391460310854347
1.0162861347008718
1.9036703554072194
2.0834031702680695
1.9663855877480967
0.8116744220495037
1.3780661778262906
0.6778796206571165
2.3666582522947834
0.48112231532230315
1.7310796310555263
1.0589382074291158
0.8053700841634436
0.008110693645811726
2.73122360289638
2.3245191152392595
2.109569764751489
1.5168223252056172
1.1828179643318004
0.899223221143584
1.56992783361925
1.042733020156249
2.1994814050454514
1.4540660200779763
2.197857447901562
0.9609224131219799
1.5137789496787744
1.78721952355895
1.287536188058136
1.3938835826088776
1.2151059917177862
1.353197102527108
1.1142472162051353
0.8518906592904081
1.9713969406497796
1.7027372772851723
2.2524632767468424
2.0228523556046345
0.4970570358186629
1.057696266009656
1.0420286315712013
1.114007659879232
1.1741209811540518
1.753387158609453
1.736680453608968
1.1691551183838416
1.1680787841443094
0.7556382437338627
1.186087043845104
1.1088878823445998
1.1872508746121957
1.196155703875341
0.8927228340230188
1.413649194070532
1.8242878360943986
1.375949796045163
1.174881059134275
1.6359851737846374
0.9574530096986982
1.3161089402910189
0.8618310706502593
1.0728273991597046
1.1865174319083187
1.5641017178696082
1.2486704294917574
0.9327158789651083
1.1227559125202273
0.6765210161890437
1.6968995056154932
1.0070838128597315
1.1078337598966173
1.597090498721983
1.3226115676387589
1.5610635571553237
1.2115746031111398
0.48938290130694545
0.9141152389313846
2.1341817654165056
2.1960292777313417
1.1862752916907688
1.7009072759185757
1.213162487990669
1.2521701456835963
1.3771918010139308
1.2465028263045708
0.8376461238247807
0.2220902275304251
2.4542446796557096
1.858303617318664
1.214611556102112
1.4227675877732435
1.1794132234053818
1.7727273813035496
0.9465718819434221
1.447504239055449
1.2147443117552834
1.3063144388520898
1.148675770428904
0.3316300037723829
1.3110875198245466
1.4459235255136802
1.220579853700754
1.235673009875644
1.6495626704572
1.4643864499702512
1.5423998818300217
0.7424610069159843
2.0461617625092448
1.4462745320348307
1.2101164404353442
1.430371329685149
1.127755349206252
0.8314306402246159
1.2898085197559317
1.8717119594438139
1.2470904967054164
1.4855523604607355
1.4115054360121078
1.2184728999597059
1.566944331274342
1.3603345058105678
1.5361609191771428
1.1981104092061103
1.6830853783691135
1.3483167676559404
2.006040456933876
0.6335768733851644
1.0040720778781869
1.5889380319036832
1.5277190272555519
1.60419793930488
1.4105700177760925
1.7936050317343994
1.2299096905249025
0.985276306613676
1.460861587581362
2.090703761810419
1.7827141600864813
1.0793491742923533
1.233077201661473
1.3067843884604973
1.4401130580945019
1.871668477357901
0.749875615028104
0.9973659603152699
1.867153533741257
1.654773158182296
0.8242079176041137
0.65362125660377
1.1373789728131811
1.2146881397548186
1.7460757395218092
1.7424514938487898
1.6462476024627923
2.12896255839803
0.9439293220739302
1.5443596985937684
0.863940047505997
0.8547004831932219
1.2211500538909845
2.052594970832899
1.1453559756742444
0.787447375619054
2.325693432479001
1.642605259907904
1.3096423415130276
1.2120219885642138
1.342109915895745
1.6553773737917734
1.8340690912095696
1.4929297443764469
1.1603925672892568
1.1894166964042
1.768943564266416
1.4583983108772745
1.359835024750005
1.025888754832054
1.4228982716125729
1.3364561616860857
1.5383078115379145
2.082593100004306
0.43958032645361844
2.127799101928963
0.5919459607997634
1.9537871238580649
1.7583247276529907
1.8881763255194854
1.3562437677056565
2.0461682115640696
1.6618585307320042
2.067300131030537
1.8573395026416741
0.6575100301069502
1.8998666280425438
0.9871519218081426
1.2457034659841306
1.2317494095924795
1.0612013455648277
1.603357932813617
1.1908461999161257
2.138011002265359
1.2431641800245026
0.6442896076514485
1.1367104189856374
1.0925953499779208
1.6233809389729976
0.9468627924340369
0.4286374638668388
1.121984851056967
0.9981955721536495
1.7194271785875577
1.7572635363047993
0.006703663940948043
2.1452855163585927
2.8470264141089108
1.569634328326808
1.4014906424723879
1.130784519898283
1.257979844907034
1.7958936595332762
1.5745869084253319
2.1917540061190977
1.9601559971937368
0.4284935742612607
2.00252801213335
1.7626281224309917
1.7330437010258053
1.7662134682689743
1.2379071736652993
2.587939919768156
2.4012632013069166
1.0114643790044204
1.6622105966464376
1.3484581090464063
1.244924597702933
2.257794944942743
1.3033673302772901
1.4049017481493666
1.2744457722410147
1.5160519237902823
1.5286261018938554
1.7044415246021691
1.4918137835755245
1.3365670028895817
1.9221906460380898
2.051367671498761
0.7066248261364099
0.7534018716063553
0.746228465335778
1.5684219260337262
1.2572110170804172
1.0468609910380466
0.5125287094593503
1.0811062670596114
1.1473432758465192
1.2364178136266601
0.8854056636332368
2.1964541954678296
2.540304531991121
1.759079126625008
2.422312822264797
2.371188341332067
1.9006221479665864
1.407985198826518
1.6941363281935966
1.4763019238545871
1.8316903554650077
1.1894735316363487
1.333687557526063
1.4568115384381575
1.4790353678243555
2.0489469084362404
2.329255207682922
2.6628699712784236
1.5253551014628681
0.10026540627180769
2.323708087956254
0.5705243929178635
0.602617377881036
1.9781458166998918
2.2107848389767284
0.5952743357515502
1.1273250509455266
0.8261473067451148
1.914125247687625
1.4901839715128817
1.3805405645482849
2.234680803146082
2.005611796663006
1.057836319538827
1.618965534870678
1.082996656234705
1.3469300012791228
1.7427739855620346
1.908093598294017
1.1941051206583484
1.326228191292947
1.2153792179466514
1.1864377352857838
1.0830558877444239
1.3517631728862873
1.2209434214390622
1.589300434169062
2.2974424166568888
0.5191977590467616
0.22572030343419536
1.298498018699515
1.8702907251455074
1.8352632924740062
1.9646856349373696
1.7126196418927377
1.2925067581626297
1.3415420833545368
1.2006712819116212
1.8064752085722802
1.4002588118674266
0.9067705875746433
2.7286206787891034
1.8526615339443129
1.1893164826801639
1.7903830601865163
0.23608569868245305
2.6859310437094073
0.8024029442798021
1.1323306503287767
2.7591167432462718
0.45022967423159976
0.3541264976079591
1.9329352932262482
1.988669058751616
1.6366380674567855
1.0676195418185521
1.7488364548807291
1.8003331248153354
1.8254383225657238
0.8040154069996935
1.6635854062328541
1.3879813315177116
1.165518840217827
2.2030379085245033
1.4849900310838708
1.4550321982808982
1.249893138373189
2.0944526504356937
0.6665833701007841
2.657560925427832
1.3422133214726883
1.518625968112277
1.032800162887463
1.3835613441760717
1.323059912126442
1.958258609533781
0.8903367383951064
1.2105604226098465
1.9188491816822053
1.4145034471913551
1.0645382701816064
2.039809758500828
0.7552577525731313
1.9542195884047195
1.598610344404668
1.3663284713101196
1.6491356095299285
1.7388094649328318
0.6406267766603412
1.2606402416030347
1.2926624668079416
1.2046073363491614
1.5341444441112826
2.3895686179041955
1.9992448605208804
2.0955263117315885
1.2294962235562519
1.8432970859290403
0.8778474083216824
2.097809379608527
1.6419906892419116
1.7512203334840666
1.7215806830597549
1.5644398545666978
0.546427664702644
1.3402972883235331
1.6111885375459365
1.3420154003676608
1.840016019932709
0.43386665986040335
0.7611062110150408
1.5764883473836067
1.328433875761879
2.003206573313951
1.8074493160512306
1.3860845813680376
1.098632881250106
1.6806576317041135
1.1886432123246968
1.0527195529398166
2.1122852293860546
1.4873652911718216
1.1966476311715677
1.1854923250079779
0.9179941630840056
1.467002481301923
0.7007293829220874
1.6505638872381379
1.3158741508364007
1.927127641392162
0.7824791029762217
1.6026887457389118
1.6071212339927399
1.7362664093377802
1.2292836046797415
1.5261887089362745
1.1134757128744348
2.315141710846784
1.877428659356059
2.0421298914052124
1.8991343926797353
1.9586448270069312
1.8591353248461007
0.917581049577175
1.8670055689798535
1.2055544532887554
1.6923861420144506
1.001798933239222
1.1756432233593024
1.451903401130681
1.0267777999958805
1.8223883429215866
1.578594449520293
1.6989521698494003
0.9355642184793352
1.862494998530382
0.8344307400244461
1.6094994261387914
1.6109221446656352
0.6381929656411898
0.6161227966485534
1.4247828633733892
1.926440746128162
1.5716656622561607
1.2559502686718536
1.5353813445248334
1.3391589135917732
1.475619356025423
1.2421933913317929
0.4047672799639146
2.2893348333160497
0.6290990943119843
1.3410161371342055
0.8532231056054613
1.569798856715461
1.03622848038522
1.4414147440334164
0.9980722533234666
1.6223177527015686
0.6253698505793311
1.1328727537350718
1.507162736495686
1.591557093258904
1.4685288537429995
1.6794367433126918
1.595331989903303
1.5943301751356336
1.7627455897005946
0.9310475025584214
1.5528902163951732
1.4742804845916442
1.3510356916763344
1.1604881594862286
1.0833290655622518
1.2882421378350029
1.5052734805226906
1.3086988582693944
-0.04619159785283749
1.7420889254808578
1.2085331151466767
1.9343667919997019
1.0834765719004027
0.869636825002682
1.6402343712962277
1.9239802502826393
1.1763904894542803
1.7702059473863887
1.3831248225066601
1.378604678861915
1.8442146951363874
2.0690859211954304
0.8060380291766759
0.39625147231979885
2.0215154198693983
1.1323107638936847
1.459770227647557
1.8570889671637996
1.367703169286498
1.317502765416018
1.7923635346438342
1.0319041413193977
1.1017827715972528
0.4997243963026814
2.1577316045216812
0.677582063353711
0.48403455708983645
1.750454886648101
1.42008033039021
1.3634690701568808
1.4558019963899635
1.054184463771156
1.2226131589839258
1.4400697158137996
1.6570957386163199
1.084132089643882
1.9356316665299944
1.3864183952123077
1.4594079722681974
1.2436376097311388
2.3309166223530244
1.4834063653822973
1.3367862310731997
1.1264652280626872
1.284471005315072
1.7669310731391874
1.5649538717573406
1.1362559851009513
1.672664445167827
1.3359776145076083
0.9937480212676183
1.9858066388772844
1.0663778389288516
1.77536100277059
0.9147200908027853
1.951117579811614
1.5483523789679183
1.841634816770245
0.38620446410274145
1.9834791873364888
1.8581683111835978
0.5835446883062217
1.0409001786627445
1.574062767287981
1.455804628817553
1.5089615810645585
1.8801524209937326
1.9450926512503037
0.8699741177454584
1.3832992151534875
1.940394148620141
0.44919253663922976
2.4170152802856895
0.4398861264020481
2.4714838160069967
2.5906753385470616
2.233135376136994
1.758043523841039
1.3349721511327386
1.3950400401224954
1.5171850535555258
1.456123024032955
1.147409692560039
1.729665726730374
1.0797446551555085
1.6987853799772779
1.1948511919211826
0.416566236089207
1.1469602964688408
0.9114956567249275
1.8172139355688122
1.8784254309288382
1.6574644963322127
1.493483191837661
1.4558781580112232
0.5947463127742999
1.7740271563709542
1.6465718544008408
1.4046407716111284
2.058591028855002
1.6514578115343865
1.3205802325809466
1.6230042295410398
0.9588409608015456
1.2576782224331362
1.4548552693146644
1.4234517093125616
1.26282474894166
0.8670227891417172
1.7973071625169779
1.3329034240489377
1.4686317903179478
1.993240421293116
0.7071345426315442
0.8185714900298902
1.7005910055645925
1.6399857009720304
1.9075373243720246
1.4536238560350414
1.248049857324641
1.8281652429521753
1.1236627951756057
2.183475015270959
1.0094782870441839
1.4772799146902462
2.127216943866066
2.5273404055940114
0.15605306632858515
2.7138228112892526
2.639314981383215
1.4136389535303844
1.453817661393776
1.7873804291308746
0.9626895983430502
1.4662160731475058
2.1218782228699307
0.47167664697672956
2.106772880106966
1.7903031422041942
1.2064542324149308
1.639010885674689
1.3815914484198955
1.2302834003201006
1.435791588734388
1.6823570239963583
2.019986190448833
0.9115364918032962
2.208671572389053
1.6588275696179038
1.1985135385290968
1.7940736067389125
1.3481015667534375
0.8554947932598038
2.049718928208782
0.5996972420580182
0.9101790884054706
2.127557687792846
1.064216054366874
1.7360884416327362
0.9820277886493008
2.021344323639255
0.5711109515021718
2.314397886122058
0.6965403992964209
1.225244348979941
1.2300417724132027
1.3801306503738193
1.277840643043601
1.5314311704052574
1.3621549393157242
2.1131862113348805
1.4548950991127652
0.948173887320003
1.6800280270555692
1.244116312095138
1.4418131276400077
1.6330844970023128
1.3977182224701574
2.3671996837203833
2.374435610573896
1.107369487694304
1.7701178602520973
1.0361247160916887
1.0103143463269908
1.9437768419348962
1.5470530146732142
1.1802991197448685
1.6392779065364893
1.6598753709004082
1.5769940609306001
1.4638614588380479
1.9807722262392755
1.4261267341905552
0.8030585716940143
1.0094172123325924
1.820366190509181
1.8546827627309954
0.9036160478468324
1.4421007506519437
1.3201371018925592
1.4853868271278436
1.7039984841414844
1.5416320386696822
1.9185774338438581
1.3509815974119497
0.5925656343961734
2.2714748433377903
0.3281852070169138
1.8519200817515091
0.8530271927039788
0.6442494991250685
1.3875425980574234
1.2452877365053483
1.237516648220784
1.8947243515438195
1.9073443309757112
2.3597731118389627
1.1641006205704354
0.9171383441648765
1.8911959336186914
1.1844844768067395
1.0984494053473361
1.5798774137250788
1.2467419189328486
1.3926407532936758
1.6255703673375057
1.3865794102934548
0.6911906064316244
2.019198585515446
0.8613271109916206
0.9729070689168501
0.973256047563277
1.7526058991660862
1.7903691099453103
1.4526073451077495
1.4866665922028113
1.2945055427563241
1.6826189333463546
1.394995211676183
1.3823073069375647
1.2356259805887417
1.5682170743304626
1.5021715455997158
1.5585798668590223
1.0751240703629847
1.6975865220400554
1.6000972806544895
0.7816597876049782
1.467656613562197
1.8502219484850437
1.8166434573069172
1.2652912522675976
1.2505397452964628
1.1041142091863922
1.6507189262284097
1.096101292237401
1.7736833791429945
1.2041621446607016
1.6105468946567827
1.8449744420489924
0.6349578345395062
0.4471277337097927
1.1837345420493541
0.5600553652289614
1.1524391673830814
1.9968089734511953
1.3482705934046706
1.035931044077046
1.3586468719871378
0.934321897419026
1.442505676194026
1.433571304474736
1.360579188755939
1.3855033374824863
1.970726092562387
2.01172041138059
1.122685476827776
1.532143348708749
1.9630027235612935
1.4319496562922447
1.2523167602157712
1.6684086208810098
1.7204318511191892
1.227714996461323
1.2710316250684794
2.141198285380337
0.6454750836885349
2.082765713830187
0.6216727843332518
1.9795823074748304
1.8381912561333817
1.1733977527816166
1.657594483594002
2.2948354971940232
0.8295822337960496
2.1086709820538028
1.787702138654143
1.0637007449952782
1.6897845875733586
1.277639984147983
0.42141447292864215
2.6555014324450767
0.403736524817189
2.37506419202702
0.13271406301187544
1.9201796602360095
1.889319869935196
1.3733074811634034
1.455943084676672
1.4059954733527875
1.2601392424473667
0.7062993551905534
2.5142499690820515
1.9937649515686655
0.8564711882837827
1.9340112608060378
0.8621862933352444
0.8595307732742209
1.1852683865428435
1.7840638559373747
1.391417818438825
1.3653296422363081
1.9890577700738425
0.9953689331726127
1.696479182720761
1.3068882686442984
0.9640272326869728
1.729410306554827
1.3716103439093197
1.8303043417970477
1.7211215525554955
1.3705091013727406
0.8454189906971095
1.8596777017824782
1.5722000823198405
1.0055313495083813
0.4928739156636174
2.1741332569558796
0.6811371189687004
1.7923258862572877
1.5510738040208156
1.6328269245837232
0.6612986480928452
1.845878050949723
1.0615113188609107
1.7177629516039419
0.7926146255374119
1.894636039839765
0.781172757494436
0.7314561190048116
0.9455439027377248
1.9747473265906708
1.011261207963933
0.874278536714608
2.146950953472596
1.2200917538655163
1.1473249480530394
1.5972588779906765
1.6802840423426795
0.39219937133889543
2.3281039615620296
0.5428872146311052
0.4511611039685275
1.0821032761729112
1.1276340536685188
1.5752718938505879
1.5187152328518847
1.3830385093762136
1.0691494280551004
0.6806435308699417
1.6241649264535023
1.5782438258543487
2.1018440061317025
2.2730576218155156
2.2436981443671
1.537713370658441
2.093017414636173
1.7530820771696036
0.806805327176385
1.3453626295373873
1.4735039406951749
1.319062307381643
1.443922478452607
1.4780126291073674
1.3329175554811439
1.5245831791973616
1.9148162215864382
0.8061285219150792
0.9426065134459016
1.2764624696874758
0.5734993092273616
1.9574388517919268
1.1874830312780755
1.36025313787654
1.5694687040429902
2.250683199743659
1.1276396461365243
1.2995414821786053
1.4861931597624316
0.67767832648013
1.6479526846136914
1.2505618344806708
1.5358494714398763
1.3791207901496112
1.4949426119764855
1.1550342928216168
1.4883528269770985
1.287305735025519
1.3820324588910975
1.844831560231186
1.1513479271596079
0.8817942690355657
2.1356974572357457
1.5094545607130867
1.5412916952428566
0.911442798138337
1.8585242950982694
1.7084507332718577
1.40953706181022
1.6986925639911759
1.6886068304103512
1.1785274877719025
1.738788285216079
2.4881713747293137
2.661887162535562
0.4809096853861251
2.316444644698252
2.3028325916551706
0.0941747517945533
1.711249296234578
1.4549257430258011
1.3843934449042576
1.4015705101681397
1.636154883618234
1.2570725615284952
1.2788976572672741
1.7172186523264081
1.2108942197124366
0.7021333050679894
1.4404219364965047
1.109348301418722
1.6171148518959038
1.5954268077261053
0.815581753430666
1.5239059074257382
1.3399211426281135
1.434923180736304
1.4928917170575347
1.1178821796428045
0.7598871821748476
2.1793749026102534
1.7141441386448368
1.2772327157360739
1.2640853682033941
1.907623212132527
0.9769883442342612
1.3359589115576038
1.2260924080672413
1.0720965316763866
0.9065245637128148
1.7477721384921265
1.5974404427862625
0.8936673973776273
0.8956498673488971
0.8043556964953508
1.9596645762694382
1.2446385683249783
1.5297645387245888
1.5310017995155314
0.9584957998888246
2.0620541005108337
1.5161607246771218
1.8452836284210412
2.246171120620331
1.0508394026981704
1.2019328696061473
2.3491026368596875
0.9646747520852461
1.2169183676379343
1.304315791232244
1.0914796824993047
1.5417807968340955
1.7629253582226878
1.3181704143072617
1.797747531459928
1.3618679060371064
1.7111805929222657
1.7992641702372623
1.7247082764443213
1.3822946832456686
1.2060279721566602
1.49832363172575
1.2504132361808675
1.0017939352229357
1.2926777293236098
1.7841831044938634
1.820048340017662
1.8659029541199554
1.8336439548089052
1.3447941696796095
1.550219602879639
2.3151442187773634
1.8790172336172983
2.2828675958913682
1.5576529157115326
1.2858923529634416
0.6131593776107007
1.6977557244303043
0.9585060655615274
1.151449799533233
1.530090586263737
1.1721395285930511
1.5054048097550383
1.8996892446415132
1.3726038884412182
0.13639750301492848
2.113940655219203
1.3575343491927652
1.2912848160010626
0.6852032160745228
1.6295355357987569
1.359044881955431
1.2229972201202775
1.2386936680808966
1.3628331424777036
1.5885105607866334
1.0947046326060221
1.8510614292388052
1.839643026039482
1.7035911640049188
1.132083499021994
1.4540975786441404
1.731316133740506
1.35837695946608
1.6720612513484554
1.7127048750286145
1.7997908618516423
1.6266784429891565
1.7936619079790488
1.0355206743982324
0.9908198740435434
1.4370269057025247
1.3504428886872597
1.9786372173185678
2.0795238873778104
1.618070283240148
1.9040486026230425
1.589527384126627
1.080625961792688
1.249216410914151
1.1131825844627528
1.4857822964348186
2.16087839477319
1.6341523697006175
1.1183903249103626
1.570764314706497
1.7114390523540275
1.8819893985543352
1.7473387496076542
1.7497479834789917
1.5011432343752455
1.0959861562926374
2.0529483112476923
1.2511458720437303
2.225167258136032
1.1322404590365094
1.3685785540108275
1.204043035201131
1.702335015041223
0.8926643003438652
1.890720979745248
1.8358878987174378
1.4652080571843917
1.327057645649906
1.5606607504921035
1.0208009141436842
1.0947828319999873
1.0695743559021444
0.8234873001115038
1.9406175688485408
2.0298575669054015
0.608572297426934
1.1756039180703821
1.9430085283380734
1.065014703090584
1.6450127198834654
1.4972083267248637
1.5309783315365377
2.1357413338794724
0.47017552887618996
2.2813497877490403
1.0649866901372573
2.3409501982491805
0.8014316993856697
1.9969766845375767
1.4176106655878473
0.9841521903604129
0.6839238710930987
0.9143898929063403
1.7002245017758326
1.4019368103768355
1.871452157527579
1.5116560498807026
0.6860358078337265
1.9677819009581974
1.6110136410100606
1.6339506436787095
0.6524276661819931
1.8775790693966574
0.8998189953801128
1.1629455062462
1.7515924700274752
1.0547372344892574
1.6412671166378279
1.4008908381137066
1.1602617742332448
1.7746330862024793
1.814924470139258
1.3742058481201511
1.9493195881397245
0.6962736716308408
1.0966530313516736
1.9289828389180275
0.8023225573964381
2.4641521858722997
2.2234015417316813
1.0638249688343018
1.6169321908045755
1.282469742874941
1.265047505267985
0.9895371144804387
1.108497222716153
1.2245013991459448
1.6190631842378962
1.9228835631485774
1.0300296453689783
1.0540828380636436
1.5737989873579903
0.9001165443838717
1.5731145748103668
0.5394632559985214
1.6714921526537219
1.6094657860101118
1.1263868489892883
2.0474633440184387
1.5258545783701856
1.1375124250842812
1.7911668667123246
0.797973116137071
1.1800247604802008
1.7723641167440511
1.4719030263895707
1.3025072461647007
1.5839425943153862
1.2433827411226683
1.91906293712456
1.9896050205121893
2.2632203080476585
1.5466409404070856
1.7348942353707983
1.0765974226296362
2.055385136796719
1.44831339332551
2.0420569218198628
1.2444883264483904
0.8136352339893524
0.9784671454690022
2.2878779293489133
0.6931434544177842
1.3119894597753163
2.098328598407905
1.3101707305706791
1.4625625634653376
1.4112274278664259
1.6418416124395234
1.5220918433880661
0.6007181184004076
0.17492200254904092
1.8202425370156823
1.3953927400601305
1.3872475965097577
1.4350110283377724
1.46893200413647
1.3911260096319078
0.9973308789790546
0.8090428465157137
1.4823615722354484
1.3263137900674797
1.6031420159264917
1.108183201235452
1.0312372579602471
1.7920619222165224
1.1225417587001982
1.4939912806098705
1.8249007348370139
0.8137698055623537
0.8294170379146859
1.4744114283849439
1.1468109136091327
1.280003204300704
0.7027159934548749
1.6966248329815394
0.9688797979133738
1.1741968123988185
1.0557398253145085
1.8630672117406946
2.1652680548561927
1.0102729141133928
1.6469699187496742
1.5511659613524065
1.238568212549459
1.834121793088404
1.994569704396184
1.389839823997821
1.615339394776291
1.8143923759115783
1.8991059829750494
0.9760707994723697
0.1637326655569792
1.536652369193236
2.0007166340223796
0.5362318472995985
1.200992538180242
1.0168513545569609
2.074897942595035
1.259039994279989
1.998638081704619
0.7188024753683522
1.9777364070431627
2.4918228974559318
1.9276045494527743
1.8335999429589174
1.5446876120517932
2.2200123576951163
1.221414583191879
1.5445770126068479
1.8279186102125846
0.5355319841272954
1.4123798753562329
1.3959786315900846
1.747588899790685
1.93836656268622
1.4581503609925741
0.7617909680468201
1.4202881204883393
0.9779474034279572
1.7908226233946172
1.1909796468855418
1.092659460065541
2.095729621626219
1.8689639697469655
2.061930335203763
0.6685194295400233
1.1350785401373515
1.7745087536704265
0.9586636959586841
0.690926370374821
0.7241962706430999
1.0896053808028847
2.3859502750471235
2.1833509803940405
2.0465669794839974
1.9757281265713846
1.9121516145945643
1.4403567327025824
1.3276171091317226
1.2783035098446929
1.5738841066700973
1.2203275144996633
1.663795903410323
1.9606118890702475
1.8260285003086196
1.4274620567215686
1.1778159718505545
1.1248628697198075
1.6217351153879775
1.3103666097333173
1.188597830107224
1.0705804612231162
1.5409199938768219
1.5596050439782907
2.5154673894042245
1.4491558621597846
0.4950345644628269
0.7817108749399682
2.1723249601367685
1.4035768219943312
1.2119464142389527
1.5814947141054085
1.1273065414888095
0.8029032851538944
0.7231638116803282
1.2046946045397995
1.6320322268661902
0.2758784489884455
1.8599085787215086
1.8098826074544383
1.8262368516249365
2.188659731524363
2.365550773964662
0.3219002314012651
2.1884297415561917
0.9388281706206011
2.1036897099638074
0.34599444214630803
2.36621402422339
1.2360595965932921
1.5529086318276377
1.947017508087796
1.8338706172746697
2.0549920611431705
1.9436262039449212
1.5235012422526528
2.132668812781845
1.5961060043097817
0.7931903713960329
1.006629353443498
1.6205993925823594
1.907814750686826
1.152525399240062
1.2946423221278043
1.5761950275954286
1.6717343438712475
1.8274151942467878
1.5853494346171717
2.181671170821024
0.8257344093141691
1.5103518350312959
1.1280380194524275
1.1943642559812986
1.9762751461027566
1.2409416348815676
1.3976658684610783
1.4455241550666966
1.3889874619934752
1.493514488564312
1.5610910061267544
1.5665533466830046
2.2367502759682587
1.9807355618605178
0.8901775596425892
1.1013887312144917
1.8604384138838737
1.9656449482447758
1.77841284264637
1.0817607797019666
0.8083145956252815
1.195805449816248
1.278206279033273
1.2128400032011197
1.748434762734441
1.9239727936187665
0.7472556889874788
0.7181937062638759
2.3246959409652184
2.564742642684241
0.7091793093429409
1.4277394987866645
0.9664947490164545
1.9499786600462987
1.5636501043230555
1.4709676186865235
0.9356321337604704
2.3596058409043716
0.6242760307123224
0.28420426992607
-0.12351601699725881
0.5743169412764032
0.5980685801356691
1.253701218100866
1.2881361448997204
1.5088831514109289
1.2140325980347118
1.2508078778947982
1.1169703098627608
2.35314613720282
1.3292478841291826
2.0023094104130688
1.5690558008919817
1.7511135334967787
0.8629673250302573
1.1454987827473666
1.0785596395216723
1.4643170531652234
1.957142212523072
1.4449069032323392
0.9963211565092477
2.240125766653549
1.0173423807623927
1.5616741987771932
1.7278777734255588
1.1387199532215504
1.5543785809250643
0.9741176002420301
1.738566737998581
1.0567818576452603
1.1039146653892253
1.0787528535656967
2.064449896762735
0.7595791627987911
0.7595432301038815
1.323570670288633
1.8814404371662237
0.9428737055749352
2.1883682382195966
1.14153223757576
0.9685955471207129
0.6724888324697753
1.5962115135694117
0.9318169571155676
1.4185242458772935
1.6397120230337132
1.7823753494728671
1.046337722074126
0.8275802970533856
1.4581247379242133
1.5114549968318811
1.5070960732005756
1.228524346790213
1.1805410245385033
1.1331705230779152
1.184312185009173
0.272426456720795
2.463783676366044
0.9023343470828605
1.5723525253317012
1.1644686244445484
1.9054559168230283
0.9981280485039127
0.9140397807075871
1.014896719501737
1.3548205580326333
1.5486515019841103
1.7369050329372258
1.8146482445181895
1.922685559891352
2.219544217910104
2.697877764321131
2.0489272480389156
1.1074303761604853
1.1599522338784767
1.4797695105738415
1.7357351459511376
1.0994346978624077
1.1876656098457077
1.796972672411703
1.6912496845952938
1.1782260553387562
1.2126055186516427
1.598026244541455
2.0049622118760806
0.9103840805247998
0.8339241293014497
0.5557400131152022
0.5284910836218363
1.0764899374969379
1.0807999993272808
2.164499199413152
2.2950516423030547
1.3137092770617982
1.3895270863574838
1.4567019114796176
1.7742533544739734
1.128821211735493
1.9481147446996918
1.0049855050567373
1.0624379067729557
1.5107815671710676
0.8960171499722233
1.177880963058668
1.6845983788746706
1.859578309688585
0.974156840547693
1.558714530967489
1.3198750464429136
1.4913395484524739
1.8247667930886313
1.9977786372377988
1.6245958561748923
1.6016101514702727
0.9445125264667822
1.3627630785622624
1.307604476831363
1.5935078355350785
1.4738776839411618
1.0957016254247287
0.8314367933681924
1.0897809760058816
1.1229663280675986
1.4464205133463761
1.4652339531831384
0.6014343207967385
1.8490711241378197
1.3711075409309945
0.9119331422698179
1.351780488567806
1.6274000772673356
2.074106998296875
0.70739920558799
0.5218677281416293
0.5749305476980867
1.5309799925894079
1.8063478794149583
1.44733794773809
1.5042592768289103
1.4513179865705867
1.3724321359390363
2.632254164382987
1.0493087528061398
1.034047442869311
1.6648575278024598
1.090205648107627
2.1798521296577325
0.8130645296578953
1.8128654478209278
1.2018129538952727
1.1670600141441454
1.8414325123090098
0.7502119157561622
