0
4.134418637799911
3.0752137778757707
7.009867175897228
2.52706249255895
2.978187674000943
3.093944494433775
8.303053317693372
2.1066756726695153
5.310715573879221
2.034591724669898
2.836265168525187
3.711839665808866
2.8702180422440247
6.030169410723041
3.4396367978045
5.190085911905342
10.103500196644216
3.4860412813163535
6.414452767437729
5.1625430244607315
6.721064588877876
2.927324316156003
7.369614675295763
4.233757645789393
4.110048922749509
5.105839976849188
2.5649814672228675
5.569189227561729
2.8808116801065133
5.25262871138856
3.428679568009475
5.256910363532821
1.9843491819111796
5.016680901517173
4.852817502117633
5.171424269823505
9.33277537930769
5.484761030267806
5.812259366444833
3.4134305016978486
3.623641037913257
1.9964425379538064
2.2615735349178014
3.5655561054372535
4.47220588307077
3.8782738533506724
5.713952585604177
3.733105224354071
3.3438414070754643
2.9632322027916866
1.6098501401580727
1.8168072523981018
2.8817446934825086
2.9792196705860343
3.8445591844611147
8.3374081260038
3.4307011427042826
5.725501147589841
7.696003870508341
3.3081576112566693
3.0662808042803444
5.565918453506934
4.840351739219277
6.063255312400404
3.685445723886183
3.3349192722799823
5.094385632522339
2.946569492401043
1.780757177945315
1.6723384054382506
16.065495819025113
3.8487461998592076
5.5506278055499205
3.940147713731329
13.819855764288597
7.322309511706144
1.7588957435192494
11.944441153266057
3.7316529837169523
3.957505745852048
8.941703989720594
2.1591009054748036
1.0945326295277469
14.520693981529377
1.6970270146579867
10.419396439345043
1.5800700750795993
2.611520560802418
4.921575654943774
3.0956415103325496
4.031091668513475
3.2036845039337893
4.902174792049912
3.086191420239923
3.730241370020907
5.488753216543426
5.252911196178306
5.790295862158837
7.523306212628193
6.753735548435539
5.393536260326568
3.762270632052713
3.6014931374295585
3.1880878780993824
2.952603938319336
3.2661650039928345
4.5468910107623
3.8497138777381705
5.2192282509737895
8.153734926572687
3.1449907145674083
7.239516203370747
2.0320039385672377
7.558934209468282
2.7253138638002086
8.553875857315392
4.9623206273158855
6.232195755304699
1.3480718127982032
1.0825753245324825
1.002303778927035
6.152045987121119
1.8557475618461683
3.3193400832655753
4.366835638958561
4.15210810250444
3.8179028053230324
2.054169584887439
3.215595987922588
4.9932714047448385
4.314685526582843
2.5660443746452377
6.881710330054016
6.8615840030906226
6.796311374661069
6.810051118217347
9.487203658231804
9.521701973607591
6.788969229231567
5.349416019116698
4.11677120728128
4.313482194076901
3.7861965544093437
4.327020765674079
7.4389272781509295
2.319861563005349
2.0921440539692577
2.5261514333686583
3.835891734685195
7.261809848982317
3.0360847031409044
6.20031510512336
2.551055349119927
3.980434898199982
3.7204550848920315
2.5164835161051964
6.636376263076137
6.663221743002122
1.9528470483103513
2.7496587147928993
5.384840846677137
4.172937068606787
5.050431740633701
5.716052805600343
3.41329230281306
3.766787999928157
3.0508835714972977
8.478091244270727
5.69060243392662
3.7534377399716594
2.754256206647126
2.7306843845184634
2.001946310840594
6.183146012900218
3.687187537312472
4.289214925326341
1.5473866047052467
6.040058194491804
3.415586784379193
4.474931363955614
3.8903636914973596
2.7000877736663034
4.953812419653725
3.6209320170149693
4.977224667159443
4.350542962558435
3.7530280907744884
4.616744132574248
3.947651373827931
4.638220132626453
2.596148933364994
6.205817228282621
2.8069349072006777
2.6352964980721354
6.397041484494856
2.4026796072469416
8.95368801152677
10.770123263500187
2.8067942774528247
4.206816984645768
5.8791068435137275
3.8863046324869512
3.7663649463058295
4.676765903564971
3.8027592220954585
4.897548655346211
5.3160889105070686
3.2384688332056224
4.7125501883346494
8.904989479395677
1.480207597115423
7.651799472312677
3.9319713940867795
3.112806518415957
6.7454895796671215
4.1685550060697505
7.508775331831355
1.9382368871731737
8.188239728128407
4.667268865529584
4.562394550545959
2.945241015911839
8.686664549863048
1.7136757202248767
4.743591110839513
2.4728251529355165
5.143827274170863
3.485713738652021
3.751318671432576
7.163618090101497
4.568503345025522
5.629162659509904
1.9589081116457607
1.368625138984104
1.4601232242306028
11.351183936087754
10.625312981780105
15.763584763407506
2.1443880559350403
4.529033451870817
2.227190968071771
5.772314338829505
3.291464802337228
3.4943577567969695
5.261556185983357
3.7248968196204215
10.842760557302753
5.627378204716435
2.1272136787894946
8.384544534907528
1.878811735175934
2.7155087707964127
2.44138217135747
7.911471930945366
2.1631895271802195
5.519088451604936
1.9135159373058919
5.519970009551998
9.96777181588729
3.098198657217461
3.444165531201609
2.6731027522665083
5.1119535442852575
1.1659132569094943
7.681550161321079
1.2994991510752651
15.611233580564644
6.443628020295909
10.63062912303002
10.313534626899154
19.682167270150913
26.372024058316182
24.211963166624287
5.42488633355632
2.6505155086454333
2.1178064308125295
7.909132433349178
2.128019432551444
6.035800451630737
4.42426566256664
4.928338245919204
3.75684512638696
4.314118145044662
3.5485872804987197
3.922387262064359
2.799441317989
5.041368819329522
4.149000933820944
3.500681476804415
6.0902888469782654
3.381268478577906
5.17456343688079
4.404790100206818
3.3854294625338173
3.505670993526572
4.8500874552330515
4.9894996145384845
3.0808855597140887
4.407261995854452
3.439791322862515
3.97671368136641
5.57522229497427
6.940433491302661
2.6044459852707624
3.9059615167482464
3.580991274444164
3.2607075553961633
6.387135317203884
2.2867971121138453
2.1589740196832876
7.836106128890428
1.3731200819875113
5.578149090597914
5.280792897394603
2.943120673197858
2.790008493791375
3.6850292876625135
6.55437987329203
5.976936248927237
5.179528993188681
2.906380655863805
12.068870820998441
6.978193204911966
5.583889044119696
6.786305440114903
4.213195738971424
4.21766694414778
3.7298612308363475
2.6253154804658485
5.533332833609261
4.725152823243162
3.6338126373728596
6.298945230214612
7.411516126927387
6.435294165012678
3.1661771187888808
5.651156810401711
4.193991717415466
6.2273398372974125
4.5232841561480654
1.9143311968164658
3.1253200455103674
7.28512632738055
2.182618635588684
7.376085504753656
5.103004024385666
3.8760298340996546
5.058047031316091
3.139783124932859
6.507564874751242
4.553810154713818
3.357937973351257
2.7327246299409405
6.380248663820135
2.5505295492958266
4.9998130122308
5.298217856657236
4.000104556190731
5.810997872828149
4.61256265449982
9.348409394407444
4.174956678015065
3.5732506274852835
6.4961498836018565
5.873157142285271
3.9503628427408297
4.799559387189987
7.843836973263304
2.4265259571578754
7.596764446243723
2.2176502008763608
2.6492757953558623
11.771788844641767
10.17652394190934
3.8075554631181356
8.814059454969774
5.209939441134905
5.506948884895417
2.6981026655859965
6.222088604388963
1.8266072302814074
5.636631950949636
4.731285163752972
5.188770167242967
4.672640673334387
2.930526677421843
1.6436366124400945
1.8508780387297281
7.949577394573431
3.1722699899986786
2.6928882672654355
7.570460904374165
6.543141623496229
7.1581802623899335
2.7159353871636904
5.88421041586339
6.682974133926508
2.697838715779391
3.851379718320242
4.2835637976187275
5.994660997521721
6.351038265615139
7.507967463180893
9.081379362371665
2.779679488441515
5.437639567263028
8.349066380468116
4.34947606753347
3.9663199917665217
4.223404257974515
3.488495640698336
4.1110762378816545
3.117255462574616
4.486240126222711
4.731792751000844
4.918758298636354
5.746222527432358
5.970492661105402
3.01666543362112
7.238177359240381
2.7554537697060733
7.372267115416606
2.5963478568804534
0.9026815994732378
0.5648615162511912
0.6288092519970536
16.219772353273353
3.3228734175919987
3.540216024473456
3.5898413582543887
2.1100395675016443
2.202532424512966
0.9193155966968454
1.1397237884181124
7.426686874843419
3.444827683835988
3.8151239273466993
4.259280646942345
3.792872285903081
4.738226280286086
5.622929931252031
2.1021130622151523
6.33370557288772
6.734533710983032
4.926701660954316
2.8108774205384903
4.448386635916134
2.7915820184996862
2.8935250004819943
3.147054890457393
5.0336703088083565
2.773536813544704
3.7788910498758934
7.1153099069742884
7.124528219409729
2.5504585710725594
3.234569088238412
7.319691382646493
3.512170222618482
3.7848165950854944
2.359984474920646
4.002013938866334
3.3533830414071377
3.8918886650661393
3.314499271304508
3.7216376490277114
3.1242079500563746
5.91700289295145
3.2543576682236006
3.150520932175191
7.795665622678801
2.1139718336439386
2.7045628832967346
5.380332507699541
3.2224435076096913
5.145725662482446
5.0051275757683165
4.908047490034448
5.018948291532996
3.7221330770611196
7.650916929680308
5.2344915234258265
6.188643160263639
7.408719980549296
1.588636045686849
3.848525067155162
2.4864127408874723
3.2721028840127886
5.076195519108454
11.678272235573786
7.094348972870871
4.553833018429285
4.549411283600514
4.165868714896809
4.274421419534796
3.894660422441434
2.498243994261225
4.91882485348562
1.680123285787291
6.851721977852235
2.6866184195543443
2.061684462713198
5.477202153000807
5.466490764649822
2.969794125451945
5.571041073037167
1.6383083160982113
9.815225870593679
6.700767345537593
5.305274156763174
3.579216152286826
6.688313682931345
2.1949143557287023
4.109771036660589
4.426640411604505
6.666955678052067
3.667424885831112
2.0425009428376675
6.016957676172534
5.0330301570050295
3.0926201042404
2.8308261136719985
2.827380250754167
4.7313788970235455
4.464869474492738
4.748169337418708
4.537073713853745
3.976637130804569
3.971562907124038
7.531203171102209
7.164877889296326
3.7294490454486526
4.638205037598412
3.9571882962364024
3.4695395136794995
4.529746558921992
2.8116856160913373
1.971763529421861
1.0850042000968556
1.3684508258612884
12.923973233442439
5.799899524641524
2.169199088202876
3.4208065695536476
5.249560085999866
3.406708165650146
4.896117172066489
5.409997880521715
3.0759281771542617
1.4526723091694012
5.40920918048957
2.6428601990480445
6.511264769775718
4.662262985969227
3.4347638411745125
3.2234801380166993
2.3832629313226583
3.5070018367983202
3.722776600766704
4.104055811992403
6.266264820708154
3.184379512602798
2.571898691654611
1.4742032229963296
10.53632919115063
12.872234214760248
8.014569885009589
5.0348263829915165
3.1140677003056045
2.025341261562057
7.957790744614356
6.608371585803
2.5365224121619283
8.005565233587175
7.6248510108734715
3.7235835910280364
5.117726666713634
2.4004829381170354
6.135611331420393
10.708080547540206
3.83136946730836
3.6950324291323486
5.0995905339800185
10.379485051744389
6.846722388952979
1.4865988587560959
1.1986849908142567
11.774720074670702
3.496631294363316
4.665801798943419
6.946862761999292
2.8325539799938695
3.921672482817538
6.949612128882755
2.6066498518137133
6.510753609033119
9.288823743781661
4.356182437988729
4.298670972888652
7.658686771411641
1.9465351647557427
7.493593380682334
1.6531546301821956
5.885534992661353
2.8673999665328154
4.571840383257964
2.2451487159090266
9.097888770715688
8.977420943996172
7.005999236461933
7.170349781460699
1.9476012496408226
7.7490090511237115
3.622137697876365
4.617784960497839
3.4787873254057113
3.493945188168635
4.9596220519242085
2.6850670459470045
8.064406698177937
3.865799310684281
5.868912268030064
5.873058362708279
2.8745043170971574
3.699275100242509
4.458616832882655
1.9227858457868547
1.9792533309687979
6.008131861182802
5.326298839345825
1.821599448006709
9.270771855502847
2.3399722544564905
4.848511616773087
4.684779918833611
3.592427155826481
4.863334538351749
1.8337418801288405
10.37085782712945
1.5267714563985813
1.6530294922184594
2.803766823403164
2.373267238250312
6.105134370370878
4.823812713974566
2.620537426667919
5.939786970047
3.423695257822294
1.7888153544673118
9.994110422230609
2.225511181060832
2.425750155934135
3.749303362118182
3.1726766814558967
3.183611610009362
2.4094408998607992
2.205993254076659
8.306391604389635
1.8541631071647577
2.2707378029260403
3.20012877008565
1.2554646503794569
13.030533958630796
12.034455406178926
1.506327983560997
2.8281949158881545
3.882902110592264
2.6281881464522234
7.699580146339253
2.106188168109611
6.064610304281345
4.298775342275741
5.423429883979684
3.71084899030183
3.7144971943691933
3.6818671436856367
4.339722066260485
3.5723117374861286
3.6595281612036703
4.333191239401436
4.768421146239464
3.7649296855140206
5.215876103960198
3.932928040004646
4.814635598506715
1.2040757164270304
6.995829350079493
2.697925962528724
6.67741887249844
3.4263494286820944
10.108268769292014
1.6092278511160696
5.877055589543492
3.6851209582399975
3.413288577878825
2.20100227655864
1.4668769154625216
6.671387796534018
3.7842651734704167
3.925186169930142
4.11751883952658
2.4902885065822438
9.726398738784804
6.488426424811497
5.027663478447375
3.068970989187535
3.694899832626467
4.708209219807829
1.2260020098725317
11.069353658327808
2.972255292885449
8.578116945806004
2.554992392050029
5.339924528388679
7.748084660681273
1.9773304944786079
2.6265942558920625
2.471344112693267
2.471344112693267
3.3214291208214703
5.211984667797626
5.51036985902977
4.021017070019148
4.016563170625926
4.291679356697607
4.313401895239795
4.71133674684721
3.1261943428140073
2.6544657466424435
4.825471109348247
7.247872364598623
2.8122823969044872
6.674687384087745
2.8035865053784055
10.189648085634868
2.8293351543621696
3.1509946279567047
5.10752920108832
4.34171898897776
3.968341536787352
3.3591333290637575
4.873051454291674
8.719418753672173
8.250038509614104
2.3225308353138137
3.642654899375758
5.547756321414025
2.824977344942818
3.1047235437477365
5.029166067915777
8.019230899889198
2.5738490223638077
2.129230712870461
5.893504322290326
3.8233094165685224
3.4819208163064865
3.2583234740576716
6.040785473590558
2.794671854358075
3.69217066951553
4.78216364130111
2.9698103007449337
4.723901684976616
1.8231858037126227
5.42049554507472
4.396235551619371
4.347678738584194
1.882836483440569
9.686337608202084
2.598096505571033
2.8000564510465806
6.337173316180387
2.6273904040686924
4.888945553772306
3.891721536874502
3.510805943877471
1.9238340486614323
12.98830836879706
1.5667113405456536
2.050701263112832
8.524015748104604
1.9112139053093988
8.468584099842124
7.692197003878649
6.518284061328571
2.6501208840077153
4.367882735327548
4.950399060869403
3.212859533675451
5.453797390522954
8.204805379778328
4.935495248267999
1.7159095231072898
8.88119228184758
8.962699983742434
1.3076259889474693
1.6726687673896403
3.9560813294760506
1.9774206729295707
1.5208983567957115
10.624936196486066
4.16054204710572
6.32202988900166
4.473277863320052
2.1154542324347236
13.383609388930854
1.141844835526809
13.64610086697564
14.740524993602715
12.157021039242958
11.904338785460801
11.904338785460801
11.820382094601882
11.633541436199195
11.6133162447238
14.094709317125213
9.231833706921874
2.1143677154078966
4.004723391450452
2.605515754089992
6.602750485433733
2.8204280118189917
5.715676931371025
2.9388778545051486
3.3420962280483253
3.6690451709014105
4.019227936772342
2.378232257052432
8.391251758472496
2.3657378816878403
2.477936452987245
3.8814097373767487
5.816814357419628
4.63222015357177
2.4184549651295844
2.3607228036074277
9.807372626407293
2.236878884382034
3.5449111441645846
2.0373432147427795
1.8490876388656776
1.2376652851025045
1.6219512754573475
1.3542571441706153
2.8828231002378457
2.2508147384352624
7.54927650377354
2.0047406046461687
9.79448605464266
3.4539912275918887
4.051073518371987
6.24730561034459
3.1382668014021946
1.7211872260007428
9.290939834863941
17.976963512971608
3.5183287301178208
3.303081010726689
4.961395138881234
7.146257777609092
2.3873398941072996
1.8648365235002649
9.761681686880312
2.691647389443946
6.186486299132277
2.7517290634514318
4.087826251411012
3.792727422694481
3.845623313376065
4.869554462447894
3.388769434088974
3.132465202597424
4.588529090934804
4.843895989220341
2.2318606191983505
7.724579632915122
2.329011488592858
17.958904323414956
8.797537155866735
2.3766196856218005
2.008089564487714
6.670032668092741
6.189858059205667
4.408452459517076
6.494549994247049
1.3958493163207597
3.4845087647535693
3.6405190590984393
6.06809035442837
3.38431546954061
5.89627863708346
9.207193382937342
4.0599617253511076
5.620827737816803
2.5794888793278927
3.1407356664028687
3.3099164872021616
3.841732152272418
2.671789925131061
2.051554561725939
2.6666302212229347
2.1539942694413545
4.540760380381775
4.687829760502622
2.2289405764281494
3.3972765981488715
3.118996662281551
8.793847887635348
2.15356685619418
5.789797730734174
2.3983442792585925
2.8045944620981555
7.190911849118897
4.718539264871467
2.5793437845358205
2.021579372783914
6.216988620776798
2.2031377044743565
6.537363483680399
4.047360848651775
2.370636166473264
2.4626845829863724
5.294605402511572
2.0120336206397886
2.829851527057738
6.792915606521706
1.765681738279198
1.7441694216478987
7.44723432822026
4.539470307076624
3.6675088430235365
3.245747529844674
4.971004898120809
3.355259862035899
4.666258259096348
3.132173305229425
4.090494550192802
3.4056875411225564
2.076124561803634
13.182311783030604
2.0570787718982224
6.636219955967486
2.5922485607234917
3.1643546347484612
3.122655198940555
5.088061720700667
5.089153628253513
3.494983389594534
4.963204979820732
4.901022735475039
5.362572241565425
2.4031932477811906
8.337057582276598
5.52338549594284
4.579663966041262
4.156604846548409
3.024135586925722
4.5834289743746925
5.833211211335253
3.292661151926717
1.4840025503843313
2.536895882996142
5.20552318106913
4.550800180602206
4.083338720525467
4.268680171273616
2.4249916811419734
7.6396737781313675
2.166449543452062
3.9126207472319328
3.90995075514326
5.590826955509876
4.877401514250006
4.453456267974293
7.140706027725641
5.92216424023298
3.9774368719995437
3.026064770441172
7.170814032946006
7.676176578463829
3.5588077627685077
3.9931893818592257
1.779202174792592
10.140005345451101
4.082509190216724
9.929947724185896
6.092924064939251
3.9142492393278205
4.840765249895039
4.561161829071548
2.3843156947007205
10.232667911287466
2.8721070699731532
3.6396433448632126
3.4020407828357766
3.3065438772349927
2.3233321999922585
2.534095062989839
6.660980545786769
6.32067857313067
2.8393866976547306
5.579386280679686
4.783513362366657
3.695914557601037
5.018730094422378
3.187781378289764
3.2560890858704337
6.955300064091844
2.477510372825231
10.583002731953192
4.432741778096418
4.356856574629375
3.697501673557245
3.9134759667859247
4.849263536633763
3.562927207698653
7.959119704725359
9.272194643621402
1.5862561192847444
3.8462892050934006
4.633834475498698
3.411421957364817
3.269384383069603
4.50402974806946
9.977065073313064
8.220003047445763
10.095587643084935
7.733294120902062
3.269679584784467
5.912649154329934
4.771284855463063
3.5394350286662384
4.459129334628442
2.7847045060160647
3.7157039423350198
5.210902481448644
3.009936945994766
2.118383662822769
8.027592030612842
1.755513647400029
8.140426854263152
7.075239105747096
15.091998183374157
14.457744732756817
21.444126993243685
12.502924690706706
2.104934020308352
3.8847453582682037
5.086968278997444
3.99521877203289
4.032769221286623
4.37789075020179
5.0516365393099
6.538834651675312
3.1165171549034913
5.370112972917914
5.148141103993566
3.4647002789277557
4.595302255198638
4.202845056503949
2.5841792551765037
6.0076060901768
3.040499398054858
2.1098025654512065
16.625395870444954
4.995614028487131
5.942106108777762
2.7590112050939513
6.866030740970832
2.3669013123203118
2.79762067311476
7.809500452631386
4.531329247546047
4.006368122627071
4.625122862206084
4.264967701486382
4.168617786936701
4.3555017650095404
3.989245325591701
5.311415913490055
5.357812837628659
2.487795124496288
8.046094553630013
5.267261898806627
4.525395393264375
3.2391845591140167
4.986146584440965
8.094364922745541
1.9856305592982875
2.915029090247658
4.220504314279746
4.195445588218151
8.80788103241798
10.000481244673027
3.3428377863626877
6.81233178903826
2.4989923333296735
7.755139930722667
9.397745946075123
2.4044941813373097
3.850898896550285
4.560869468013972
3.403235815799442
5.620524795555746
14.278001393979654
1.454668731583217
2.8881326867712387
6.56902455493756
4.749615442925077
4.5209613342447845
3.084542524707972
6.85699004957257
2.354838540117495
15.907683742781549
1.9440334709660414
19.470951421592446
6.068162242264187
3.220909517243726
4.064923104086597
2.9637319956975388
8.533417997667259
2.1636871410622116
3.2757288941770315
6.113061820348772
3.5417424294762956
3.5467312090639833
4.322291121071656
6.874912294574348
3.156332838680533
2.163242552380843
7.373296657993758
2.7008525511729924
5.3337885261916025
4.583445602329889
2.367697278102538
3.489906167707101
3.578469166893601
3.8818751488418544
4.106905755520099
4.106905755520099
3.985076682785096
3.8963140114285046
3.9652286187793253
3.9349923692833366
3.691319358623943
6.335433167423258
3.12041339345852
3.8427946878615766
5.057103731362728
3.6281389982877488
10.138923322325777
9.902442152851485
1.6332474228248277
5.998734208436875
2.5519532482391893
5.756726942059053
3.4141967667010418
4.964352499457892
3.338136660313073
2.7450081003392954
2.9837832613866544
2.9130547401501072
5.2313466943990825
6.560016766807519
2.354346806840886
3.1004849145089333
2.2072491468171513
7.5163374828978275
3.89316431249999
3.4753362747802634
6.238753123313258
2.9495340399548318
4.114473015245575
3.4514798771681754
3.646668212474655
4.428007483833931
3.6251967577791904
4.4196540766188654
9.277860186420636
1.9810424118628338
6.808803300625481
5.108352330552378
2.2759377381425594
5.143800345313213
5.545219175967409
7.881294639209672
3.715352438750525
4.099659850387871
10.655875928615217
1.9122069971175981
8.41528859801342
2.7894621515915814
4.4459999884676185
4.299515419348331
7.121504010987689
9.730132276238264
5.359840165747842
9.961019111182035
3.324752792063695
4.959474472196753
5.793001447998055
5.313217858995188
2.524385508548113
5.633471035707688
4.4087588831387
3.245856029941346
5.075388431121803
4.164228766294991
4.815570875388067
6.540845649967875
4.14212269708621
4.121372178221031
3.2956153490237408
5.516674341792608
2.553719668822357
7.96225704265942
2.416659722441134
2.1059040135313185
2.4363493208812494
11.123358104608277
2.989246599254113
8.018931104931205
2.420520315240454
4.222910991753813
7.632766854265351
11.519909621516376
2.9292276254474743
3.901721785767023
6.555225484941003
2.2552592317616242
4.011128401608033
3.667188701640255
4.573258052843743
4.960262349356275
2.4261649582783793
6.4458672234912795
6.0627931671660855
5.025065509792657
4.667676330425069
3.874299326531456
4.641866119850783
6.50435528167541
5.180469685308025
3.9911682133299817
11.274226845609927
1.943788648264767
10.294358449171213
2.294255263158452
8.420769099555539
9.091498391257709
5.705679337675249
5.3206020195172155
4.542649728234525
4.868198150385081
2.0435573610160334
8.798060354987072
4.641905585450641
5.5972819199569175
6.2045615970379835
3.8317805590564937
3.741454122568896
2.0125195779672542
2.3278118734724424
4.169574606044649
3.2560053831046787
7.637700869115806
8.401231363262335
1.9307542044966008
3.1270516843902865
3.728824747327539
3.728824747327539
11.665712709929679
1.4466321150346686
8.694574654604905
2.475757199499687
5.971508933449338
4.1543569169323975
5.219032713751908
5.385370636948514
3.1491932396735764
4.655382542177548
4.979981387595794
3.7660670923054282
5.1201459057025005
2.6901120695992438
6.723770405983303
2.520683602172332
5.9883521804696915
3.296548394895684
3.2997229978665747
3.1838969556968904
6.137600803330252
3.902892546976729
4.759218711567721
3.793280182152354
3.7589739192673113
8.303464315267767
6.20467198376445
6.877054492375025
3.174719463158445
5.292394472975929
6.475642709266711
2.4221618044135984
5.7735733403740745
2.8078539525316777
6.502875562532489
5.0697128732483385
3.967283495069249
2.9863219647534875
2.9810046110143062
5.694856150579867
4.4474678832075
2.846823466178414
4.2691562433889265
6.458454412076836
6.747469576979973
11.061312717789434
4.057394738032785
5.1564714337375674
1.8735367137194965
3.726540889545687
3.70642904836355
3.3290479560357165
3.809375597855685
3.74323062757541
5.174991035187847
3.123510138191865
6.845204248088841
2.350814467575544
10.445126780144403
1.510222751465222
14.595945937570315
4.138948259900717
2.1512761991324507
8.147278220891812
2.292303365048065
6.580612795244418
6.021852346143599
3.123134241543744
6.150753751602766
2.1795125121775123
5.9958394703856515
6.228233455187216
3.2909878580383034
4.092177990640824
3.176786277776748
5.203049179759361
4.399227168148313
3.072452691940453
3.8073981655948903
4.577821117109944
3.550221904093015
4.211628495599852
3.8193388729817848
5.463117490062938
4.153880465407096
3.477813353463977
3.6966003481811973
5.493733646717174
3.189240229531304
3.611294705679765
6.418262057038424
1.9096540981621684
4.007069093720783
10.428534966390892
3.7610565446556397
4.002414316062106
3.1644536063750897
5.3427566342038695
3.672637218790818
4.00448512943229
2.114988014417299
6.286590464322196
5.800267284094681
2.323782936712963
11.422704266983423
7.112726300365792
3.775196064906261
2.4093036318520467
5.557178079322722
2.8507986616086125
4.1713582173523545
4.2056514906714195
5.350762791270107
3.65819775354209
2.427983351865194
7.716726024080016
4.615290944242594
11.458761576726165
2.4920117248455247
3.158565708669247
5.76704081995361
2.489900360918323
2.316191202229784
5.3006685135803275
3.4012992307752916
5.032585235261663
4.957438282612239
6.03096822177138
2.258788777346996
5.780873535811333
2.4713614879424672
3.6661026957589136
5.759368285651366
3.4680504241324153
3.3085776343017925
11.753469623554686
1.9759680483112452
4.4693791313708635
3.2592950551556648
3.1672110758330945
3.857538671817168
6.080973242164375
1.6644701953671526
10.699627553396084
9.137301637479338
8.08670254693498
2.2135312939901755
9.823941349587415
7.228928709456569
6.1917533272768095
4.389710622393693
4.3054456239819725
4.178380888534635
5.555848969353154
1.9998005799197232
2.7319733832427726
3.849188565893218
2.4514678505866248
2.749308978549268
4.021806901935577
6.6064666700367605
6.776867799600585
2.7893158313248714
6.472194250750751
6.221915238843046
2.9369707313407276
4.94292894082565
3.4227626614112157
3.5551675308196318
7.72195829717053
4.935566334665671
5.7979810854465885
3.6394259830256885
5.764043980525451
4.4047629013791685
4.046481502323197
5.874280298866043
6.731028568627267
1.945160057955692
3.39553377962034
2.611538547100961
6.4963158999501465
7.2081624135983065
1.2236000735536228
1.8605739570337587
7.5625015470123245
2.160050148825749
2.0293901367822618
8.312472859758396
2.839341510035501
7.618278704344258
11.174563344371492
1.9863622891649417
9.294166358214689
8.704440834535045
3.1527036737715783
6.9357510197871095
2.3132494639720482
3.1289146390407887
5.398650809547711
3.700223828477457
3.3646049298769
3.840795032543255
3.0854585232864684
4.186975489879724
8.342693187849896
2.8738102649074975
8.028675183107493
3.6288522583395646
3.696548402949476
3.1836757156271336
4.407324209354666
4.212307541094616
3.5795586783254003
5.0760289436269375
3.1395711544796105
4.134996654789114
3.7357039993115078
6.421246752908973
2.9339861677581456
3.911955533760014
3.6487940393757046
3.9652745057814553
11.706078341061925
10.190330017009824
1.583414603544212
8.814255190558649
3.230579113009916
2.2918625100403385
10.123927800844061
2.7928528160373824
1.4287947209640979
11.555701477629897
2.4605346434601025
5.208246650581311
3.525607853119108
3.7948778575584514
6.008658561993161
5.191040366355507
3.3528203211078536
2.779707698018551
14.707043873293108
1.5476250068257125
1.6756688285813564
4.515582285397319
5.263828646641393
3.275260382399472
5.8403631846258515
2.7648815152468758
7.735814322446064
1.7479907732615283
4.8970663978363405
5.020406205904603
2.9748916022065606
4.204180108619198
6.5851608702733335
1.8048634005362552
2.25443329714623
7.737255025633396
4.106700173037435
4.265086858161636
2.9014408783493466
3.050345293192469
1.567616893415459
4.7740505484617
2.4511229867554656
2.7170349244059375
6.491805025276232
5.616269902802022
2.7265923860588046
3.240510852294039
2.8461989763942253
2.8461989763942253
4.15990327461006
2.51694538880733
2.4399085449117552
4.0635036123277155
6.251367992849204
8.680396634417198
5.1827429166471095
2.493192604845708
4.895505031863103
5.166881135721796
2.908120683598435
4.605318214226438
4.928494114296596
5.864681785379441
2.2972903730757483
7.17438163827554
1.9092996416755557
12.271553251887282
5.319517578053496
6.980973450956635
3.449023236430659
2.7161117897676976
7.14587263808196
2.1059587433614766
4.03951319566738
4.780407371354308
3.4117733513567585
4.642207729519296
4.82775618913162
4.514276712156704
3.4431752024260596
2.6751292215723517
5.304851961307521
3.0355020770955043
5.738483818424903
3.9056444552476495
3.0630217797430666
5.608557330305295
4.653566167357722
4.655787398716088
4.774657570170975
4.838662446993017
4.734251934555668
7.844429993402916
9.561657252494289
3.7774492427216533
3.3438543783199446
5.374231464101544
11.933885938817129
5.572600609058921
6.543059963827717
7.6021074545517715
4.179389502273442
2.9753498969234577
5.486982794689328
7.554106739601507
8.932233075609794
9.148183056782639
2.616550983303981
6.5497963836004915
7.511256494578726
5.597180173362099
10.15373839536042
11.296798339376286
1.4270888431728208
4.410655965824875
4.744067449927908
5.133447621916053
4.986225778945012
4.42730142884592
4.202958010469306
3.5460041201211205
3.4595452958951003
3.607238302028211
4.243273789740634
4.446333873138493
3.6220382782046587
4.924044738152221
7.242921471642789
7.340959550203556
6.061907882727646
4.853573757964364
4.299351988350019
3.4772845578722156
3.729485264584316
4.068374765564727
4.223097636224194
2.976538618432142
5.390692952525611
3.480347028640161
3.9239828385115203
6.772816933622547
2.3951082913547532
8.68792833447555
10.691332665537917
3.321165773559062
2.9469102681684145
5.740681589120859
4.532377564566485
3.437913532715409
2.6698878455695745
5.41708370242436
6.1405817549093875
4.0380863271946446
6.089915924094811
4.524670894632208
4.538652609611556
8.202309477305594
5.831267316381114
3.9624743580960007
2.134056522680786
1.7581145109437544
9.913085673052736
1.6862799537103923
5.207293855787087
3.1702661465499307
6.059750319062146
5.27924036654152
3.140424268666403
3.3106080837703455
12.135545124271799
3.277049633773428
3.9047369349810004
4.627759030503629
5.609247360824942
5.880329601806428
5.439185961105558
3.118578904399499
7.189938976134928
10.211943380041928
4.130378303554278
3.9702012260568535
5.006507516491633
2.664790615846651
1.7547991552528632
6.58708780946009
2.7006172594324593
4.658350703613684
3.1226257017000147
4.532367274774769
4.518575173421493
3.293105294590482
2.511578494819012
12.150455775491041
1.3415210992259703
1.1604673515278654
3.279049432533097
4.986836312672248
6.6222374006655045
7.655466949482341
3.887763428624053
6.697775162995617
3.499710705168547
5.02084237235942
4.848245361238209
4.832095828433466
3.399258356073693
3.587612291338041
3.419051395456361
3.82496967001884
2.9477482818010956
5.1202320065246685
5.667915544896819
5.547472151216957
5.547472151216957
5.887502090508393
5.87037997178952
5.87037997178952
5.92319791834167
6.033681652775188
6.109787912027561
6.109787912027561
6.109787912027561
6.109787912027561
6.000628299640253
6.139857503382953
5.480293597617178
3.6577678654851877
4.016198913212887
2.0911838162581944
7.354741896680806
4.717696184532219
3.8376860565004502
4.448094335702067
3.3662563453478134
5.1556114492290055
2.1215163215155672
3.7885827890876347
3.211111704067382
8.364074025604138
6.733387739410449
14.97429152253927
1.0105084114258989
2.447356893611247
2.1628959143887587
7.350272885248167
6.868429966772457
7.854376872717393
7.927606394611523
3.871994085154451
4.653381945857098
6.880403403857158
3.5143289449451824
4.639665342961197
5.558617402173117
3.596007306108359
2.3336980998618917
3.3428938330449647
4.83405344352968
3.9567120791935575
5.789737170630546
7.54053948256677
4.627753597762293
2.428824431971948
2.4151554539401148
3.227736140842423
7.241674234020581
10.101068863839796
13.790234970451769
9.908649285744014
12.79821708301748
9.317094731921198
11.544344197830538
11.900799534946303
3.5530976448686773
4.902749448120665
5.796689561135719
4.6892770382380125
4.386916321327505
4.485486091208074
12.072327947493081
10.968922873881592
3.7607753438718134
4.775703800182941
3.6187008412867674
9.512913369958834
1.4564366311199362
2.561963865761787
1.4512091260212354
9.83580851797899
5.001755608995677
2.054384695545617
4.681910420933689
9.364541822082941
3.417613765565416
2.816397598244949
6.161737648723659
8.050471556241009
4.5905581090648635
5.101984240713396
6.011386642119215
4.514249900700723
5.8550868661899615
4.281045836868451
5.729692563358852
2.791429480901164
3.3949025141311835
4.551763684510185
2.6796416159135688
5.766503523718033
10.23710669101503
2.2397991774654296
8.017370473090024
3.6527379227069487
5.925480779902907
5.735350945589867
3.172299548193939
5.135388762796314
2.836575263607341
5.311570400987483
2.9150881918115075
2.441205732800577
6.498599918040599
3.849182766391506
4.357059579107824
5.037260394436134
2.2876702327716085
1.7532391477473412
4.675536850218534
5.9738867724371945
3.050864470140212
4.491256036190104
2.5597555470247024
3.4815106908149964
4.949244067883307
6.566745675629317
1.581545596059955
6.0655540632388805
2.7932106893875135
2.6291414470116794
4.34589391536798
3.4132809491432754
2.2769596267328738
6.170242919473464
3.9033754472315794
4.379143742834047
4.17268469603723
11.952159669218501
9.396695245404059
3.692202943137473
3.401845982217298
1.864526679882985
8.545291467447477
6.6722621039804375
8.19830607581212
2.911789139430534
4.46957643425741
3.8560476131394794
2.2738232234351754
1.9320794446735672
2.391993505696339
5.310683211748083
6.1984036399087445
6.895017319262806
5.020823509214456
5.884793658303878
5.358661339448525
3.0418529956288314
3.705532146670982
4.203229159233939
4.444312791593221
3.5067963001846296
5.1880916938429875
4.897965010336982
2.6508511636264136
3.1960044087607273
4.421961100914884
3.871992791381202
3.4090719963571847
3.2599986008716266
4.520250371071565
3.768067857463897
4.767052105365225
4.6489584968201525
5.074645608485673
2.9124417102009823
1.4265858572507935
9.783373709744838
2.0936478946528463
2.360911274382981
11.169792695222085
11.09360559592808
1.7775928837634103
7.4172836979943275
2.854470372549174
6.4254473652193385
4.297842992951361
7.897854916010766
2.5742420128347767
3.002614763208042
1.8603392426724823
1.4231552438391233
1.0625661259356398
15.778511962110164
2.1509215955438514
3.4267337174127412
5.47278180342188
4.567569513647961
3.804737468132425
4.178322399435777
4.065081290509584
3.8038963455132446
4.218999357446327
5.552990215948923
8.406456617746489
2.250282831169649
3.4473784014679496
5.292206277141965
1.540959237084959
5.0520547664771716
5.396065514176539
4.962514955630107
5.97850505210929
2.140503562798507
3.204508583667039
4.749862271348453
2.726134098580014
6.964342773392753
3.0213697748569337
4.623844192097473
5.5500286550394895
3.031678883837337
4.131935978673739
4.532253008376522
3.0756896703898557
5.299229104113007
5.16023199819868
4.10070580218306
4.431370563547412
5.904374890606183
7.5175395470692665
12.28831489617848
2.240200227941957
10.089362522935541
9.420480244229353
10.026438329719227
4.953165315943706
3.463229184421003
2.4000436701761787
4.546674427614709
3.8437758595486353
8.420491926567072
2.090712647025368
2.5759684983297135
8.996978957754326
2.9378923154605063
4.317385378533032
3.305528554703255
7.487129373989393
7.428482998724884
4.609754537344042
2.3014442781536557
1.9593543398873805
1.7565124400806449
1.7458092315000031
2.3850003037828245
12.524737486796841
2.540327302910592
7.223470284860399
3.8538821979346465
5.680863608944968
2.5545087557798376
3.611412056250766
4.560725089576421
4.092345580676629
3.364681616433922
2.5973989992554753
6.0787156843953785
3.2335661320327636
4.917894847682686
3.6052055590750056
5.3745296995439436
3.7507495820446666
2.676642309696566
5.76412749526051
2.8426252425787295
2.6727657330595234
6.44982069814483
2.1626919754213785
4.830624156789446
4.904482122509467
4.404761565941273
9.351207712306527
2.0489609708061534
14.194222530957589
7.478973634602743
4.113638945709485
6.321548260062979
2.66319702784143
2.9498910275332313
4.203111561359601
3.236151656665622
7.347622945622265
1.9219715817883487
3.1493131502083624
5.322051077805436
