0
3.005306150856534
3.479603893753787
2.2949549599357852
11.266461328097193
1.6838140250856852
5.477698402915029
3.198437067517355
6.406892740677538
4.255886128446051
3.592475787025616
7.2010066150836165
6.8121502574489385
2.5696259965522206
4.656380269782339
4.0627202942210365
2.7985385750010683
7.505005581275771
4.426177996639636
5.3037981517501365
4.866372666197665
4.967336076546454
3.0762497225873706
5.888797530134195
2.1688161145816576
1.8505185397095516
10.171875401259586
12.29535412555179
2.600103210494768
1.8334469867229235
2.044509746154347
3.8255738943366433
3.86869611695814
2.8264833870886226
1.3392852884828998
8.272042258933688
1.878719930494567
4.695667668999568
3.4247206749574675
4.002444804171063
2.9227898715211045
4.704529469174075
2.9413905207197
5.731783702602748
5.007045167923176
3.8063866288065817
3.771986651427006
3.9598552970714427
9.31035264104871
4.516909065207084
3.159624216547345
3.9866032770286886
5.145641701800524
4.1939073221084335
4.55711098206651
6.360866070317332
4.072543358656669
2.079703275340411
3.2433738122896263
4.611222700742522
4.0593568334364525
2.986424914939145
2.279430745784755
2.580729382960743
3.0888883877657944
3.1607020470723852
3.5786586584892337
2.5329952538915284
7.108690858186693
6.750966484940813
5.8676659557025115
7.024801488241812
6.7823895148324
5.975358494584895
5.699689176967182
1.8400349500336382
2.3347707979723964
3.4288089755417994
2.9408877057977736
5.091586335893533
4.083807623399745
2.1517774044537563
4.543548071428137
9.94524647493971
6.678263324169332
1.890238101255478
4.928470773529254
4.048544163746642
1.8347721671931019
4.096259075505691
7.536453418899787
2.1446573171052012
3.2436044839680602
5.405993577098832
4.539311146062066
3.479322701055764
2.9157024976707517
5.2637105050568564
2.4990973393729683
6.108950529917389
5.8174706769831666
3.1307935818483674
4.91407777820065
5.005030798608499
5.608232114079681
4.389824230869106
6.040188516918099
3.6746769998450497
4.830406581166056
2.863920176442517
1.5595014467468344
1.2796623295003215
3.5780284278790635
2.2611842900755135
2.4428054099941487
2.211941086453556
5.408957258776927
6.816333073914672
3.7212226562537096
2.8331568337128568
4.27330623901145
4.929808913811419
2.3134215599524683
4.1111936256236365
5.414609524679846
2.3970118188951797
2.3118125061577857
5.799156485840824
1.2816926464188603
2.1607200938224493
1.942141789009078
9.33806974175282
1.4679789047709688
1.7729442868271348
1.8004635017930868
5.677250590108574
4.958925852680626
6.159898340763108
3.279861271188304
4.380193007409184
3.530850410793406
4.812436184674124
4.572173931217161
7.782183362523193
5.601747702501762
4.266541243335783
4.127541653079406
2.5611236396340495
10.944244292129152
9.417591804541605
5.199785446514039
5.706195802665931
3.8386992938334297
4.4746378178949415
5.232945944156078
2.489962506797842
2.863133296859304
6.58071066368124
9.825729367116683
12.41811267592618
7.945769945216916
9.511877952501955
4.286438953883155
3.283905022362851
2.562043686263012
6.392742066396288
6.899075450611893
4.494020313267258
7.947013547435136
2.601392895842283
2.370458887828407
8.058520015466051
4.372474744490443
6.330659927788006
2.9433310627821276
6.967395563860221
5.5445054361161485
3.5795888754515133
14.0230212864762
3.510297363410443
5.691673419728992
2.465059876977221
4.241926290291106
3.152767305403934
3.943301106003424
5.219607260811672
1.7364011969298645
4.400590666911543
7.763895483769347
4.446881966409783
3.7867977955675265
3.187624315789955
3.3739080493033
3.2460057006309087
3.126890977208918
2.5530339008282597
2.0891717032319765
5.8064766328335455
13.25112710929756
12.769580455652218
1.2287530075315911
1.720093401922788
5.150404078879242
5.1708457460318975
5.293840225879815
4.7619684713856625
4.730285328943283
3.708227959203306
3.7955914032154974
2.9552564624974296
1.6040972979638197
2.6116098620503743
1.6790259808391064
10.56710739343982
5.040414466623655
2.845119713325766
7.3305136284460755
6.3265871942510215
3.116733280887735
5.861569049965949
3.2013776335076822
6.16438244155295
3.1317185175880713
4.115876095636818
4.089669263195193
4.2556895267350985
5.0704323866480046
3.382236390019434
3.4823116058926606
5.172876473215933
3.4195580862870787
4.553010563121476
5.534153340476377
5.1038340416891135
8.481871128479398
1.7853174051620793
2.8518632105516306
2.5405204992480117
4.325906196877319
4.3329078866187976
7.86390603497986
8.192784170409729
2.1724565234011926
3.343775591483033
2.6743280913191003
2.7291520395718303
2.415173061584957
10.201255295392277
2.6384687164283185
3.3102572843339484
5.829622802901997
2.543655402892497
2.278451744814975
5.283056793192997
3.624073043974455
3.831908947603407
6.5843926965337305
4.196301456336236
4.20269670489018
7.65897746767397
2.5591943631497367
2.580315992337195
2.149826429290989
6.4793710569749505
2.7323403324913587
3.232972121059412
1.7787131497981894
1.5963794894572605
6.091014469557861
5.334756722194283
5.679507834771543
4.286759339640265
4.147610719890481
2.9465343051898802
7.332554268019749
5.558311235491192
4.334672225300545
4.353063590072419
4.430223710852544
3.8672421431710977
4.827571300506598
3.4003599526017574
6.2527560156942235
3.455818588500696
4.805877686946012
2.818640844757058
6.283387540793917
1.7680525880676403
1.6467848088325754
10.635477840533337
2.2065951664716343
2.214567940060325
2.651271995945802
3.595836468634876
8.708637251284962
2.024206636906076
2.1358683839954304
6.480579376860815
2.767780956157597
4.100791015092816
2.3011274069856613
7.304626784247594
2.148060848226254
3.1118271474219754
5.404749360556421
4.732816619401593
3.8661826797078045
8.46971710788343
2.3969353657137615
4.527662797639396
3.4577222351929895
13.353130068419288
2.521128863904651
3.115484382711505
7.856174525214644
3.6610417880154604
4.018333133682076
3.7587584642206404
6.358772924375469
1.911398635661301
2.9732872946226427
2.1479832749567422
7.639768598371723
7.578033186468038
2.2535922848036076
1.3533494783837203
3.5183892402085557
7.351024602972806
6.656684876338089
3.9371982983269436
4.689806574355627
1.63014240706083
2.6903503832313884
9.07810722110521
3.62384536552514
2.838232463578074
3.4091877863758606
4.427632673162479
14.87996442663804
3.4256318906911387
5.819405579670097
2.3466627504260815
1.6620596823818465
1.303766747555376
11.100996442083183
1.1210903012369657
14.72646036534793
10.885385062013947
3.542295580708675
2.954471168261337
5.348883909538085
9.598382596494666
2.0839431411488136
5.142236723230193
9.581407268443337
1.403113413182872
2.3112961755368504
5.153665041492221
3.3965847779681244
5.773671753648504
2.9782066397547657
3.354466657763542
6.1026042262962
2.0316601109673167
6.313276214464239
2.900259279134932
4.165551907212096
4.977591020527366
3.2822424214585904
4.765787259218716
3.1208475037916554
1.3843447435502032
2.109659586608561
3.7079512004093567
3.7312681138169035
3.4732885511504614
4.002159493317932
6.763961863956338
3.394236912485185
3.8750256219563055
3.308740490635418
4.722590779506224
4.419684770071157
6.928756827006257
3.3818774725414165
5.406408912707439
5.13171277052848
2.9263208718878446
4.410147105577256
2.1328133165402114
11.092594285521848
1.5073883822136829
2.3502666976026676
6.641589354978237
1.4125230452309405
2.7550454639631137
2.0387713369177254
5.3124331553385025
5.330271238191517
3.0233207432311286
5.194307963912267
5.103439907756815
3.2058917543137775
8.165292651572532
4.851803905082634
4.4336215271409065
2.367112547957316
7.1132988287893255
3.1832629630205282
4.3654540901592185
2.939725754049945
2.6071935687806476
5.042181572488457
2.4321791843394216
5.026104049857122
2.539976091012803
5.683252674860004
5.620952606998273
4.883389555053307
4.4716279159762555
4.834012215891746
2.6508445601353845
9.404409915757784
4.00350323928705
7.60141800536038
4.774248574829966
3.4235048895588536
4.827327859485169
4.742709934246889
5.876771842394698
7.429474966621169
8.603630160845608
7.17551577771409
7.076836080702014
9.270502710446014
3.6618032160113607
2.60585464306262
4.828140163611879
5.602909508705469
3.139981501572318
3.6957434297941747
1.8922573787659138
2.834501666065356
3.938390285349628
4.962454529531645
2.1440964232186666
4.185330898355018
4.410439058892875
6.51073313475533
4.31558401334674
4.002091537500608
4.068612333620893
3.1808976744137287
4.681282711103813
3.3241937253012273
6.4380980485447425
7.527108802054096
3.706141686852811
5.1186969979148005
6.16858041614194
6.705392647309944
2.15657113827228
1.8454605489174871
1.589856243755234
1.7475866516727865
4.738946602492346
4.483056853234986
10.072532988241973
5.819672780272715
2.866664903702432
2.304439584731541
2.627968620671787
1.9815090752030948
5.688595044155394
4.152155479296999
5.534264125378834
2.671470058932148
3.318155475565914
2.956590194400538
1.4233651249492776
3.4108451730311278
4.281775154271849
6.16243190656833
12.078160453027241
2.3109635209607515
4.8631385019375575
6.1219335049066395
2.756333093486957
6.092089610037345
2.418157460302044
2.0137364159971027
5.583462707922494
4.12403331001761
2.8711158848892997
1.8978074681771824
2.313594144327439
3.1694510932248288
6.807708367853492
2.0636541689376116
3.211551815283962
4.962044866474399
1.4154628802205425
4.886308909787326
4.103045675553234
2.96981945521792
4.63283731649464
5.143784766319409
2.668694433605716
3.70087399534446
4.082123406745923
2.3606294169761415
2.5034872178030447
11.541262328553694
2.416530422982206
1.767332493650809
10.40100731475024
1.4900548059206804
9.11174963001914
1.335894988938223
1.2481361932698258
3.2047570504384706
4.8458099398092855
2.15288528386043
2.6597273408943156
5.186902538679498
6.747051275822347
3.054640100262439
7.453946806076205
4.5586257099299985
4.853922396604876
5.138525767310343
5.631152734157475
3.1626189386364527
3.173345292250539
2.4931537701722957
4.1505882488085115
4.782730156193031
3.3102661773889763
5.88500042233668
6.1282711830697805
2.266261257601963
4.945156342950079
3.111054048233224
3.2747016498145842
6.8048583588314075
0.8541192965020763
2.0948656845769174
1.4118206211362194
6.698351554102127
2.4044794939354044
5.724738963850318
3.2772776132594994
4.903062673718701
3.3739566204525686
3.7943254644600666
4.123463070025253
3.3360760802989717
3.878628793461127
6.575988651278405
2.5413043879375743
5.861399443648961
3.8834209380068576
3.8715811866562535
4.2374946992325215
2.650395234283031
9.832326829371194
3.1426767198538794
3.5100016723559495
5.833188160310386
3.9426838242524473
4.818655453279955
4.405653746974457
2.8876204953645774
2.8888762354773836
2.968407848549355
4.064732631734466
6.311492068278987
3.212734354154707
2.9817354175594395
5.650242081017826
4.22460434176724
3.762738288440685
4.977457799773611
2.1597434605702808
3.4368535304735595
3.229817611157924
2.950286601094251
2.897425488385349
2.3895266157866595
2.3233998187017484
1.626674211827884
4.01056523191384
3.1279793114846135
2.5601693173035747
5.012456799819742
4.85113480902214
3.2387558750449768
3.580843864919336
8.19989103503554
1.7004112624761751
9.201181016269766
3.813808153321396
5.297119384873854
5.277485408025433
2.706341299177866
6.945819864684088
2.5301731480792857
2.604632631231123
6.793141131006542
6.390212156729142
6.570548714795735
4.934492250356508
3.3209653489926207
4.907721871693431
2.65295781170181
4.125477961005113
3.781906282760639
5.3975867515031934
4.95415890543884
13.077539351846188
3.5180611784132223
5.403868752814269
4.964423502689507
6.9743239731744575
3.935633293075434
5.934027186269598
3.0667769342059077
5.467866310235346
10.054354376797148
1.0326915467897664
6.871036246184882
8.780186764681213
4.868350715478428
1.6938543300193658
5.896562053690867
3.0776008366929175
2.957159122782572
5.138254921346636
3.7249585587013905
3.270213674506341
10.066747602740799
8.101285308651843
2.599486843345821
6.541635671646004
6.317366293948042
3.0128516914200447
2.653118371005664
2.988122297632055
4.588674563746788
3.4634860451189446
6.055751787891343
4.808779634333658
3.919896672539831
2.803273459837621
2.4836175903383184
2.245496147631397
6.055953000402197
8.911298161245455
3.4749112492433785
2.633098712629505
4.826599961242084
2.1966945266596296
4.529078544562507
2.4419260110443193
2.506542512068419
2.4239148878862755
2.6030898656932395
5.0610916763012135
4.938033430795985
1.9079950053412817
1.2604350576281216
5.310824638266174
4.0702948126790774
6.522892078624573
8.291107141722481
2.4271674215476176
1.7546012705115124
8.840749938180045
4.78746728394707
4.99909515305565
4.305439138160926
3.91109460435773
4.636644381142915
4.242568219715427
1.8761121891344634
2.5190582357360145
9.161186280282518
4.638635089923993
3.3679398422447875
6.125883573186089
2.5824193856565074
4.041556990924751
5.679626100482188
2.142848631408255
3.9980453113314267
6.808888829588069
3.2008476000375263
4.326478925545057
4.142949811081462
8.996558803400859
1.5899077689010277
4.221840922816558
3.531572321970054
3.1726021943017675
5.589428669176022
9.079322141191591
10.33483810849729
2.6005303756008766
3.9212745518855887
2.5662844429236484
2.994771033886701
3.391953294848911
2.539065533128114
3.7623947140880034
7.775103711425196
10.034363371230958
2.0616715878752556
11.598220425341536
4.103447410644021
5.329092060138391
4.548702056062134
3.036884938537471
2.6074574012617884
3.7219380713109826
3.4801097134682393
7.076840170469594
2.537659281763288
7.963194301835346
3.429196618920621
1.7095630712674754
7.122616338728559
4.808719519712035
2.0418871254035587
2.688091764881041
6.875763694075251
7.059528032405474
3.650251672034876
3.9483185656725195
3.6316483860881905
3.5154040361963297
5.368223876251208
2.582757316802719
2.395780060705743
4.630583048078496
4.633899887812296
10.746802824000453
3.013993184275711
6.594824466871437
8.466682391038377
3.1241862640558833
5.136573909077494
4.892322566285141
5.052444983664022
10.533237767565977
10.464662287237278
3.4641999427690915
7.326984483402672
3.0379579828480567
3.1461973472349185
3.6283019975449213
2.3202719473381848
8.471060459740782
8.415500467753494
3.980488409524836
4.132681813397229
1.692475209196252
1.676302637650634
2.9975098018813444
2.8665508826271213
3.5639540213918206
4.896884676073221
2.327507847125523
2.7036868066521347
2.1056774434427754
4.974239339505583
6.893938796008653
6.287525029689697
2.721647985857886
6.204748281398733
4.800877056015237
5.814608617961192
3.9355089440479603
2.2761988542581038
9.479943045821022
1.6030654432443079
1.4004370378016322
5.519155516673644
5.016207754457763
3.5985578426588067
2.6254113638084298
5.498216375522677
3.6333603464572626
9.565846076436083
1.9159243555767733
3.697472642105928
5.612192363100216
2.7844350265383917
3.258120193677248
4.605809968189321
6.770335128330507
1.4049111193801815
2.298899773483784
4.900417249082431
7.57411229898047
7.505282874324415
4.88333343090241
5.131205760196599
3.4426390225538404
6.220524705680288
4.237049542524223
6.921401080175535
3.6099062847972383
8.190976199942419
3.1475025245583437
2.6005715252305492
4.54111170741575
8.096022580324028
3.5702249819285994
4.524556652387531
3.5542347679844197
4.660287236774937
3.2584954815622313
3.4486333566985006
4.141501843046893
3.511649268447564
2.1112908744724903
3.8475661105436405
4.818710553170223
5.324874281096758
2.170278114885414
3.241653285599847
6.890099555738644
2.66635942728305
3.818068873427812
6.589863606366286
1.320577069362924
4.585183842563296
3.658168278474481
5.033322126096254
3.0021008959246958
2.7731515440394037
4.234261215312729
3.6212935072229855
1.0893246123384046
16.76967958567788
1.0881664059074945
7.851876936985039
4.165390234724775
7.513836231895974
2.0466977692563777
1.2924877502924552
11.336901256318448
1.3432973643771993
3.8685218797623953
4.366032128364788
3.949310315140393
5.577621976466553
3.2999428360748007
3.58383409796876
6.57421669199802
3.0990988040671317
5.943140614743452
5.675974736328409
2.5229542580130646
11.375837942377052
1.34741690568684
10.945194344661234
8.979857635421988
6.5980894697044015
3.949838764156177
4.991404329731715
2.4567654350085397
1.26965826265133
6.87910429436297
2.173158049344305
5.212460045502057
1.9393776276439119
1.5458254244171885
1.5643019873977428
7.160940226227402
7.401679982418403
3.649291928672509
10.508955122763492
15.654036276683232
1.5309145264632258
1.5276741392415871
3.666423929123873
3.027730808624212
13.16252184357594
5.815731043598096
2.9234709206176963
4.360718293952572
4.040734499979798
2.3665569600876433
4.3714475885294695
2.0542678192414443
2.5578662903269405
11.802000083525096
2.9575371128902694
5.096999480964432
4.286974195261779
3.7485357245080464
4.155608255576876
2.3027058760987704
2.34015502330863
5.302363037344472
2.4857219810378193
7.8848781871842935
1.9126695041991442
6.173891686799887
2.978409275803711
4.862293513820279
6.157611841600645
5.690958120797659
5.409757297999098
5.055213886196183
4.842647164074334
3.5554206778698143
4.620836184222354
3.499478914236642
4.710398185706792
4.270903722262198
3.160088588838728
4.91992944561815
3.9460734027684716
7.922643503577115
2.9729059283578176
3.523917002655108
3.596592881338054
4.712596513646259
4.315125341519557
2.6650027322242735
7.192257425308696
6.707998619194853
2.405778210986057
6.126985743713619
9.01249155989702
4.296938659212674
4.198666806075554
3.0548386638257985
2.4103759164395444
8.506239274293295
2.2134782418045296
5.235455211075653
4.126926200223434
4.831510084208086
5.249459483044022
3.458108235228165
4.432661790333892
9.579089551376496
8.907947533813019
2.8019588385222605
2.507072709870147
5.641442052473844
3.1493061624120613
4.802121287369374
5.689352104424186
3.4151727743896836
3.86283543257587
4.533058966699192
3.5061295176414444
2.998492028767546
6.980088061909222
7.2438741810629
1.4822734598327503
1.51685925371365
1.1973295763318956
4.535706789583368
2.6957593014852073
2.677563358920897
3.02231620753496
4.957707222840418
2.171277770773723
3.2337241578754004
3.055950141824994
1.9132732798370788
6.714415474136623
1.125630611867245
7.454429384522521
2.137461072087799
4.811489403843395
3.027729667630946
4.860911043706049
4.350801014750761
5.201692134756586
6.814431270926101
5.678614238107345
2.546621016453769
1.3336356044254736
10.714090767006784
7.863706551436046
2.58791119204057
8.782940321177238
4.870079730930276
3.790944122561048
3.2669964877606503
6.834467300185466
2.427465605102873
8.212466467680203
4.2891779349581585
5.4416417355188225
2.439124565542891
3.775989503191868
4.23252519859601
3.547196244230441
3.041966470627704
4.30673463668811
3.863462630217466
2.828896610282951
9.821464482882638
1.890275083136149
13.035921101208315
2.4897988100368864
4.706693909482774
6.3304943117315755
2.5711163822684133
4.502597841553643
3.669606004898615
3.1455120012423636
4.47896936114844
4.926920955475492
5.812778619403895
4.889954322980833
3.1922767116750066
3.5436514931760255
3.7117330356878036
4.199716761615103
10.55487983811398
2.7734203178821697
2.5824325953190534
4.283957232837319
7.9057290284994135
6.273671928724404
2.5502268530843377
5.0278493104205655
2.598837853772985
2.7551115335389578
5.23782261090951
1.8514461356016703
1.5414680636736837
3.124874702420335
6.7898961956236334
8.578686674944795
3.641590788198405
3.305652073298957
9.867075150491392
6.646186780244763
2.5198830982508995
3.323166775660555
5.209617731397214
2.708672874393749
3.53513256657394
8.399058798307133
4.827579034081687
1.2740120364279135
13.184919820338928
2.6725116630579024
3.2649497366391658
3.2867393899933384
3.7260495893034236
4.656804855973976
6.983339237977581
2.465583037397489
10.635007649472165
2.872408662071448
3.03232900283903
4.533464579653951
2.278263025397035
6.448137662172786
3.4625509813357973
2.6361310256161867
2.8884819097225503
4.033510013975764
2.3712046471727417
3.589884270828637
2.290050068415579
5.165699987629071
2.42459280462246
2.9011320423962745
4.854090824531558
4.361003589477317
4.41822852353888
2.0362066840119475
3.6422472915703734
4.892634021897671
3.64133483279307
4.4478319650741325
3.078844370094577
4.607545232302722
5.874004070221401
3.8793909953494303
4.215794293763776
3.5686821948847816
3.508795868512124
5.282871801397712
5.401011120676997
5.047575275909895
3.7538708750175616
3.694653391656259
3.238236653742671
3.5556192412221184
3.2012077942235386
4.3961315325501795
6.014905028019942
3.4430675524971455
6.200612321847469
7.103686020911214
6.536359162863465
4.460974742437723
3.1925384175911335
3.262952110476793
1.9276583088973525
1.9680317720308396
3.893644306844984
3.1184196330201397
3.23524302266762
3.9449470249136485
2.7845354884893343
8.071302565033998
2.332613791805906
1.8638667033938539
6.758998990643739
2.3059461822707172
8.030765348783829
6.667817764858811
6.863320626252582
6.170680506795224
8.919594390872511
1.9392800037186944
10.201639132855824
8.180251840890094
3.617246786282241
6.747274817944961
1.389199702253743
5.669966207133524
2.063802297672991
2.434941835326985
3.0857753010251305
3.723563500302804
4.31363246151093
6.499980129122809
5.019056838683403
3.447986893979643
7.61664140363261
4.586128668449506
4.040909139944983
6.5979759092187855
7.642084484965272
3.6341510548982323
4.791992719870424
3.5721632639730205
5.418352582838059
5.2911800251795755
5.280365532960668
4.869357138613731
2.6418489357865815
3.382739495913429
3.4564854367211484
3.4313873573863463
9.488910660620414
7.548010915185588
10.815555773612287
4.584466126847246
3.6506309596973683
3.688741108452192
4.02880644932818
1.4176452325752953
4.782431610759403
1.06511043969667
3.9670804302018694
4.106059919833783
4.19339815947086
2.3989789095166114
3.3200759421550705
6.992693442305428
2.5267095369655976
2.2576784788947544
8.8260167735952
4.04068128224288
3.358201226205006
1.899027945968498
2.924592268777222
7.7432615753074785
2.787087821699546
2.5762426490315153
4.5510262471396645
4.020851866204636
2.4503973075880507
4.220341624838328
2.85397382999606
5.066418878540076
3.0953699668399297
2.1837604752462276
2.7079168945202747
2.1878403461018205
1.0745925058742407
9.077523704211524
3.2678891294123398
3.3540447906630177
3.8837353514618616
4.593751903596762
3.0787106178713644
6.889993285754031
7.303063654034063
1.9565360818173192
3.614979870851084
4.715071748503368
2.94302564014087
3.0272279414099197
2.6385236167750175
6.140073809275167
1.7114724515389088
2.274593278889688
2.250412182750714
6.799528055567924
2.850339064286291
4.805270404741748
8.575742744458143
3.219765235182153
3.395383432480747
4.336287850798732
4.024265083551273
2.3699097925929813
6.336502612898595
3.2089517608376896
4.827747999094261
6.841572258054591
5.605689240749199
6.664224433979239
2.5583987894686304
7.3670018817993785
6.455603233533025
6.336700493824536
5.337549568542849
2.2768875398620136
2.016383104217186
8.44056699812512
3.090123942542405
3.966749278103705
3.979949257353411
6.4768118059600415
4.214699201899592
4.383118152052513
8.711491285047158
10.459468586410035
4.450483560777089
5.191009692072618
3.491797346023292
3.1052610788353454
1.8021761452604292
6.31076741096691
4.067103296371973
7.1637486535043955
6.35881318652367
2.513062403230006
6.042798268080681
2.557947742308959
2.67687360281171
2.489254366956375
3.1955310876216068
3.433517843959596
7.461705400518287
3.1508013912870294
5.244724323228075
3.9688920855926964
3.7042692312909753
3.7207062227595555
3.4958551123110273
3.815848059502919
5.397836397740666
4.84132631179699
5.392714407290626
10.393687530556594
4.000994089000791
3.37523679549065
4.087376640726275
3.709470430925704
7.070904594092224
6.524757432502535
2.819252370865355
11.024762444941171
1.4713381379703663
3.444758932292087
5.026676538373983
3.892594694298398
4.628462952267443
2.077928393601645
3.6147550368987993
3.452410842562887
1.2901181291499324
1.288343936829406
6.1075221720781485
2.7490339261920047
3.022630671455033
6.501418313163813
12.464695959010179
9.082606661299668
1.8495116193575099
5.126654288449686
3.9600669534689237
3.1354710069773746
4.948262984633591
5.512466733983483
7.750136453987323
5.555397766677093
3.960326917433662
7.430634462614033
8.453021231644485
3.886881207635763
3.8357193876208644
4.5442173700234205
4.459507387586773
4.202621579917562
4.093622111870482
2.861077080342194
5.385372969261235
17.57164170816205
3.3408792823868487
9.77229800137456
2.6165457119001267
7.3996167915191515
8.795754933759776
3.182455545637979
2.1248415204978155
1.1749340331043843
16.707180917206575
1.0023829349425002
18.52147469518095
4.1728110319115155
2.7106583088511544
3.567275519011107
3.6917027903605772
2.187029327475441
6.215034256600988
4.15025163896441
5.6313868579208295
7.3018656715993515
2.816668651775841
2.9992580313492176
9.135242942604382
3.172529713360465
6.468721387557804
2.0577768121966495
7.6654000140342555
10.441707456615164
5.980647558960135
3.949414022976104
3.236129483402105
2.273492525068728
6.57225056437257
10.77194708942199
3.7690452245590396
9.159918271112142
1.8901405555003667
2.554453480068077
4.0296394422728685
2.7415011016825983
2.6702981274753244
3.5928901079929556
2.670164899505748
7.703835405632945
2.2636638443985353
3.508928918483736
2.0588053626892466
9.416907699185721
8.048568062898637
1.490326178423995
3.05210968787885
6.165771744065407
3.0817057308264313
3.544377254435686
11.609498790794847
8.557114379882174
3.135009899768426
3.2340819282772864
2.5889839195027826
3.76759647977995
5.2779672108716555
2.9879862062167337
4.716546032521931
4.644365969415879
2.3743642666992177
2.548119282992211
6.730568676611386
3.2029484476530588
4.502201303753176
6.180739360458265
4.035618063897288
3.658848374580888
4.4614245554477066
4.756576179126857
4.318491314072887
4.057503282806297
9.183432671949912
10.382151403896161
7.333882150472157
9.590693605387806
3.493080959985103
3.2314170894273637
6.423474149201158
6.487254846770022
4.555516218303165
4.845659712740636
4.675744358787379
4.313659721135068
6.907703924599172
5.955756785391149
5.436442582121794
3.1139862820377067
5.117100782756348
2.492302563367514
3.7921735430861343
2.925110668158167
9.190155312014724
8.074246070806733
6.96038892920931
1.2574768475029825
4.083562181522386
2.423020968610463
4.943355778222969
4.915043402223815
4.888553742918211
7.074822383626968
2.530840105426905
2.899507829098576
4.889225573760131
2.321071432754143
4.753065956209314
2.707429619311778
4.34427296742857
3.5766864962228144
7.933877922020332
6.0287013684523405
5.124594112845915
7.246814180482105
2.9508346198559208
4.50940040964255
5.271590984585164
2.3542361233739815
7.984693463761887
2.743138158859928
1.0015535456008826
8.724291179559714
6.5188004508710184
12.044226443964849
9.42684126721789
7.892228499721555
3.044737086602402
3.970418509562989
3.9629125158978376
3.7088307259523194
13.68562808176235
1.2096045577686434
2.251350887010693
4.002554988800639
3.0406157625303885
3.191887569278413
3.130159619217
2.1974701927470224
12.140589681266912
19.286765622388877
12.748098587311054
2.90412794979458
2.9290527205952626
9.037821441021954
4.3566041096425385
2.0180079711526395
6.527231015625343
2.359893425458198
1.217934518167274
1.2335959197569286
1.9795410118435435
4.5652483634153045
4.442787624396616
3.784059876489897
4.774575371807169
3.376491990738409
4.000587736722594
1.8404026578467338
2.1147071201642156
2.751421907535374
4.203660389242592
1.7029800205853527
4.127318023362665
5.241269241876013
5.027266505424044
7.104881677086705
2.7857967256801173
1.4992618299520029
7.662391923746809
3.0445738277899426
3.2414739264776338
1.832329486882206
8.355012566189894
9.848862756290814
7.199685657019584
1.9707632456570965
2.800851839026855
4.22554424305626
4.25547857169528
4.329143825524311
1.7345955204106966
1.941911822760971
4.796915849854867
2.9068582724317094
8.701942263993393
4.690055661132634
7.3161277182368645
10.07683124508435
2.8400620206682925
3.0561736087135714
1.9731110116174215
12.35924475310827
3.26466633204228
2.398265912057385
6.37172748937736
3.298984440632887
3.241213965748948
2.7732267066023653
2.2205494654675766
2.4796000595036243
3.529050514804714
6.785129551691382
1.4004296490423727
9.112239065296873
6.0894628404913815
3.792452633641186
3.425211006617907
4.2478912624180305
4.97691439735306
4.003225283837468
6.528399218177383
7.7030526622951
4.447044565571239
3.8120433455652085
2.4783392363963417
5.786026609363747
1.9465643996664368
9.230445380592169
9.85132512921981
6.639986907926451
1.483607388752342
2.7712903466664414
5.165356318897817
10.747035747428642
4.37165435845431
10.303529366149528
4.351734701217618
3.5917507788472873
2.516581985577982
5.193250428089566
4.266268268884399
4.240444954171598
3.960743139734816
21.824331263202716
1.2150625940769266
14.16380304791255
10.039187861697556
1.8067255419472825
2.536547263909669
4.140462541548947
4.695887143185134
8.557550967127387
2.0772465087940635
5.655893082828182
4.554691274963901
3.5483878940969933
6.578294564338523
2.8129795508381132
3.4689106191012407
3.846081206072862
3.12547963823009
5.146449356073954
2.851758694963158
4.365712371723988
2.919742995819401
2.3472821241119837
1.7181659883964928
3.7824757459847307
3.515877239780736
3.39684916375655
2.0439225701685895
6.026788598588514
4.248571659202355
3.4368626061940195
2.33123247059404
6.613231154512461
7.605438619670349
7.40769843041758
3.740493704105631
3.292793399688442
5.878651176263088
6.097061547921082
8.000518010470797
1.9547091696966585
2.3119300344703086
2.108536355093022
2.6349951654698955
5.147898339091604
2.347191876444826
6.837066482027409
3.1716153011654358
2.492050468270112
3.8297689715951413
3.3814711613723403
4.715522176675568
3.386049309959204
4.604867817260053
2.3247921732847
3.3313428027835883
6.1045363342941155
3.0382962817186043
3.6463485221122984
6.020845963234953
10.052227867841998
4.6816001359696395
2.299861002577177
7.132845734192575
8.289057613205026
3.6194451917624413
6.2358204024567305
3.304706100682971
3.238324229150634
3.2347137589262775
4.634228288595653
6.727037395279107
1.0328909824962917
12.218129563598593
9.331485054544519
3.6842390733857373
5.916876266505999
8.539140957380777
2.1262170398136613
5.551912030847865
3.59049615560193
2.1981453877586596
6.469812292462937
3.2439084022119165
3.5694260298920923
3.17920097810842
5.7174745203617
2.234487568333733
3.257110091344067
2.2301579205611803
7.182568998331568
12.102874191209898
1.7484243038441547
6.251185704535554
1.8835134721963969
4.5454158693820546
2.9034540797974704
5.114090819496332
2.5855466203219213
5.358392539965024
2.9934598753340915
3.049782932341587
3.343913359493652
3.2939971930514638
1.5837245476003763
1.7466991982507034
2.6827103418933276
2.874064428016065
5.440894128227614
4.978277137368084
3.0343007260139014
4.879716853164989
4.57789613222516
4.778747702007667
3.412286703205194
4.812766360039211
3.768223540456474
3.8102374153907923
3.7433500824840342
2.6952952258609697
4.674036731785669
6.315376394598881
3.6239910283743266
1.5241327555335666
1.3486924807892156
9.226942518855335
3.7965429858452895
5.424716735315859
3.0539522335721974
9.211404619037113
2.0121788222463497
1.7916499769514878
1.9065120208634903
2.51001352428759
2.32087670407849
7.731016740033772
2.688310810576103
2.19111835257308
5.3806149443341615
3.3774603484070007
3.364383675018287
2.8069167278397815
6.315880378117217
5.776584090781153
6.31291369950008
9.096514160377131
11.001007603921737
3.3642868392171477
3.415256352041373
3.1277096022942246
6.480044896960037
5.603007144875263
5.739939934855428
5.513851829999056
6.85011297385262
4.354607810932936
3.956697430155086
6.645483764437505
4.716630561848083
7.292327252245771
4.335063755743282
4.404662179011899
5.420043775152664
3.3865504259193675
3.0935747977065047
7.05025502504564
3.718170900219778
2.9185157501328756
0.9862067725796378
1.161674121896854
1.780994211846388
2.656072630552301
2.751634699496618
3.6034079672824304
5.780894517097125
4.113599345972623
2.206588206383934
5.6040219496067065
8.025044616033048
4.963491896503613
4.716946855275628
3.1213473070820745
1.8668470078535442
7.752981983315493
7.716742101767527
7.670102564271475
3.0840676166888437
5.084383281337309
4.980238156782388
1.6218636832985123
1.8392718000572574
1.6830889389552592
1.5648485856290073
4.785632214968521
4.996824830737733
6.187289334769561
4.4652721044897925
2.4708881985389133
2.2600690947824975
2.8014724830775832
7.915128431789564
7.29648691078944
7.766736944746232
2.331144554029268
5.493066988962526
1.96056933537239
2.274397328495134
6.148446514196952
1.202354913286833
13.778853691458442
2.860388069821352
2.5612261462022268
1.5587123200126531
11.826225015848031
3.409086019584445
6.1878655889627545
3.7656304823484663
5.962801369785884
6.905087113702524
5.0672671669794225
5.634238678079011
2.647102903950343
7.3808565196271525
1.7392307128718314
4.226342880139552
5.095207329850713
7.050869561413681
5.978822440094972
2.826279491046828
4.535834894372265
2.244496030015435
2.4524828498538214
6.634763853099766
2.9211962875745625
4.768142847354234
2.2795457181936998
6.147628572554167
2.891967113431504
4.069655271545188
6.846746160979466
5.858481362566068
4.792290312703015
4.2433377229404385
3.83776078227512
3.9467654473579357
5.2266129631401395
5.766598681659436
1.579995453552985
5.370728105076299
3.474797017467773
2.9372045767638397
6.350135252329468
8.201324057298393
2.226133357214075
5.0302148100551305
2.2879483428887695
3.4552418002760534
3.0604736277584306
3.2936808773303916
6.6828994652872264
3.524234707200908
4.8210961090997015
4.3614122132818105
7.119720001683006
2.051548777808697
2.6767403585483316
3.9218879209666078
3.2731554955783038
7.601744105819171
9.740400379589053
5.778664304897559
5.10305778201998
3.9055242285541083
6.3489600904532795
5.9834179657627375
4.403319718147417
4.173162302158872
7.649218619772354
2.214669600802844
2.2596794250462993
3.194349030395164
3.0856523523758264
6.8361848861606545
2.508464678099608
2.5603032721787984
1.7906872832914402
1.6247588785311644
10.934155145342071
4.189171081346713
4.427627478051392
2.455201239050383
4.7459124963606545
3.0436435982307137
2.7499600259084493
1.8845684027123932
7.036419490432969
11.751001914206586
3.173129453930754
3.7143164165328515
3.3598165831584335
3.84567359294458
1.8276414412020263
4.071073635080182
4.206518363560318
6.1464205112885795
2.2417107111416175
3.7151526424416037
3.3756836914510173
6.303778176310938
3.7347886617701143
4.591060488894516
3.3402545234346026
3.474344660004252
4.731536763467127
3.9624941599797565
6.43497881539924
2.326938904369868
1.8990447842078224
9.238072972971574
9.508126997412884
4.73662540418175
5.4830563516658355
3.6514095150609145
4.42833468213305
4.05061764298705
4.3717690518685925
2.961751604692909
3.4391256165113298
4.252698466727171
6.331467129077853
2.0179439369342136
5.748927167539376
1.9633082195674192
6.704370931271583
4.6829657403087985
5.82837902658161
4.618689293023774
2.658696129221656
8.754099521431938
2.5453432382001098
2.5348254854435384
6.901145507817805
5.044100995577419
8.054035337914398
3.939388699116747
3.5196538650483817
4.855659263701645
3.149735547842033
2.958317621590554
5.206040356005131
5.184114893102768
4.406842421011656
2.6308827433728013
4.6028298944843105
6.0984108356529045
7.037636434388279
3.7194990807376764
6.66108633549448
6.290159830195751
5.894468504523727
1.8648419521650232
4.534450188287939
9.33274388946785
11.953620165413222
6.281955402395269
8.280931946018493
3.195898119814379
4.119235176686733
4.407257782808684
1.8886187301016681
4.454547029433074
5.315791623851549
7.221228623845618
5.220197957239906
2.0960519929585653
9.359097920738218
5.2626274860075375
7.8235269567440255
2.219010634499596
9.85204275822238
5.171954059182893
3.7911338085592265
4.367092553411239
5.16755921068849
3.5216020969494135
3.665683072673425
3.602292302904569
5.667421615068461
3.0194979924348506
3.140962433145972
4.502052441773553
4.3262925240756305
4.875083427464844
4.467643369791144
4.3852260217693315
3.4157358829564695
4.775433057165959
3.0645854973019295
5.952574412878335
2.759766015651858
6.620735563003732
5.139316026057612
3.1797148192778892
3.6068999604729823
2.844596008414218
4.679969478870486
4.952987682750159
4.09348125906388
4.163362605525527
1.0325325180242382
3.403089829646538
5.308211202556977
2.6970179095662337
8.076300083734527
2.068065817027175
10.195062839821155
15.567991982691318
1.1359040797043776
15.467542198853653
2.456039128928501
5.976968517681145
3.448186155192714
2.4746092890051576
3.2790976647867787
6.347942258745279
5.563557531673558
4.053859026222751
3.4799430868987815
3.802992544621465
4.130071100117311
8.200459634150238
0.9529553320721521
2.4842252551731248
3.320306860792725
4.616345989882429
5.2249163478973335
2.952531453765652
3.846784895686675
4.322897520889403
2.0203566995905495
2.615734519762826
10.206007508799003
2.0266914494359782
4.917047126427436
11.64994776713788
6.795902623100006
2.0623451422339256
