0
4.111773583890845
1.9323850903462638
2.965568225245923
6.725991971090743
2.542023228338314
3.9894750084721378
4.5350629226608445
2.2490067550135415
1.623768318722422
2.566385325342707
2.9649089018538604
2.5576110127232403
5.328439643257689
5.161167055176527
3.001655122961807
4.288640430135785
3.9731755527059316
2.20956956499787
4.67031239968257
4.548890945525211
4.1670481743456005
4.197378790812545
2.883407269627548
4.336584597778053
4.8316158969795415
5.680157014262221
5.914761178480401
7.895936629951624
7.316424831069148
9.448770550950268
6.544068985689889
12.871890076276253
1.9158006187340224
5.797465310383835
5.361739990215517
2.9322008085422806
5.084983698655715
4.070726449018773
4.386736668485318
5.281512071659336
2.7624656343939904
2.99732377579422
2.1837416529642804
2.234954485564496
5.452846828002746
4.973682443399323
2.9308881948516072
10.668596761633113
3.6867972410786294
6.370352458955118
2.560518797944874
2.2815488764219376
2.6797483282423133
4.220268030217562
2.3911919152587195
1.7461972241853416
2.4907649795238433
7.849714886944422
4.238020440361248
3.9715893735488574
5.666068522293693
8.934033315116547
7.107402246889072
3.333699888040847
5.103629977229503
5.327668684545894
3.2767191512868616
2.13570405933012
1.9220581097813398
7.1565087847309075
5.863426353428009
6.194228571849164
2.924833218012625
2.3015099170999913
4.076661732584514
5.926332250473728
5.946739043412213
4.4334004783192436
4.46369973868118
3.3467834585836362
9.490074295233963
1.6797067583628087
5.100135307404902
6.003412109747909
2.6802080503880434
3.000065542721646
6.8029294127736994
1.8682498180647855
6.083661271364153
2.6011334743493304
4.196976083235005
6.456958081977927
2.69114538071818
2.223388594901585
6.886415730170181
3.59824519592882
6.173233461169219
1.4368783769728863
6.772201292816076
3.894864770401009
6.322648506761053
2.345883724568866
6.031524994851772
4.232911746835508
2.5428420116226222
2.6476156721313786
3.508431500771835
6.583325277433122
4.212385173522861
7.667137017770788
4.266775871358665
2.407619239748376
5.315066041350966
5.75544786152534
1.7476416250604956
5.337867778488876
5.648376013430286
5.038607286156047
3.851289030407482
3.260615914199481
7.097401745601128
6.612134136307368
4.54295658076766
5.327806491435681
2.975269586676462
5.863030309544916
2.5026532380745357
4.867914311922332
3.5697726486067
5.0016430625570205
4.098872215976912
2.9996409040143357
3.246951538031703
6.297591112468637
2.865819683738356
3.371097779094457
2.1394863987159
2.4866636555473396
4.45489225614611
6.207866151885999
3.491552113436312
11.076943090325658
10.439651109345432
4.967700799314792
3.560051306141225
4.3289757530902175
2.6023280090591294
5.355910221724047
5.391683385696482
8.33104691572731
6.860123648461389
3.2601314290969223
10.569177482540061
11.066366405375895
10.277302079241371
8.814751326968434
2.4951887281179275
2.5580404823728036
1.8516461146484664
3.1153035469662087
2.589353735052233
2.915553925080673
3.5009272992356113
4.153630900076822
10.914782445007358
8.102307420554537
5.167764729643917
4.865747988499653
6.4516928583515325
7.401210934953016
2.166029037164749
2.2289437824487206
4.042789265376128
5.505800471800323
4.582773344010311
4.73127376321887
4.205700561957725
2.782021999474143
2.656754862747271
4.83978576968226
2.0553810931430605
4.578366333995817
6.844248400815277
3.6255253063512933
2.8255380816076223
1.5137850859057747
5.954255166173365
4.1625827414229
2.7572950035418238
6.89358920974953
8.4514002055253
9.435302236906589
8.039065112565297
2.889857546824545
12.496659048291763
11.494821942200906
6.944813648074201
2.5431050042819607
2.598013298085193
6.820926248757663
6.595279554054987
3.949628712435997
3.8588960370537513
5.332090409188108
4.306208289149994
4.235495811274575
4.538576961174362
7.405539712450911
3.786671322633023
2.908545823790553
1.6347965565157494
3.798142233022107
3.993034519635053
3.036914352515585
7.239892623600504
3.07618978438679
4.323070389992715
5.5094039321704065
2.0733546092112327
7.536855512670498
3.67118185096543
4.880428148107723
8.589637697589744
5.714386434164533
2.9442491389478684
7.173756249838033
5.174461096848764
5.467894690006017
7.10300801049749
8.99610315088719
4.214277567573576
4.446148501696118
5.388391811951296
3.7462378247036447
6.3062118286559645
5.10628589047333
5.322811671054271
1.4413059162189035
3.1639604587544263
4.82577888555489
5.2904239704872
4.396543846002713
1.4289396372647303
2.690120547972143
2.545621763801603
7.426918114909341
2.353049702167195
6.511073898402254
3.911433271519497
6.784712390710805
2.5802663125162137
2.8326094677802836
2.0450621447563675
4.207843719326749
7.038744029032959
5.497621931726615
2.3569703229290386
2.3201806932816296
9.940607704595388
2.089555418834461
2.4159185621816257
4.060222597100508
4.719898336231934
4.077715742244891
4.146702231850674
3.536217102543703
2.5461777129270566
3.9020000159432473
3.358681202215515
4.274574368855148
2.7407704453102633
2.848581487781012
3.510397637819613
4.477365460191921
6.885112667469654
5.7455741073549955
5.830374652669734
5.346594835502858
3.458326062594003
3.3606795533292457
4.449528031054707
2.9724795522381573
2.413936435372343
2.790845262208896
7.006338505474974
5.251903577791399
4.028111869991128
4.190663780246435
3.3785564741217207
4.298998484820449
3.1019779820266193
5.739882872746394
7.56118350386395
3.272232022631213
4.512122738150378
2.8638149734389846
2.3306138725596264
3.528935429074933
7.17498025644115
3.0491471057897623
5.185061482409859
2.8291038422936756
5.427139315296069
2.3574400840361895
2.033897489761836
9.194802892964901
10.59493081440873
6.897278218717998
2.471964815095466
7.2465568851310875
2.29048852416362
6.443319790575694
3.5054023275522557
8.011255546981978
7.657269091964949
3.878818836587744
3.9445681134792627
4.082773129303825
5.328376164437178
2.599495399921471
3.6011409738991214
4.812495193812994
2.4750404393993413
5.329592120199332
4.803516052215001
6.430509692120137
8.926962141339226
11.195808635298082
3.9485066372271302
5.798381218991121
3.356398767841871
3.460939222079332
3.652591882502762
5.24119886637319
3.531495713014028
3.3978160077244013
3.12905940024956
2.1602409280870067
4.430534602972242
5.5222121933198745
3.6720599849366184
2.911831376446772
3.5246184102731757
7.58598949330516
1.980744633097288
4.99129806943774
4.154222063025584
5.690201919818248
5.868215534414592
3.8393024543333163
2.80059883016215
4.756987297196383
6.984992511537848
4.38635687476648
7.461362588960686
2.2396483078214957
1.3726560641297394
7.066815403066113
1.7835236104281476
2.942194459367632
3.6013319176240697
2.6759869657433484
2.6080048582720603
12.822650352069278
0.9375519804243321
1.1159694807089175
1.3745358933815397
10.048508508650789
8.045027812697713
3.97925869862445
2.8295810136417834
5.4394788489355905
7.594220008008597
6.941767468636224
3.829863211661284
3.955476004174993
4.304419880689908
3.0803556608102447
4.89830191477706
5.558188302052957
3.168941059167445
3.0565117459584425
3.7967810178842103
8.079503377326821
4.343534847949839
3.5094327225761113
3.0577923150384674
4.649670998890027
9.712066419818038
5.79270532476164
4.7907620107236735
8.914078921088336
4.472630527794057
3.5183756154886847
4.77726271297307
4.418721216933351
5.201790015685196
5.229615986457225
2.093316259146976
2.538865109093064
2.493100513663513
5.194538076297423
3.1141896423881574
4.313889244565349
2.6094361912556883
2.645830231962579
6.996066916678022
1.9865837092572378
8.082070723533308
3.137458362302455
2.9161772486445243
2.347448866906893
4.871588442137043
2.5237256235118624
3.446666827500041
5.489674891024323
3.577393348480959
4.76171455398664
5.2678929239452925
3.6513706116395688
5.049479911518308
3.068138009771061
7.338440724904799
3.565593530208008
9.895836903407274
3.6418122519665728
10.851433880402345
3.004483789840451
5.163734269960709
4.975502210867046
5.491586970468389
4.288998708083657
4.2148831003374285
2.676814801663486
4.037221200827617
18.112856728458087
2.649012841769457
3.120923720358542
2.7497118723994483
6.424459455318224
3.364979666494013
2.859239260228173
3.1306791044197486
4.099224910571882
2.5676590617740827
3.4175915951051934
4.359031354020179
4.159310328158066
6.984233677958458
2.734218792170032
3.054271909955848
7.543266066143349
2.153935103929033
10.323724983833767
3.924749505928502
4.296296270120734
4.3478571593841915
3.319130123115098
2.8333643608111196
5.116998325577231
4.632876378859136
3.0926760195308005
4.073378030179064
3.889578974486267
6.7724531474232
8.350603958592764
7.9482732752612755
2.6638910182894766
6.082462871144684
8.502527731873187
9.00888658046395
2.242276940348247
6.934608414539838
2.1042566194901746
2.3083149404653796
2.6692640471912763
2.9413361648923155
2.2308233391709
3.2089627867591313
5.134425493157976
2.6473063559531584
3.455306190772119
4.230069739733623
1.3977492392536748
8.77147727175869
3.384140061449654
4.2456532177146915
1.7362742533697397
26.4250174230096
2.090220142724926
2.8269494581025283
2.4856419524386313
2.206070787169215
2.6939813283911196
1.9136293920522138
1.8800427546971965
1.9537416458016628
6.998922736212249
3.802482122280105
5.122961607714014
5.116138371507645
7.676091253902031
7.397096472808951
4.275043341436843
3.321118039148038
2.122559012887723
3.1240993419928618
2.76291459356277
6.710479140788733
8.03175588969337
7.14480548978462
2.2516750863518493
3.9672223022071225
1.9696967968126553
10.661703961890042
1.617889165434264
5.646747022126877
2.883307888471352
2.237524417963062
1.0081436744268915
15.351659867787909
10.221763413455921
8.244693363762824
4.557719210242927
3.263557846829057
2.457693285317224
4.806301327887673
2.8369598973863295
9.020334386355666
4.28048371220444
9.00569763783155
2.614106647938241
4.543869444848642
5.972822065838209
3.6238470699825642
4.030472370482593
3.3706513065109514
3.869777850904807
3.047273377529177
2.3440745112615646
7.1807004976625395
5.488951629594046
9.511135563594463
7.559857611864653
1.6438762758754528
2.879729211693048
2.8349622788508144
3.046543471345145
3.235297805812622
5.774127476134093
5.6784621827889525
3.2192715858263745
3.2158084376789975
2.128969891517046
3.2742441345718523
3.0309857066528396
3.2780570189803493
3.3073779120704625
2.441769140165972
4.110929645584363
6.198379184963893
3.958835023677387
3.2377578192168617
5.134513894635197
2.6050529718938
3.7288838027931903
2.367491771938894
2.923634105558824
3.275653633457413
4.778380673483232
3.4857053840755254
2.541401953515999
3.0733123229301094
1.967022574959977
5.457001732114275
2.737605991802462
3.0277923599648537
4.93864251410858
3.7532103521092877
4.763885215957883
3.3587692193718985
1.6313092304872912
2.4945671793172917
8.450129489192872
8.98924873033036
3.2748605619951126
5.478916025995547
3.3641067948353496
3.4979257350553357
3.963754971114458
3.478157940861533
2.310920947894787
1.2486840384587348
11.637640082041836
6.412848893235639
3.368985148394894
4.148586143049204
3.2524651724192597
5.886887272431761
2.5768607176181426
4.252488066513331
3.3694324299077114
3.6925395226219586
3.1540135051038463
1.3932372606050087
3.7102064420347975
4.245771410993103
3.389152376511501
3.440693362274006
5.204703158936086
4.324888890388449
4.675798179873143
2.101099978575331
7.738143202539952
4.247261966027641
3.3538751564966702
4.180251155105682
3.0887156251390833
2.29660200232526
3.6320910154897
6.499413612976017
3.4802025520527393
4.417404738739697
4.102126246579287
3.3820191066065504
4.791983086479889
3.897496819098662
4.646716862614278
3.3138491839603934
5.382136306604646
3.8509380487803337
7.433824448600062
1.8843385800032244
2.7293734514090127
4.898544067599571
4.6076548915197275
4.973868657910442
4.09829083701749
6.011083599630035
3.4209205807970773
2.6785518837835465
4.309671088288051
8.090607021459101
5.9459728596078225
2.942763701422634
3.4317735642329126
3.6942752379420667
4.221173027798858
6.49913101105902
2.1167367100011365
2.7111311879184408
6.469853942876667
5.231892975445998
2.280074043376362
1.922490068786894
3.1185837510277725
3.3692431674633676
5.732064368175738
5.711327559035739
5.18747778149733
8.406141405367118
2.5700601982436946
4.684970872992892
2.3724900260405763
2.350670209889634
3.3910854229006437
7.788084759780334
3.14356018864658
2.197779155258964
10.233774057225675
5.16861757893143
3.7048484047456918
3.360272220046128
3.8271098726506763
5.235055122061848
6.259304590799317
4.4501141359461105
3.1911857854063026
3.2851644001897773
5.864654457053553
4.299068240129694
3.895550579349328
2.789573606192654
4.149128331641038
3.80553338564868
4.656703579916984
8.025252237644535
1.5520557250832918
8.396366912969945
1.8075023239927765
7.055356558503343
5.802708130625766
6.607308107924626
3.881585746550553
7.738193106410623
5.269094524098938
7.90345599102573
6.406669150965145
1.9299807525729766
6.685002790912123
2.683580530825134
3.47537875035068
3.427219906336183
2.889840601938972
4.969692330267844
3.289863912421442
8.482549067919052
3.466564964982164
1.904633511491149
3.116499506716895
2.982003380502602
5.070203419426128
2.5776104624827867
1.5351643809415172
3.0709435235956364
2.71338130768128
5.58133044282835
5.796553613099405
1.0067261837897732
8.544480478008106
17.236451491821526
4.804890860010886
4.061249327746277
3.09808605714061
3.518306778020598
6.024856487152492
4.828746491561794
8.950899285975984
7.100434626642213
1.5349435026356733
7.407759353469156
5.82773328242667
5.657848526880117
5.848665223396588
3.448389028283405
13.302339470120238
11.037109669873832
2.74962456077678
5.2709499192723355
3.8514823841864017
3.4726729419478404
9.561981208191169
3.68167322767245
4.075126332893645
3.5767185439694638
4.554209289110361
4.611836274540427
5.4983141364294
4.445150752996274
3.805955218926912
6.835917153546537
7.778532311596136
2.027137756897925
2.1242140424975924
2.1090307153604133
4.799068929288428
3.51560284542958
2.848694989631142
1.6695075612790833
2.947938955607506
3.1498135979936883
3.4432569581657324
2.4239675075308074
8.99306923319581
12.683532924295724
5.807087339301998
11.271899089770098
10.71011199368906
6.690055352127932
4.087711176345273
5.441943881474046
4.376730234745282
6.244433053973599
3.2853511185771502
3.7950119416635806
4.2922520064684155
4.3887101473634935
7.759725100980319
10.270289451113902
14.337377971518128
4.596775601261556
1.1054642762965583
10.213476645298943
1.7691945613209519
1.8268942206487149
7.229326054639152
9.122873570815022
1.8135283923977146
3.0873868420847317
2.284500284931826
6.781004502490017
4.437911893271599
3.9770508992552145
9.34349896068433
7.430638546281982
2.880132556176452
5.047865773605727
2.9535169781536217
3.845601398573865
5.713169711868701
6.740226962333733
3.300602807263872
3.7668088769989074
3.371572382681603
3.2753925853286976
2.9536919246043376
3.8642328382701083
3.390384786994582
4.900319632781716
9.948705245837482
1.6806787993576526
1.2532250934987792
3.663789589438079
6.49018298442707
6.266783925282625
7.132669975433501
5.543464364625432
3.6419044965661773
3.8249373320042195
3.3223464053932172
6.088947293514354
4.056249636548511
2.4763125720226773
15.31175262252838
6.376768943865483
3.2848351981267214
5.991747226649604
1.2662828242867092
14.671855161596325
2.230895209779485
3.102879807196299
15.785893791518813
1.5686724277538788
1.4249354260025993
6.90976268321178
7.305803693182862
5.13786728084976
2.9084478145611268
5.7479108300360515
6.05166308781582
6.205514440080548
2.2344953469006454
5.278201455349352
4.006753576531478
3.20758667651399
9.052472352501827
4.414921400578042
4.284621420825195
3.4899699936633928
8.120994730572455
1.9475718082546147
14.26146187382577
3.8275056376168832
4.565947126047478
2.8089202670075113
3.9890828573879507
3.754893460559775
7.086975122587691
2.435949791019044
3.3553645478888097
6.813113300387247
4.1144429204629525
2.899499889376098
7.689146265015235
2.128159991381553
7.058408409940113
4.946154195464256
3.920928434560814
5.202480908130878
5.690564571568258
1.8976699218500146
3.527679331575598
3.6424716167333036
3.3354491112708557
4.637356314750189
10.908787072455116
7.383478437178262
8.129718610707025
3.41950643550587
6.317332750500392
2.4057156054000486
8.148300513917478
5.165442074069704
5.761629496999196
5.593362814130405
4.779996692543877
1.7270723032978006
3.820179031188467
5.008760791752777
3.826748168433628
6.296639131953868
1.543213082149226
2.1406429139949963
4.837936792890036
3.7751264384222565
7.412787677221365
6.0948814724066835
3.999160969001522
3.000061778382075
5.36908569133953
3.2826243602945278
2.8654332286968356
8.267111961694123
4.425420451224074
3.3090053017902417
3.2722974588274165
2.5042622071823657
4.336217747092885
2.015222040092533
5.209916804637868
3.7280084029701426
6.869749491102213
2.1868870690386695
4.966367788889292
4.988430014935355
5.676111534722776
3.4187794611763045
4.600609105353177
3.044923302630731
10.126357831812719
6.5366752154289465
7.707006817687324
6.680109587175182
7.089712764840422
6.418184726551241
2.503227876302672
6.468896703302303
3.3386096680974893
5.432427796394396
2.7231762370310424
3.2402264630324695
4.271236659554449
2.7920547658844637
6.186616581049165
4.848136719179683
5.468214628612893
2.548651048162079
6.439783995809513
2.3035023832728463
5.000307577983489
5.007426671246714
1.8930569676898814
1.8517345541311994
4.156955117541005
6.865032313001031
4.8146611178101475
3.5111733475649736
4.6430958115549235
3.815832710248895
4.3737438388149545
3.4632012958817486
1.498953622921775
9.868371385704176
1.875919790948369
3.8229261496046996
2.3471999464812145
4.805681465998519
2.818566663515537
4.226671247075888
2.7130467173036474
5.064815713332325
1.8689370570758357
3.104562344922616
4.513905469254775
4.91139047047923
4.342841484219452
5.362534636813369
4.929965499234832
4.925029060105273
5.828417890552067
2.53716547346121
4.72510704821134
4.36789187651725
3.8614227037733393
3.191490852447257
2.9544989179401577
3.6264062272249773
4.50538559702935
3.7013545907922447
0.9548589957299394
5.709257187672198
3.348569082875121
6.919661083100997
2.9549347574003653
2.386044144574486
5.1563778775930835
6.848161693071918
3.24264867931568
5.872062572800941
3.9873419162865256
3.9693592308429158
6.323132253629926
7.917582514752561
2.239019460487541
1.486243019541476
7.54975732129419
3.102818102591959
4.304970251553434
6.40506425409802
3.9263222335181545
3.7340848385508583
6.003625487400209
2.8064045411059437
3.0095265426778606
1.6482669396326122
8.651490381329204
1.9691107863354418
1.6226077172840752
5.75722096339501
4.137452790099422
3.909732941104739
4.287920984128862
2.8696339089298104
3.396050568632761
4.220990076497387
5.244058590044064
2.9568724045763326
6.928419123906972
4.000496167139852
4.303411035356104
3.468206528368346
10.28736684306071
4.407935174364342
3.806789683042173
3.08473337714814
3.6127563227471167
5.85286376031024
4.782454324593509
3.115083585485095
5.326340650008929
3.803712694062533
2.7013402028039537
7.284921316816317
2.9048386277378255
5.902411538673927
2.4960764793494965
7.036547090928511
4.70371385672334
6.306840366102874
1.47138548557388
7.267985731495041
6.411981254136903
1.792380614181042
2.831764961772049
4.8262162100539685
4.287932271785219
4.522032591115551
6.5545038300445775
6.994279853786986
2.386849075689476
3.9880373400337437
6.961494293333166
1.5670463419920357
11.212343619240471
1.5525304162205458
11.84000220876567
13.338776752202804
9.329070417033327
5.801076616384554
3.799890122310112
4.035136136742858
4.559372724081448
4.2892977462732595
3.150022805208418
5.638768703707849
2.9439277383133198
5.467302661849772
3.303066210991501
1.516744461216688
3.1486075153092656
2.488041007175746
6.154687185813206
6.543194035811866
5.245992733705019
4.452577721986599
4.2882475715794035
1.8125710605054934
5.894543876586749
5.1891601039549835
4.074062959294219
7.834922849503233
5.214576158095324
3.7455940625786095
5.06829378568719
2.6086711683981867
3.5172457376511344
4.283863414245142
4.151425251224177
3.535393996266647
2.3798150846547537
6.033378661413894
3.792037312159737
4.343288544456411
7.339277622962757
2.0281712858315215
2.267258721411867
5.477183481275269
5.155095798848654
6.736478592503128
4.278591454595501
3.4835429233822586
6.222459477298936
3.07610072075404
8.877100782793367
2.7441689729858023
4.381012730584518
8.391480322794461
12.52016326088863
1.1688882300509782
15.086839557115375
14.003607589482334
4.1108875476598365
4.279420748905483
5.973783203512847
2.6187303428321256
4.332809050586279
8.34679992481902
1.6026790688095107
8.221666124771488
5.991268397434453
3.341615031266051
5.150072981162184
3.981232514713104
3.422199251237669
4.202970716588062
5.37821763135633
7.538220833496827
2.488142608599696
9.103614863472885
5.253148281917669
3.3151853630467922
6.01390090316232
3.850109412601578
2.352538112649337
7.765718075237418
1.8215672229538944
2.484767486587786
8.39434015595887
2.898565775158195
5.675101460062368
2.6698646777825195
7.548465696777213
1.7702326019842758
10.118828397122988
2.006797964440498
3.404997988934268
3.4213724522884768
3.9754209838045846
3.5888816757721447
4.624790952138595
3.9045984149246693
8.27456383683893
4.284034043058056
2.5809921707639556
5.365706353964721
3.4698671644758163
4.228355419062154
5.119641909231537
4.045957451373473
10.667478106476063
10.744947139881415
3.0263869664055716
5.871545342417528
2.8182742121101954
2.746464220276963
6.985082767333771
4.697605987918081
3.255347796074159
5.151448341704755
5.258655422115077
4.840384021811952
4.32261895797256
7.248338181439122
4.162545283600938
2.232358325414202
2.744001378775155
6.174118939731613
6.3896708873181725
2.4685132537331134
4.229571766299663
3.7439346426003524
4.416673571528503
5.495878700339607
4.6722092782547096
6.811262103116273
3.8612138286022257
1.808622732566357
9.69368694619111
1.3884460984379312
6.3720426269346016
2.3467401447713536
1.9045571209796746
4.004996065238021
3.473934233239203
3.4470426075481626
6.650714892649452
6.7351786220672585
10.588548763516243
3.2030408383290987
2.5021199290388365
6.627289742170803
3.269001141092592
2.999511389831983
4.854360696766805
3.4789896422080475
4.025466292760895
5.0813164277349765
4.0011403592157615
1.9960906774301912
7.532286031026048
2.366298952185441
2.64562430320543
2.646547730712586
5.769618146223809
5.991663640913569
4.274244429402105
4.422329494467261
3.649191158973964
5.379626421319876
4.034955251913613
3.984083534261145
3.440531552723652
4.798085932531901
4.491431837120629
4.752067881848158
2.9303564483687032
5.460752070057474
4.953514282068403
2.18509605265165
4.3390551349211135
6.3612312315675625
6.151177071881978
3.5441248201938014
3.4922273621597117
3.016551251638275
5.210724607497511
2.9924764604514076
5.892517814909656
3.3339645275359273
5.0055479868542125
6.327938059204423
1.8869425759786504
1.5638140382979817
3.266550522531825
1.7507694293631415
3.165905673361405
7.365515004852343
3.8507602387044
2.81772844411742
3.8909248187648795
2.54548677122048
4.231284774736937
4.193649278812324
3.8984505867805184
3.996837156557266
7.175884953897305
7.476168374777701
3.0730958596719837
4.628085801033579
7.12067641886711
4.186854166211448
3.4984386193977937
5.303720847204716
5.586940669962869
3.4134209394259054
3.5645279225949267
8.509628485295616
1.906892747749091
8.026637626702149
1.8620402298353278
7.2397183772764135
6.285159729592692
3.232958792568505
5.246674690257712
9.92280354898967
2.2923608692966044
8.237286505096565
5.975705335626882
2.897072501831983
5.418313407371113
3.5881616069851012
1.5241158522754599
14.232120717496484
1.4974093647729882
10.751703337556163
1.1419234334973936
6.822184034388514
6.614868180029587
3.9483883427681854
4.288526002233534
4.079585839563923
3.5259124098591137
2.0264780898118646
12.3573369177037
7.343128306088317
2.354836240914173
6.917201365015534
2.368332908109282
2.3620520956632527
3.2715647476011993
5.954003532769974
4.020546418680366
3.9170140524687955
7.308644093808543
2.7057223879066568
5.454708511330036
3.694659019866119
2.6222355903232324
5.63732863233515
3.9416930688245206
6.235784179525794
5.590795320093566
3.9373546979886855
2.3289534199881414
6.421666746118525
4.817234856978994
2.733359256133433
1.637014106539332
8.794559194797062
1.976123542676498
6.003399464841897
4.716532095481579
5.118323400495695
1.9373065809845653
6.333658624545631
2.8907365142027746
5.572049566984989
2.209165020892189
6.6501275826176585
2.184032104188081
2.078104372930231
2.574213119455533
7.2047989626926014
2.749065973440124
2.3971452176845696
8.558722629327821
3.38749853544754
3.149755869389585
4.939474149136529
5.367080232676954
1.4802327979802181
10.25847262356644
1.7209685015165836
1.5701342165716918
2.9508795432644592
3.0883410004370386
4.8320552456255506
4.566354722320464
3.9869977711759046
2.9129008142652824
1.975148392295265
5.074179954003556
4.846437145682962
8.18124227245002
9.709042053920749
9.428133494761525
4.653936267528783
8.10934754843314
5.772366165695024
2.240738114916615
3.839578632801189
4.364501333363279
3.739912843888006
4.237283917358371
4.384223938079156
3.7920908994565683
4.593228616999595
6.785691618759988
2.2392220846577287
2.5666627480225492
3.583938981395489
1.7744656036435387
7.081167900447481
3.2788181301135326
3.8971797007364195
4.804095119302185
9.494220069810929
3.088358271933569
3.667614615360095
4.420236315750984
1.9693003482197633
5.196330402348876
3.492304503465202
4.645269878503359
3.971408390698654
4.459080647679888
3.1741322656128084
4.429792870978252
3.623012039656878
3.982988667152727
6.327033976501586
3.1624527940499476
2.415229392257324
8.46294699256984
4.524262410735639
4.670619393106929
2.4879094963204973
6.414264222650476
5.520402273522611
4.094059668728996
5.466795232311046
5.411935706372895
3.249585623567168
5.690444048298797
12.039240719519931
14.323293993160199
1.6175451903352722
10.139560405396121
10.002475292914456
1.098751737979187
5.5358731048151
4.284165324636195
3.992403557525276
4.06157370332535
5.135385346078704
3.5151161243926703
3.592677180348291
5.569017529674013
3.356484745802036
2.0180532418719435
4.222477058361333
3.032381551597735
5.038532413568746
4.930432969991891
2.260490337916092
4.590118806129119
3.8187423575064026
4.199322407541718
4.44994491325423
3.058370261005379
2.1380349984313773
8.840778183742282
5.551921803075417
3.586700559645161
3.53985359237195
6.737057198410337
2.6564438882075434
3.8036415540794506
3.407886853211684
2.9214980971225892
2.4757034149772705
5.741796488713434
4.940371065172443
2.444076635432359
2.448926749984326
2.2352558515838297
7.096946181712686
3.471679797507429
4.6170895485055885
4.622805627783421
2.6077709124522332
7.862102784616657
4.554704818076375
6.3298948739101295
9.451477898186916
2.860050845149888
3.326540481776516
10.476164581496992
2.6239340885807487
3.3767657329200076
3.6851668074779202
2.978678311490429
4.672904359228901
5.829465750805715
3.7365787285819443
6.036036159094215
3.9034778260707874
5.535492785061022
6.045197591129941
5.61088396389899
3.9840332407355663
3.3401909371187153
4.474182402693183
3.4917855915092635
2.723162626585872
3.6425272104376734
5.954713581431883
6.172156804841211
6.461767932536625
6.256644098151129
3.8373966067335337
4.7125049486248125
10.126383228047027
6.5470674616722455
9.804756213893922
4.747664988021135
3.6178949564779685
1.8462552115044624
5.461676120533855
2.6077976831123135
3.162774977033049
4.618595184632044
3.2288935636360625
4.50597732471596
6.683817087546329
3.9456112625471333
1.146137396127532
8.280808886394572
3.886598483232489
3.6374570177477556
1.9841750108267893
5.101504701878889
3.8924737538539826
3.3973551101690753
3.4511022338175974
3.9072474240975934
4.8964505289905995
2.9882999066721934
6.366573604852723
6.294290961963553
5.4936405741247185
3.1021130211571495
4.280618800264467
5.648082650892681
3.8898747511573726
5.323128803029483
5.54393687161319
6.048382384636854
5.086950031399982
6.011425497214288
2.816572371025719
2.6934418504005664
4.208165925835252
3.8591343192000838
7.232879422927196
8.000658792707796
5.043348685808012
6.71301784093844
4.901431886322603
2.946523384980787
3.4876090340906507
3.0440308799029556
4.4184205757854835
8.67875768666678
5.125111955188054
3.059924752300198
4.810323390002987
5.536923670285696
6.566555372318637
5.739308597089552
5.753152603788291
4.4868156212086685
2.992131938680751
7.790837091106111
3.4943447362051523
9.255030653634101
3.1025999670764985
3.9297607808304877
3.3335674444714694
5.486744075632171
2.4416262186174573
6.624142832614925
6.270699420342627
4.328443710434076
3.7699345691640533
4.761966677676021
2.7754167445630156
2.9885335990510633
2.914138849956233
2.2784315740034162
6.9630498057381836
7.613001938127882
1.8378056849532467
3.2400991074980623
6.979718094408171
2.900881635671541
5.181075809209889
4.469195106379818
4.6226971411510425
8.463318326426293
1.600275063049668
9.789885763179326
2.900800374547862
10.391105483511168
2.228729516077362
7.366750386966307
4.12724727585909
2.6755425718009223
1.981638189565202
2.495252416206095
5.4751764405941215
4.063061731136322
6.497725272191546
4.534233497016426
1.9858277065045504
7.154788844396531
5.007884853442789
5.124078191013574
1.9201967719556585
6.537658470957376
2.459157951919896
3.1993430960443288
5.763774008885481
2.8712205970232945
5.161705853573333
4.058814103099992
3.1907684277594637
5.898116638877121
6.1406123603326925
3.9519370381644094
7.023906804829996
2.006262767283269
2.994127982325891
6.882506062682685
2.2307158822743456
11.753513132156026
9.238703313154724
2.897432409654193
5.037612153789778
3.6055334790266356
3.543261055676908
2.6899890271537785
3.0298018541595946
3.402469185746906
5.048358718571812
6.840655518965756
2.801148874560149
2.869342295171492
4.824943318968902
2.4598897807906517
4.821642197013331
1.7150860529366114
5.320100279221992
5.000139369822416
3.0844916080792983
7.748221584142613
4.599072158013294
3.1189999608834205
5.996445438230765
2.2210345839594945
3.254454783755294
5.884749163293074
4.357519730706764
3.678508040380354
4.8741347148953915
3.4673227040308965
6.814569796095981
7.312644847099751
9.61399940946862
4.695670624162234
5.668328263463479
2.934677077807002
7.809845152236515
4.255930377883391
7.7064444611132625
3.471158245000234
2.2560945291779753
2.660375146768028
9.854004584349324
1.999992547729562
3.713554335022732
8.15253236326008
3.7068065233816894
4.3170079730401145
4.100985980577084
5.164672083877644
4.581799584755863
1.823427767369182
1.1911533060674377
6.173355535555208
4.036559580016058
4.0038147594524665
4.199691324146995
4.34459265544156
4.019373358989674
2.711036079481989
2.2457574230885697
4.4033321988997365
3.7671313250230587
4.968619405605367
3.0288505806630943
2.8045336205306732
6.001814992391905
3.072654231824888
4.454840601557701
6.202179328205158
2.256398155796904
2.2919822119995716
4.36846386229646
3.148137202443745
3.59665125030295
2.019229480717176
5.45550304890808
2.6349910829644148
3.235543151774755
2.8741006999922947
6.443469979767257
8.71693822132973
2.7463504305420456
5.191226134772082
4.716966778523168
3.4506693011102776
6.259634476604173
7.349040087797944
4.014207021863817
5.029594651976739
6.1373458450653695
6.679919809930311
2.654007599905369
1.1778993799234223
4.6490010529279
7.394353245755532
1.709552853774509
3.3234139014632005
2.7644766891738706
7.963733659568247
3.522038686585913
7.378999657823893
2.051974448777851
7.2263669045343875
12.083282641721903
6.8730265113654845
6.256368737729258
4.686507389901118
9.207444647972967
3.3919825830141743
4.685989093447241
6.220925004304475
1.7083568192701168
4.105714875954554
4.038925259032121
5.740744465769503
6.947393565474462
4.298002418795834
2.1421092362628293
4.1383126011477
2.6589927972230063
5.994381557217661
3.290302964084751
2.9821945631289117
8.131371630973137
6.4815778088588205
7.861129789264072
1.9513460754614764
3.111417904498482
5.897383356687427
2.6082087836969294
1.9955633079786455
2.0630722816771145
2.9731005984694803
10.869386665749428
8.875999780973101
7.741279464909147
7.211868895904682
6.76763448569345
4.222201745813186
3.7720442999879866
3.59054323446342
4.825354032304738
3.3882972684016233
5.279312618802098
7.103672395088283
6.209177877519588
4.168107336845534
3.2472743140224956
3.07979448687846
5.061865622211313
3.7075326806567688
3.2824753909022335
2.917072255969479
4.668883640109147
4.756942091146868
12.372390151992706
4.25951737734307
1.64055494297741
2.1852076862371836
8.77867039154543
4.069730666649095
3.3600182793362237
4.862218008271714
3.0873296967604755
2.2320116971275907
2.0609433434188595
3.3357402025810834
5.114257496368073
1.3176876880213308
6.423149532044294
6.109730153354439
6.210471702684022
8.923245551903058
10.649902891711003
1.3797471136540354
8.921193530923755
2.5569833138690816
8.196356366443592
1.4133947603545602
10.656968785528283
3.4420237457650855
4.725194063902287
7.007755806666119
6.2580624052622476
7.806775895513751
6.9840306277539765
4.5882617206821985
8.4373545099251
4.933782840702748
2.210437304724907
2.7363621436422125
5.056120009314582
6.738347728195509
3.1661786870577138
3.649690327184278
4.83651793839395
5.321388916828032
6.217794079480178
4.880996669754195
8.861102307533272
2.2835572153420864
4.528323736995024
3.089588836554836
3.301458220867416
7.215815008250299
3.4588689234244816
4.045745634825102
4.244076113915213
4.010786922109409
4.452717075275095
4.764015981501757
4.790109861156108
9.36285509944098
7.2480724304945
2.4355620704293734
3.0083409012976867
6.4265536442490365
7.1395157237419955
5.920452268277712
2.949869050489691
2.2441225436189804
3.30621969237922
3.5901941400029393
3.3630220964723576
5.745602403067593
6.848110628822411
2.1111982746869
2.0507256502837974
10.223571044005167
12.99731298562751
2.0323226658171665
4.1692639055856
2.628713988952255
7.028537590322141
4.776223179253981
4.353445578978006
2.5488241463924717
10.586777755191846
1.866893894222388
1.3287043173664668
0.8838074851886424
1.775917056887484
1.818602920357497
3.5032854146477255
3.626021874154142
4.521677943573351
3.3670352117845117
3.4931638677045274
3.055582696729152
10.518610714220635
3.7782006739877465
7.406140181514392
4.802111902756038
5.761014187900245
2.3701833737169355
3.144009143332493
2.9404412041252956
4.324588767331267
7.0790676595012245
4.241457258478556
2.7083000669751875
9.394512729575936
2.7658344529940884
4.766795130919729
5.628695856142899
3.122768515956554
4.732144966136322
2.648828853512057
5.689183485895771
2.87709716678002
3.015949377599287
2.9410093935508814
7.880961362634936
2.137376543638797
2.1372997433193768
3.7568117929031613
6.562951576229293
2.5673486317339886
8.92064486462777
3.1315629894796944
2.634242191102023
1.9591071475110509
4.934303427940351
2.539118458267171
4.13101957050463
5.153685155898329
5.943958642133123
2.8472047458885448
2.287776298386543
4.297892292196939
4.533321967183778
4.51360456747204
3.416184711064745
3.256135375566765
3.1054869260610074
3.268437967526232
1.3131468822334513
11.749182648796072
2.465351385127481
4.817969266745828
3.2042197866820215
6.72247181706785
2.7131980964578726
2.4943789508105803
2.759078423666079
3.876065365431104
4.705121056251858
5.679737591221325
6.138916400114335
6.839301180977534
9.203135285585645
14.848186911917592
7.75957254320138
3.0265712440761625
3.1897809090146882
4.391933270069097
5.673096825359138
3.0024682423963966
3.2794168266841734
6.031360893430801
5.426257580279178
3.2486062406822374
3.3622336121984877
4.94326599105727
7.425813283903367
2.485276896551632
2.30233569981716
1.7432305210267383
1.6963706949491244
2.934361660603501
2.947036235272634
8.71023873173116
9.924948546251645
3.7199464650347016
4.012951824515934
4.29178148572701
5.89587736204005
3.092009526498577
7.0154491928650655
2.7318676742719985
2.8934162770399388
4.530270121426122
2.4498263634214728
3.2474853651613995
5.390285644979453
6.421028514932437
2.64893279640528
4.752707857922777
3.7429536526666354
4.443043206157814
6.201348653094437
7.372660541846581
5.076367040163787
4.961013980868602
2.5715595058000846
3.906973676634485
3.6973061127261957
4.9209806784756704
4.366132841122236
2.991280705890086
2.296616133690595
2.973622706511091
3.0739590636645477
4.247882032157851
4.328555801258322
1.8247341784772484
6.353914782569264
3.939711671977733
2.4891297272837707
3.864299750674565
5.090622273762646
7.957437280209071
2.0287081386796055
1.6851721557022945
1.7770071053941479
4.622704819701774
6.08817204234358
4.2517809734640455
4.500818534672171
4.268736947179737
3.944933652132462
13.905078934696645
2.85567645731475
2.812425962864803
5.2849202419200045
2.97488578929469
8.8449982490969
2.2548073335969807
6.127981710292097
3.326141601226391
3.2125339367812704
6.305564593212138
2.1174486898107716
