0
62.00347920314528
60.8788474150469
57.224881255830454
57.942454377317134
65.110181029885
63.08368756888436
52.15658294891333
65.92029722626785
55.907161160023115
66.3995272204577
61.51407981686159
62.15125854517933
56.12502461243944
61.730058713349244
57.711656256046524
60.5353990244781
64.59725596394038
63.4910846060914
59.367748870998454
61.38614089352081
59.30097910913211
59.13065994476742
58.06314248678982
57.9250263177018
63.49454114235749
61.605754937610335
61.205851278041386
60.57082546239672
57.47308301976319
63.08911606725099
56.65835518479113
60.22631430147913
55.63322019419276
62.690927563632556
62.735849568062
61.222749372468996
58.9846537828102
61.01947112087038
58.84287767226714
58.470610853590664
59.96774620347618
63.82909688301852
62.8557316051816
62.66046254043881
62.03807529049303
58.75119410251099
59.17256916604334
59.01358270630628
62.77082230662716
61.806239801016815
68.22455558566091
65.52596937409292
63.400803844520745
59.13674759638507
59.18963901529172
62.34107715463445
56.50769341760256
57.28621756483005
61.17977352650789
57.802670781373955
57.698728228191165
62.19978649163111
62.12881066161565
60.06938934155638
62.697849491171496
60.96080073888942
59.3724173798739
66.73163924369473
58.694919943004194
59.227673113020344
64.76179668658833
57.36526480268244
54.69803538489674
55.21283162732533
53.16145512377951
55.36644623236514
62.53754444321702
58.708314067081886
60.199489484673165
61.17250614091012
63.070427251387265
58.045047071117786
60.64635183249963
56.80469275186704
63.042471250520286
55.216651558690614
63.25153771299157
62.630407460905246
57.34590610371877
63.164608056770945
62.84590771082517
56.83117780100901
59.37421240761514
60.459085733723775
60.988354428369995
60.70116501325769
60.47718988075317
60.57581641763109
59.475396270495274
60.53333390801399
58.91475332573057
65.3799491606675
63.45261934902895
62.49881538849802
62.58833249620344
62.08710544509544
63.77070399030961
57.89677502861337
60.981663092587766
61.88573286430508
55.658765152649394
54.67536446193952
56.8679033500963
63.151196896901894
63.70271373975558
61.12419218185862
58.993534348754956
59.07613455411157
55.63298056576839
56.320667278898426
57.002815042456454
56.43851198867229
58.95777248956431
57.945679040764595
58.995869203921565
54.9880205918769
60.78675262109154
60.82173224494608
59.75357767621024
59.00396845210057
60.42420332887753
63.146979104832475
61.52319316565115
59.94803806405213
57.093894425614664
57.34355906134206
58.753892393639866
57.936760463228964
59.085358214987565
58.285069785569135
62.7591129600629
60.471947418284124
62.20734308055644
61.63878920198675
59.03363739885781
58.109251774815114
56.02768436549162
55.917369678066095
61.80356944394639
63.53278652699509
54.63857447141309
60.20294221785632
56.20490464810432
62.82006791104433
57.341792168116484
60.0652615455788
57.054334850861444
57.34318613128874
61.743107318684594
54.51714352197199
61.82831620899515
63.72354538710123
56.39200637733292
65.34196857009148
56.65463652013208
58.73857049858949
63.80139225536947
61.6211580133809
60.906083637978234
60.5736709829164
58.13978618950599
59.96486215517464
60.648524659703604
62.00050230381377
59.30369973524845
58.88812162697781
60.04432779698992
60.77848362570145
59.88228360731614
64.90741078409411
58.94600115329038
61.16291476040479
56.68739633074944
60.51667719986854
58.30338476019628
63.98783427333041
59.18709151628962
60.76854973045721
59.209303373054944
61.41258257607059
60.38163102003688
59.90320349242745
61.562550588227055
57.382954671044416
64.13859930050508
56.39881583768424
64.99848996385519
66.29942807723255
61.17324647344314
57.61732010101391
57.9495577418577
59.03108446808458
60.98928376221379
66.79243781015636
70.46697554176154
70.70525593488502
63.53999223166545
61.6847667485555
59.26974052268225
58.64397709210128
59.534338190889336
56.660990781887236
64.10024945493609
58.4699703860203
57.22118979689414
59.367487036405315
57.32810889240527
60.61612598394454
54.07432139785155
63.70877078977785
60.95918591952031
60.306319413163024
57.846739922984355
60.84751140725877
60.50219982690612
63.422213353290424
57.11063727712831
61.397956362864726
60.549704572869274
61.91486077607239
58.921770195527614
62.063341717741345
62.92011545016212
62.61137629392492
62.23745928939626
59.25490165430451
58.67664186829926
60.72191256825841
59.369628791441656
63.74015974509761
66.24053447265463
66.5842042704934
60.01590051592267
59.17734027164608
60.16869321855574
61.59139045152003
61.13723792565812
59.552291104072125
59.12068587521967
64.80150338506473
56.993066664447504
64.36768941153404
62.39258876539852
56.85095246978801
63.04781586247362
58.96147538096373
57.60609747956976
61.62519639321416
61.48635001788175
58.29842783401093
58.60041362453831
58.94975813438264
61.8266710426561
58.11060024417699
53.36355782288207
63.07052657042917
53.91623612652283
65.74521880194186
61.39380841471707
62.11722271618708
62.02232764274831
60.63521135937454
57.11202930439231
59.915364972837615
60.24247452342679
65.1869109544879
57.8549261163928
60.123582932673884
56.9649609281668
56.88485502236925
58.961516685379
59.06593396699832
57.31583244637861
57.52517999101413
68.42971654042819
61.825542845875574
57.728161800000876
57.93880597661637
61.70624612196125
59.309452507265185
57.29905003463228
59.30528864583982
59.530018328576524
59.92267159163771
58.74928488228255
60.57376083316584
67.10827140775659
49.40055420263782
57.84276450473563
60.81876153009693
57.741411066754424
59.89713418091953
59.373357787811045
57.087158629730915
57.39723570764567
58.18075420330426
60.70852148398917
50.44807902248704
53.14892254911859
56.89731087247135
59.032415195941006
61.11263827292484
60.86961817557725
63.41887956683416
56.21839024351559
58.64291446790013
59.42765953266832
55.68775669483214
59.59700647087109
60.33652456508961
62.88535335630269
63.61449135146518
58.560298030255474
63.59807089626116
61.08201610281515
59.51864726391419
61.05872908227789
62.19930831775101
56.74470144263491
61.95943035631577
58.58960823938119
58.53684749251965
60.98230066589202
61.88600814175097
59.465712462730025
57.52506174100969
58.0532707048534
58.16599912273549
57.67762698194077
59.59842820497221
60.59952733698993
60.52145015994027
56.718021072688856
59.53560300946841
59.56890765335444
59.33367430860663
63.20103093501044
60.21404570076097
58.75740511056692
58.299657327364294
60.90505449196085
57.29530353045467
59.388166790382634
54.49805457548559
56.08385202805655
58.11258044097343
56.98141363429168
61.24351052890313
64.05275016359113
59.34015093488001
58.32525784641492
61.49624071018967
62.38367785079673
60.23407769927887
59.4137520892689
59.54018385324503
57.331032937093156
57.267512016522055
61.59107002914461
62.30466381684745
58.72499737891261
61.410738860338206
62.041084269687424
62.07925691441538
60.697295451607594
61.542927977889164
57.954611363242236
59.80103557976369
57.88386580590695
62.7804674344195
57.85231963559825
63.49249180360021
62.764576017535184
56.26124505004547
57.28999494647645
59.37301909823407
57.789775109884346
62.14370170994692
59.39495540116086
61.47924156104009
61.22823575938577
55.87311489652215
56.31668895182304
50.9227978630732
67.7385216991926
56.000178462195706
60.42085131729538
61.90761224799248
62.24506042578108
56.24291433520454
60.65966182437306
61.215064477542356
57.37840811801458
58.092553490158785
62.84534089260548
61.84437994880283
57.59205676820353
59.596957946605244
59.04154477349127
62.89747402819965
60.58287280530481
61.632675057869946
64.81835582319665
59.77878474510427
59.38387774973794
55.99367368905849
57.88232164267849
66.18821668440636
64.95944078977136
67.96179400353473
54.035459547765186
67.79314260561222
53.66075097454856
58.37355246907439
60.45078957874165
60.69536696300441
59.66685652258562
65.339780410852
60.1655019713619
59.79838952685172
54.87254847159857
57.60245769641204
56.17001354482761
57.23195057020885
60.927638390948104
60.91958630865283
60.07116020373956
63.861334594096256
57.533952948595626
63.64841759395547
63.28485641428735
60.991456011532215
57.65090598247241
62.780950652750285
55.8428481476509
63.130974604195416
58.66227480275217
62.250087495956926
62.381212282718025
63.950133324340364
63.09728482873304
64.0838099207917
60.847507738062006
61.512034012791425
62.178893597821904
59.912655368945245
58.656033033390464
60.65630179058994
60.77696659193388
61.76208647909112
59.71036083438793
58.911641421999
55.14723135199728
59.358868267687214
59.875481283273274
61.58378193938564
59.29326237958517
61.23890085304187
56.11017997720158
60.980823429385985
58.830724232345915
59.63298461638443
59.63953657906399
60.17731791210324
61.923740375590924
63.671996849549
58.8013933210769
60.664991268384924
58.00702983552793
61.41593419632909
61.436400019096354
62.41350849999894
62.83756449257249
63.10535056108411
51.50593782940432
57.87568599291711
59.098671752051246
58.425474063136626
60.49280016239398
59.152273940981914
59.24539774417618
61.566655461218865
62.56874196453411
57.573878176791645
57.694614047939005
56.042714679916166
58.906213871941574
52.21483453361161
67.17923712343381
52.4137428021683
60.74487024536122
60.90595842354173
60.2000883875804
60.41768656256889
61.5824834833132
58.20954458246295
56.11388239386171
62.1584774182834
59.1479784672574
60.09539917223736
63.261301865916494
60.49570259922067
60.034339052949335
57.47180890843807
58.508136843880955
56.36297945043479
62.02053059091591
62.78045643678436
58.72986010306917
58.67217533679632
57.429397334264124
59.79957038447941
53.65123557528588
68.51842313137564
51.64324311117552
58.15464809137171
57.67377175232004
54.826790644983745
54.50379782876163
57.3588691674367
59.8612048917953
57.91490598070168
56.67324996553169
55.798804101525185
64.27731219353586
56.80997949230453
57.90267809496493
60.43999400476484
60.284122213007905
61.25726935929509
57.677417222335755
58.204927677632945
59.80780614836751
62.74802950915792
59.901155170971776
65.13930767609595
55.63481345770821
55.77461012590289
60.96752666678964
59.46491076513907
62.775154942853476
59.07696517435851
63.04973041779897
61.54255572379951
58.82867974916688
58.13580833237449
57.611696863353394
57.80212251141253
57.86964029037564
52.49641135818948
59.97588563061024
62.32370847840945
58.979708859144665
58.026562635102046
64.07672315208066
61.88000999759839
59.902530338548225
58.01188726389617
62.82966743567546
58.78276969476011
57.26195092593965
57.46492269108651
62.5953456332103
61.54513767640371
63.6421221301228
58.005165905249676
61.48744343083588
59.73152238917707
57.41612509298371
54.1481886270428
61.156211969699854
60.73656922997456
60.62082117787477
58.53422829631291
62.98146497584853
61.80166468988992
63.18624582228617
58.82697754130344
56.35056594940162
60.34086614001457
59.485773295040524
64.81177171187741
66.38466198008662
55.31654369015658
59.865747998869644
58.61163574981186
57.08004943443724
57.978664221469366
63.574405878201986
61.03581688970845
58.004734866528615
62.229259559658274
60.51734150588418
56.573510234783214
57.52101716827532
58.19045211717733
62.06079527403253
56.18036278523044
56.21752293367072
60.539118427928145
60.550673841329626
55.77280853720622
62.65619902817174
62.01966616511151
61.96252263528373
60.56284323358646
57.956372625702926
63.009350037283994
60.20967483311513
59.05607791961228
58.2642751367742
59.09474778334897
58.95346349891403
62.406127058817354
62.29359872210933
63.603164515051695
63.27463257272751
61.57601371771464
58.12861052826554
57.154550803646146
62.30455264754421
56.995842571825875
55.10330995438487
62.50562558352057
59.39559626694946
61.41224154660958
64.63065241272069
56.265222757978776
63.25577629425021
57.1194092426243
56.688311539082534
57.326435039252715
62.92400729865119
60.15972379485411
59.63590860881434
64.40294178805115
62.533872020596675
60.379902839120966
64.572936540939
60.66561484876855
60.53959282976762
60.08802014642163
62.242123265294445
61.525133604021015
61.40225422229894
62.41699330557333
62.674850089203986
59.314812033194634
60.9931929961125
60.92576325363983
62.70403185548026
59.534362165091274
56.84085087373362
57.51681812097295
64.54018624580125
59.57359464798509
60.91200103042468
56.07065211637858
61.777308078514885
59.106185011774514
60.425587953342706
59.6116077263899
64.7687137571419
58.74528804058284
58.95133190221894
64.69790108725988
55.40299645292905
56.26420485537459
60.068012444004225
59.4633958968253
60.065976280532524
58.35165769798107
63.91072804915679
68.0582579693747
56.664432458939025
55.98888491358588
57.14497974807185
61.17807155591318
63.08262556021156
63.20551085274793
63.35269193204218
58.242320654382
54.50798231398824
57.02946354833262
57.78241925150636
55.31062563768381
54.71506471727696
64.57999063092082
58.84186689962935
58.41771407564059
61.1136860373169
59.03299095708705
62.54388641852336
63.479112212399066
54.72805183331014
57.9235833006426
59.642615748429286
60.20040983515415
60.595327094875564
58.40801018942232
57.575918365869086
68.42927895847536
56.8015561200729
62.36076677072202
60.56854737625167
60.930691885766215
61.14936858780423
60.78449092735573
60.78449092735573
59.632183058819564
57.76253260395533
58.066843107838096
57.69867900462127
57.826231197877966
57.90766826662937
57.93828449770509
62.13555982399236
57.42271845740619
58.23357772170502
60.42877812987821
58.290440268239756
57.95176836313621
57.85592436068598
60.24956176427351
60.704982922385646
62.595745774642666
60.97850805852865
59.7838946787494
61.48382023071716
60.185253610601876
60.24114339883751
62.81222293897143
63.162444419592
60.09997404542449
61.11775995232679
58.434131987349836
61.42829753582474
56.67973809353391
64.45600410115877
55.23941614140064
56.33566865424393
61.738566097660005
60.47275393969827
61.50507690078752
60.95022607461309
60.97822955614181
59.704608168323894
60.062468039718894
59.35939967771991
57.23150587588037
59.32175997956925
63.11671878226305
62.06398436620343
61.080922773128066
60.388112643724625
56.43198542496585
56.83019435022359
65.14454874112698
61.33185943954824
61.409079325965315
62.20246429610123
63.03272170875586
57.736991466257656
61.85538322066242
61.2837060459902
67.33533783425891
65.26746925486238
61.57216557039915
60.60034862702358
60.621500742224576
58.54914391760818
61.01979579557434
59.06037094470584
61.92802409850889
59.79769072107196
60.39774601767984
59.94818739185657
58.60311473159529
62.874143143886954
56.949100433587205
59.345706942113814
59.89712310282263
58.155252398370244
61.23770661861354
62.511662581435665
55.43373688198903
56.71498381898839
55.3929571915825
59.916347077812524
61.599672290670995
58.169302897481785
63.20817166145802
60.3178162831409
59.37349430585365
60.66559112382388
57.745338941963944
59.18085877413363
63.4304384571017
61.6933216942408
61.75609084258112
61.72909399351495
61.72909399351495
61.623582700359414
61.73772640864224
61.88221885123743
61.221615518956185
63.42648944662397
58.06041201820324
60.39778151318882
58.056955073295214
63.76958228128311
62.346408799128106
59.30232589332511
58.72652042374172
59.39060675123881
58.630259031510455
58.332316597054835
59.0809576631578
63.366225143591016
56.65874103950138
56.86013630744145
59.46874041144777
57.73814243571772
61.72555952606626
61.27916789684481
61.45889944625669
59.72370491124239
59.055863581253
62.05007817648092
57.56390440656319
58.659436471135535
59.15745601234802
56.92611482213058
56.421893474271855
58.82184006228694
56.76287104033442
56.02559660700942
58.58657174097132
59.965966868287694
59.45776386933416
58.05031788701739
61.71209840031067
56.33179289671036
60.485393290775114
58.052984326091
59.25420191877716
59.68495167676743
61.818533356051866
56.3498588163474
63.09653601374417
57.71880437516668
62.35631193067204
56.86921194087773
63.25112313056981
56.37403311193436
57.970401613222194
57.79453734848539
63.35492532866695
62.24394665364883
60.41344609162565
62.09493209861055
55.91246947117223
64.67833818821525
62.70928119702873
56.366610019627494
63.41933696216585
58.018177539826375
58.97464201007435
67.13109483476421
51.39696350085442
55.42892740562069
65.32935769807084
60.803302064058535
57.820892486627606
63.45948565986985
59.20208256942741
61.54286291051596
57.80776849018782
62.53794020480177
61.65104111666189
62.74743886675798
60.18797049230811
57.9368184382171
57.19052439609899
58.21172423273424
56.9814445490284
57.07904950070726
65.44278197488339
68.19166695154323
64.42498081168225
64.52680663561489
63.43575487124218
62.832400166367506
61.133350401247824
59.426996826970594
63.4685968470617
62.99631615939252
59.90655144053053
63.84177427889891
62.59975614467674
59.66530504435187
60.69504432272154
57.21638626875053
57.46108353180876
66.58112573013453
58.66908184940877
65.03465783152798
58.17475100666797
61.40813266163253
59.449143789941516
60.97779731382964
61.016558895501475
60.88627686571493
58.12034959053379
59.72015058703669
64.19060992351586
61.05096702066421
61.019895275444355
52.81882848237385
63.75255807501513
54.75405219177215
61.02043719236368
58.3880099783413
60.23680982329796
63.238192875793
61.939158457300394
60.00826419073807
60.20292113344271
56.61275334423146
61.61123861420674
58.77662174164595
57.977465189728974
61.27955374691851
60.084863713663836
59.183053458354486
59.3270147466921
60.16404346715916
59.61938929038845
59.917807839747994
61.90780335138355
59.504935279562346
62.942899563737704
62.061296097666464
61.26808398214136
56.50193721009766
61.01164115919998
56.8929935083615
57.68660698068068
58.9716957049568
59.53725855139389
64.24053897250307
60.916260230707756
54.84933840414578
63.77701236062948
64.04833420761356
55.05641331839056
62.46000755294754
57.68660917038836
60.5007359031358
61.64208882697762
64.25436468884222
56.25042553922078
59.90553006542958
61.28199844496123
61.15477676862524
61.69522227788559
60.68584320414038
61.97235154616043
63.1652405744942
60.754237461730554
58.76997378860895
57.370657725014404
58.952681110402594
57.91263895080994
56.629074399349534
56.99478842547792
59.120658999423256
57.55706059793582
54.926889091706
55.91191094961241
60.84004119492405
58.61178883170758
58.46276241137245
57.471353019553995
60.04928435705428
60.18711087777493
60.34406369540867
61.04225754621215
61.04805932780927
63.24946770960036
59.50060455826208
59.73898867103836
60.79739612428958
62.06338562723958
56.195968225817374
61.417896517151995
61.283887941152784
58.74913461777661
62.72330902899929
63.041925967345634
62.81727655402339
62.716326880628536
56.49163835482581
63.10806746053535
63.046484235539054
56.66009862968766
61.722725303351986
55.01457444258767
62.885260490584244
61.16062830808805
56.94780344094809
63.444019250596384
64.34309509856689
60.457603896703155
64.02480668340351
66.02673738191383
65.21680296221513
66.72449721101532
56.39900953991621
60.30411604375438
58.15829658290137
62.42261812044972
62.95698886133387
62.236379306498456
57.87931812945519
60.98882957253856
57.05239390021893
56.44052618905522
63.50509367729228
54.87298080238423
64.83613821383328
62.83094860669537
58.19215603227651
58.09389958564788
58.47116198750756
57.16374642004224
59.25590925437214
59.14374885725457
59.17826450019472
58.41254563997418
59.57598846204515
63.029494765957246
59.99707588103731
53.41475646797307
60.55487837416138
57.87559315987409
60.32023548594199
57.54600715720763
61.486132789003754
61.232520493309586
55.69425422373376
64.23445022993634
55.66452823696303
61.5158551466292
58.58574731832446
53.29521893055259
61.87503715103231
58.84370531856328
58.0384382687468
60.261178192882895
59.5786833808428
56.6481697728612
57.59476300308994
59.261571692235506
59.4000532787898
60.88559050953421
57.078808093167034
64.04910378459167
56.15271344682177
59.86320578384097
58.31539169616099
58.543196848668295
60.37773985545498
56.395878042297205
55.74487324110726
63.21987685606192
58.70223175674472
58.647409954664276
62.15221808019403
61.436220839970815
60.893077988378266
59.68379655773831
60.58306862993854
60.045194898307436
65.87816837390871
56.32182984959185
58.96654234649269
61.60307397886948
59.41257778318437
63.44692466865153
63.539312281054265
62.955525812063414
57.40114683588081
62.098192978993346
60.39494724182233
58.240803659879916
61.532704543228796
62.7183985445037
59.278233066035455
62.3198687147939
59.230269247151924
61.29110050801199
57.18760559985906
60.97602465860896
59.99265618671728
60.86048246857865
59.96266603741176
57.399741283379804
58.96837251859521
62.241053413025185
61.26066783291345
60.0151048604592
62.231843139200635
59.81739598864286
60.602184018330206
62.821549870331154
57.24128502003355
62.14273227280226
57.31597122794747
58.51339463565425
61.42276461837242
59.88689674170572
64.21987643180132
62.270912369871375
60.91656651060736
59.698606264795856
59.101656573123066
58.34805202818841
58.4982212688954
58.4982212688954
58.45885099680264
58.75711213977199
57.178113692696265
58.450522053637606
59.81951503375643
61.40054679393879
60.154766447149505
59.77134216088093
61.834143231941724
54.72190583461262
60.00071480440362
56.59617498687224
62.58387486983552
59.46578697298178
59.86542730931449
61.58334179734706
59.086375946161596
60.639142333121164
60.387281169664625
59.72650893263393
55.781229928828395
57.170399752437184
51.85080192857352
63.27628559294281
57.74642170523656
58.24468975954968
58.01032404841471
60.465163981264034
61.89882640884292
59.033158673423706
61.95425226435298
61.23165862030908
61.45146463086556
60.434424721739454
57.1622683918154
61.86615658757318
61.44768736465516
59.022362032715
59.67162144354961
60.30870694577192
61.54211100631553
61.817648056708485
56.055280952095515
64.61346023837068
61.66572508512181
59.67157962780027
59.67031586767878
58.28642625914684
60.51134247326266
58.865266528858555
60.98113187502633
60.06453588978261
56.31526250218348
65.9623042328853
53.615848892578214
65.37703578598504
57.835924823779
64.66338692686165
57.301460749921965
59.36807278678651
62.3987428506516
60.60684766729185
60.685462326017735
55.08179711852299
66.23684875033803
64.06975665848576
59.47291866178488
61.503018723103956
57.186345923785865
61.6511362864689
60.72876509491721
59.91348539273736
62.21816120331411
59.908079739991145
59.70824906041924
60.22339126535078
61.77172074736458
60.63654261792817
59.75866664465934
60.36893938947101
61.04644356581968
57.46531979129599
62.96022073043573
62.13814736553143
59.44595660831472
63.87605582032519
57.27620931147324
67.97313305058239
59.57470986799324
60.723775075027014
61.369430566734756
63.55765423751665
64.43803388281538
60.48722583385486
61.05481864694726
57.7488040471927
59.232788493099655
63.29685823877759
63.49831691219318
54.914117651130844
61.410917247512465
59.43486499218571
62.51579726846194
58.02198453729574
55.96467081525893
65.24824486404462
56.24545907140265
66.12528167359949
53.36440857787367
57.388651529033076
58.81699205094733
59.700155555168855
60.14822959544531
60.71935089567772
57.63865190874652
61.94543410116991
58.69586767685227
59.95166647619862
58.576438793866764
55.11215460436066
61.8855809069558
62.38225615471497
64.92627835301322
59.06768762052958
59.48255279928613
62.0454681343644
58.98982523424004
60.151479227218246
61.177759210252894
61.03606982592523
61.03606982592523
60.73982954385976
57.41176369738197
64.99494473838759
58.225077145225505
61.25273845679263
59.57209970317329
59.65054228983069
60.84816487344016
56.08735731761321
62.777394049300696
59.14197961583035
59.84242867700205
58.80551199481644
62.3456596818848
58.4348102747849
59.57887926991487
59.992673131954746
60.654593077004094
58.472253428995664
59.62202981334899
57.596724725041796
58.25071638439058
60.774590463872784
57.18570901352024
57.79082745533745
63.202159384147464
60.45460600579807
60.64802964119012
60.780722405044955
65.03291089875619
62.71116412847649
60.81523124188472
63.30426029378901
52.76545470016876
49.545259342451935
64.71897074485571
56.39584584515822
64.13650119127772
61.321274572443976
59.82717320739656
54.570937380903636
62.8948437922077
55.99022291125615
67.26085298327905
67.11638314846495
66.7729279602173
59.33862687854326
58.975770548862066
62.47533788033768
58.1697015137712
62.84279745095167
59.52452925186468
60.42406357910535
58.388529216272744
63.36371070639584
54.244632283601334
67.42667767957174
52.98772219771047
67.85684522901953
53.71163446865672
64.39429097376761
61.99893534181984
61.784805490389566
58.5082679304813
58.90351382779534
60.286016565204505
65.45808381001098
58.84730481234959
64.87135906411778
56.344678028399514
64.61516548196538
57.11187972953855
61.765253944199536
54.13011131954289
61.143567811112646
56.58945378355161
62.2151487404002
58.10148541520931
64.57934469714108
60.52339258808711
57.07963838683686
61.723128617136666
58.58925737798824
64.38248276150986
65.41433388690915
64.63500128679559
56.70482214160648
55.172279647977525
59.55384747652198
63.17629806508731
57.94227585394742
60.799198163931116
57.61692763000673
58.0089979754315
62.92957406830759
60.08818133025631
62.22556379080906
61.863137431381276
59.81704862813611
58.92021035863847
60.974441610797875
59.630737826597276
60.22127847682514
58.78810754622438
57.65859502474498
61.598842455756596
57.90846314268477
61.991361559269265
59.5563267383599
51.29963547624858
66.20683437605321
58.51305921579203
62.39268860990899
60.783671116270845
59.8294504102645
62.65357356211903
61.235490820568124
63.456758289061426
55.49793872008333
66.39427927977256
54.92699456683578
65.91114025901287
68.46443779519471
52.70737351708902
63.66954207436687
56.855391001234786
62.251241675017724
61.951426697651634
57.81337088732008
64.73889577157708
57.65886529817716
63.386723626297204
55.22137382455741
65.25220316581934
56.05743873589245
59.65964142993954
59.104118216490384
58.46590507131698
57.596630895536045
56.985260280500896
59.494425986997946
58.51053646418137
58.0942399686306
62.34980817103196
61.12544190625448
59.7507153158486
63.39568555660475
57.191086594158776
56.975610010236025
61.28873899612144
62.049423107421205
62.12098380979411
62.12695773615167
60.703051781609794
63.6294989371015
55.48388385949182
63.63852041878602
61.836862662151226
61.845496830486155
64.11384083493718
60.4904755037084
61.10217465439038
59.04075844478071
58.64423779989952
59.05858997420191
62.39854969806227
54.09365112727056
56.31334291652948
53.255347748529985
59.90490121186811
55.74171136648745
57.984415507591216
62.694090420696064
55.67951082102279
61.0535545995667
57.84873418115569
58.468636700921586
58.78816299987825
60.448773179630855
60.06204141026522
63.39661035666156
60.92600265972706
66.83219322045352
59.27214659225249
62.09485417198316
58.05036015884169
60.307996120400674
61.40824872043395
59.59796538726347
57.3251489816498
59.14394483671787
62.03319777545781
60.56162895398809
63.87806337156085
62.966200640663395
59.228058410316585
59.63096259562867
58.752887706970164
62.53406323043054
58.00594263540116
60.90061769494715
60.45178944034251
64.11766377399728
61.18085341665016
59.56263376794934
62.29948686141456
60.63908557317602
58.080533791974176
62.580756392192995
61.966398701925286
58.70587627808489
58.24590335706533
61.20233855260318
59.05931520099175
59.67561401664176
59.27672681021773
62.043135919275905
52.55979490782207
67.33011771687218
56.5857255868758
59.340566401556245
62.40508329621853
63.1310278759977
54.863523597627136
56.011055122745454
64.56782803667191
55.68645028883264
64.21463304021702
66.07834384886074
57.5046421804375
61.55508354314995
59.244508827150845
57.9408506930185
62.92553045763596
59.697631761171415
61.016068820775956
57.90613733010885
59.91499361416075
58.77443128415415
60.77165884301563
60.690485331706974
61.93082268529854
58.11886381450632
57.83267359151192
62.76920337647338
63.407220049240905
64.68237628612225
54.38851865806638
58.52157841066252
58.933962538004934
63.45080196256723
61.75506157859743
61.519493693058486
59.27752606547337
63.82258900489924
61.97250247256568
60.83538143012353
64.12485281575809
57.57184172998716
60.65472268328597
60.93022783607154
61.22386783120853
59.09337349715569
62.148336602232725
64.443595608673
64.04011755216915
62.24147841113849
60.42173297416407
58.50266958331378
61.448253423091955
61.85488409276997
62.78519354444198
62.78519354444198
63.90962684867941
62.23672602925707
61.02926053991415
60.220311152539374
61.27200345354372
58.839767426082034
59.65296830822039
65.01950853536367
57.29361522439309
57.4510800609232
56.47724394128126
59.255547109190324
61.266675286293975
60.12834630765585
58.69220367069734
62.590040553196005
55.77287815774541
63.35165475160793
61.64381395375204
63.26728461561024
56.53567436039975
62.177728566758674
61.011364762907455
60.15554566339264
63.21150462473332
59.39491876032914
64.13890268655913
56.110351755231655
60.86200281166252
60.41292569046042
56.76478896939284
56.229857598848845
57.400287851408976
61.68012877239124
61.10253930981322
60.25660421319564
63.71737786931904
60.168258113073456
60.585513800927394
60.5725695127611
60.54439140498591
60.351355365237
60.23644513529597
60.712953617502585
60.43631277765235
58.468646134591715
57.4656837429464
59.19879593933498
57.25339778337162
60.03249779878575
57.696181379604916
58.72143625371368
59.33183278300048
60.01475317763875
60.486582344584114
62.241471924400216
62.002102953684165
60.84445929618779
56.62799647662053
60.50127930862599
62.850417026311796
61.22464483822735
63.68367909293593
62.00479983746645
59.398514144688704
61.0092029500627
61.07563769106076
60.65209425235705
61.39637459967242
62.41175451891757
61.3904729786751
56.1625276612965
56.17265847561113
56.24212738072515
56.09883528363447
56.89446805759286
59.56339812472788
58.920561455668825
55.646382582351436
56.48749968402023
56.10256469595412
63.053395589097384
58.43939287411558
63.62321180040675
63.779933865968715
63.17819636985465
63.016715818926265
63.136128189369614
62.6065992027259
59.82403596999063
59.93420951541591
57.89477415411748
62.727302476192634
59.2855998223552
55.77519976275318
62.57767078859128
62.90464616674477
57.70472354979211
63.05248503570899
56.69970049368585
58.22211116371418
57.61942426008437
56.78827099424062
58.203634867008624
60.90864063547721
61.48175682749513
61.56712976010671
64.8270239121834
64.0714520398271
60.5997364805639
60.37258670813608
60.08447890282273
61.0905608032673
59.331993605529064
62.19594066213698
62.54872819149198
55.30390568487258
62.01450490198808
58.531126753811726
56.74474533174447
57.4235720903735
57.787026397702704
61.70648458189281
59.977670922610315
60.90599572327935
60.19949641600146
58.796816967446624
61.15671661536867
62.77852200888794
63.771867658778156
55.7865488298217
60.37855899100225
59.39969972144057
61.85452923256269
61.85785521719077
57.275676223558136
59.90743259000238
62.58427651125391
60.33100382337859
60.72404041733053
61.86381318849405
58.5197936017203
65.51671404666651
55.033912665157565
61.046378233094416
60.488947718666196
60.26756435175041
61.07351420417982
57.91133597935531
66.0026475806825
61.51516268199129
64.3106202334855
63.8430350395171
62.5388257854487
55.519592999314405
55.14971988649267
64.75790503660113
64.11257547651506
64.20417791275511
59.77216111262024
60.99019141228685
59.02725054575748
59.59922940256175
60.05431878512656
60.05431878512656
59.9143693319395
59.961627209317015
59.961627209317015
59.86365332699006
59.862691526156446
59.880154560072526
59.880154560072526
59.880154560072526
59.880154560072526
59.98589830396163
59.94632856061528
60.02156594709492
57.29493062800095
56.63322876404402
54.417085585645296
61.411902515634395
53.276371480098256
59.17642192985659
60.02848401903235
63.089996296021745
56.53549236198447
59.541017091223125
61.67600078155137
60.86366959448822
61.5213647497652
58.843598379570956
61.494143637617
53.82230239644638
56.781729446195776
56.215610451794475
61.33650332471526
54.61408599757743
53.4843820140994
54.829554192605265
55.665072317924476
60.47401248766599
59.82047350834479
59.92813641182724
58.36354993761773
58.88561614698499
53.96589806174909
62.7217303434973
61.47548550555283
61.923164678843555
60.66740201126971
60.68290154180818
63.03353978166957
65.27667040407262
60.40923530894939
60.40704411682156
60.192461432378536
61.962892628616856
62.21322250596214
63.670631816866226
64.39436765361195
64.87485141814082
61.27446046027671
58.7000175315119
58.23874847247409
60.85206914800064
62.14357889214863
60.625887356182574
58.41173525291727
58.23096751774056
56.5449061621319
63.96062661009092
61.95314783071263
57.807694794846036
56.93321904119733
66.8776566389469
58.2531338187535
58.67561728599832
59.882770718077985
59.245424831600936
59.762602979955986
59.32246530796732
62.21935596026736
56.97871565731046
58.3897845347383
60.63680274745386
64.11934362998267
53.68960506359591
55.615361245999935
56.05496668225978
63.619750251098246
60.485068065865235
57.41071346364257
62.93268210070104
63.11754534248394
63.13878007550076
56.54829748522804
61.05730532530798
55.52499188403686
64.71722297002509
61.36691524030594
62.52750197987956
57.526484684384194
61.3184167483969
58.71288101158728
56.60528787570483
58.31234430396856
60.33725425976786
57.446243084915494
63.84489074550365
58.74112907083382
61.75768004843532
61.46083516075538
58.62856961261939
58.441811474298
58.375267271256774
58.51385116571424
55.59910536022718
58.43540787442905
57.34344274371272
59.576767239521
63.003499772277344
62.7375010320918
58.60832684042726
61.471619850565006
57.30704072722144
58.43097827337276
57.50149639505448
57.50799615254211
61.5791497003777
59.886387662073794
56.271310139795624
60.50294655432127
60.63787540400594
57.91992296087041
62.451721011138424
55.538526011401636
64.11732709638571
63.82835076986236
65.52208460044247
61.80875058542637
60.1910356698382
66.05297156008656
53.610243161200614
56.86472338487729
56.903712053508244
59.26633458701823
57.65731835932719
60.470778708257825
59.3252367341978
59.44441720138223
61.125543379280764
62.01805076651077
61.20054806977754
58.313598865598955
57.45419642852261
56.596425128826176
55.26901434182203
63.25360850950628
62.40798714162322
61.36415824873278
60.077118079350065
59.97354857903194
64.83437230825274
64.6617490547891
56.0748063120659
56.43204044921013
59.8256877244177
59.57893849938168
59.49415114681552
59.34544755660755
59.348518208443366
60.575936722643
56.301297383092425
56.440714817348656
56.25861756983752
61.439314512673455
57.889724015406976
61.07723346613737
60.28935799795137
55.88374239049897
60.99687930664578
59.9101628032916
62.56362507934867
60.65398051330232
59.756136066454374
60.042044948598594
59.34903130190947
58.83861667098474
58.91058282632068
60.792978398663806
51.31388447379589
54.70547139316029
55.995401209362115
61.0325709823892
61.63707114055171
57.21622272494185
60.212911894052546
58.722045794355296
63.04728342740502
62.665553386463415
59.81579182098016
61.329667515779185
61.212205979606594
59.132673369269355
58.11531409907264
64.12284491912568
59.77266563436755
60.5331793751965
59.03347707909929
60.13760938507357
57.62536052397628
55.73027125798852
62.27309965416324
57.19027649412565
59.22263777182938
60.767431235229594
59.505729793483304
60.29051870692404
63.89466114715595
64.09708149619782
56.21066601191438
61.829237494653405
61.93222317316144
62.866296293868885
60.927900748478706
58.283410086044285
56.083066220769176
57.48981098293357
53.85817697786987
65.37795728758496
60.14350630164845
60.2265444671875
62.08274240651722
60.089024421733605
58.50161209812657
58.617013359640595
65.82060228658273
63.66557634929635
61.656960504434245
55.987135839485155
59.26428117426391
60.27487585206612
61.69665378497006
62.65783302760963
57.25139630222257
60.2166434050075
61.29432166614228
60.08034798900589
62.21420647813176
60.5975114235087
65.04818766269986
60.981636918166906
63.77779568789192
57.57782398850168
55.90295759479914
59.383087539512864
57.57653848254704
57.755264849715935
61.25721932762928
59.53870524849773
57.556665299431636
62.54288601626091
67.07013481258363
63.85240983382981
64.22022729635299
55.56999851255074
54.979559751775774
63.575456176078
56.061894416360275
62.57409648919242
55.614151850065525
62.560316106771005
55.027659612234196
61.31663634067548
54.20599249491098
60.84817822777758
59.5060816566999
62.15725440138419
57.701699382513226
61.26912770203622
59.97903736947142
60.592913481512404
55.28882209138719
64.79461748102189
57.569477984504076
59.42196878146924
57.36273627133708
61.86808788926726
61.66885188878837
59.904732251961974
59.2169508116096
59.69656109186755
55.45274950492523
62.05942098886287
59.56625084182337
59.28306074815675
