0
41.395988901534984
39.53884928711231
40.12025429462256
41.31460118357592
38.98762329190026
36.03640258202435
44.4786144765882
37.128252120952205
44.33647029710167
41.62815244268361
47.3500827562175
47.83000403923713
42.184687431794764
43.77363372398879
38.60446204774617
44.8970997843644
43.54138434357243
41.27193562274544
43.18857352446803
36.32942325685463
44.22208524225208
40.780165456983276
45.98425930180151
36.09502304046205
42.79184821344967
39.985105054099016
43.42632086628332
39.9360211138134
44.408057240793404
43.12962627136094
40.291199887565774
38.415759179523825
46.180503881367116
45.68841560639077
45.62946939128793
42.537510065329286
41.33457647956954
40.93745694760924
41.803449820558875
44.37812001648315
36.4884580781259
46.52356181695736
56.351362410986674
41.38903167402002
37.22661776887949
37.21329588490474
41.370401552992845
43.00260829377006
43.52036871619775
41.873378636567146
34.211436047420726
35.941806397171554
45.27307154213258
37.79887015376897
32.48959581227
48.96990934408956
44.643047546732355
47.34727871023842
50.42652974406385
38.441173841583556
37.594434182617185
45.25057866806401
41.745113871553336
44.31216172771834
53.393021118818915
51.49444982634503
43.72698139660084
40.663664241167446
36.41352171122274
36.16730387313041
48.82114303248428
39.315667469006534
37.49591745881644
38.778851868184525
42.1681336066256
39.45626062202338
39.298953037091536
53.69184487231513
46.0985799976635
49.247024067590885
41.306031003625705
42.4553515075398
39.804689877685476
44.21859997167857
40.55478496366033
42.95719798941914
40.94028721005487
43.65184175182651
47.13538500590063
37.36317841573099
41.019711609161554
39.16560745107696
42.724298034745054
37.56544322896639
36.928801670444805
35.73947581684495
36.590779007258206
37.35968345331263
33.083410005614695
35.002122788879305
38.605176084390244
36.49857592801403
36.74270847959011
36.22125898025585
34.543974933892684
47.22199269777913
45.58177055819126
37.114996750818555
40.59939454350816
51.11469928894777
30.101292549172985
44.24983242534239
42.51863223418941
41.463652079042944
42.554580786158866
36.88244818722741
42.341431188970255
39.18601339618697
44.9279611540033
42.07412821747014
39.32365967918383
41.838456118714326
40.51292873452929
44.83200914520047
42.79475007065379
40.06970266616422
44.398688173001105
50.19542150970584
63.162149077083946
51.32057939471288
38.83242713729098
43.77944538406739
41.875668475375036
41.81484721139119
39.988014729540325
40.145967390970036
31.991142966396
37.18789676031477
41.05693799590912
38.83463639193295
41.9443873841835
39.32289462006235
39.37997017195506
43.59826751172585
33.08844924339027
43.276754754735265
43.025467988792506
42.51691148958712
37.97107031905267
43.003040116975974
37.99472288066824
50.97086478843887
49.90071780272665
38.69380133389167
42.53195326574232
36.03505291266918
40.14434757371128
40.93594433553653
34.87718290033748
35.941344803080504
43.68770113727706
42.72345023608672
48.37618171655851
43.83732573855282
41.376241118889396
43.16994604563084
44.26202552616333
46.6494342739558
44.267295822722566
40.039181628700156
37.3680133949887
37.33418734118312
38.00574811259729
40.16239916622671
39.11883015680449
43.84012542797337
44.56845593108935
41.819028858871775
39.37518614065727
45.517021282146345
43.559870351170915
43.45306041873954
40.25298292165411
36.612281522391086
45.99671723957438
37.845132141113986
42.61739568657755
38.7143514662715
35.227279467486355
39.67313294526981
37.89508407840801
47.93304374817142
41.846761661555945
41.29543117133581
45.75394900803718
34.29972222505872
47.00901272891641
47.23807378231977
39.30151322787776
40.111591104442184
38.7321985532064
42.2459033335976
38.11283639011546
45.54527056362651
39.57576948292528
39.08917503047865
54.14451129268556
51.88764686439482
55.91925104998244
50.30534870665311
52.967736352146225
56.82237258587518
54.69749269994434
57.85664039179083
53.72140993236553
52.15839879332635
55.01221827368468
55.737997738353386
51.411893203033216
48.59562844437795
32.002226821826206
29.89757199338881
33.56304581791791
41.729695079134814
42.5387830843084
44.81935998762338
38.50962060303757
42.11495445463989
43.83333226988367
45.619383530026816
41.15567484835402
50.83001313150044
46.40831246025223
35.18298144172568
34.68512804900468
56.15433185565656
54.013082888767514
54.83731926124628
55.22188530009608
46.46810003061735
44.88359618987581
42.26255580882265
44.56672966265539
49.1782572812603
40.46861142989748
33.525599163887925
48.55668127751364
36.579488464353375
41.04390279096854
44.566956089619836
39.581598023243366
44.48092649230986
41.25071531455633
32.962560397318086
40.880897123080864
44.94472526005884
39.33294534262792
40.394049677721036
44.81691227655163
36.35993074897585
44.224705863565916
40.05701660346839
42.899376297008736
47.96612812168584
45.29110982698104
44.78071187859413
58.7668723415443
23.541586830951797
40.17406842964206
38.56415893041815
34.603783229372524
27.223975473368572
29.698739824548426
43.28165393692843
49.66831548162792
48.377123628092704
42.082799017475985
37.993088382495515
32.009634803110934
42.9986339645923
39.28562138805084
42.04754797070703
45.05034907322924
48.622454386513645
39.755562696949426
40.52312289904656
44.10523144806023
48.26299387135973
32.56449047307695
26.569085503795634
26.515042813520722
28.63477856508834
30.929313200080603
32.72310023863235
39.858782811612805
48.69799055365208
49.71886986707543
36.3558736136992
45.09053248108284
37.25674835870991
45.87902180745802
44.09742601654427
40.50135049032456
41.44334387109342
42.77957745828103
41.72484539818946
52.11019975017258
47.15033356041975
44.79855834988876
46.38276455270293
44.88950501835293
40.64205852864884
41.851706803432926
38.712369519699706
46.34568257972373
50.09685654579686
56.07238802021566
52.838041335928644
54.99529302707631
55.63136280358928
48.7729785066733
45.66963046827583
47.18429550476506
34.41677057910918
51.11673420204158
48.10732937045656
57.246352228897294
57.74182749163895
56.229385325979486
52.124837453298184
47.85775011256695
47.62015224545157
38.77548443637503
38.64691448115918
43.054400901549144
40.90427268599025
40.950048211317274
44.620904294653556
47.24402564737675
45.01589108837022
38.71563983686104
37.98008700521016
45.66337034324753
37.887163233109106
34.04610925509693
39.90379908519691
43.08698050032053
39.855012947339674
39.33677246816476
40.02620009869982
38.07512061888139
48.170560499373316
52.70593835052548
57.37020446652343
40.31726924575971
41.151038975085555
42.29793280757428
44.049597374299495
47.992506873319776
46.56300459918625
52.787688642664996
50.56591189988217
43.74025817744676
43.119500608430954
43.686080430943214
38.17750374802764
41.70576070430906
37.89250823265746
45.203323955538025
41.033561412098884
46.30361926532357
40.51314207060984
48.73682657800295
47.311697527211244
51.769620873410645
43.70848129586204
42.96032685821819
41.13164804694829
40.229091833652895
46.845438006051374
39.7452070236727
39.41405901421536
44.20537174890902
48.9854067768503
49.5405613902467
52.1104062829153
49.4434900939652
46.47447415256968
41.68689399939725
49.372050096196986
40.01029447537595
44.480154196439806
47.22399297954961
43.13828420881922
40.04761138240018
43.2231506740399
42.59274946117087
39.809504820590476
39.16136742763777
41.81243124542821
37.647780471650755
37.33497451235491
43.86422419910866
41.65220159051103
43.4383061910571
44.411702312704875
48.573450562485654
38.61754031652295
43.38274577207703
41.46764293009879
53.46871221796008
46.028845754006845
48.25416756954863
37.07127505686912
41.026421217267675
40.162423798178544
38.34243531960863
43.98300401364521
41.71061909643977
43.524843661781865
41.39604521599762
50.23219587374746
41.038035844529944
44.53864557358187
45.47822871509043
46.78001283949148
38.578778003510855
41.51577247804731
36.54601442092636
36.1709662690268
37.635388196654645
39.245164426473394
37.29404986076326
45.795280099313274
36.09755704100745
52.80017082738014
56.15149232528292
57.71070987649284
44.94537489307361
50.02609499144444
58.16080513923799
43.31631776971449
40.38239991741808
43.33610398838237
37.354704426180085
35.179175677850445
49.035786059281705
38.59241596355631
40.9874462575491
44.176513636431075
41.05696689179076
40.7799447014019
40.39967901733997
39.49909629485123
39.25850129664961
43.53772032837528
39.877101289432154
36.40294944685476
38.57473079032998
37.06531914278796
42.370172099934386
45.0972735082076
32.399691951673276
38.58349606142066
44.95600700424191
41.11966890374821
39.45725501001303
39.993047057422416
33.65381280549051
40.54427296138512
41.502401081070566
45.674452866617344
43.69127009669644
37.34339128853511
57.2913988683488
47.4300227894048
40.469762445777924
39.78544894628183
45.75619963469021
50.9183012664245
32.92413095841216
38.27224195108431
30.388747827016555
34.139831763654854
44.24387755191982
39.88175932632859
46.58989923912303
40.47267871804613
44.53864847440727
39.0934153593678
38.56163466221149
34.3775073328129
44.76924783619099
33.259986065246466
33.7554611887539
37.24068424687372
37.39281349158923
39.30009878248629
43.03351305481777
35.38569810073763
39.07741118251696
37.152879363772804
36.81067507991716
37.57247805419137
50.52085116879513
42.83348241765488
50.22464398564659
38.68943089927632
39.166138345549
37.209317920937174
42.4390098959497
48.86779877607769
48.20636551000825
48.73683151447803
40.85401604009735
43.30067877047223
39.267408998728776
44.25944145814901
31.30277424913301
48.04475785459303
30.41820368486904
30.300217935038695
39.06599744754554
40.06312275246143
37.62411103003696
38.782290310805635
38.84431656981664
34.92253906424713
35.395216647045146
41.739790079655286
38.992898891090015
37.85960393198927
39.68723968845055
41.37932136344169
46.23574903678811
42.76794699278498
43.756410769437394
45.22698347338748
42.48998523391141
43.13362575151914
43.53844545535926
44.6894739860804
40.88752435235891
41.77823595352163
38.76510013166633
46.585744425012734
50.334120455480495
50.74388765029317
43.48673482945219
42.22658547955902
44.21590671793099
44.352851038337775
53.22248915414651
50.29845011712136
38.99764450036809
37.4828163545889
41.83632583921428
41.855819013390146
30.541238695455185
32.98468765979368
56.37153023461829
38.56825145992976
39.56121336516862
41.529717484042486
44.2231219933526
47.545040614207096
38.882119974400155
39.38331914650303
46.14029094600895
38.17942620545697
42.48051196455563
42.87881077576122
42.885628741714754
39.528231699757754
41.1781029702131
44.09555849342396
45.897970666606525
37.866306855465886
44.895633476621974
46.28039898100007
36.036523764899876
40.44513717168658
41.57017293796469
39.010552442074925
33.64807411560464
41.18557682408796
41.190240799293164
53.49435441362786
44.977425286104584
40.643023422686575
43.683521939470445
43.751812125127564
37.21371198659951
39.88540561937706
45.93029346355497
38.83145884306238
40.792771606311454
37.618495638636574
46.37170780709168
43.027004098522944
36.35633395028329
40.4415748303077
47.62792403876981
37.993375181893214
41.07431993669858
38.70494322061359
40.059257346317395
28.655999119458585
29.240862729920657
30.694019319938818
30.652723262937656
45.78773910363006
45.377924284188595
40.54490691815903
45.651282155471996
41.449991396249786
40.02204458258941
42.91438282843504
39.69113124621142
38.86420384647544
34.528886708991585
34.00524307252557
33.70131149980421
40.57306118566694
40.09518918017937
45.33107094561268
40.81364334939925
43.172282522414555
39.73067308450156
36.30160119191071
45.98291603402309
41.25814507768625
45.977246022988794
37.606776371828865
37.46353192435669
48.26163962603554
53.49531875745101
41.34109376065739
53.81519100443504
42.72197514785771
46.64195817468166
48.71570918723533
41.74362398849289
41.173258799307874
39.631814338281416
41.362104076095086
49.20171835312394
34.92332361753331
51.01349098351661
46.8989680570028
40.603306485734024
42.24831777977515
38.76038197390452
46.113106965473065
44.630772806556955
41.55914279198955
41.246483684160715
35.87709088744526
48.57974446783498
46.09415246767237
39.08652643393552
39.37945877661981
38.55714077422851
40.45014639495784
39.24871362921831
44.40747049678602
41.620761211620305
39.64817100897618
45.542104243664085
40.625741959257624
44.01212202846511
40.83845286993778
44.426770140380484
44.425496032316225
46.80419005477073
40.93177169249705
46.963762219279154
43.7989018564006
39.851348270548165
36.88031696372932
34.00334028108688
48.920255091777015
40.422250092922695
49.972745860567024
46.868722267835935
56.89276363643455
39.528577722981375
49.032116915779916
38.09207431570235
33.110383796510796
39.661707493847025
42.787543816611525
37.39562596970089
39.5403694883831
39.91733766736545
34.618861016921194
35.89047637449583
37.62747754302038
43.7478344201747
44.81942163619168
44.90342430700421
45.4704225373561
43.62850647079863
38.83511872874997
44.28171229766093
42.473852460117044
40.96184225411215
33.934969437585245
45.772446925702965
35.7592275635123
37.64685229266644
34.29389003292032
40.62877938104698
44.264204754580426
49.641546119699846
32.25918593280191
32.650958653924484
32.54576103355153
32.54576103355153
31.476751600832188
37.88219117605315
34.024343108378154
33.26703155016604
33.23749703458619
32.69425841343748
32.780655626664334
31.860495092839876
33.33927589182417
33.06892190977664
37.13783377619903
35.874515683564034
50.1471244584441
45.24145150950533
37.64840779891891
38.86406103016101
42.204573459813986
41.74511084672946
41.91599662048037
42.37072030281634
39.59778579050475
39.37813975674885
40.70906447168475
47.18117443978397
41.592663448211624
37.45268153443154
41.68338228411278
43.27615843113835
49.3994427577125
40.04153607875884
46.13185262122572
39.593298442653946
48.22149475793491
32.17802223626657
44.83122759734149
50.09558994143736
56.27747895822502
52.884177376128115
38.85500673525733
45.48011148469048
39.18375631521734
40.50739855847982
37.794698652187044
40.2709293540485
43.200739135709256
40.555215216922065
44.65184432021352
46.28194215446017
40.33301390016563
39.64532911239004
40.95403067043051
41.35703451211542
40.93098497060375
42.31613592316126
42.839178466563325
40.849988812536104
47.619511063602296
49.29193736396149
39.12173575503639
40.95795266279073
48.07603704625036
38.04650144038768
44.80054296759288
40.16519435178709
38.83379463530781
41.37805140318085
44.98047805861394
39.03390943549822
40.45218768532266
45.34736358966525
38.75450155000405
39.65318001187034
37.4862947854539
39.467439969268554
42.28916852023902
40.061991935911806
44.88973623363247
47.93160875660754
37.445708925249626
41.18233505890527
38.58210395122777
44.722867222225304
47.36601917437507
36.753632778761045
37.44845970210598
37.83859382039661
39.253270524160484
45.300644671084996
36.4199962565348
38.02724589505163
36.94447393181906
37.177925044781496
37.177925044781496
37.39317590731215
37.477134987316695
38.085019993553075
39.69609073521219
30.73864474215566
47.45061381623426
48.279977019621796
41.2933658439815
41.48893311825223
41.23709665982355
38.830509590353195
39.9880473228755
39.6740836549005
43.58284678159397
43.278964567417155
42.245360218517426
39.157463157029056
44.344566939145814
39.04350253749536
43.53837490488644
38.77408326751128
40.11473221448482
41.236674452418264
41.86134477813391
43.8184512172432
40.06744210290154
38.37063242189089
39.91169553717068
39.887150052320976
42.44165543608402
42.82681510682691
39.90694367300487
41.21917118044173
46.74076382179838
26.396809460104652
41.77406939426582
41.77433434361124
37.48965119739035
44.71368526131158
48.00129560637175
36.16506794830382
42.57887675022184
37.688989970410866
41.0719864173777
40.62669536614338
41.86559104837231
40.40779746029265
40.47877393186715
46.316119694157194
40.40882241144373
47.488925073196995
47.706029006684204
35.97549619842111
38.23612329786768
40.09021012635709
40.799527293911765
38.96987433451088
50.946068473971046
40.48291186312514
42.23616938899366
49.137363201070706
51.215660106796264
35.562080625063295
46.15024029254457
34.052823251566906
50.62410867261241
44.163096370000716
44.36336763478848
42.86521444142882
42.526989149863134
40.93505851168247
44.14373614486219
46.70658432386667
36.58973956929599
42.46634468863969
41.40365512942377
41.00942259931578
37.59133910647238
40.73569503061672
46.985665087533455
34.23647772288394
39.55922655107552
41.196235267358546
42.6023410760477
39.931338516034096
41.82875347220438
35.453440858085656
43.439980806368375
48.64573434770715
36.15081307337147
39.11114919086732
41.54428349284306
45.196123264481585
45.05231725018959
43.24302440260568
43.08644465488242
54.13616913480937
50.55918683211614
55.56119171924523
54.14657669203536
50.34222182886519
54.63004767442229
52.07808139821846
53.73382698490116
49.640142579940644
50.9308928004705
51.096326913800425
44.924095796421696
42.140193392761844
42.436054348615635
38.381062623133495
42.691632795403876
45.649713646352346
47.46860572288771
32.87168410408458
32.23270556454178
48.863278006656024
47.714814263716
43.15916581441777
42.1344652483602
41.12433835742002
42.2393220215376
41.99800420197993
38.45668315894742
42.05504181174493
41.83704134010406
42.66501149720704
42.382539053678215
36.29509497759867
42.464532481091425
38.21497053660789
43.41462244184243
39.85427474049994
40.663879716898506
39.428652888501546
39.907329018999285
50.75368425041766
58.16779407563255
47.56651616314714
39.035981851884124
51.97143681544986
36.51852125646206
40.42358491096144
44.39864470944081
43.95536734091057
42.674835345799245
45.07419475740926
41.442027163585166
40.55482402474736
42.13363324410522
38.63274903010488
42.259662944045026
41.859689242685654
40.60338415212277
40.03261133298352
41.68317419221221
46.43636120811084
43.10689799871463
35.37876491463725
37.341851903776885
43.25888907792707
44.13899569804943
43.93212789964545
40.248705370091194
44.9517348417373
41.78615652074855
40.07127421539819
38.85741233261993
35.79740459717989
36.95506304981536
47.03865050291121
41.383256947261685
42.16386441738443
36.89549785529493
39.53990380813276
42.21092863322414
41.786381280243205
45.72745411657323
39.436886387127004
43.25084039524158
38.726785231963646
32.680968537200386
35.46079978977508
35.555932985074314
38.55407754862457
37.23888868099213
27.622071953823546
29.95994035033833
40.03209852833918
47.93902053774278
42.3275454405131
43.627401409720086
39.92684637201849
40.518409191259344
38.281029071574046
31.388945675613265
36.381349635977614
35.170779237646606
43.36750552065921
35.734105929506605
43.12277094060892
38.80399099157688
40.54746203898361
39.67858487593692
45.21304129379614
39.61402064692302
42.572616438613935
44.209917811977924
40.33176879953696
44.77564458960181
39.11745618288752
46.09205471194036
40.27367008911306
38.21107849743246
36.88351927338117
35.481711970838845
42.170258890729706
40.65645969839627
41.253328931908236
45.1752663053659
38.95015969471799
39.16886842958371
39.1545656098645
42.39976243731618
40.05429624596285
42.71073055713557
41.62183097615119
41.02948069447633
39.984265982464414
39.884173298780716
39.76697768274789
39.55388992704371
39.68127547686955
42.885732733465694
46.0051823525076
45.66968075143994
40.692171882882626
40.878431034910726
38.282461939877486
46.306690856891784
48.02030810551435
38.81382561799561
29.980042805805105
32.591089023565104
31.353253826855294
51.427924884813805
50.5432549690709
35.07264218771932
40.63444547435068
40.90800127433721
34.25738495551383
35.94424795287316
43.76587222333297
43.903409841613396
63.66893631767368
41.55026385699451
38.1082246145913
34.66801235107177
34.366652894843895
39.073427454430096
38.280036155818834
37.65846143424729
43.312144163206575
38.409077354575764
39.617014860126616
47.8423272058024
36.87354266420313
40.208211282884655
39.39595589407296
40.44983855003743
39.10494513185882
38.79563043681726
41.15004248318793
44.790796507962504
49.74515057428669
51.8405245737629
54.47685461703901
46.81310026095955
44.167535811639375
32.08918266565207
32.15004225430862
30.85454440258653
33.38437023641845
31.23632362695014
34.60631278724123
50.86321189536383
25.17931342121657
60.14405345634407
46.2905416250412
52.12981367470819
36.038567226595525
58.51939358489736
54.28137140764541
38.011204797464316
37.39340037716621
39.096185932913706
40.16828214444302
42.40654734311218
42.55419354091168
25.637380170132904
54.33480214997291
44.171444526049655
40.685945152270875
43.59729080708117
44.1413249680222
39.06349224504666
27.713953201408305
37.39299306327802
46.84322420949549
37.61163083943608
38.93127791154
32.080523866208
54.0639515654482
42.64119506435952
40.31762198658125
44.04295188685154
43.860757275020035
40.53943460744249
39.84982432052758
45.45933908161101
41.75772489874613
45.009580930096355
39.46031524964304
41.968049228757735
42.244433568845444
40.226781101301995
40.43349661526031
40.43349661526031
40.41780006377758
40.23532964774122
42.21142438819738
37.63121782677171
42.28719680805613
40.491431079103904
40.32299374464458
52.635123433028525
38.66749362231927
45.25317159388591
38.784040121727344
48.426610648871936
50.38029081499302
51.01930480511976
46.25508182920229
55.300855461119674
37.23246468500832
43.711458819869435
48.878502650722034
50.08134304929968
51.8471102620092
52.585061588508566
56.15400364792183
50.456199539501334
47.056666720089225
56.916523487667966
55.43302753870665
44.293729563309675
41.16075410885325
38.3321096274256
40.59615653113566
43.011603985593375
42.32870633813938
42.50407565813201
42.52756056126746
39.65497106910194
44.09192715052515
46.8148622611584
44.231677748993754
42.415037907683285
41.30631313226606
39.74393842740389
44.40249726802542
45.33463932296001
46.38916013973738
41.292796758570134
41.64580671643668
40.083492601075946
42.32723376576236
41.099847454502374
36.51938387645162
45.232399699329164
39.37870398760944
42.27251192152897
33.953081405890295
41.368949927067106
38.013120563717564
40.36325551850435
43.24199139822617
40.02331667970911
44.27083442516106
41.42972955673528
45.124901840440515
39.49558286474453
46.20817842936318
46.01922852240529
40.722156729378334
38.29803267012932
46.520983250710934
42.40416713063252
45.15115952979459
47.617766400570346
41.934296747488645
39.69043443419044
38.60452220682985
42.329851208505374
41.63357507709159
41.2046804956363
38.30084351355608
41.57157139794995
40.541786569816416
40.46000698324784
43.138719988139435
41.45742695358561
40.15816678769544
44.19641992663463
33.18784378430698
40.56425958090543
29.411450065546063
35.51696125478106
35.69250818607727
35.77970572436865
31.684120827269968
42.01531725468476
41.80296594785231
22.61636653807739
30.74234458489843
27.778472532805026
33.32604297721766
31.42937107404358
31.868194994303025
41.487758157039714
43.54547567101051
40.790194687068144
41.56353861603642
44.09594397653956
41.05772318025508
47.05078857975486
34.56154938224767
39.172804611967564
41.13307685740111
41.128861631854534
47.218546257959
46.48050448195567
34.55148338160142
44.1172817029123
39.34248012378225
40.95181392667062
49.42730561024936
46.59887755923022
51.357360252243026
55.07350798157339
55.59906326810251
51.11628629348196
48.70120175516731
47.85203386554726
46.1645544839156
39.562905200596134
38.63911215529699
38.42379839660309
38.42379839660309
41.54138935736188
41.976083092931376
42.91683790969379
41.095911790864726
41.62300794496644
34.78984942039139
44.309146638411825
43.06209914850331
39.780913601034484
43.53540835933495
41.51296915299604
38.4857783708639
40.122911719836225
40.130563650331375
43.05740260459011
43.55317123978907
44.69185687055562
42.81836487279233
45.689411289414515
36.24179266813445
41.941622069519845
40.16649630922043
39.05774373992636
41.00709498770401
39.15589401270672
50.32685494317737
37.54276572477742
36.39102310118852
45.89039107742929
40.467895465984654
41.10009204217407
41.91081882903207
45.71642408680617
43.3343253404049
43.24876437076585
40.62507786171139
52.540243390522015
36.36386161935865
34.54906776575103
39.463439661789565
41.006334428335066
38.53280939968191
44.93739555228619
34.53824709139193
34.141547226325564
35.9038174314161
41.611568951183024
32.13942234329687
44.48565475230896
42.295995466827705
37.1218470448176
43.959198988019466
42.13528942865442
38.309902160968626
41.67962652660365
52.27589384118124
43.108829438854066
47.64754237337665
42.9684095676857
40.22893639947255
40.86528246358401
42.55997074426021
42.07162521141898
44.50763233470621
34.55873040657768
51.263367539564946
51.60332070998735
39.29002634589147
41.100415304136774
42.77758741568173
39.1202698985168
37.187843083411984
39.98253140017844
41.67962313432053
43.963078093901515
41.28646197768077
42.907499175556836
35.775650742957446
43.08443405688858
44.62205757366523
37.536260959854935
38.12600945031936
41.88138464027822
41.106242527095894
38.95261212229523
38.846091818339325
44.05069782432982
42.02432310489408
43.09974638211734
40.752595627248155
45.37371855627291
40.38715882949433
42.761851872872036
43.6653143786652
40.983330338415385
43.39333492110973
42.272189869603785
42.46159800554475
40.78063752752685
38.045723445966324
40.54659069935882
36.79854269826627
32.1920484334968
45.786156450550784
53.353821635870354
42.30190019807967
46.0439019519144
48.02186543812467
43.2339388632553
37.61160678364603
45.81712563902529
41.98160045525636
38.504792148117524
39.83185809211333
35.79291164102339
48.20774977322405
44.100852576463
42.917597571892834
39.39741608070706
41.72751456857596
35.2632846999167
50.05539608248599
52.15429665069168
38.161311702267035
48.584140855844886
42.43903862397328
41.7156092840642
41.42793031953717
38.96636537580703
42.213817537988106
42.781379963161285
42.49080033588575
38.77864070021043
36.288961002571064
34.7199728327309
39.14112290620637
35.53188303704244
41.239910964350756
41.555317344374885
42.24220498283538
42.88688671251834
45.58725935908333
40.928847248729525
35.081679325490086
38.79354520336663
38.34681795086683
46.757089270981716
42.77181508028518
39.760519483449684
51.1419467894084
33.86182690600676
34.701319389238506
35.06171484142718
35.574044373822076
37.74688738498885
44.35299500264019
41.53610987017809
50.10927450753141
36.19634812661264
42.666704493332844
41.79284609448729
45.60170165514871
36.03274144213507
55.740943901851246
49.853976066167675
51.4242647368218
54.18874994475082
53.49194495307724
50.7700877075229
56.978721663505844
48.759152390190174
49.09409406155686
47.73288883238924
39.77764982713032
38.114778904292365
44.641498293333775
36.90887312858959
38.641212944349405
41.86038071936792
43.02953069669191
45.33206658800793
37.82628069749963
34.45559765854946
40.86902425658148
40.99171175578748
40.26891816580624
41.74109240820754
44.90041156364136
37.26150950406464
46.044463330581365
49.69270157462428
53.97742190346631
37.621165189195985
40.96064267502051
26.65333930674493
54.58927636170465
34.87645738319023
42.666117441952046
42.85066041524699
40.50914292998733
42.62212283420529
42.842876391637674
38.94896046922339
41.50101353232538
43.02824700919978
43.836311564598596
44.027338269118346
38.75891646388565
40.38158354248248
41.62311301128961
40.01872966107005
43.00785389483048
40.81519314417345
42.595306481234914
40.94426509091379
32.39449893413331
38.74207058316337
34.440296436099494
45.263145656654345
39.31385745040014
42.76156050658916
38.642782633763375
38.68928055315042
44.32935728404359
45.42442467282809
52.79070456761234
47.75667822365685
47.70094546226918
48.4732180356196
37.58401601051791
47.47675326263441
36.47149402625411
40.766897974617194
45.26890166947489
45.55894938718458
46.62959803576953
47.574229494067275
52.97815660965005
35.03089870388498
42.730262627267074
45.67233279021436
42.50765609473194
44.633086407676586
39.33948507220587
39.541513113012215
45.44297750347194
39.61736063233029
37.49891047471733
46.00056273732853
44.91043913753411
52.30385028491129
52.458761602356546
51.675195831817106
44.89601403195546
45.14912927675452
48.941522346578665
43.99069771366699
48.46693242871676
38.86769322542319
43.993940748627196
43.9445369286715
45.78831615004214
44.05231088675738
37.9606898304517
39.77292261145613
42.32674122445972
42.898865630351054
44.42209705148611
39.301712222939585
40.03675769159164
39.827792844302714
37.92023623992023
37.92023623992023
39.385925654666764
37.482118580978245
38.54438572973862
41.333438850396234
41.280025879585615
43.01948511499199
43.574266941746785
43.64265675027753
37.7755131367515
40.943500537255204
38.03804364748278
43.20935664443072
44.74288904083719
42.33905400530742
43.626182722579614
43.389616977939106
41.09489961400652
47.90371409317895
57.86912162078744
45.87587820382922
49.857214794169494
40.44629267461784
39.271505908215495
46.44582472350588
49.37503537752645
50.63257009550079
44.43118174455925
43.807084076184545
39.7086972462085
35.31753004347818
42.78120435455205
41.868307920330054
49.50011631600011
37.71393365709376
38.72441059190911
32.247141003648885
41.67395866437935
55.178549101955774
53.42443572023768
53.127320575524195
52.91501993943866
53.00475381500537
53.275706563069846
56.93899420019776
56.24368115771298
55.92441605435499
52.51050788527067
54.54822556472879
48.1111910610789
43.01821441404667
44.666243935152565
38.146008305542026
47.28732717249051
48.17668812681166
32.48853047627265
31.109328543959787
44.51519664186128
44.100970756678805
37.6644241503081
39.92433050057109
42.79492546413491
43.25986391398229
36.8096733924949
44.31234534566114
42.10261635028221
42.10778629212975
38.69255831562953
40.02232682210945
41.36916424064936
41.9466273342223
39.86320528122931
43.210574880304996
43.735816115762816
43.61560510667207
42.24326890008613
43.75972024519737
34.47486536063468
39.56316212545711
40.810202345629406
40.28565231077706
45.52268505066428
43.11675225149524
38.235601969918484
46.839949434292976
41.72846326700569
42.60355338585953
42.46266637397755
41.54896405318787
43.414275882005725
40.41303761957334
40.152941250337946
39.830123628121875
44.411029241598534
33.895783074023605
38.039273851141495
38.56602338012
40.74128619759436
40.76981662226743
45.905143597889065
36.57947929837707
32.52329668666213
50.04074026583595
52.924317160800875
36.275610150941105
34.75525040118563
28.709009626586543
28.56392737207561
38.75744606449298
43.15405067049338
39.481742286626925
40.93310465289335
38.787663262360184
43.593324908162934
36.82429643203809
46.181381775832826
42.93461881329714
43.94689974833169
41.92528080510464
41.51711243961413
43.649797177989335
42.62867686744586
46.255324390703784
40.857288677728924
42.83377060272431
41.54107418908138
42.83579888662847
43.94685412400823
60.89155681668294
50.217415615884576
48.86792352105555
40.10527510434152
41.01303821122398
40.867474957392034
41.207193938996234
40.43775120168959
42.43583027459281
44.95543919863039
41.615154350180724
41.333726229849674
40.897855126734804
44.745694194359835
32.7661991279829
50.005730597166085
44.5688589812382
40.747878903903526
38.18047958351347
41.652791394731445
37.11663857491321
34.184205932989315
31.382374416655935
24.675253427734468
28.141803593794908
28.096536467412722
28.057634521489838
54.569716412893065
53.84980933926176
26.92040256095834
28.909121886092727
27.781965081278308
27.425364157540237
24.650291126148346
25.003253724455227
25.51959383740088
24.602883523965755
24.602883523965755
24.192673235499235
24.146629110051972
24.146629110051972
24.19882255845607
24.21380682804149
24.05656027097226
24.05656027097226
24.05656027097226
24.05656027097226
24.400771127571918
24.621672282683942
24.611270657935602
67.46985204543722
56.929186173353024
58.49543905184369
46.33533748337805
42.546938004075784
45.23407378649893
44.27930200722226
38.21317656485974
39.44962756866333
39.09522167396387
42.33738376588638
43.60355027797658
40.09104902405978
35.15758748288626
44.864632602521404
35.011535305039544
28.98970148250074
33.47382172103978
49.63938897576778
50.06807339702402
46.82027020472457
39.46357405022945
34.79572053359381
43.93212060882385
30.724919568913005
54.54389194760216
55.699158013850564
41.137934120985655
37.6683872802586
42.299645103926636
38.966951535087645
41.44923062447636
40.04292256694454
43.35030296892987
42.48966157055241
42.4186643356321
42.21054532453722
42.15114682629009
40.131636190501666
36.062244914596974
40.32942916036426
43.27305255025073
50.54203079770644
50.82379977222396
49.96471340243569
55.95290649778122
54.86683996655859
50.019025908505874
45.42334807890014
34.15249522211199
40.60865581472713
38.184746416690146
44.38908817076652
42.12357274310381
38.92341148713148
43.13046557186584
41.577348146762375
39.60780769228204
45.91036961181454
38.940200637493966
45.87164374090164
37.22835272703078
57.27587704160722
39.35312408682952
38.14793624738824
35.80242173587149
40.45954053658675
42.19536567374722
42.58569468699477
40.0266634178921
42.04059362889459
37.64972877628782
44.881845006908115
38.1274963713271
45.63024386086628
39.782805775689624
41.97602329464909
41.048388895869984
43.6941466304226
46.40133622670153
43.556807401274696
35.96872488359683
37.96141060192217
36.422251572957144
38.82638801246167
47.252404630679635
44.525172652677135
45.50386885707734
40.687280836182566
46.648041542683174
39.32083647026057
51.55740531408468
53.43741718970436
32.91315205544963
33.69022274295202
39.43725485838817
32.891275248622016
47.53530866973855
42.95372825010288
45.23449229418507
40.11421118618397
37.9461500793225
45.917852328754684
44.48104358602075
44.97601789954632
41.67346678086179
42.34670393663464
46.5394797937274
43.704947711187536
40.88586455664769
41.691452188160994
43.98106444529699
38.083295440867104
39.38894301076967
40.855352653429804
43.387760208671985
43.92487969058633
40.551032693353726
41.025078514643184
39.97613264719355
37.447380117175115
49.98310000373116
48.917664000247306
42.70169927883443
37.500013550446226
53.57017410414961
58.22994506242861
59.268456702081004
54.46221420256989
40.36143451444115
44.812237966663034
39.715213833976215
42.94778000099232
41.997360760363044
44.074134503828006
48.91008593172149
40.06476139379908
38.733367835809396
37.33523696481923
47.169098547874086
41.49546218965563
41.077410893215784
46.10621665377605
36.67054770052262
49.38843367166218
38.72345568268866
37.57101018684348
52.81967071087844
54.9526234531802
55.54842975419856
49.23671274505354
56.15005066227695
51.526968714509714
49.232512973956105
49.8409690695814
26.266369377877737
26.582347588934116
26.492330354311953
33.175878240706616
37.811656523041165
37.6924702214203
43.405500023004485
33.60386962458628
48.05142327166282
40.310778367028405
38.515919618690724
29.955871424150715
43.218529714772906
52.44411070772612
60.01123289699735
44.41715781575425
43.12053734928609
43.797703594403856
50.13811087890832
54.01452525838892
53.383792447737854
50.70594946090536
44.736920994896245
41.15274369103605
36.34802544826131
35.26808790094669
42.06088575739034
43.35161429563793
39.031493716773134
42.25816278272824
43.63207056462428
38.734097936783876
45.718391494780626
38.89771574836025
41.8801469563459
39.66777186428064
45.433783977674935
39.46699030329982
40.18911887315067
39.09079060720194
50.6163561183694
41.958759622988794
42.91916785593065
45.370609434254625
46.3985876217229
40.650322374329534
37.88885259453939
40.32009105538288
51.6711909651352
37.30587153487581
43.90979089125589
39.70661040863121
51.08736088959542
49.22691551027652
47.96304968727492
55.97618818121255
51.012408627296146
54.48400547287846
45.300577746447516
40.41647306174031
43.34533298040777
41.47969349330019
43.20623074682189
43.644126155866154
35.5834091506759
35.33040142571991
42.09827982840201
41.20313841351781
42.32855312637261
42.56430641890466
39.95623622553824
36.628031773075136
43.729442505947965
35.65074815541419
41.373937180901066
37.081586814799884
39.25395633525523
36.53134628208235
35.12435617613811
39.8717597764703
42.11492267595334
45.406772312162715
48.58724256038677
41.8434703358083
45.676156110010034
51.89825075774887
35.461138219641384
43.510234092219214
34.67873603719663
46.621867783231124
42.11115968086971
31.477088315714198
31.04321633701321
37.49325397163552
41.5156824719295
44.783079338593325
40.36144657833476
44.70166633746578
41.715881487209394
43.17427354780784
40.33379762088669
44.071833139325484
58.43881852868964
55.19459728371961
38.424417051052124
41.88770543950479
42.34432574821282
34.64893272839091
28.842241571253304
28.91119191753077
29.30620861320019
47.92046382345227
35.02712504025735
35.24917710772304
32.509154383333836
44.578266294125015
37.78105894839216
35.95344636336606
42.59703813654032
42.828921381616425
41.35149983418948
42.79590685740749
37.985177539559615
49.57995631983529
