0
40.9272696196737
37.47576890944315
33.307557124495574
32.628875083970485
35.52688911706709
39.96636575605775
35.52134353131807
38.56127143170205
40.10083261732135
33.08093456124059
39.17378293327197
38.550606137396024
35.47735201594189
41.75881588300027
36.298306112794364
30.493820956389225
32.72513422595065
34.64516774541947
45.294983145316394
34.40307750686137
43.219187946033784
40.12176544004953
31.21683541971258
31.237985438681857
42.43636832170028
39.74633857140712
41.39862733878291
36.28588085049343
38.16206841004074
37.409184093562665
40.96401168468804
37.496464468643026
41.80678883103464
41.7651329241615
42.28319924024663
42.76036409107721
32.52499691307191
33.1947614654398
35.529229899969316
34.59065280541721
31.58114479768021
36.60552909036361
38.397326499742874
37.56028554098785
39.00319077235873
41.684620990474826
46.692429927011034
45.838698827328365
27.874759953694674
30.26166627015309
31.9104634568831
36.158572603670564
41.88734280587146
40.99844313307669
37.76033178038155
42.886514583785335
29.8725010880886
31.44415166490109
34.897677629741075
36.25735624804035
35.09377062965256
34.22872149415731
37.27401920745717
41.01430968675881
32.05639014909855
41.866506326793775
31.41382362287214
31.158083553726357
29.341007912576107
28.76440087116481
33.70607741473738
29.383071216167306
33.198479153098006
36.15683384571705
31.060594785749107
32.43860155043473
30.912477175563893
39.96619664774811
32.21046895414092
33.69246612911239
37.5152639797615
29.43878294612279
24.508926058063498
31.36835521098371
36.79387639066787
42.04134303017691
35.70177859447872
34.014487091819056
37.095856888762526
31.8741430055872
33.20710671522015
36.3987725317402
44.92524598599108
37.93351616423322
38.32780926113941
36.53487298949577
36.60799908216176
37.23571767705145
36.02339731669522
36.03725805584033
41.00506337234057
37.60994255136265
37.596197831414614
34.98567675271905
33.951417780961314
28.924143589968974
27.90237032455949
37.027679552325175
38.388158130846094
33.8764891877416
32.943161035669924
36.806572003151004
40.52238826274529
32.88131670698634
35.3250459030578
32.97059205009839
38.77190875199347
37.41575764191067
35.910536330910965
35.57227713429818
36.94103443987484
36.90774214444141
32.58788157030895
37.88299803574344
37.22951982401702
35.93200484696161
34.919149424342095
36.594821251764934
41.348732718042456
30.07269268982376
43.766544007820485
40.217491605684565
33.92249753589004
35.67827910779744
34.28818480500033
34.26981011954888
41.23430084292373
44.782933541189706
39.66574483871767
41.04294884585539
41.058666406609326
44.069417760599876
27.269351191137286
43.851104250606014
36.07228113079274
41.3686139392884
40.60644462651413
38.28459225723256
29.8422681862253
34.13333107823545
40.749329842616284
44.33896109125302
34.164029359777615
42.76469530320705
37.140525744616916
38.57757460808156
38.955185478561184
37.762266291205165
36.77185192849
41.190191319644796
28.83137497742458
31.87043514532713
31.948828061724253
33.627708458333224
31.550944802483418
35.89106878567561
37.57483769282685
39.14681540952007
34.37675620951531
30.3852697341624
42.460762499120335
44.8167892140027
43.32944408901356
41.73249051105869
39.18109061751662
39.00475012228996
41.14775265317333
33.18572192103494
34.512086512151875
39.44706364991009
35.05122410672978
33.182996362923
37.771972954170806
37.23296840269554
32.931256423356174
35.12498867462411
34.43251608479735
39.846158940057215
36.35790834270979
36.406719637431614
32.17848117454051
37.96711534502223
34.18280370053479
43.32377677669209
35.09469595460386
40.960334529702315
34.18013129447781
34.400131735368106
32.956252134813305
41.181940005527835
41.380407775507486
40.45588341388683
37.359649253323035
31.8808448031914
35.81110882600896
37.07935731732744
38.26605692723818
36.67659767582423
36.083783913391635
34.62006049043391
40.462971323058355
34.1532045100026
37.49821350339364
37.266211635768265
40.08228638054977
39.47105857244815
32.65046933079237
39.771776174201996
38.45537024314877
41.94089430127333
38.23368257518442
38.53648352379432
35.02299079251905
43.79617772950914
39.03378865349165
41.01710589943007
34.89300396365002
41.356418321102
35.581564255525784
33.575482214589556
35.67901546479839
29.711629140532658
47.36452738634059
34.469082913438974
35.19559723086611
32.77194639882352
34.21212492171855
36.147477718213906
33.38936585502605
34.77103852359635
32.85832849236823
33.948103525180535
38.81537110011698
38.09506833317276
43.82082414059527
39.8974174037245
35.87929516742856
33.966731251908236
35.23802168353727
34.01452691497485
38.553195357778826
40.9391215887855
37.954735490987765
34.68967259726331
41.85208898955193
33.58984370970147
41.720063658696915
33.23803827269834
33.45404552288892
37.49477857753487
34.39916360389497
36.234828008511805
31.148437741465163
38.47829210126155
37.77926252571849
40.33629746131307
31.794988012059314
36.53345515867402
29.426294788204775
34.75997512140971
36.02231340795606
34.595668227244666
34.14059355717581
35.3548262076272
25.42578656913241
30.578167363004855
38.65526678006214
34.64238585470438
34.88628055244355
41.07776424131697
42.424123036607675
32.040567764357064
32.599227388163285
35.46998490845549
30.155792191035694
37.47300590943231
34.1291395992745
36.26932788365858
35.15644663559746
32.326088271617486
32.84092415258429
33.664790324940185
22.65274085393031
36.08414325485882
37.32725944893292
36.18973386525569
34.9178269298981
40.19043143423462
38.82561362570609
37.40367293712804
35.49796127459353
37.79422737266235
38.777145577036734
35.29625991771558
33.35274552340804
33.021678228790954
42.34011176027107
35.277333769783056
38.09981111599586
37.17029438299783
42.83194246457273
37.661171788975125
30.62647672241986
32.629071082967975
37.73666686263864
33.45560107345674
38.18921405735817
30.485255234121077
34.10018015577914
29.35514098996712
42.18380202169515
35.215727314056934
32.76503967217451
35.73416894814092
28.644072991637643
35.05178087988759
40.838261015100684
40.94736005362741
41.43510283242408
34.739975913013346
37.845801911643456
39.87378726064552
35.11660615086702
35.25986252199705
36.549884847016614
30.581505430160576
39.943339622520604
41.49709150367341
34.215432365347965
41.86654167118675
32.954233557100075
34.801986855069174
40.20977996669572
40.16929395239195
36.688820062668974
40.14254497787477
34.96811800347863
38.02750407312438
37.90621818688872
37.215216316116376
40.71696619325771
34.87495533055583
39.853284829358174
41.710371852269134
38.27416936939528
37.40907736398356
39.01298469789651
39.993846530955196
41.19448865847618
37.00429191517129
36.4210878613863
36.5244928175235
44.08728862228
38.00488876965347
36.52656287990665
32.62986704474096
37.71534736311831
28.775584243164815
31.090380978719413
40.70220369910919
33.30554910538088
39.86662549892129
38.84939635557739
38.80364988712375
36.84133039533689
35.9159400161663
32.979106317690736
36.369436285765765
39.037931010320676
35.83892979507778
39.095447438502575
39.4077285818345
37.89926975662626
31.302204284735435
29.052870220995953
29.68523527478701
33.522846869650934
35.53021642951598
34.92324187314773
35.54632101705291
27.23717404160276
39.30624172949541
40.802872141511486
37.66644853453963
33.692990121819136
36.224980309996404
32.52161450389268
40.21286024210439
36.38127412798609
30.441822512218927
35.94431776765017
35.30388137168804
31.769417223715262
30.302609145025553
43.2692430273904
33.50491215822637
34.42643477750197
36.235658990800054
31.80246564719187
34.10780038437034
37.02759086687507
38.430007606016645
30.196768525541586
39.07179427161994
34.46167191706799
37.38194785104919
35.64380971317428
37.101970525767015
37.505042364788046
40.58671360804666
34.410024192748224
39.3496816822154
36.75400493398326
39.81999806214796
38.04205454246928
38.64145091379239
34.9921349504258
34.102755109918505
32.01290251618157
38.934954017396116
34.231826639155145
39.190242743313775
36.82122266057501
39.47405832814838
35.4810051562858
27.90755442860631
28.58702252836917
39.66097089962875
35.96396271813871
34.72122863774262
31.50245715374339
41.65095804774719
33.689513126280175
38.27773990024103
35.90808253873976
39.559516108499956
36.23381334163696
31.933212195684337
33.21210836756392
29.99419239563206
29.14430985389647
30.487593356320705
30.39807448645571
27.610778657590185
27.598851343665242
29.516792267111622
28.640155364347677
30.190968144857877
36.395524899919245
36.47941732255995
39.62941038520615
41.970803497853254
32.78621345516675
33.49174458262501
35.17649297434492
34.88672355926709
33.13802112339264
45.26745752394687
31.09489214151678
38.2989038395388
38.294800992813016
40.86762457168936
41.36471047429189
29.38291363192043
43.84126901391639
37.29511957243957
33.32851575122981
33.545439370091714
31.853132757865954
33.21476286779535
38.12799626223804
40.46674630382563
43.38809912855594
41.16120564558441
39.53448951400883
38.35011844946174
36.790123961346524
32.17228837164604
39.56401632177398
38.75026852484801
39.28456111078738
38.73655592876279
35.46885230294905
37.37363421331353
37.944207346557604
39.262629270585066
39.78408310215691
37.253383100723774
38.658683647522764
35.1961034782602
41.18735419625901
41.87065179500957
36.655919408171464
37.43054409623499
43.05757280815658
39.88290826226655
38.49367660393258
34.92844704332373
36.60465536444943
32.77673285621169
36.39658849201715
39.27888225593836
39.02099314927874
35.878616302340454
41.13838788495954
31.96704521251766
34.26890662725408
33.81125446841078
34.606541354961344
37.97515697023893
28.733072908008804
30.438886435042505
37.543184885537684
38.21564037208262
38.58890284431119
37.98358542393624
38.73327075223196
33.89295241639262
33.71034262626675
37.12549553658427
35.65273445079251
41.92390380698515
41.486022160150426
40.851448968766114
37.2584698099785
40.656945008790814
33.42942626105849
36.46089704577391
35.577576377707935
36.34123582866313
35.72404626266333
34.18121301564531
32.34386411191773
32.33197046490498
33.645596751112464
37.77726157133683
39.52278830499436
39.537474229144784
36.99635386769718
43.710075715533264
36.01612514346705
32.420685592426025
36.31115801447489
34.34138098437254
33.366874968470206
33.857173249992144
39.2434018596761
44.07476102375633
40.71731441760396
44.125570192945425
33.58108947391828
36.65037825233877
31.924358220241906
37.83259724081272
42.91748939910707
38.12078829605909
35.41724460656513
38.69623850361653
41.77612737406608
31.47503432798176
42.76807318092459
43.406998552826664
36.53641463058773
39.693475972998066
40.02103505891124
39.04318573399796
34.49112562753869
38.806878851611216
38.63489807959433
32.74432187177212
27.41607675104274
35.04247927547713
37.3172099559062
35.47555033814078
33.94713707164326
43.034542199394416
43.40066094456784
27.679039929211694
37.657683184524984
38.42461728654769
36.1986748846047
32.741924414196816
32.42072634080797
31.74022282058664
38.523861007215295
34.82549423898295
34.61870573015632
33.67447473991628
36.519189839166955
37.000979066366604
35.64396349519159
40.72148022067106
31.534143480106003
36.399528722957655
41.808388370445954
37.174734098915486
39.242332553861
35.77983212565342
35.67405684686385
33.30326156733633
33.449334362377776
34.41642459226829
36.590900648573395
32.28737847681516
38.49153762684045
35.56179915145643
34.83478613777624
40.43658505418194
28.688638201596028
38.039622282084395
36.03867474262896
37.48472713370359
37.72131919719753
25.984517820524143
27.591341859113253
24.877736046129474
34.38766526107484
32.267886200162266
37.838377817474466
35.12271723895757
39.4604283645354
35.37077732582792
40.98989742964662
39.824437895769506
38.44115326841128
36.76164558067849
38.337595968288106
34.168574305643666
40.004782536509005
30.99434267434705
34.19955401936696
35.084671488401
37.70330176528617
29.636334533401694
28.532067984229133
40.04341778219953
39.07635611793973
40.30757158347742
34.94669377278398
38.597145848380656
39.14271336095152
41.042887352921326
41.38869500863801
37.0370097938285
31.937136282857328
39.37685850257341
39.45244258521181
38.96360512346755
38.20155056553032
36.59852546284268
34.49017137404138
41.27670335041951
36.27942107220742
34.96162692250718
27.671811351181656
30.45846406252832
30.670997678638468
33.34705098069515
41.314189622915855
32.21185531108902
38.08260376631759
31.71476420600367
37.55201137132822
31.430069188113666
29.962904300702327
30.016819450262165
31.736629292259234
32.30990249146302
32.67161218756442
39.5319175716496
38.00356964709606
38.12255640726702
41.81856066650748
31.992941259562198
26.98416254052472
34.38433752669876
33.06617113771039
31.727557304132823
36.06871083981674
35.77051502989493
29.858094182586267
40.4567959806536
39.86808850304563
40.45870664566811
41.13265289686307
38.08242267215958
40.22675769913894
38.710776864226254
42.72881253494271
42.69672419649635
31.71309991572675
39.49964098255074
36.478488950809826
35.619483714598765
44.43973369608428
40.27250052469168
35.510290180817954
37.81910735148939
36.022576535597594
40.240349833546105
38.0378439340891
37.62882919871551
41.81893768113673
37.80327447177544
38.89012803748817
33.37081991465253
34.410523042672345
34.27268081185161
34.27268081185161
36.157882782160286
40.045196145019155
38.747348364917116
35.51600600979236
35.487554783467196
35.93568525270341
35.8487313978841
32.311542717576266
37.81135949400947
37.83559327262408
38.740453261893805
37.41130953972223
38.08491710303235
41.155712118007074
41.84213086746143
32.1970278376464
28.009832792269513
29.143880125918923
41.16646322993988
34.04874847023367
44.52346870785672
43.54664008580882
34.93012536133934
33.33962545012459
33.48526230134376
33.83414590081759
41.6284602799578
35.04328644609604
41.32260920226213
41.09533856862598
38.317804919031595
29.343713746111113
45.68711075468591
35.06751205375695
29.29767349846262
36.65631354198028
34.437256967767006
39.0430562775874
29.936844475286986
35.38358938696813
38.693889806850386
34.71654171726838
34.82501816814549
36.776118456905266
36.25278104694212
37.58119561910344
39.1509895656785
38.62605993920129
34.00553772506132
38.17902455467807
37.37134877591226
37.181515718171646
32.83784496614932
27.61521040446355
43.61578784794268
26.36804457163193
43.96389190686114
37.02310619218532
40.09425746921601
35.08190094880736
37.49155380086809
40.23122774635507
43.8814689427654
35.90790113770999
38.180373767742125
38.54988401716036
37.26404250426869
37.078230563448344
37.219643852340404
35.81565292025432
36.7864153352669
36.83870173446106
33.520457421227334
40.08619920794774
39.00001874195085
36.443215737425426
43.53172453406048
43.50097429617584
38.654501627649076
32.43712484211039
27.505612723388147
42.73057993535917
42.75302547428755
39.0522697505487
38.13245228523707
40.66955608810049
36.09770064043133
40.652802738698306
38.761537368674894
36.527513612084455
37.077892461668206
37.034917966707724
37.034917966707724
37.115326074636585
37.23013853806928
37.683447953575566
36.61474496856269
31.194884001045796
43.520138601502566
38.12284821004404
41.260412670343094
38.95709245873298
36.618436860569524
39.81288226820011
30.346247474226313
30.738572466046698
35.10870963289806
34.82201939360101
32.32566840236566
32.37940182395381
38.47342533235304
34.79676638577073
32.965991969973366
34.433460684598536
27.291847768248335
37.28447660499008
38.81746541167841
37.56449881033725
32.42597213104263
38.36171196334063
39.20796358614108
41.051599764409495
42.966151791595024
45.86935048246548
39.20386726457147
39.74338106977746
39.86337270376048
34.44767549766665
39.8540612827935
32.99098724903012
28.79521469466959
34.77693142555603
32.58150046213675
34.091661149136314
36.50018416737566
33.400364310285916
33.94891148743883
35.191656142787
34.2199718587057
36.269205620414944
39.09276937157391
44.331794250053136
38.93933477197162
33.66707173543784
37.111286154337215
32.627740093882366
31.957025451547864
36.276553849453414
39.66303494641637
41.77807327889899
35.26508234807451
39.898545131046205
39.04048785847654
38.424434114153854
40.695599116517556
33.746500707695695
37.83620902727581
32.97474100857603
34.13650677448929
36.828811154987136
37.26399308838324
37.63874100136306
38.682956982353225
31.529238866527276
25.794543700950587
45.20307459075938
35.92680784172152
37.98628608767612
36.554560650714784
36.07096135084222
39.24388506878195
39.87435759942814
37.64077828421282
27.687551922202463
27.341939510105096
29.842363239334937
30.336635469634032
30.90540530199543
35.47514162684876
32.97704901891801
29.658064519517808
28.90589796444848
30.834499806166264
39.29886465588036
37.63466406938036
37.40373645823058
42.324619093525
39.382770695311166
38.4349646793252
35.53256661787388
36.104327367891386
32.91055026154532
35.13100351901588
37.337979365930444
36.37090748423899
32.99981510232003
37.63758751958557
35.41778723164313
33.183247141111025
38.12635434144045
35.031263036835355
41.958961985073124
41.747707009655606
32.67142123879179
39.55258478964964
37.80355554316069
37.86784288916686
28.581120655030578
27.48563745448655
36.79527782382971
36.9245384605753
37.59597319773936
34.40570040221251
37.0296190614319
38.52687686518138
39.94796318743919
32.77706997260343
32.916835036024295
34.811141776813834
31.95602991815811
35.386043038717204
35.38608836417731
41.7968107605601
33.6052857439875
35.44581517403677
43.741567093208005
30.599095070233293
30.663412498291027
41.79826786464071
35.04899178492986
37.353528250883464
30.785370557013927
39.699355242407314
35.05630824677722
39.84207933803266
42.234266803972076
34.02417978151257
31.254887816762324
38.54052079577168
35.894624949181996
39.388295887620544
32.43750955552987
37.327501779913995
30.074301189585523
40.796035856125506
40.05559370370516
39.91901426655014
35.822483965079144
36.91231991877691
40.37842659918783
42.227912654265715
37.7005942795222
39.69852668104183
39.89823755575632
42.56313246052327
40.582277400008266
39.669239763423235
35.40321409831444
29.367701973713253
36.507909444907476
36.04206730511667
31.646365653420567
29.027534907340023
39.71346558434517
34.80152584786412
31.21679037665534
31.305437211043593
29.0104220140708
33.39183023666783
34.754177096339504
37.938336303530846
38.602707778179294
34.55968299567085
32.643798710371
43.065370414638586
38.03864048909496
38.205784438643754
38.74065486615339
38.07183481830833
43.562690974692735
40.8925404465698
39.84185742892656
37.796673542113936
42.32142552664955
40.27204222397145
34.82785026467874
31.88669961372901
32.29329039065338
39.77039000493147
33.717320948226316
30.13670045685684
42.77784036397749
39.12941524227102
34.38471775467885
35.89192769167451
36.65628678632618
35.27169687366548
36.45087350721619
34.076344677529086
36.374369737130515
37.75203002144394
32.378053084726744
40.20379772122463
39.230114122098556
33.25296345105253
38.853742021142516
38.8871817022621
34.95606913682912
37.30162243813064
40.17286707042835
33.4608804801165
35.265254542579775
37.077709861303994
37.114177492329965
38.793882500597874
33.611749054776155
37.63571675277152
38.327592294866065
35.756943910713034
38.068068958896205
31.860238781642966
39.196948497312455
36.947793743618845
38.5993968795043
38.528728119925894
37.251532867658085
33.73192669870429
33.72676519452047
26.81324763519968
39.99043615976733
31.996720376293638
38.81527208186139
37.198547750011784
38.106682539599404
33.07342043483963
35.79554245106372
37.81406198028444
40.48007469446168
39.286655173968605
36.67142155585557
39.81770768134742
37.54001543738588
38.35754520667601
34.359247952249135
31.138816015867608
39.38010732359212
27.38727043117995
39.867272500247374
32.132780328577816
41.53704787750395
32.16356504741092
33.21788591160586
39.94048001718746
38.22526047970146
36.236909377021654
38.352269955990565
35.0610481616589
34.54609809123863
38.899410380275974
34.530132028169746
34.09100541750417
34.966326523443676
35.013992708523254
40.816135289462444
35.18730028793108
33.69043313092344
40.1037454167481
36.68825706037024
33.35970655605979
39.969749167209464
34.6836450732276
40.83139861043841
34.388350580771835
36.685696060477746
38.32486584692946
38.50512458199268
39.764054610749334
34.79425423168566
38.60055066514855
34.24384009847024
39.13125103462816
36.54879522592526
39.394215361823505
36.634181508324005
36.09679456246939
35.7402155280755
35.4867536775403
38.53294929805197
37.7200504030902
33.29413315821343
27.205057168956532
37.46641895595497
42.82942720806498
34.19441387714603
36.48982197903698
27.073452859068496
32.702116950743715
36.06701063885389
28.93991948015744
42.855936482654236
33.61493160425369
40.377011115816515
37.86207415685264
42.82898782696894
37.07416994370711
35.88939021098405
43.473002640508206
29.176758458127686
36.87268436287277
35.492344086518685
36.67342205959813
34.11858855236611
34.00751780523799
31.919590532640306
32.7753868456739
33.3534851258713
42.070751034410065
41.93468039415661
41.5562074929215
41.67315715889998
41.67315715889998
41.69734113740829
41.53333231052523
40.31579412250685
38.3281083299881
41.53876469222769
41.00751796924028
34.83598158685431
43.17266200475654
35.348810445080005
38.86781461566718
32.542489327491566
38.81598089990404
35.70243741142414
42.73334817523159
30.483143821301436
39.99655229224565
29.590104440687906
39.002267082049585
45.11286779119329
43.743514989286595
41.843346449143276
40.98643991134574
36.11794125564513
37.12260554051452
32.920707482104426
37.85144141223107
33.055051023082925
40.34042643714064
37.70975654764969
41.04568945283642
35.18731063470384
32.78030095036782
33.9956491045765
33.52869323475605
34.29840759709262
36.77483185097417
38.189604000267025
38.24483711402186
35.28968294243894
35.14472496182312
38.2088575376685
39.917686481330094
34.41304854317126
36.13009462118207
40.27863199028207
42.20373307545631
30.03562505426234
34.283718602357844
38.617596206301506
32.28356386697923
39.359573131914004
38.92922599576402
29.877564064932027
30.032775924807996
32.9127072125296
29.975455296888978
35.47376524599118
32.012722209652175
28.99098127751168
29.090088280639613
29.88563549726153
38.473149127400376
34.133103942454426
30.41280426097176
40.93080916172508
44.33325787756898
30.38959293082527
34.76734081310529
28.96949375404517
33.465283711852756
31.40792270215082
30.545350744779288
26.12578926350171
44.83411101229194
29.454530452149243
41.22055671969951
29.63651849371691
33.51803501032873
36.17463969421932
32.01287290124312
28.635558798704448
38.68003213562631
38.880165116166125
31.201338398092876
32.94431660219946
36.758414335438644
38.49385402804367
40.49122980812949
37.1667314234042
40.6930632922298
38.12793543796333
36.446390787301716
38.881465297471486
40.11351592782889
30.544880629859183
39.239081706903875
37.881791342036635
41.80636908960393
43.9111876586386
39.58479753224551
35.50131993472246
32.41378028613801
29.46598851622274
27.50182873610665
43.19472211215402
37.348128904558266
38.34844934224246
40.38299720715419
34.40581450248894
35.29084101658642
29.470184645721975
30.212339698588714
34.36324102992076
33.64205869247671
40.64083463688013
31.626543168920175
37.24765069730774
33.503048693611596
33.36272937531584
31.96594808991338
37.9028505998224
38.68306366540938
36.3028428093968
34.61822375195865
28.616151296954488
33.39298121835074
34.508290639882105
34.43909616854951
32.941029236704566
30.269395430703867
30.269395430703867
36.63697842729892
34.14136369339523
29.068157838880406
35.559971188409286
32.3756133193511
35.456897249820585
37.52378864522029
36.146533948132166
36.91774293535158
33.43706904186331
36.684730904208884
40.827346799266934
33.950279465053484
40.29061244704799
39.362126181938784
37.47992302291706
41.44660643511914
41.777333793773614
37.626699799687245
40.675977530314995
33.55915731031877
38.581996491946
32.96374586471619
41.241344626436245
40.55255789465111
30.78198647911344
29.716060490712
30.76098277344735
30.079940915605018
31.384236009129168
30.62086000667373
28.941160300808694
34.42624269587197
41.80244449040814
35.74157252512079
37.34164013297017
36.88253537627305
33.77016620649283
33.49127394384612
27.58865332915473
30.371416283001597
30.594636707023966
29.853359179216508
30.392506246271125
30.515053645195533
30.855538478717012
42.93224581610559
36.4232264469607
36.997883865748044
32.81215973263485
31.395586934871897
46.1908409468239
29.862252553092848
39.545803822702396
32.259354691288124
31.28229711109514
27.665011317802158
40.502180030921835
33.04757080054075
39.4082901680835
37.39442272864474
38.27511620431485
40.02869231217649
43.86428881357706
38.2620337042952
37.87676075857416
35.51700593160124
41.16337317661527
28.034244776442318
43.56173885992053
38.56978126958885
39.25237516532851
40.041219183814924
35.8527963969609
30.304504146143934
31.69472605130094
39.75424023676831
35.4321256344308
42.57363968052733
39.24982788165759
37.28922003819614
39.86459380196218
43.4857095285357
31.138967101133584
40.407071046092234
39.65069037413843
41.261993361789266
40.30946439624478
41.684723649386605
33.55199442027649
31.661964135098703
37.4295105097611
31.014577050006498
36.20392816762334
34.70310557175521
34.02137572010266
34.66452132862529
33.77760031383061
37.1857033398971
39.647192131543754
36.41331015800519
40.716432959970746
35.760767021522064
44.29145779590341
34.73645392852022
41.13437501795065
40.093928699941394
39.310670529363165
38.61048826615744
32.80098616715714
40.3007683877007
29.648095191604195
31.953327090616813
29.407595027634237
28.5303294936768
37.774849246793956
44.737359529837846
40.45952729678136
35.868921576357515
40.30961836968631
35.31626848476186
37.90857495491521
35.55667584579538
41.90996560428617
38.71832032123622
37.074637600865536
35.67309125612237
34.96455401257236
31.628478928357598
37.296446177196835
29.96613575977419
37.950920025321224
39.22277358592147
39.08779020034031
37.1320247377173
38.05530391399643
34.03729473209202
36.29298118290652
38.8095988665633
37.511099062205986
38.19299876146592
42.99419789249855
42.1245742858486
38.37648956673107
38.660993624652946
40.958837663841884
37.54068939647289
37.39827594957333
37.58714913570172
31.879916961374338
40.3190062375096
41.65770359562793
41.400938909840846
37.26997452337129
36.97369956634929
42.82009104050122
36.86370994713993
30.69289839823954
36.843463198469586
31.504938297738097
29.43697503490491
38.32204235457301
39.66951023010199
35.475157126557086
39.286089499094295
27.883747594617397
32.944027544923756
41.32241377365551
39.514457405639924
34.86176493256289
36.32462285753548
34.23738042374301
34.012709352480435
39.83849428064386
35.114146720468725
41.890174337314356
35.09251618114778
33.316137708744634
39.873242328387
25.694118454848205
32.32241630955862
36.065562699694496
39.23608951514407
40.12783859452082
35.16290981595942
35.155219134215415
34.338404620243445
35.461002904172844
34.7518646695401
26.75966675565121
30.227671529061876
32.32427907078655
33.292799188206864
35.82275409154132
30.12721603163709
41.09398684651792
36.22937672226118
35.758396330479265
33.0908658235183
36.816595322683774
33.755094263126644
24.597515024488683
27.441033029489695
26.47817658503865
30.97816187317113
30.616360673875207
34.86139084743405
32.303555332318396
32.573965491244245
33.02470467337879
39.76708650829963
38.612810303432106
34.18723826037042
38.3725321695122
37.41833031064785
37.994043296149655
33.38803187529908
36.533814270157805
32.99417166608857
41.679940699802636
35.104784991648785
38.87074281392361
39.08003442569625
38.804936228338526
36.60379508632618
39.820764529916524
34.51687556309426
35.528633433715854
33.35762704946017
34.352203245773204
29.100517397506213
38.328969043721855
41.15101628249402
33.042627256050345
33.11591213749674
36.81910629115306
42.77754071884811
37.372989713840056
41.37965866963659
25.68898759699958
28.256632971464917
30.827914485987915
30.805193440728775
30.265331231234757
37.08986068732892
28.284361023942093
28.807934405767025
45.814804173735
38.90100940411116
32.54254478972289
40.7847735659204
35.88257742101961
35.915747261731056
36.65237399183257
42.921976968181916
30.765593696103966
41.18837887283861
37.13244215503796
36.09917848091282
33.82705012680448
33.876312628850904
32.862124029348735
28.558288192038184
38.72224397635886
33.08254296175767
31.283212804051416
32.48414992518719
34.28419412293826
42.60962356590573
39.504535840483165
39.45317039235076
40.201828354897216
40.201828354897216
42.21076117038359
41.820463090276704
42.97232965704725
42.58904249651005
35.919674966382324
40.69071699650162
41.26018505757668
39.16015490120514
35.53844466346273
35.89476942876846
36.02005281407508
26.666633544116333
41.06754129206921
30.306966795399664
27.98126504391352
29.293195901957972
42.19930438236344
34.572428237344546
35.88731617390487
42.58081787058946
34.934075583523374
40.6553913572781
37.89841672392514
34.0621719609621
30.20786283105586
41.66936172666562
28.960516888223992
40.602053322286174
40.03902418357804
39.334660447605
40.210144213390834
38.98521321561602
41.69593044920701
42.087119863073916
39.64210081987098
36.0607940923002
37.2650991212478
33.573716422594174
32.411744927405856
32.55415328457024
32.61883900070109
32.48496481607176
32.75446612676279
35.30083791603041
34.06443187733747
33.12399790883169
31.71466540666381
37.735486931722946
37.52809010290787
38.10167932831489
40.88469318281327
39.11795072453811
34.22376607046778
44.844187167259875
33.863515559415276
29.4329290414436
31.983078980160947
28.839062184635473
31.955664958415415
34.128708440936485
31.45595010287841
34.37744738103367
32.42524780264799
27.722393986635776
31.172681097764727
36.13117858104754
37.46013808673719
36.82330413021193
37.17190965167485
36.09225178560581
31.072491221809614
28.54342717053607
28.551151247859995
28.77793003388431
28.986601073689847
28.77607032139537
26.762680505013453
28.79577760960601
27.706023868461752
25.65016890922533
30.88759720614834
37.4478418506759
34.81718220094396
40.20652324280733
40.246359615832574
39.252511922841464
39.39110074981977
39.46255239888462
38.92110991862492
34.39009763159373
36.12378208880783
41.483400731427096
35.41990932263801
34.414709858725836
36.566791622687255
40.4241646693626
40.14150969452561
37.315725131259235
41.47137784014462
32.96378994135435
35.33230474575588
38.412032633165296
31.84374200220501
39.522673748746776
34.58017933842897
42.25556394480841
42.176373404878376
35.539525286982
34.18006187731328
34.24482442215575
34.284870520375726
36.63250534381764
37.22161141635011
36.65875627764098
35.87108657740528
38.28596623543408
42.32212867566261
41.16073939553982
31.54031189155132
30.24092833179953
30.353215218546115
37.0794957466397
40.24223512273818
34.590161168584885
31.254068616119767
32.1735198869306
29.36460535442125
41.33889344114961
34.57906345917655
39.117756036367425
30.601143287502424
35.871064610797006
27.61509534145741
36.43534337183708
37.34061696011236
27.87918967056368
35.17900189205195
36.842167746567675
36.844828091434586
40.43500790807959
38.7462055484567
36.38990170172914
30.294889783639515
36.911222571015955
35.59317771026387
44.124702319317294
38.03249213660566
37.51535261929435
35.835549320347134
44.34427511939297
37.74369372117245
38.953285100418235
39.97085045084339
40.299376349018864
36.56128630687656
36.12958989779448
39.12193210984538
39.118918924128494
40.23309576720878
40.79209364797188
37.50128330345912
38.292368058130165
39.050758269038134
38.546745743171165
38.546745743171165
38.346356103946945
38.281766462098204
38.281766462098204
38.12405312131911
38.045167319683934
38.10929308251018
38.10929308251018
38.10929308251018
38.10929308251018
38.134708325858064
38.260917914855476
38.214718537916305
35.03753584720494
35.301166716085206
32.28044038311804
38.068045132991834
33.19296396421009
34.110419108480095
40.68865849232688
34.976163018990974
32.153247971211755
35.56199749097198
35.1481959861887
36.3086648621315
36.15538605686724
33.3927298557203
40.1223740349707
37.826121160632475
30.8589231913619
33.1114827699248
37.807431401114734
38.677019238205745
33.15140160895049
31.482798257708662
33.46061605796355
38.58541508520307
36.04063196914235
37.72506485844205
33.392738558437415
39.5561333165148
34.6656447635807
41.870683929621975
38.61842870346083
32.15441139730503
32.765539184385155
33.44937315251612
36.597873576736596
39.13398154401004
42.29878844534854
42.144468733871506
45.20228848805583
31.72195833946957
35.56101273539869
34.92181380491771
32.92634653831301
33.845170394467196
29.919231231797966
34.64679225909046
32.85011665179084
34.434500764951316
39.01237996872751
29.66766510289025
34.39680992903212
33.861908566705516
32.163909259895206
31.562441198428104
33.550083970396244
33.4743171573227
36.0929023128926
30.677698297579983
36.93321518135497
41.3139779852797
40.3807500777441
41.606142375542994
31.84262908839452
32.07983727785746
38.51259552689234
36.781182295834334
31.354101967627162
28.49407003092415
25.37495389527536
38.59327365673023
37.563081054548284
36.27925651056287
35.543036092313955
34.09395360682398
38.29553490858567
35.28485629870026
31.775498279842548
33.1443783648403
41.52237355207536
29.26670265396344
38.429687556097456
38.64800679349879
40.78279292309937
40.19224956172402
34.76252045487097
40.423052256536096
36.91668958789024
39.742447999789526
39.27793412180464
30.74618521518962
41.0441210501336
29.92695462982923
35.67236569422001
35.92511895910646
36.269324160095735
39.26375408122967
37.26111546111713
38.13337894551233
36.549742064864944
31.700687863318795
27.528375623689612
33.39973723888482
33.073277974739625
40.043528928056325
39.62211887475966
36.14539467524958
37.50791804928574
39.1901956937624
42.12225271740639
29.782499375501143
33.39228645298046
37.21021435489136
32.64002983557918
39.356240958224944
30.366238602903586
33.22809186838417
31.882982921565276
38.983732589566124
33.21727928301836
39.87436782594346
42.163069172424784
32.99084906733743
34.847339940971985
31.75721661675906
34.01528063636444
38.50881468545156
39.304222996980485
38.03279432048022
38.04873460294497
35.93062522052255
44.66455853980009
38.624548930774814
40.17353795513763
39.701562750266206
38.37511729246476
38.0903258905592
30.528254394072697
22.52583122027606
24.837117514277804
33.51791398950345
42.5012028360479
37.921319051976624
38.37144102287986
33.69570054970489
41.0699108950152
38.611099722477114
37.54901101061563
39.59298457836368
37.99261457082981
39.31034413045853
34.351403222896174
40.21767427089277
46.63542206023245
25.128060833853198
31.17246505341569
44.546695926780906
44.84175105255119
44.7771650522924
31.453639021883156
27.915837369197646
37.54919259710764
37.301002582636755
39.15336470353568
38.22278001012544
36.96267922963767
32.74035775139252
31.98604690405151
40.157141465073
31.282239672828776
33.76853796802356
34.24896719254555
35.652660983060244
43.341214235993505
37.58722589962246
40.516335065571546
39.46290866344514
36.8876742983902
35.741936026139065
31.012251859213467
38.96768476647
39.093801278493494
34.30613523085541
35.13789975065597
37.05501223188127
32.09646493315081
32.04917211395732
36.941875495910686
38.850831866518675
37.86857161057683
35.93278479454119
35.29800726177191
36.77948340451486
31.885791591030067
32.68701691031379
34.39718335834288
40.618817968747436
39.044390226402825
36.85961336992388
34.64488238861798
36.75028813553501
32.91518538954884
32.62131009328331
35.035949620160764
36.524557411316124
27.951667463069263
32.99745757669425
38.05110562444882
34.20843160387825
32.65929214387592
28.31032158632044
41.063063721657606
38.98166746337031
29.768509789831647
34.0310533572458
36.381262720103045
37.28132100981928
37.01090160782166
41.28198546523833
40.5386535962117
36.639869143028605
36.9427377032566
41.709137363176936
33.26579204722015
34.20500952036314
40.453803948735654
34.201266005662454
34.97177926811677
36.07514966920362
27.92111124780273
30.00982140075637
29.176175126009962
36.720013027463054
34.705053777772996
37.304843009988375
40.53632993822064
47.34873794226916
30.40946361789694
32.42657603548558
31.50783977201248
35.17496869343291
38.37340384802322
39.58875853481697
39.846388107968764
30.52756132912145
40.26300044778967
41.77846596507563
37.06666445432801
37.14134680216467
30.084405457767033
29.040135723706047
42.77243069587848
29.032201073113786
38.6236669592261
31.733930733424362
39.154799922096146
37.8013616526362
33.23539233637946
34.1508029094418
35.718769771353145
32.798021042803256
35.07394236075487
35.62047338644729
37.56874702726881
33.215116524813496
32.92330564658372
36.32625817843377
46.32855845521012
30.6397592018803
36.322251332358185
42.337108582606064
39.118947627337846
35.10169785749156
34.77655527811176
42.727946363603444
30.268047720469674
29.4776737975265
39.44292724133675
40.05331047756376
31.417892483717942
