0
2.317030693398455
2.5334367964475746
2.247196816988358
2.088305127971835
2.495859063200072
2.158703742573552
2.1153429582734096
2.1248106587540168
2.10000325651693
2.3702840949032242
2.4895242940479756
2.1797465991701603
2.385976070997635
2.476104028542824
2.379672500093862
2.40332626437677
2.021050752680863
2.2980552496001136
2.400131693542292
2.43837310583636
2.29325855836536
2.279251245371672
2.065203100050073
2.2427775189928627
2.208100954765297
2.3288020232244437
2.1491536653533028
2.322490879852042
2.0918355979972163
2.2385940254831183
2.337077318471297
2.2651179547994356
2.151341681981449
2.2501497825359595
2.1658451504103464
2.06462186446296
1.9796196320268271
2.3126588849550234
2.267110000659302
2.0532642302520725
2.5652425884065275
2.3677078448604734
2.3202620219240555
2.1697855485462756
2.085826375001865
2.144187011819358
2.2608888667972478
2.2118589251578893
2.1817466942268924
2.1803739846032864
2.19796209160545
2.2145823218985403
2.403703911041821
2.210614059335434
2.299861178722106
2.1426079095056147
2.2578448238092004
2.2368779724084162
2.2814934300686094
2.11731112755842
2.238152109516765
2.2177960346758687
2.200873223047567
2.275510425161942
2.4228872676157147
1.830885471486127
1.9996142563588757
2.2441053127874153
2.1237577421689737
2.2148989527063736
2.2054364507640307
2.3747280984430073
2.367586242057998
2.282255236241084
2.2134261161262594
2.1968474388702774
2.242010285480972
2.5512304784711324
2.0714892712526494
2.7935350021862173
2.239868187695882
2.2318809837765317
2.2451220123161257
2.1191889647607662
2.2286595227636568
2.1549145239157284
2.351527161121628
2.638346413829422
2.1291382143488544
2.3511977811085987
2.048620595610235
2.1245264122736502
2.2672676824197877
2.424806252396164
2.5666475462361538
2.6773782123454124
1.8060545973736042
1.8736390263972695
2.3587357748914837
2.08955467041474
2.512617435076477
2.0041828247828284
2.3978961975814945
2.4425738380467017
2.1954442668461365
2.0996176036771614
2.186700493364539
2.349639093107087
2.321226138703246
2.2484297935112414
2.228194857261434
2.33147296895722
2.315146029240973
2.156061192388663
2.27922220464623
2.5344375743073337
2.179041661375198
2.2210795229275337
2.2467372826195264
2.0394689196012368
2.1393433028778834
2.20193127621081
2.076809886239463
2.2123660099118787
2.253268324471813
2.0806326446985905
2.4054039090528434
2.221635904821642
2.332901931274771
2.320782050688275
2.409728990971529
2.3728016931794134
2.6585273268509133
2.494138668995737
2.6038394111778316
2.278600554378154
2.0474149120208396
2.5244689581012545
2.3558161464208185
1.9670707252607924
2.0508921573506926
2.086945571035665
2.3106646683724783
2.536952369001295
2.104905745667543
2.454267565553649
2.053139701828208
2.356475793452579
2.21817490938836
2.404780386200321
2.073854013722213
2.022310101515322
2.0144787807567037
2.0165176900463737
2.377444738720344
2.138486563560718
2.1361823742377064
2.3312645904995564
2.458038795747846
2.1747030795609033
2.0395680106468213
2.133652254228866
2.2762228413281504
2.4197256263853113
2.262308744539538
2.3024279410897313
2.108556044083492
2.198214129214894
2.2571108050304156
2.226846949277725
2.383864580913305
2.3647312183084113
2.0340476019659293
2.710675377472483
2.3589554546675933
2.035774917862802
2.4768186293218797
2.2751769157379167
2.0375791565147763
2.0199442490825765
2.1593451773393064
2.442267723686444
2.048452232398432
2.145373715531504
2.4601605203650734
2.1186137081380663
2.1745248949937124
2.3830112409725044
2.411409676945567
2.1359138215190474
2.2024557606575677
2.316641892851129
2.3109975626854267
2.328576158418993
2.479491396256313
2.131540283859102
2.460881950446422
2.4221012967641355
2.4990480821417567
2.476071020744528
2.4012476760985684
2.158925744539202
2.0180456880535242
2.1730817450046827
2.021256818593297
1.9284955841968683
2.234788721735559
2.1797861767819597
2.1327244550898667
2.139623370900275
2.1393763960871666
2.158219790694541
2.563748365336992
2.5193241070444232
2.513894873490973
2.519460380326421
2.502123964542894
2.292703359556967
2.400404542677723
2.378601935846945
2.0427904625932576
2.248462787023637
2.1029882717147985
2.4129525881397664
2.163129635220169
2.047194510888793
2.3481390731301137
2.023043978685649
2.258965061817477
1.9206457534241714
2.044896864177658
2.0396923444612676
2.7026649262180364
2.1350163173660404
2.185868931764985
2.238349578357085
2.156205837443338
2.152568617251986
2.5463490027240527
2.155852721225197
2.1275083618172452
2.5232165748942634
2.4966796767251433
2.7105529559954205
2.6873019132296947
2.008238510051293
2.0347384488943288
2.060550562928623
2.013565561388917
1.8818806947614601
2.140550216396965
2.6777230910489345
2.0901011746581903
2.0946120685041545
2.1113931621510003
1.9605644101535706
2.3236549228375045
2.327519670789089
2.158505220905976
2.5578205414208752
2.1188751788180675
2.1497173544801287
2.1097349697095282
2.20799923468519
2.254081884938134
2.4172583853263867
2.3274037681485678
2.5277942941019957
2.61627615706969
1.7750466018878102
2.090855837902053
2.155648367547161
2.1519327340001815
2.0564865718865213
2.612162657125621
2.4138272976941213
2.385478138458329
2.1057826583202357
2.5008099538862045
2.2702414638166206
2.259127926971096
2.290474789235475
2.330810229612153
2.3808615056852385
2.4484581670869137
2.4193932563200753
2.551963141555023
2.770025609099973
2.420082961424145
2.670886420891524
2.1180044844824595
2.1562955177652263
2.0804824408209592
2.0558525520451076
2.2011808940187167
2.202157810997003
2.1687040934778623
2.2979294679584292
2.398116357432437
1.9216446316172149
2.438620783230181
2.666593675489865
2.843933207144777
2.8384614394032774
2.302252125092033
2.3697733055528745
2.1782685843515797
2.2560384625907157
2.2610839512497254
2.380421019276504
2.3050378792646375
2.2910032234250832
2.3317033527152806
2.0020939506276703
2.122922464408255
2.1071189502045606
2.394244578546994
2.3152370705223726
2.175171101935899
2.1638982126254174
2.1844570576660334
2.2286975976927175
2.383466147249956
2.15246503004476
2.399700891634073
2.3424394069675043
1.9583637489860537
2.4184215759424617
2.226237995439202
2.3447612379670537
1.9800082048187049
2.0613692071508565
2.713785192431263
2.0517002604828845
2.4205010053285037
2.3943575052119463
2.2252264234151844
2.2681442146636615
1.7999296306359505
1.8221856589814263
2.418913294543419
1.9618680311801964
2.086656775825109
2.160492416399127
2.3418759488441974
2.0597153778632893
2.3620591153268444
2.3513107240752347
2.2824506694169227
2.3121469469601705
2.364155812455972
2.3307558896377496
2.2696464990793226
2.1950982759533915
2.402466732993744
2.6987245183035147
2.530361181089819
2.5236694213460455
2.3088825605219543
2.080026051490802
2.217054018830208
2.0216693026548516
2.6494241386423214
2.6429972632064884
2.666433699209922
2.860864066740086
2.397568746503528
2.407779906048258
2.523655802283827
2.1955969614056965
2.234460106554404
2.2422165703093566
2.3214062597797014
2.243976777828763
2.3342158472248737
2.421080184508523
2.2792047641037687
2.144211497479635
2.5769506363093693
2.3244345811605482
2.315767143975933
2.371385365897904
2.274184585239638
1.863283159341036
2.239682531391272
2.199677796233065
2.201644632348559
2.0061159772350567
2.1620928989069954
1.9670485570689737
2.093061150088307
2.075418347088416
2.1680861479378284
2.2535234518594796
2.235328557599806
2.1271548597952163
2.3268597803978928
2.176034846659155
2.084651767496674
2.0981606515077047
2.530008475509035
2.371533221727015
2.225931937560152
2.2309385213711614
2.375787441884282
2.2235731332230855
2.4482653345763468
2.319069090133794
2.2987900394409473
2.3799393920960057
2.2558715535118736
2.1959288649126063
2.4671093038503797
2.51483760202542
2.5193584167027363
2.4609767140403584
2.298161547100441
2.516918144505746
2.515189357659307
2.133612768847984
2.146698547861883
2.34395967773799
1.9835902227233686
2.000510085838418
2.1674548396396633
2.3531053607807526
2.275729578739359
2.2324990393592254
2.357357717326153
2.3648704017417064
2.3927876816069453
2.391985951143335
2.4291285650597536
2.3802795033563426
2.564580605847486
2.4248623414789385
2.2633441934012315
2.1538790790722726
2.39879738390761
2.3411285845305785
2.005977746188279
2.645345979246703
2.704984396623587
2.370025517807168
2.3210035776132902
2.6157131216712286
2.583531302506037
2.5354301640293015
2.442135114339389
2.3905382096374366
2.287436965243144
2.1053529542905056
2.1920915736921835
2.0090724199352197
1.791226720071996
2.0755552582821903
2.0879933351906304
2.119541629898518
2.204274597884924
1.9193441795303794
2.010920770541758
2.2444117102253975
2.070083939517479
2.3358782026433946
2.2620046112837207
2.338565280251641
2.296896877361832
2.2673570457054857
2.2419029403200477
2.1649800151032745
2.3212370080121167
2.2876969378311465
2.2605958069478005
2.352341784770388
2.3465966843418107
2.1870666291792307
2.532843039627771
2.1991036877636554
2.4576010876623857
2.1816667352435593
2.3286460653467427
2.3945769237839647
2.4722750312022232
2.115817252617844
2.19832712481529
2.1315553258821174
2.0646153957990716
2.21704246953588
2.1273838541638717
2.288158308087686
2.434858929374931
2.5740878265743627
2.0256045228197017
2.337002471630991
2.0321028240106433
2.1601000562890045
2.069758412432904
2.3854207364054707
2.4157335463595118
2.210021354300996
2.194164354874754
2.2359287230344638
2.4427265183486435
2.1081618437461693
2.346622654713721
2.2825597225500123
2.3760499724176296
2.1737145235463786
2.3859790352811783
2.325832060979137
2.0368962244745084
2.355454642778755
2.2613099650110486
2.0833178735860964
2.1264159321603606
2.466535801987432
2.1575964716862988
2.4444317078591795
2.619806166964197
2.197813109843613
2.110568909413831
2.3502166270551035
2.283888952321681
2.135137698407738
2.3059630566828058
2.5220669738375476
2.2107599067264307
2.4249756219817535
2.1126439207351755
2.1597233708922676
2.299829147000451
2.4737113932120813
2.5988475220966314
2.600152969719875
2.3113540403604738
2.1297085115660446
2.5702005313055425
2.312526990673591
2.071406872009423
2.4308342682390016
2.31751245561559
2.3076254988216434
1.9577771464332114
2.142077662574977
2.1772466711154648
2.195591755626466
2.207247672737284
2.363030735584203
2.139107963875732
2.52805788578056
2.5102368121194742
2.324419151285358
2.1328989126399325
2.210456394040426
2.166274868140536
2.0996711047249645
2.233047710605528
2.2973732271526446
2.058026201805348
2.224630500037434
2.5458741819998743
2.5417637930277404
2.4964269468913036
2.8680968991478175
2.633746082099453
2.5773406758672626
2.2648851718553
2.451904520122587
2.402787801326159
2.272992039665098
2.2734963891191895
2.321422258673602
2.3369745933856154
2.2050755914726428
2.2678164708409327
2.4291267286089813
2.2137839058650854
2.216881529438461
2.1856386721124315
2.3728444900406838
2.3883752628361585
2.0593233444442594
2.1874444267161786
2.11873936835873
2.025411019759464
2.4132650385426944
2.306602627275573
2.270761163424011
2.2426112182122337
2.3446761895948884
2.53024772162557
2.044217797635698
2.538741175524968
2.199321259563063
2.0289890053039374
2.3459690931126667
2.205389954901949
2.307695174943605
2.2245555090400204
2.2226653447841254
2.336230866433937
2.452733847739371
1.97291348633127
2.4458384727969014
2.447224808041124
2.3448727154282345
2.3424223772245525
2.568864273841639
2.694737106436816
2.367703741699477
2.1977679142288364
2.11285046988427
2.1035389103241053
2.147241126155924
2.3830795958666013
2.0012710519529087
1.9784199641320246
2.0711710453970027
2.1633732128950967
2.685216190419343
2.6679140064402964
2.638910068248122
2.6325268584191415
2.2184594758750804
1.9356334221321072
2.7054475540948437
2.3182644096921337
3.00637698488438
3.001234994789872
2.6889614808620674
2.5008497089506685
2.3400253328227487
2.331982512256981
2.3272014307834596
2.3500165790657386
2.2612573213539062
2.3906047284573195
2.5207458339102167
2.195054130018251
2.184610479588155
2.389578242721098
2.3843238187277147
2.815803475447568
1.8837636466373018
2.2817667491993814
2.3031785850284043
2.373484504655656
2.228700104499406
2.286427515338257
2.208427492332153
2.2332338778111662
2.192763878916268
2.2070197993272562
2.0659250172090537
2.1784659808938835
2.3174530541044582
2.534953448132692
2.5252943348882066
2.5687276991993224
2.284462681338953
2.3883015785687722
2.1737457734693937
2.5512578364452434
1.9915569489251124
2.3690311400188233
2.523426750346237
2.23992278148618
1.9782730656871388
2.1613307439030063
2.2317475462555545
2.4477666325155747
2.6764896790930552
2.5231682717107153
2.687697118871318
2.2195056317365602
2.5080013487994774
2.3453394746534095
2.31418693233035
2.4179013369248397
2.0724653908213875
2.0770179782689335
2.0387259956469483
2.324126783758666
2.4815255385364323
2.483079158413133
2.203067334518664
2.3381384496440867
2.2045967747088695
1.9628287808734246
2.376793198771293
2.3349619206719123
2.0040559443200623
2.1469111111373023
2.234233410825959
2.3708630823701493
2.0418458332701417
2.343815939773508
2.3435190495332137
2.335837354620071
2.2894771018049433
2.412953031563749
2.2759686487693567
2.1403574074192115
1.858610712459667
2.453290083278105
2.4892012327187234
2.2574405640872657
2.1606178184617804
2.2195201150198094
2.240893169220856
2.2215130470763897
2.1098893551675966
2.4823951067623353
2.440126724791556
2.149764493059726
2.2543239841594778
2.4210438587135954
2.422478900808283
2.3772503870025505
1.8935681116886374
2.052823335273559
1.957599673553445
2.5321911676067232
2.8091323524601517
2.654984617919188
2.39117102024789
2.2848627177304994
2.3995948912207443
2.302850595185045
2.3278484527547256
2.403040951483399
1.875976490082688
2.4905120883250245
2.149161007980576
2.5004087160958663
2.654467725816074
1.9950551669574215
2.4312852222758576
2.3180503574356734
2.3300090014599757
2.093351890562058
2.2513933025151123
2.0358609866184456
2.1383213921820308
2.2515109879199935
2.521040323184604
2.0526429839042897
1.9251403790966948
1.8824347337277032
2.281672793097214
2.383776288129801
2.0128824600727384
1.8523926532071953
2.4219182485537454
2.5389330873514226
1.95582509689377
2.0753778110847487
2.035425263524089
2.615850511614429
2.5255959129715655
2.3373708232176504
2.316221446829183
2.2478723689637863
2.2539219654647042
2.5187597902688226
2.360165838322974
2.355648039840847
2.372066670068905
2.2053200202240566
2.3276006372996054
2.117990432537019
2.232439576676551
2.5033949178870714
2.7855340543072136
2.7871080183319537
2.0217908488610754
2.5658328077671424
2.3419935828941782
2.390289881259757
2.456785980123838
2.242680981543624
2.3491297194975314
2.5054239069325877
2.21289592686547
2.209862725515733
2.237612493765437
2.1522681105664763
2.6256407969410493
2.577171424246221
2.346173483720023
2.259765671855533
2.1111127426592375
2.366885154048647
2.1610497491285248
2.493199545174401
2.4459341544936946
2.043762047432269
2.2161658509465307
2.257904677860403
2.1604460134456556
2.299672907293629
2.2660064614597464
2.240622865701612
2.071837408812477
2.501980380251229
2.109146155804279
2.1898302392986984
2.157450153856433
2.556594149879018
2.2825015776537168
2.573538498367281
2.265854937863823
2.0115733604464747
2.0523133712716923
2.0947457636823126
2.1259543778578935
2.345054700470776
2.4560344759074813
2.0874149671496944
2.5779361260894205
2.338740438662188
2.5917211578845345
2.4594776543760406
2.3849644409016415
2.707320798626576
2.3323754922111752
2.4908989677324542
2.4562456877558994
2.2984235681502034
2.4549282017379874
2.622369652729289
1.9455369613777715
2.120990050686963
2.015770851548336
2.243608430526919
2.2070492098712706
2.228620314213733
2.656688836847645
2.864333443140727
2.616348599522621
2.3986434471570224
2.613555879119791
2.3332364819803737
2.42062431902627
2.303238820156513
2.067421642827965
2.1329846127745755
2.234188431058483
2.435406654678391
2.313214817017676
2.202774617403652
2.5557068457916463
2.1700932983278856
2.1486087827827465
2.1014420141303183
2.0167512386654067
2.3487032324131416
2.2013125659525965
1.9892833898587883
2.101551380343827
2.0543194397393494
1.753666084261252
2.2144397031360925
2.1127496874874505
2.3834506322320763
2.3142218573720243
1.7957882352321013
1.7468300177610905
1.737288200010185
2.405037179081565
1.8669392961044498
2.2555480050418533
2.111476894933329
2.2294791178282933
2.0294773003829936
2.144773825435756
2.433312001862491
2.354677914478401
2.4980621184775096
1.7952507323355067
2.3750946418692265
2.2871748219672954
2.2362066648198202
2.1372769246888366
2.148350360374174
2.5353352599605716
2.466254256578762
2.019779699260759
2.442311102046174
2.1608932021501377
2.5455803612144328
2.2170102447496602
2.008045916386228
2.4210287490706333
2.3651603030747235
2.4263838762135777
2.3868848564958864
2.3057871373253755
2.5178219293170714
2.012279235074951
2.2551181952108164
2.2117265258614585
2.38299601375148
2.3877088774097075
2.239584972967223
2.221920252106793
1.9824875803488002
2.2325006517973716
2.1256640883720834
2.4025668419629724
2.019883814896261
2.225406426870158
2.2057615093778202
2.406142680593668
2.372119856159445
2.138044503186067
2.1654469471683893
1.895142021675681
1.8691508766006633
2.2850718961047742
2.4164202259162373
2.4026027068965314
1.974579687162246
2.517462409233953
2.3153906309252
2.1846840603708784
2.1595216583430967
2.1857201165285147
2.492812827639848
1.9540650964005981
2.2389612066910733
2.4120076640166275
2.495462084365837
2.265570963174129
2.0803179829546945
2.602555113978815
2.0261484478011136
2.025802939615953
1.7806862303782116
1.833041266310425
2.0080566189247615
1.9607205010329223
2.0286660767128755
2.087162851654385
2.09118868748047
2.123136190867193
2.138853461204325
2.137146091456124
1.9984210661317179
2.0385299722359007
2.0931209941595013
2.1686084510913046
2.17845261622884
2.2090916915532643
2.1395738698293627
2.152655502597774
2.234947992128476
2.266757594378423
1.9036247934292294
2.1846535009770016
2.1872715825867095
2.175863365984467
2.072500610945789
2.2394927165068492
2.1877041978791794
1.919650829944196
2.2591299763703057
2.111544074025869
2.4649542830235767
2.4463771154100455
2.496851322626453
2.495584429775799
2.6342217547483986
2.2073287978618055
2.072297520248716
2.1662149619291027
2.2665434073799124
2.117372532745547
2.3229086044297405
2.2094963154313425
2.327766682885454
2.333101589036636
2.177818276546914
2.345897442169035
2.328113573139817
2.046315097657795
1.9423528656471871
2.532824511591051
1.9728729353096277
2.212500776039651
2.4014867038838656
2.347250563861361
2.389451890413019
2.1194561505658034
2.348967356466957
2.4617088894622294
1.9290952397911507
2.1052762248295687
2.1179801787301593
2.1840747281920248
2.3119696342206635
2.1820575379341958
2.3804968306846526
2.140592550739004
2.209921349419524
2.473220389468337
2.356212787236078
2.7430592301237953
2.5799242584366473
2.477984058132523
2.492749856300106
2.1601523501793056
2.269989246166119
2.4457413301873023
2.2773322625042844
2.3409346305083543
2.3846099720087355
2.560142387213229
2.5726633355376407
2.538773765115487
2.3283589628533763
2.3293763039240787
2.2272808047559183
2.560363808252751
2.2240266255479337
2.8950481081888815
1.8877694760424923
2.201371107118805
2.365999919999839
2.2403932256327246
2.2335978603589988
1.9797570873482446
2.3682945510737223
2.4612865221743028
2.369399479072162
2.043931890599866
1.8648646160804374
1.994563964268463
1.958330657664173
1.9699860930350808
2.323830865618635
2.2215715724179415
2.076609618018695
2.31391250678291
1.8157959874722736
2.365786464954865
2.395874999394918
2.0170827260677684
2.288367995281859
2.3489872683014417
2.457126626238227
2.456917450682584
2.2451273380810384
1.9979575592066081
2.500392827775976
2.4663955142232035
1.9659961379955182
2.3453688596684485
2.4120771069057385
2.598105300684348
2.4500650620378863
2.466525757828572
2.0329672642776515
2.0837689341719585
1.9689408847241032
2.0974803580292347
2.172776946568046
2.0751980781473294
2.086183411310041
2.4246335400750834
2.4472141345922784
2.4122455971822374
2.3941605131845867
2.166642890724964
2.201135785839544
2.339760273314794
2.556280599396826
2.1130309308657442
2.3339689247821593
2.118495058129338
2.3460816306348864
2.18205199550034
2.1494952897300066
2.294361244336982
2.1965838597012004
2.207314229335247
2.079689060098277
2.0651536720588544
1.905012663273514
2.3255692290614127
2.084434651033714
2.005243106545015
2.2716451376002453
2.2470718269936327
2.1618831107523526
2.066161021198255
2.044420096924075
2.0581791243618106
2.496021824191453
2.450550036667931
2.3057616758420085
2.34802986938939
2.628041597142315
2.671250226082076
2.1562240671799633
2.396019545560645
2.289104203001923
2.3113528913394275
2.4801087518095684
2.184974159717045
1.9608048056084186
2.018456248632542
2.1832034879604696
2.0523054456720047
2.2532779225620256
2.1869516165277925
2.242935400408976
2.3964108104583914
2.259872252644149
2.4727739588307953
2.5301854880899506
2.4652682170489446
2.0996148437218705
1.9398804306865012
2.455483989422667
2.267507179529296
2.316115581259263
2.044525693633008
2.0856004682784333
2.228810720121057
2.24042301167598
2.212825326515886
2.1745427926934853
2.178252663828434
2.177727630292251
2.164481838648022
2.099948889814741
2.1850071532469486
2.182464850679889
2.3584419281451567
2.1121755218893736
2.2532471399687704
2.5287665079965373
2.5476964236657027
2.423728639799954
2.5652731926381303
2.208787689302617
2.5727080674764045
2.1789792981387266
2.10382821311005
2.422596020295526
2.1867675992960485
2.3142256296451356
2.341646217020372
2.144152676397409
2.427423895196464
2.185421066589653
2.498127261082028
2.19737792827376
2.2539317180806746
2.2986923303147924
2.348066909772501
2.281466552961737
2.4746612976084568
2.431314796343278
2.2965878872964667
2.5577814199514752
2.2304548844025947
2.4886819964699924
2.146736126363353
2.4139778180135214
2.5669732047601848
1.8784249604653633
2.3940925735285323
2.355584195272627
2.4264904776962184
2.0121912296416475
2.381189244327718
2.117197203091799
1.9724630418325966
2.1963309931565766
2.2535976747160316
2.5036973735891164
2.7575325752596873
2.5707527759134634
2.63617373548838
2.756649158730526
2.193338491393055
2.749512710202699
2.3129290454205287
2.035511290205048
2.431849787074803
2.5103360257902625
2.5633782981417794
2.613071971482696
2.5613143807964986
2.268667770641738
2.126721423351809
2.228917824334658
2.1994084592702494
2.305784346931532
2.026347151383789
2.2836487447004687
2.2505423612745994
2.0832839655443105
2.384533102329885
2.0130868443129284
2.5710796128049247
2.6639880705873966
2.6897045192121136
2.562506380238696
2.485573845555427
2.2619276431047055
2.345415275931344
2.2127713047010023
2.369260086053057
2.3041813078915077
2.18180100219852
2.3931565199011287
2.293232034655986
2.3100576040696694
2.042851514849923
2.3858567831094737
2.412956056967381
2.38668716022777
2.4042133401828294
2.4815233036813256
2.204909841383594
2.379780483496965
2.335630231564144
2.470922359297021
1.9595031608458044
2.014858646361042
2.268995832538961
2.237098439071967
1.9662836330542266
1.9510999876518536
2.1764795908882113
2.164773549365941
2.3532738550141596
2.2550906226132055
2.1428744249120806
2.2816415024739567
2.217741429036917
2.3851348817675615
1.9926719406143527
2.1341759830236886
2.38437329474595
2.3887411012305027
2.0951036854689375
2.0650019026428037
2.159542307294102
2.124814938012813
1.8764709504962165
2.25508026207648
2.2765862047404983
2.185447907443463
2.4850243206372613
2.2164886175070517
2.4244038767227054
2.43505044532963
2.1420971655372716
2.1030380735965712
2.293727450492826
2.2491135405448355
2.358946541263447
2.222051505378871
2.579183394655162
2.3719780213315764
2.222703091068623
2.2991751224686046
2.234608466403237
2.2339306423125223
2.099592806598322
2.052739825212752
2.4547446577722316
1.9418758869228498
2.4581097425064353
1.9091150303917572
2.2048199197568383
2.5074797878763158
2.1869060272892513
2.2552083638154685
2.210762537644484
2.2998198513484573
2.1780919619876298
2.1343309511546584
1.9975549165509443
2.181485207380009
2.3383278199268505
2.460640809411219
2.2705874314138175
2.4709998590598983
2.3101648805885104
2.2797898765317566
2.235685424915748
2.1844242431355902
1.9315814718867004
1.9421093154918674
2.344525463049113
2.1178328837915767
2.2704912751142188
1.821962200707985
2.70745561412172
2.717558251087673
1.876729194456205
2.57016969345475
2.4049218936296857
1.8934030992786555
2.6149339329974772
2.5760865724186615
1.8751956249539048
2.3369004781955742
2.226204297407144
2.552009615531532
2.1366909713674826
2.0875579625377996
2.175866458366188
2.279231217183984
2.1510818323926797
2.2812170379084304
2.2701385003478185
2.3356408472022956
2.4947708004615747
2.4947708004615747
2.4947708004615747
2.4947708004615747
2.4981497362115728
2.503811326877016
2.503811326877016
2.503811326877016
2.5069282369395713
2.5069282369395713
2.510703887643138
2.510038335604907
2.510038335604907
2.514846806370292
2.5148195752815163
2.5148195752815163
2.5126710639587224
2.5080419427163188
2.508361125869304
2.508361125869304
2.508361125869304
2.508361125869304
2.5109740972797616
2.5070302680514973
2.4998922355810107
2.497551160224457
2.496340036305107
2.4946721211685494
2.481190457417887
2.4778848732034278
2.4778848732034278
2.4356755916508415
2.406936527407205
2.5668396039437518
2.289031013217636
2.6956254426861763
2.677294964255247
2.5178779149555606
2.4125073369216548
2.3604365129210167
2.1505877007415592
2.386156990003803
2.273991930696039
2.3025174394603978
2.313144849974051
2.3531406131697232
2.185181318443316
2.25870104830852
2.0262624875574335
2.4791515301200517
1.9528567105839552
2.4411161470386977
2.3530451619935744
2.0322372390280745
2.1725738038964146
2.6315228781999553
2.3594636921788132
2.3538076210555787
2.4055407389000316
2.1623441622705935
2.235099077176972
2.189554912579978
2.0864545274301376
2.061960496882581
2.2418440198413507
2.251276246399449
2.1615000528273445
2.011903538135683
2.3424652189153017
2.3167069321211557
2.281045764648284
1.9684752582226084
2.250838129537383
2.3191781131210893
2.2001867723981907
2.2202197149232785
2.2924833965590428
2.4611933709885885
2.1301762291940936
2.5816679888575322
1.9839641379043815
2.1047609709029524
2.684646710871243
2.4508371568717653
2.5170615619499626
2.23015050926873
2.2980867593602876
2.2980867593602876
2.390704061828714
2.2791982707020213
2.27994649093769
2.1362280644616756
2.1219034093437426
2.0994883341031882
2.3601077063894396
2.31621554675497
2.553306350616754
2.6874537826712404
2.355335557547923
2.152318470968529
2.5586080641172453
2.035786086987115
2.3821864756979245
2.073571852465728
2.5797306730647023
2.539001521259269
2.3067758527175894
2.366168482407752
2.3695403349441673
2.076080588326744
2.0288048216718395
2.3737917883563138
2.1951985198328496
2.2205082730381562
2.2800895335305813
2.5067031722308584
2.571769097499001
2.5427999843558124
2.406082273305954
2.3972318618053916
2.0270349309089544
2.253724804603859
2.1619692304359117
2.1644851498675046
2.3489559807204503
2.492912274367111
2.05026654900035
2.479544116338265
2.3569010152559917
2.0420072247532426
2.2486632083569833
2.28719200955862
2.3967989759065156
1.7906048752266535
2.333882834898167
2.4674090971458464
2.576557591354037
2.4630729418662223
2.6145017764333756
2.041685505140381
2.3251463417716165
2.2996326153756446
2.0480092898674376
2.402810521256938
2.1590639476483906
2.743068889817798
2.6665209397083287
2.1361434147684832
2.2618974484061596
2.339997837199634
2.034445209634776
2.24778299090652
2.183718274358051
1.9707460955600062
2.210072548264174
2.1909680926074215
2.24085518318722
2.303247090265182
2.2908575126164226
2.323624857172935
2.2820838348926893
2.6015734739861274
2.5667876707279724
1.925888201056313
2.279207991453534
2.2436695481292515
1.970407241355182
2.156285933494704
2.17966763947708
2.5105423142813796
2.3128042573413925
2.2135521201817743
2.4885546675006545
2.5760630584833066
2.100796549971088
2.237680291453405
2.29310828987438
2.1655161537002043
2.3407396335912676
2.315816160998219
2.3927885042737107
2.3929663919793014
2.38201188693087
2.0296410695212947
2.3800779264068854
1.7538496124841614
2.2820674945943726
2.406077904793793
2.617954652766344
2.5847808082432837
2.3337979353004465
2.3153424599181993
2.1716188546844712
2.3708319847982655
2.147058838076796
1.9902434897415935
2.0320329300965696
2.6404082365801127
2.1317981688123324
2.550140783410627
2.3669852000159572
2.0527826513064733
2.1343850028650424
2.205968905828936
2.482460758081461
2.091488548862126
2.151798003111806
2.6820848221693194
2.192549428775403
2.339541342504028
2.369613685954306
2.4065404555035874
2.5016471564884406
2.578756529322755
2.6313258127841728
2.4421159822964014
2.181472891689519
2.1268542435688613
2.5982003408969554
2.5186637835910637
2.217267925751238
2.3907186696930105
2.3697961066996798
2.393107521305825
2.3150830561526057
2.446562208522935
2.2154610448604646
2.0807929715353826
2.208025889923045
2.258375095473026
2.3955559380217015
2.2588799665466417
2.3826964714747634
2.293351423910268
1.760119465255738
2.402426216145967
2.19178698968145
2.539714790258734
2.2830439881650073
2.4445348449149544
2.1810329704585287
2.3899174956845113
2.208156807981658
2.5604510703659584
2.4023897576787006
2.5785927040542096
2.335436821771861
2.1539953107503242
2.0882783130196265
2.286700975132904
1.8710695793982308
2.4484763692446574
2.45331067585063
2.1035183611642307
2.4342877370044156
2.1831793723959976
1.8486845487836125
2.2573476900241
2.2351540103174354
2.717593322867262
2.450398341723074
2.2669531916814094
2.484122277942638
2.225040571989917
2.2966227446979004
2.09430416727518
2.2936878955958306
2.42741889985139
2.170181503360584
2.163494109130536
1.9242920535817305
2.0831833365097427
1.9009472384003585
2.10099977030025
2.187666789939648
2.104240087681534
2.2227549593217746
1.912207695321761
2.1368339883450327
2.4555358890168564
2.656186027913587
2.3820004106956785
2.3241608661894433
2.2518369378028624
2.2413034546143105
2.3547371575690184
2.2459843980809935
2.2424434316129918
2.4248127004568993
1.9983740831019168
2.5741548197240345
1.9766541466091665
2.0143322513911746
2.1403168143166975
2.1695854149962743
2.4616805829807062
2.3786628572022974
2.0011826363108844
2.4049353982733175
1.9735917720960392
2.239317202547006
2.2609033950258253
2.1551043528713993
2.055857592771685
2.1927432325860217
2.13326049351836
2.1444168279691413
2.8125264979080704
2.6172250556780106
2.51910229637537
2.1374163531067616
2.535635638433668
2.164033994313373
2.4106073149480776
2.5025167167258457
2.738136057080155
2.5014659894619276
2.1941274642603075
2.2754939069930504
2.2626122802778585
2.013587150660858
2.4125273019564397
2.3783810176145472
2.345069020497379
2.336664349645164
2.4123291610122273
2.5063300192431752
2.3946628623424813
2.435442205216196
2.435339552584111
2.4335964253863644
2.44475820695043
2.434070547912636
2.4376728161641927
2.546755812430951
2.4304006544908625
2.4485267406986564
2.3847347860599117
2.4464076704977438
2.4446505117151234
2.3025718224813816
2.238026346035724
2.180428920843565
2.438723243723933
2.4268663017732397
2.075126995270809
2.066378407405828
2.1907540499828198
2.196296164285845
2.066720515860954
1.9815586079622287
2.233001811899213
2.218441423988944
2.4498028243550607
2.547784235668155
2.5189007407361483
2.56178934351314
2.2687956686025417
2.4777578349881617
2.242797262289228
2.082313555063982
2.3214330920742032
2.1597131141651182
2.3245703751305795
2.4404872594418068
2.4810925747023664
2.527672416216415
2.5185058565817027
2.6897754632852573
2.5136907886365454
2.5044776018949704
2.1613057231246353
2.2601540857249125
2.444985304394241
2.5390353871585654
2.5336742485778876
2.4723624739757692
2.4739386334307105
2.3081564197434457
2.139732637134646
2.3684840042209028
2.192224643273558
2.3674911833160928
2.5055562898603503
1.9961448865682532
2.117817791024913
2.1679999104092054
2.72462675277298
2.5474091586300838
2.266645631890489
2.4926099275790254
2.2976559746319674
2.70863563211018
2.701913414667489
2.6279780937285198
2.64693551304685
2.650761814897704
2.6687309321005612
2.456664564662348
2.5362173824206726
2.109387060302735
2.000683460086397
2.4018322624058115
1.9422650303657527
2.046868838531112
2.677934312561191
2.3347841588008245
2.5606689021487714
2.515086980181014
2.5669259804548634
2.566482151346724
2.582201530800873
2.5816428131972264
2.5773514076197777
2.5777800292450412
2.3830625574695476
2.3430736391837503
2.5038890939693235
2.2295940048600134
2.3171623442084925
2.1001769185134256
2.061196460331641
2.248584454856152
1.9991446305590075
2.149530459442453
1.9863045178188434
2.1168583408133284
2.040488930107769
1.7014644127298448
2.503425225568316
2.116245571975648
2.422231629366473
2.1719276996197006
2.36223104704755
2.136893691536421
2.1603738962601504
2.2070127341599726
2.0748298724050467
2.174370229101187
2.407071292604595
2.1071181669164147
2.3847245043678122
2.063446486671171
2.2036714744876713
2.4337847005296847
2.5316417199500276
2.262814900677923
2.0767944542595225
1.9457950080160422
2.085345809590883
1.9680167370914228
2.321361262482675
2.365810760022484
2.3553981438775704
2.429397472150514
2.128401703398015
2.223948243027053
2.2391266032792463
2.2701988120034717
2.067731970143747
2.402800053676522
2.0099327218207903
2.109467723774239
2.112120576413681
1.795114342645243
2.310982677014828
2.212196689393293
2.2207854429050347
2.120023585614054
2.365115107423324
2.1806812897923873
2.265077605735872
2.093249557009915
2.188099886750887
2.0579484704810174
2.0661470605656413
2.0747531064135583
2.360421090370195
2.5375580606327386
2.2871555624832607
2.2860663730278405
2.3212386951254476
2.3287379181988186
2.0390854348405396
2.112676892170621
2.2595537768270577
2.5444548260448996
2.1121692642878203
2.1130607776656056
2.247202180821354
2.371600370384924
2.201828731387144
2.274705941180607
2.1757881348569614
2.148972090003395
2.115126326270153
2.5795700114177524
2.746474067465758
2.501674908029748
2.1889314061071925
2.641616221817416
2.4438201421754373
2.393114906825274
2.3653217354375435
2.748139719641597
2.582840712428436
2.3091644839258243
2.2530559471509615
2.299242411997249
2.203487908273792
2.2168780386590123
2.170435461209047
2.3762036047453527
2.3238419066486204
2.4786249584044784
2.0084229632712356
1.9892055890576352
2.223640898252101
2.296421866219113
2.03743242939667
2.314279507914156
2.274451742447829
2.4759307372759847
2.494863422737902
2.489069522379948
2.1128775566816365
2.485884227378422
2.3671004186240028
2.5002242112845723
2.2994940799911086
2.3569363861747976
2.4115028293911984
2.4306077026541524
2.37457357594453
2.183102353486536
2.0840838038811227
2.2940446220280934
2.0006164704849017
2.122280295185876
2.6179876479944006
2.405020112719112
2.509201325552281
2.211570409411413
2.457116322823613
2.144734820211892
2.2393184386938736
1.8748349953689298
2.1395822122702732
2.189632330317005
2.37565828511953
2.2168579108554587
2.416170992877187
2.1498260073996502
1.9532417067961716
1.9295040498550766
2.12360043246355
2.0342677953422537
2.441957669219861
2.2087331874062275
2.0600640406451505
2.4724462279131063
2.357157321012187
2.3737905246343405
2.326038486208233
2.515048620429117
2.2760888939957864
2.6268559744837376
2.561756376250291
2.1301895325109372
2.1095436979139057
2.5904480570150437
2.169729814400065
2.2694782836755847
2.3749275833258423
2.099165094556472
2.70485331986199
2.0409841603740473
2.4799065784628356
2.2079350467328958
2.5779985207750364
2.22915430666448
2.161500134287817
2.3190377341195325
2.21545399258674
2.2397615403655635
2.6503615083022667
2.0663759411519274
2.0012575298951223
2.204881891855986
1.8642125069060198
2.3573929999503695
1.9514169021738126
1.920718795604887
2.1828738953100135
2.0945357399376063
2.27847237701049
2.0920211228611776
2.325185928958697
1.8958119566810796
1.8972443231933565
1.8982320362706837
1.8576959376565112
2.0727982567324936
2.080259337936449
2.0672885016906233
2.164351249978846
2.2341618951183917
2.0679456171729766
2.0115364214452813
2.060596900665378
2.243249026205872
1.9851914431240476
2.051803183075186
2.470595689464502
2.0373846549273673
2.3796469524522945
2.2851142476022233
2.4740525202076924
2.0444588825000176
2.371578629645511
2.2279043166778796
2.1548040578153493
2.148666281358931
2.1432750305431205
2.3233824349268293
2.2913802286667773
2.427278083385719
2.3617151677648294
2.435484881379862
2.1299305491702873
2.142027793629028
2.0437702869119767
2.3845451021840947
2.268345477597481
2.2013393516204873
2.237644697692392
2.353880163103072
2.194604842027217
1.920292685656984
1.9869560357063432
2.5355421476503976
2.5658653716871513
2.4388673870528836
2.112565219113793
2.672634524043619
2.638586087941853
2.3014647173364553
2.3799096154760706
2.314862530098072
2.2708920405210193
2.1006432240883983
2.095823181694814
2.2127341524455897
2.1339139010433734
2.1823227735221695
2.4203244632121383
2.408172116858142
2.3787511441481923
2.4703812937567275
2.3050117183101975
2.2298106202190393
2.1436145482871014
2.0750772331870575
2.062453174927664
1.9126592703257181
1.9053309527361812
2.297864307424665
2.1802818372665285
2.274953050310118
2.2249926299283977
2.124609698775953
2.165340343126332
2.3395997882850836
2.3786642896169057
2.0522619549728374
2.4315961785171742
2.4315961785171742
