0
0.1751442779748554
0.1320348696114646
-0.11659057537789008
0.7477009890107339
-0.046639978624100485
0.6079042986519158
0.1947999952857584
-0.20856851942996812
-1.074080501517275
0.6056570055198833
-0.22614756540242525
0.6848346687352871
-0.05282850224712868
0.6170120341106395
0.006521965649306501
0.1528805013994964
-1.4358286474460322
0.07370026785677881
-0.1181623123497213
-0.3221074207346394
-0.0020743110110148784
-0.21008208856533467
-0.04435534714869694
-0.5334523035185955
-0.10307433988270769
0.22943840491459053
0.05527984867860942
0.5415391465422192
0.08320145692456762
0.5161404911779891
0.10580506382235234
0.33781852860720507
-0.4759880362894867
-0.23835824678593903
0.7970353323014516
0.3468436940780282
0.2190700211839903
-0.15836690417693824
-0.3424178127020796
-0.579448897049513
0.3539998248852017
0.438478329845039
0.320824046878444
0.009862232418959893
0.22442540085206178
-1.0125939851984591
0.5064839851726909
0.39957444612033033
0.5275728863179027
-0.5149153317233431
0.3151401324826886
0.014200167892719483
0.10883625925462288
0.1687429889590535
-0.41779047273245973
-0.10703151580948365
0.650246717197679
0.337570256692798
0.28486485105134984
0.525224374827732
-0.902099629509375
-0.895399244592534
-0.8974705954285477
0.38055447873679876
-0.1887745112270446
-0.05734188874577702
-0.5029904794153125
0.1757929773720686
0.0027882617171920963
-0.6537610347485298
0.933557990264664
-0.2843652157199175
0.5458208017061569
-0.06185099336320156
-0.3645876383594087
0.2429546505710972
0.5264733037293815
0.20987734876420977
0.6083694251748423
0.9318764566877746
-0.3175557042010519
0.7434259624462308
-0.23946708915976325
0.03331661840939156
0.1313809587406926
-0.13476682790617633
0.4460459283798921
0.7435109993402311
0.07379755690755606
0.11864592192930908
-0.7267125382531008
-0.8919309224323834
-0.4451553790756494
0.3848777871177529
0.5350206245403412
0.5570338182039637
-0.34287925348303894
-0.5755409292450524
-0.3555737844609751
-0.2553362498793383
0.2069877234502669
-0.16282102302396909
-0.9775060170973238
-0.9321741287695137
-0.5719022613731306
-0.44955778658897516
-0.21071636648709116
-0.07528029390432987
0.09747449278892428
0.49184584613465204
0.6572222377765958
0.3001150937101528
-0.014949854001531919
0.048413102733313625
0.18773187352557172
0.4108126703505209
-0.0808406661640401
0.0975255188358321
-0.01622702721888381
-1.027379080705201
-1.0377349546418468
-0.2127578239918971
0.10395829343100506
-0.6341250210357908
0.22198457812878955
0.27593634685257845
0.32590204634339065
0.05734122333404284
0.18475469649584322
0.33669623020890793
0.29136596730119985
0.3836380714372862
0.5602444758657609
0.595095253958284
0.41208247080901
0.4708392269844527
0.5752319661688637
-0.23267523172968707
-0.030483507181097273
-0.5058255323130646
-0.7421082128161487
-0.8117974266963291
0.6633877287431221
0.6498235395964466
0.005302226703661459
0.38042810115890885
-0.7614391065680833
0.29195787110169225
-0.42684596796010094
0.5569198174395356
-0.3638200917903174
-0.6045015750532149
-0.6267414740614479
-0.7061131474262856
0.2549991917585338
-0.7841791538999676
-0.676923352140097
0.6432164463755132
0.4285441169281083
-0.24726196917940707
-0.5682951711678325
0.3832552628765962
-0.06855406535353176
0.39730585872130125
-0.20762659892779003
0.5092053650158479
-0.1980714482084152
-0.13220007266224643
-0.016860705103860056
-0.2856109287697921
0.2992067763767596
0.2646465636332987
-0.552752488024129
1.0432260946152077
-0.36489412448898134
-0.6205027571928415
0.5260027386876913
0.051975034954446206
-0.2848672223724793
-0.15717094485071
0.11755365800427234
0.48145782733950343
-0.19814569425553244
-0.7988980011051157
0.4662382329238029
-0.645337273908833
-0.1064816810736687
-0.18844945966008134
-0.475183568799985
-0.3176298937108409
-0.5667250238031725
0.44662279837880664
-0.2623800822791127
0.2632908153826092
0.06034270819852218
0.5631378268325217
0.16721229788812597
0.5451096637678668
0.20520758055895946
0.5128707018421318
0.5739314732522117
-0.8283381100145722
-0.7934679422161979
-1.2265764535033374
0.0204895181532678
0.05970816783790103
-0.7732420846735749
-0.298449487215817
-0.20911285928884793
-0.18309023275682113
-0.2877154995077911
0.1814416901589787
0.6207249482571902
0.5725515745514155
0.572944665829449
0.5831668016401389
0.5821455024894406
0.6827132542689377
-0.5441615006605661
-0.5673272889275245
-0.9918170173763899
-1.232352683520204
0.4888390012382242
0.09999909260264725
0.5152413374872422
-0.9737462616790833
0.347617930988245
0.47125263100051146
0.30110917279336186
0.31344618538391333
-0.07736672303781023
0.5057809516303152
0.8428683526212145
1.016427575336727
-0.8724256363123128
0.9946302528635922
0.7163730039188744
-0.028905427721265895
0.12270945723352536
0.5955429605186103
0.40852996570632544
0.578195968864475
0.43388009918942094
0.6741903340905078
0.7034239609159767
-0.24284749289099844
-0.533362825691313
-0.45904455601941135
-0.5199566388456752
-0.9445920352002235
-0.29693132987751686
0.5153795990766158
0.06197065919159847
0.11816586690763525
-0.28528514832843366
-0.5570058345724945
0.42545865227567303
0.03531505676323934
0.32699283996148915
0.37740135302182753
0.32331312357239633
-1.1460395969116202
-1.2218200857308217
0.08189474227034349
0.20318936417070155
-0.049904428727868544
0.3134776548571903
0.43934880894338196
1.1699309746046693
-0.8414452260177243
-0.6222912007369452
-1.2382848650489104
-1.2541815330621522
-1.3854523417156417
0.850343567456135
0.2725630680683275
0.6456887711491208
-0.0018352128838151416
0.7038328550589559
-0.1937593788752892
0.7667144541731086
0.591123993878912
0.15183193336538184
0.1527156207053924
0.2925845421139128
0.3315125423597636
1.0208048856108376
1.0584377045491122
1.0523104262637195
0.5273171957230609
-0.6658468348224676
-0.8757004354487725
-0.3727212653278299
-0.29184238401231694
-0.4533346511581629
-0.4643555263441967
0.6631593755124953
-0.29431677249455834
-0.8857483762289086
-1.330946190179151
0.8519815325790318
0.6791226227071931
0.7766075020192209
0.6952173243782782
0.34713436063591113
0.077237730740933
-0.10170718410840203
0.23915007686147852
0.09393944631520967
0.14393688702359925
0.4774758805653591
-0.07256510515184339
0.14997264289015494
0.1234746597361949
-0.4717110231508769
-0.07791833032216432
-0.012761913032135818
0.42935999085879883
0.16213393411657828
0.11548749657936874
-0.31391535082636185
0.708430091437825
0.4142756978150996
-0.08003596104758672
-0.12356688052363063
-0.2528498804720829
-0.2639991291151557
-0.04186616861574452
0.14612597579029143
-0.21802350234328186
-0.3174502896428945
-0.5064234627377203
0.7122474256205846
-0.09295087620099472
0.3869906486483239
0.25864094057725
0.34035662365641667
-0.586364278932013
-1.161742084689983
-1.2340535723706523
-0.30573081197984964
-0.10446529230837914
-0.8985573617550279
-0.24208736670861142
0.001159639089049888
0.18964770756459715
-0.25753984252560747
-0.23150414988583978
-0.2625608908689094
0.33941972464611625
0.3917047309488151
0.15863341998142846
0.2502630198001253
-0.20753015883151077
0.48888545632327923
0.4252200104668221
0.5360734328095094
0.3272460093923651
0.22544421960301148
0.5654143646068487
-0.8190262353666106
0.16677154469826383
0.4184062967151175
0.4273712624031385
0.3576562019887173
0.7304615594759786
0.7190171969961798
0.24907187710618586
0.25280243913607114
0.20243070343522637
0.11289688429962447
-0.18459118437815641
0.17253939658148978
-0.09407636932733425
0.41037378603901153
0.17366929576068563
0.07357736018257971
-0.30773073254270245
0.52674717234366
0.46754359549304797
0.20533724579858498
0.5352407463469028
-0.30061102752253643
-0.09809507357937335
-0.5218676200571026
-0.7217822276486906
-0.6484729070247607
-0.4655640649975344
-1.03239816009775
-1.4727781557390467
-1.411063544996683
-0.2964939318839773
-0.9227473786346282
-1.0461162066062295
-0.9321520764370268
-0.6986566840031169
0.29688886988221747
-0.789473348730542
-0.8171296591379301
-0.8335496663460595
0.44839441045990613
-0.16147671923683027
0.03335841653313944
-0.5885650924400166
-0.25250823057877686
0.2644421234867017
0.11029241229302737
-0.11269332043946506
0.12747244343541353
0.4832832633532022
-0.12024975875502206
-0.12467134978904448
0.11336379787602889
0.7812007780990652
0.5084756214495458
0.593415585883296
0.2219888000814737
0.6076987737934421
0.5112771057577408
-0.23699408902309232
-0.6792551198156469
-0.495980224968577
-1.4587779007143906
-1.3920269336593973
-1.5247214930432114
-0.2851948486785071
-0.2845070644337214
-0.4636967153918224
-0.3161112391920835
-0.28537832708043376
-0.03608812031313704
0.2711415254719452
0.27633583276360424
0.36584643974285425
0.7143807837558882
0.4012033631150403
0.14108651514803214
-0.140295591341506
0.459701911590549
-0.11424072687104049
-1.4933791717126061
0.8709292086660841
0.4807269841263288
0.3179024558367576
0.3872524646578561
0.6388743685990996
0.5130216929988464
0.7326430682510492
0.13111839739537137
0.21641440422194683
0.19484857925149657
-0.1827364539349449
-0.9060052925458395
-0.49189172194309505
-1.0422745432630758
0.19462185469341017
0.11817529436530232
-0.03508990893232176
-0.6032331236626034
-0.7506803435469187
-0.7757820529820912
-0.179802596856603
0.28303447356094247
-0.06996618808400701
0.4790833558754294
-0.04765145726968715
0.21754625870157185
0.27954994211687756
0.2824574390024668
0.22086335175383953
0.3480198211606175
0.29589261817634277
0.18621329159833763
-0.1172874420772616
-0.13654595904082978
0.19465468185692109
0.49294470663522794
0.2025376299445642
0.23388492658070334
-0.12411716592865052
0.25052270138042654
0.4153480662790898
0.6416229638338269
-0.49492555830374213
-0.7379470544692863
-0.1365060309433215
0.08613799670180654
0.08623924393215493
-0.6005574893278521
-0.5031861233410311
0.3510156870178581
0.194243268369652
-0.5580060609751119
-0.1927523487637836
0.09570985609295767
0.11225773236229877
-0.23905040218191828
0.6694209927267732
0.41696742860962394
0.4660663259425599
-0.2608314995411617
0.03778018269688332
0.4013130043929886
0.26654541081003924
0.1537861387705003
0.07938567341235364
-0.09376231684214387
-0.34221838788456094
-0.02381389465992662
0.15408346153488475
0.44028998857479523
-0.2082042711743861
-0.21739020981519983
-0.14834128998929552
-0.5521477016187291
0.4661971598347756
-0.018043548759612168
0.42827302748384394
0.500040433041596
0.12458814209075622
-0.09246955997630574
-0.2687916143741872
0.13618647499017286
0.11887662434457444
0.4328584965097534
0.2954393114498829
0.18513200762170345
-0.15329849800160877
0.2008787386617285
0.24864443881842968
-0.03906450768556913
0.2792761450447751
0.7522160840274776
0.4998329558510534
0.6260186347752937
0.4082231579649282
0.35199657397188794
0.43321709959903365
0.3690192746951816
0.08977454322292555
0.4086938116153775
0.26471907108358084
-0.5916288181935221
-0.4276007995378795
-0.37413663347662557
-0.3916720853091911
-0.05811742129201545
0.7866217879840566
-0.618585436341504
0.5944796448218584
0.23525252617656137
0.28461951606378094
0.02615169974845049
0.4416860137864337
0.1744872827433965
0.12443015350166367
0.3940372215073285
0.18016439156202785
0.32287262025532815
0.7949378963295753
0.4887237715658619
0.5087361034526492
-0.2168434314804016
1.3417843300265804
0.4933647817928678
0.3873851050210013
0.09398077033053188
0.21372709058660336
0.22545925863097643
-0.22192272151155662
0.45127288228699436
-0.3466917969040327
-0.31003653376308543
-0.33500886701376215
-0.11592477980985884
0.568521678014082
0.1787838196343272
0.4163858755364265
0.5280811953583981
0.7499112141841807
-0.04739911102305349
0.3504282990656783
-0.6314893439402399
-0.05826703188031219
-0.11543449791335271
0.20829806666234574
-0.13483334072750544
-0.08810508660174558
-0.1342420501204806
0.2523362853979132
0.15250635956410735
0.3533126777134356
0.2603784930488341
-0.1290941537894197
0.1263493863351972
-0.19651983361533887
0.22836941945055972
0.335467168546555
-0.05754160089615089
-0.5354792422325632
0.6173592973960501
0.11741319257315021
-0.5177873069982356
0.9979567787561192
-0.19083720876936547
0.5261789434957802
-0.029887283652321156
0.3267140118169937
0.7744163970706975
0.47612515912677716
0.10415788427460933
-0.14639226075709605
-0.23931475118693418
-0.13147098587727432
-0.03908746459864229
0.11456354030510628
0.3112511756270279
-0.17444257938131474
-0.0380021371720201
0.7765181532149731
0.9728244614009813
0.7951028708694227
0.36512456839533536
-0.417630377075265
-0.014621974941252102
0.8956326676301541
0.6156219596839922
0.8083657097181262
0.9773927696924177
0.4941575097656799
0.441758090033483
0.3435798889398325
-0.2646473230573727
0.11222911601356525
0.7342329298961867
0.21113299459359178
0.34461095711198236
0.6319619073509035
-0.6058047883702425
0.10666623206883681
0.5861098485142882
0.6118364271959755
0.5330848077865128
-0.32289932554046885
-0.10971914722623279
-0.03230287469910209
0.21004307824408322
-0.058485495408705006
0.2392550825393027
-0.25082396639072435
-0.5413711359326867
-0.5572129239946417
-0.5576735314123804
-0.2226974276066755
-0.09361773292355147
-0.34694085551598997
1.0650547594169852
0.6796263994920975
0.5961748790108324
-0.14739995971493813
0.642270043994288
-0.4305135404085194
0.9891005391290834
-0.8905746602822848
0.32423851838235634
0.41210993557342673
-0.24184400088305047
-0.4720656820502462
-0.8227142003927364
-0.4218032119101067
0.39426418105083144
0.9038613295728531
0.5300545403861711
0.36052979040901934
0.2578289312230318
0.36362274852571197
0.20937585113579388
0.5956359832054049
-0.1325805173922905
-0.42314131419227113
-0.8821583660552024
-0.881831155684785
-0.2363676293203295
0.5463922178746179
0.5555175082355971
-0.09068575876101731
-0.5000968789004071
0.1191394664308539
-0.8528034902393553
0.5425969461407223
-0.571142017327395
0.6830660858679083
0.48593325908740437
-0.2492862847950509
0.2575312567042158
-0.7956688136090845
0.20635415859893314
0.12967987851288773
0.10050440961357425
0.38726972493010786
-0.2775949930287259
0.6255370769984976
0.578107730986689
-0.03522717815183252
0.37204127552928734
0.34209268474117016
-1.200265964031552
-1.2109249505659578
-1.2554167952920265
-0.3370116277008931
-0.13505339907449335
-0.4889627337452217
0.4595691640148831
0.20480660289892272
-0.6501662759017738
0.5837348440071665
0.10574328011147825
0.4997645053087667
-0.3839374944324523
-0.8992656700029373
-0.3189229480212305
-0.08363382020926088
0.5307907651789077
0.8036454496770247
0.59215712619874
0.4509525632922075
0.0011302458559890847
0.8950659915529059
0.6917649309795331
0.03969769306336593
0.35385738740012357
-0.8743690300330648
-0.049582898981924084
0.3563526070750038
0.21163040735343824
1.0367502382940847
-0.011740206493657158
-0.09355724665516997
0.11360531667772536
0.3073099222267582
-0.8660108617348657
-0.23914649216583456
-0.21298058144644835
0.8081228826463402
0.31042278491676684
0.37099110939884433
0.27950685345133075
0.28198255526379196
0.40411242050884866
-0.09330682007135832
0.5345312519857791
-0.033256638037497746
0.4040030906604597
0.08073995151365869
0.05800711830288278
-0.3709433542088028
-0.30307581738393397
-0.3940444459652162
0.14996640643369147
0.10716427333277018
0.44486788207869354
0.6115605575465628
0.1662332896556217
0.11448831411219279
0.6146568872447952
0.5054520103456908
0.3159549743750055
0.033828007922921004
-0.2909279545382266
0.7378198834509462
-0.5275224497541997
0.4806181006756769
0.6793622959850255
0.49593081424878177
0.4642214917887516
0.3306092201450283
0.20885579107794588
0.5015866295482933
0.06658869682399345
0.4383442488242688
0.1763325023118759
0.41179914384440874
0.2752999316387751
0.07393040368371229
0.3343289190073519
0.04205076106438459
0.20506749331844049
0.2842966673772261
0.32971502119174806
0.03709445120672006
-0.26414136447601505
-0.3994549073163655
-0.4447817797295488
-0.3259337054511343
-0.4183281622011593
-0.2794945040937887
-0.3609617635511495
-0.1858587587687711
-0.5101845254249341
-0.7422681583116812
0.2045681222048032
0.14276825083453046
0.026571316539764158
-0.018955150782908374
0.6646344518312544
-0.20521237214118884
-0.3606237975853548
-0.3768269216424289
0.1250729222850687
0.4339048144699257
0.12208268147547288
0.5314225750264984
-0.32058481193580624
-0.7070420966528208
-0.22176002383908247
0.2945320218663702
0.005862082339580366
0.5571176742600352
-0.45652574266832713
0.5757218185490834
0.6142771019734179
0.5021066439283043
0.17338609486174228
0.3155009343023323
0.8273612667132986
0.5317470543323725
0.07673251637182085
0.42687949897088645
0.20601320157039524
0.3509752636562448
0.4353441510529959
-0.01944111921420856
-0.4830494896267497
0.49422391904448126
0.7439474487992522
0.5404586858868274
0.13699088561712736
0.4002661767835966
0.9984360015251333
0.6987178921243128
0.7866747247569895
0.2765327334048957
0.6846190381474848
0.6912968490070843
-0.5236430764297407
-0.5011067237867052
0.3913140437518532
-0.11179151243965793
0.3604325018281613
0.2095740828134852
0.12279167816973488
0.8763092681674778
0.3783947361852354
-0.539846924331706
0.7363547327357434
0.3887564062102953
-0.04583947303632511
-0.6235875012504953
-0.7747853879891137
-1.156860758270151
-1.5445013693851675
-1.5010296998424943
-1.2538434733438277
-0.34450457999186324
0.544265562916603
-0.5346107244570066
-1.5053419210726122
-1.7915003377493597
-1.4131349609694854
1.0883692882015166
-1.1095664633658742
-0.495546503154687
-0.5889611229275945
0.07756522284152785
-0.3875175306604288
0.5212087033067317
0.06716906821297616
0.42183860276527746
0.32034776861921993
-0.36450412075491023
-0.37149025979409805
0.1761084523800434
-0.0998036800448454
-0.2614734009332095
-0.5185205422759191
1.2886674568864933
-0.007071887480365957
0.03235735271578995
-0.30396566370011474
-0.5476191390395242
0.5526512155837118
-0.500799042740333
0.0630888365744045
0.08440646363177043
0.500269726152145
0.39006065138592294
0.4076539392679267
0.687383000216161
0.2908179013237544
-0.3311459615243586
-0.33731379824541796
0.35532137833318134
1.1265861706612117
-0.39601947063683524
0.24165005603202488
-0.8615926567290924
-1.049793026075722
-0.7941373539162704
-0.1359193469499932
0.15587516725199674
-0.7824141235963317
0.2032967525802547
0.12857748400530988
0.22723626589642476
0.07312066070011612
0.3806633294733207
-0.5159662024851119
-1.507370323313054
-1.5978863569666346
0.4690051850489599
-0.036764359892031084
0.11595565677084892
-0.6655451977744575
0.19451419051365648
0.0309846466804384
-0.43597399918747376
-0.07883801027264876
0.28806758597648807
-0.003220895884899971
-0.20633983465671993
-0.4183940767499099
0.5610501043980199
0.4852945011232015
0.2927735690591712
-0.44593383154106986
1.0592806849619054
-0.9392166034665373
-1.0848293173138277
-2.1936021077826644
-2.417183090366164
-2.2024756990531946
-1.7104785862385627
-1.6735408996836711
-1.7910361430622415
-1.7940111969180084
-1.6951263306358524
-1.6883301452528594
-1.689639076110324
-0.09245385336881716
-0.1751684386856305
-0.49692943829454267
-1.1840487370700075
0.24632287671976555
0.09919345606900873
-0.6398888980092926
-0.7545054243011736
0.4078500196426984
-0.0811522782853524
-0.6448163203973256
-0.6874011087829929
-0.6661559857696975
-0.6591849965082904
-0.39140536507124946
-0.15358246505740217
-0.21329640335105485
-0.5417996011183617
-0.3126128584894722
-0.0671929546495586
0.2851877638520652
0.7585764788336228
0.22778760345251356
0.372023455483893
0.7601756665603425
0.00112836957826927
0.013572268056883273
-1.0225281614265949
-0.015053249026429547
-0.3689946061709407
0.030502235597380696
-1.0122976741671774
0.25602748409316717
0.3215446134150395
0.03315917620504005
0.34203855124335025
0.24697732881848314
-0.007693090538149745
-0.009741477676871032
-0.0023480903202404016
0.014653007983067533
-0.6430966194413819
-0.3178100275145241
0.08889169417121384
0.21607908693134495
-0.5427435669051273
0.3273567841863638
0.42713635061449473
-0.49151020114585664
-1.2133017723748403
0.06491846268894325
-0.29768539087363716
0.008132933589693631
-0.1216911368061435
0.2609251037381014
0.13917652079313342
0.16037446828400634
0.3437838249555994
0.020061471572518006
0.8510586027784242
0.7946934456020598
0.48283657452768186
0.46990494707149694
-0.6897071934051054
-0.4106882861577206
0.3289544069464796
0.12268929559230064
0.1610085933909275
0.21047362634440325
0.7027181336097291
0.3911728933710095
0.35256821477931694
0.021198311351016488
0.022493621726049972
-0.188017738301352
0.3858321578948453
0.5400064558489724
0.8656421482481608
-0.3719841888062739
-0.5986648556871028
0.7969933285051337
0.15840171023973457
-0.024442160700488002
-0.20693900052240558
-0.18687840516126863
0.5989160718594029
-0.061741205432281704
-0.2347066694105848
-0.3783697417223949
-0.7465964493472045
-0.46022063331495144
-0.7581526942630318
0.0400402705676938
-0.026536403001588882
-0.1921953594227438
-0.0051929014407738235
-0.4488756885088455
-0.005411553229039307
-0.15771577749790064
-0.06980257045468971
-0.15984373619551312
0.1120303895992045
0.4015770548627366
0.5793510318165115
0.10636705410172398
0.2926384180166779
0.5621446438926905
0.285422029829756
-0.41844114748539757
-0.39504329387323955
0.9550215033641799
0.9202445067071979
0.2401903675578962
0.36909726330225345
-0.5465508365006456
-0.8499786476021071
-0.30031383089760727
-0.4664102673906042
-0.20894452888751236
-0.008473986254821774
-0.8116607047186223
0.41363152487557175
0.37790986050467046
0.2791184915724664
0.2837693309513597
-0.21836405055403052
0.10569068728062903
0.6136041928658579
0.3904118924861537
0.07505875545836993
0.22715066902867861
0.1792807535121615
-0.2143343633216127
0.290138593817179
-0.45493241584464617
-0.4005268058983695
-0.00019494523159812208
0.12678515878149704
-0.8572237269000652
-0.8044398125618747
-0.829469744269639
0.18456781774027237
-0.19941551154832596
-0.8456911553865343
0.15317768859414205
-0.751046428305739
-0.16478208490311394
-0.8140688655683274
-1.2363711748299815
-1.4828508866302739
0.6045671799432071
0.8006957221480593
0.35909688595355427
0.24007519299549857
0.5815993003934993
0.7545288576312018
0.06551412428315835
-0.12888802261056617
0.16143359570662677
0.05629555422535873
0.08057396338469283
-0.4876796159222239
-0.09742451151702745
-1.121963691758243
-0.6195469558515102
-0.5341293428964894
-0.400295578213439
-0.24637413974599703
-0.06084016592505188
0.3327083451613825
-0.5249915400958411
0.3199033613629297
0.40445432311018503
0.5067608499771665
-0.8175022157423711
-0.8189688910035402
0.23478264415058608
0.4232153243978033
0.03410438874474177
-0.41158258442075224
-0.029100059246724114
-0.2647043146938282
-0.20254656117950437
-0.33033189649240313
0.0776825121542674
-0.08476341882404767
-0.033389798276968516
-0.5497945887606438
-0.3462437360350782
0.13524902645790093
0.06085078577411741
0.15921698793825223
-0.7750911876715052
0.2903890496974957
0.4989010912708923
0.5323751895464123
0.6622959004708932
0.2664840446633952
0.5737877451984639
0.449282537954767
0.3670953898334788
-0.21136085565857188
0.17100184208384242
-0.1363578290526974
0.22804809993848785
0.315144373514192
0.12760737675804226
-0.4535519451966248
0.2821000604178796
0.707774621218442
0.10435337188446661
0.7023940420857273
-0.9558226984639709
0.3602683108468124
0.3626757221964377
0.31142566646348496
0.4932525973700377
0.2498495900349103
0.7250292803770891
0.07768034516277963
0.35647819772362577
0.2330248953718494
0.4716211825257488
0.8302158577347198
-0.6043980511784738
0.43309251430066226
0.09755393775218128
0.4302465894436665
-0.9926681040696197
0.1313387792419608
-0.3772482475375478
0.031937800567241534
-0.01438087721325625
-0.11485398374624001
0.7008831735207001
0.6426425745160649
0.35647677162551217
0.5759973308531546
0.43202385765568374
0.4879429876451318
0.8897722655937499
0.33270307531592797
-1.3212960607278352
0.5907984842174286
0.6996670604715105
0.5772164589444397
0.4745375566012628
0.7788391987301642
0.03017216054527192
-0.5850426351539963
0.1603240491104906
0.2288858070988897
0.7740751388883886
0.05050234033545833
-0.2599504248190832
-0.15006074789440424
0.10748271793252573
0.5690831106671599
0.07470762054798787
0.6722381943730713
0.4327390279605283
0.48400009542801975
0.5265312330327158
0.2810303978366055
0.07777208102616337
-0.11636721332665523
0.2031098631749546
0.08486304033076802
0.19565108547310187
0.049250236425501956
0.42867378418833235
0.2163664815893893
-0.33007624924031603
0.2921575180944176
-0.4114741618705536
-0.010284143415622452
0.706196810429041
0.3804779444318586
0.44160977582197236
-0.006691446980463283
-0.0659412902597765
-0.4054108618121758
0.6853429154420051
0.11707865429023186
-0.3635325945301537
0.1552617559710097
-0.15441503758833522
-0.23552765512178483
-1.190035980957931
-0.22231909402682826
0.36078743724589657
0.22371300226057297
0.20758644189125552
-0.31216696547906153
0.16957345923170014
0.4424086307740195
-0.24209503164648705
-0.2758060513183336
-0.34887263698627363
0.36768516025354475
0.023885502087814182
0.3916804391195006
0.40564296980173764
-0.5130078372079969
0.3082775400085213
-0.32439434455419836
-0.6555109568205231
-0.8661849143688176
0.2351717031019057
0.41534618109775995
0.17673280829008034
0.33481722286432963
-0.10035546910766467
0.21267130866782463
-0.7727230839006112
0.9109131955008556
-0.2899735997455849
0.8740709182566497
-0.09479732338982219
0.6091742847008252
0.6938075025818756
-0.29813643115228144
0.11864685265788127
0.49035686986151905
0.33537709836557905
-0.3803883334952658
-0.4338257051974536
-0.2144549973420904
-0.4199413498048595
0.36282786723955546
-1.013463337164644
0.49544972127576464
0.17615403886358091
-0.07883569914877891
-0.12357587984055457
0.41130700974574547
0.3022456019190321
-0.011286568553567739
0.3899139374157822
-0.2431799373609581
0.03341709885240558
0.5003952720415815
-0.10421618811679843
0.35169295222199515
0.27621422085101416
0.4938942931853427
0.07293418814877335
-0.10804861852958343
0.12712772312328954
-0.15917477231336433
0.32322158066369494
-0.3784487116477221
0.011750104391438443
-0.8291371773859918
-0.16666068571625636
0.7628582354766384
0.44404357012104934
-0.04150030973318787
0.29919968135343555
0.3473929343190169
-0.2976865165268239
0.5897421947919048
0.41445851156238256
-0.5590376691003859
0.47607046014771887
0.013044350207178628
0.7968839502628046
0.12436334360015798
0.005553917257339926
-0.18325132956608542
-0.31543385883347597
0.07840068381413445
-0.34619458207773834
-0.08877840206305569
-0.28868071086384156
-0.2169052811750971
-0.2169052811750971
-0.2169052811750971
-0.2169052811750971
-0.21410242821126022
-0.21147236293976984
-0.21147236293976984
-0.21147236293976984
-0.18640037922993075
-0.18640037922993075
-0.1945033961411306
-0.19020591599244088
-0.19020591599244088
-0.2110705627762297
-0.21091855901989678
-0.21091855901989678
-0.2164542898168163
-0.22161352565116507
-0.2126575540326876
-0.2126575540326876
-0.2126575540326876
-0.2126575540326876
-0.1932273999480291
-0.19139013265210114
-0.19418931954391067
-0.19435382794278958
-0.20266205130162865
-0.18989309776312252
-0.2075319782550428
-0.20698480514838363
-0.20698480514838363
0.4028617786387684
0.3646712394562645
0.5642059273934588
-0.4802738620405371
0.7606851283306306
0.5608176184618346
0.7245531248381998
0.3441460385753604
0.3133737185755857
0.28825016132040476
0.24571211729234232
0.22822127900250888
0.13786313273618492
0.9160533067244059
0.1716246882769425
0.6715293543000295
-0.051027645379507894
0.2826690994658482
0.6508557363414688
-0.5692976127903022
0.23775146836154779
0.23188623335075784
0.18399870665566614
-0.4305642299703308
0.7292160631877886
0.016012760320445296
0.13952376221068558
0.20307323951331768
-0.1552921049229331
-0.060300461639604896
-0.09093972781223841
0.23295813224337864
-0.277060385531525
0.11909782829726778
0.01733212977729941
-0.6036625295645425
-0.5096183290570246
0.5467265651307894
0.41413329188969045
0.06622391056653543
0.12207849717895262
0.03246222020420916
0.21901211337099644
-0.17069894261037208
-0.2617334833707401
-0.07421517208265133
0.3231662074713186
0.4365496692245658
0.8613836782612098
-0.6503599572783892
-0.4722050483712016
0.8574336634845211
0.725040832489616
0.7148288556451492
0.1859421299177816
0.42009386465919435
0.42009386465919435
0.4732333601542637
-0.13099286647638653
-0.1323218579643553
-0.31758803300120536
-0.3578674795483998
-0.2168974033466966
0.37298096463579594
0.3560898283538355
0.2990001713101778
0.5930753775258261
0.4354851058704042
-0.19660224428439266
0.7220303133259199
-0.3550220359399987
0.384902233787388
-0.2919228052552564
0.5980434470160928
0.480487610223776
0.356105577412597
-0.17713147228651333
-0.36230366452394774
-0.020197581136030682
0.02441527899560224
0.1718647169321038
-0.07625977762469338
0.4635655688679582
0.43027943668924995
0.39863454309931307
0.6649623121007522
0.09743795838158766
0.482053888834921
0.20071069209951883
-0.15004533095353587
-0.41733015241247057
0.0069386966793874875
-0.11183828698370805
-0.4670506177726416
0.6113987614845605
0.1016776632484059
0.41505318302988065
-0.5902451602391919
-0.0866216314079156
-0.010110412620882464
0.5815533445442149
0.23225253439573507
-0.7414045438696434
-0.3903977831467961
0.42024553894203037
0.6096256655015131
0.26161374541625376
0.6150416965689081
-0.00034847165476542584
0.09984377128644459
0.7400380915715734
-0.07496329466916957
0.6853740830912283
-0.31890503068212833
0.27453940080676614
0.8034033819382798
-0.3712583053966225
0.3066749671788519
0.584434775069786
-0.27774894407325795
-0.6495028685734908
0.059332741830173875
-0.3436432700941331
-0.9900157996610351
0.3243502521896252
0.10215993105935775
0.40225094692513796
0.08800107966583118
0.33522720271659784
0.35784903801373474
0.3731130636658123
0.35157188926047056
-1.406340066953935
-0.7283601451141117
-0.1140905801233017
-0.39690340642529015
0.07358497927364537
0.2547514194465946
0.32136358445279545
0.29917076452008373
0.38011133869727975
0.6622287799950467
0.984918050681591
-0.08007629543039753
0.17993990481311697
0.34589388889697187
0.41984842499127495
0.6326244131232495
0.5086911843847002
0.25319035036194987
0.2862918273861933
0.04611969530792215
-0.8491706158302551
0.37350268368322326
-0.6532119159116871
-0.001458194837351473
-0.3485109297154393
0.7203080393799265
0.6134733766755894
0.050613424849935196
0.4520385447115574
0.02278729079926416
-0.24925157297758171
-0.17595956147174488
0.19294742037575677
0.2207363727286079
0.21729955951535884
0.5455699986494656
0.6931375682512313
0.9830880381100461
-0.6829749573255809
-0.2955194203882791
-0.4644325569016713
0.13130660595395616
-0.2850896845030424
0.35315564665141613
0.28771301082563305
0.3292878413362833
0.2512658628267815
0.6167245042990095
0.5499633984790034
0.5592431423743476
0.18162156955835873
0.39771180454786903
0.4820026702351534
0.5960986732792468
-0.3251437637036866
0.307112122019762
0.2348763500294865
-0.1582917863196286
0.2655605576336294
0.258085250363438
0.2663339474633431
0.13707183016673818
0.413706583491324
0.23186351643742212
0.22910213048096523
-0.4614925795914589
0.01174398708194667
0.4177279224526191
0.26904596185000473
0.21108980996457619
-0.018226799583599396
-0.9598935966223352
0.21901927400872162
0.08934790136834309
0.6328126568660704
0.03059585077488258
0.6596042678558254
-0.4224682269228112
0.5759432818613224
0.10199931148480405
0.5320847014742482
0.5258727150266865
0.5150171173170656
0.16843369627590932
-0.059793977073023356
-0.8200153256271607
-0.03566815561694278
-0.8515649315952585
0.44583414280416195
0.44422431752089464
0.0754106347408203
0.37405093164429287
-0.9455962042712758
-0.7990028393636599
0.1736488845518716
-0.27597803488602424
0.6666910757523468
0.14334594786103816
0.8089522499889751
-0.3311329562941367
-0.11850353517014024
0.48387145352140076
0.5008049812839627
0.14528308809406937
0.24346394406415037
-0.1481970846504652
-0.2455156625555011
-0.2315291048134391
-0.2426072262034807
-0.9591748287440508
-0.6631937266845388
-0.438715702102267
-0.631240500861712
-0.7275352555079175
0.21473861006947512
-0.30506219118014233
0.2567247079902658
0.7667763542408298
0.5865016258623094
0.2574367882054267
-0.06034625811635638
-0.0704001551073122
0.5871307151436247
0.11415599312291604
0.08600456588948498
0.5211221844293735
-0.5296659219045328
0.09601411124339596
-0.009188837642875827
-0.4774803665843094
-0.12627244399725968
-0.5912853497833036
0.21378761101105986
0.33049789476592034
-0.8052558278534829
0.017271785291782346
-0.24050827313029005
-0.8222246838111528
-0.4235156304837464
-0.4853647579055469
-0.7093233016285294
-0.4171257049010387
-0.20615043395679603
-0.6832882645574054
1.014733911684062
0.7301925673041745
0.21720467347817712
-0.2392437836289335
0.6546705389043379
-0.0679324251660343
-0.10983825867565153
0.9049174970289964
0.42148074792597723
0.00502961715742743
0.07686528407588113
-0.11337675995988353
0.07956918814808436
-0.09359638608947175
0.6769719978420508
0.07490317714223245
0.150666358649435
0.3431965017758735
0.4464254424363542
0.5893649102488728
0.5409405283213801
0.22025680245730841
0.1987385988622319
0.22505001240284242
0.3590892244943691
0.42013754855581376
0.6038892330539187
0.46203504752176233
0.5221123656271172
0.1175067739527781
0.2307534237221594
0.24856979244011254
0.23560608267578947
0.24386527147899764
0.15115107659853264
-0.058822109545883274
0.44036910254716827
0.6243499873972082
-0.39021334390119294
-0.5834363593554275
-0.6291907846071837
-0.4469440061329373
-0.01882425497049341
-0.09604775727607125
-0.29983018557672
-0.36423725565839205
0.2448483865853801
0.7417077040214479
0.6981795949377896
0.21430336067356212
0.25480148781229195
0.5809952520940342
-0.12709058807389814
0.06567818193866701
0.2740283043076908
-0.7597068337085702
0.33053685011915546
-0.14308527553119466
-0.09282350859718355
0.4353823942820934
0.43016263897362084
0.6472290652011614
0.502194044411657
0.6457820854847485
0.06436478973765071
0.17039575106821656
0.3128359077059056
0.22129535992463994
0.376387552422915
0.16174749465009375
0.19564498196849692
0.08976714157426954
0.15313263999357574
0.1443721037805883
0.32660740237225816
0.423947063574149
0.3356673253250994
0.08601956114142235
-0.2184427184995926
-0.44291811509170564
0.6549807444622996
0.6480858840474623
0.046703742748446984
0.4100958153661127
-0.12454507353635395
0.8885883173594981
1.2320177229031537
0.6515829617374332
0.6743852868310075
0.6259786770938682
1.1232687673538357
0.4572137338011619
0.4868552725582363
0.0537969828614153
-0.39324867139015257
-0.002085935127778213
-0.23612862571539356
0.1128519439575038
0.22815958383284166
0.34611445342724123
0.23068485900690652
0.3254814276583038
0.6221924643452259
0.6154190348797464
0.5992686933509705
0.5977179099180724
0.6160885973248615
0.6282901926798988
0.35182102676761995
0.49368247383467484
0.35526023427072373
0.4877186966509956
0.1869166318307319
-0.31095602585593024
-0.6944919299276952
-0.2745961170291705
-0.1436078000473531
-0.5348569671733897
-0.8608473945092133
-0.651466016561309
-0.0976612840796841
-0.5185434264294171
0.10027447423554291
-0.2614198805305026
0.060128154440319846
0.48642276051094974
0.0685788434017162
0.6752134283096829
0.698847883885639
-0.37087641060134713
0.16106370681238852
0.2891509803232212
0.3938123797925312
-0.16252805345740698
0.09767622664269474
-0.23510453701277906
0.23035424441348765
0.39900634792372747
0.5289354917540718
-0.7970884988148594
0.028991888701883264
-0.15037967467100966
-0.7862990871272816
-0.4204304010936449
0.018949073412848582
-0.1342972630073958
0.14157281704302377
0.05032858706568282
-0.25336630450012343
-0.3604869505339696
0.14489434726563485
-0.36185480624135563
-0.24784959139582347
0.2889450250963976
-0.19031586751426277
-2.2839701234529675
-2.210316464497284
-2.0327479866522764
-0.4439486869864654
-0.36660898924615304
-0.09376369853343793
-0.33875494154117874
-0.10050309114973428
-0.3742423370781061
0.4210768097478018
-0.36623623733626903
-0.5498617770036169
-0.05373083107661987
0.18299804354797458
-0.08928776043892601
0.21963198081931748
0.023976350170325584
0.2967150055350843
0.04183366098555294
-0.09436681486469325
-0.06928840421885789
-0.1937994736881811
-0.6488075481282574
-0.5091367138718512
0.04056616185175881
-0.32943361363641716
-0.3236858184605361
-0.4417855433056212
0.15313474571317462
-0.042153652167516896
0.8848623016474818
-0.18136162671766118
-0.17244124092817534
-0.12034820108524859
0.6612275768577575
0.5584544640634341
0.470113264658512
0.3368971589249604
0.7860918169453764
0.37544950565199303
0.5547124570241817
0.20746994553119114
0.6598771047019492
0.6387364550255469
-0.08382362276739064
0.6902062888000865
-0.18358904315230432
0.27819844416037764
0.23063566493726112
0.21669796409674605
0.3016346662937576
0.5026488414928465
0.2307341796036966
-0.7817521779764468
-0.9488605827421336
-0.43032332746058377
0.37120228163829666
-0.41693158644866607
-0.30739303473390445
-0.33411532010246875
0.7160438520570024
0.4685195424529896
0.42067286477475535
-0.17410597612450152
0.5914294735270592
0.02818633447361169
0.2833801198816283
0.3149178055608606
0.0029957786057760766
0.014292918969280753
-0.03433629699945582
0.032390904113273826
-0.40349421077575415
0.2959085578782959
-0.27631730197692206
-0.06054201645109628
0.1675600588932674
0.4224335281406243
0.20510699668609716
-0.02496657685240517
0.16890979192021768
0.5573788774289788
0.056496803978893735
0.29765011570771693
0.020746490734812193
-0.10135113833226574
0.015250408018785756
0.08240995584672654
0.31727397970677806
0.1751222696389775
0.23164912507901117
-0.3884037086975729
-0.44046454750439035
-1.2858212505293702
-0.3188389422008533
0.48714357881149034
0.38230433120184865
0.18204890796411974
0.2512163153480736
-0.2516659759552711
-0.08471781668796999
0.2772230507740491
0.4729002974757327
-0.009134846609828762
0.5493739999913884
0.4445538271129426
0.15760038224787842
0.03160100014769949
0.37810561738505744
0.2913887258654341
0.12015479034108048
-0.3080426701367076
-0.29640714175361643
0.4891613016558109
-0.23829537606100584
0.4214798606005463
0.20941788101149286
0.630954969080723
-0.2982600923859357
0.054480380044636324
0.2580114247449626
0.5317637523280612
-0.24384603250239528
0.4973779161739947
-0.16264143883290802
-0.18144101021111547
-1.008896920401948
-1.0362492423851295
0.6769936601169358
-1.1392522462379953
-1.0455751723754214
-0.9830079933467902
-1.1110969720039974
0.23142026171745755
-0.7276880015834454
0.4280007879523359
-0.5446254857269625
-0.5450645080497589
-0.540506162938046
-0.7043415970553216
-0.3801644516196745
-0.1933531946664736
-0.24250901441245992
-0.12077569134500568
-0.5263025793457042
-0.275624400719182
-0.36308471459378144
-0.2295442341415083
-0.13282048854627793
0.32371454094644403
0.24299180402221007
0.392335319615792
0.276935448748232
0.3516883567058109
0.47811383698401677
0.34667342614850777
-0.44927918695439356
0.573974436054244
0.09457057849713241
-0.5071763132925479
-0.5084522489690818
-0.14174052338267285
0.0021682995949900445
-0.017324536641863418
0.28391530073429655
0.4418226747654806
0.2702408886126424
-0.3026054778928444
-0.294719373863802
-0.4611205325942858
-0.24650021239427944
0.34203949471778744
-0.3135870633903406
-1.1261863253303273
0.47248014467778454
-0.6269550689774924
-0.6193017623742985
0.17128319635636163
0.4421844570262763
0.44224615133227674
0.31081447496571024
0.09786043434804957
0.6950422102365973
0.7125004695631749
0.2891130274400579
0.15607588743754428
0.11691047761464599
0.011962086534843848
-0.2690462262601146
-0.32623903896536044
-0.33609857497463
-0.5231327098663373
0.48989725990057503
0.09873185223788718
0.4228917675189672
0.47122482868288235
0.36826628135778416
0.5067995016715549
-0.009842767314835354
0.07187195479968159
-1.01913012867294
-0.7044588205733611
-1.0673072888852375
-1.042384363244933
0.7448079884781439
0.9526284883675404
-0.5473837310376448
-0.15372614471189006
0.598009394314302
0.54551128240261
0.23133918812258836
0.20134018099384424
-0.05427511116917321
0.46075577629700054
0.46075577629700054
