0
0.2679170619534397
0.2635575939373161
0.2531473727439313
0.23986461721419094
0.26005182341312993
0.25441439495563656
0.21605958493390742
0.2530269789654616
0.1760768303042911
0.26407890425125025
0.2509613647410914
0.3786013107218544
0.3781318646248704
0.27005464610220586
0.327759220792115
0.258524962027671
0.3776052109714099
0.3297826002222428
0.33076119688745553
0.18924112196716214
0.3164663504787783
0.26972751443012577
0.22261888864300844
0.36980445400609846
0.3973622876427005
0.28919136845270554
0.3412976234679556
0.30255259382599775
0.20717358877663827
0.23277706435794354
0.25115478050213724
0.19916210614137536
0.19571959248343998
0.2514703699391755
0.1917873055543154
0.23429470134678793
0.2424044653910972
0.28525722916728696
0.23512996718859278
0.2444927779443905
0.18665190026183306
0.22073987102597126
0.23743861216782708
0.24923297433359035
0.25876563105693157
0.2345007133682774
0.18864127527810842
0.18782512251250671
0.22141855947437464
0.19038557994732244
0.28460322584332914
0.291842190425531
0.36060138476624826
0.32164895576651975
0.33378639304890656
0.34789063155151617
0.38464193814496794
0.2965182699811959
0.3003835073987192
0.2679139914316461
0.19643561313359098
0.19597491381543242
0.25457249664945947
0.24427679078838116
0.23773755536051633
0.22523142411062375
0.29204762521249517
0.2734718387744183
0.32553272633825114
0.21537262551391537
0.2303229656065519
0.2152194168508002
0.25102700850755255
0.20007379372613845
0.2592664807162225
0.275756424879993
0.2380147109621592
0.25375470974737846
0.17433092417606058
0.20728599840013157
0.24981471092728355
0.2521121113474896
0.16383822607431733
0.16909115624013865
0.2191097167537006
0.2132742858251194
0.3465973107044275
0.34118268303259314
0.3595480287760673
0.3344913420304927
0.39468992930152047
0.2594511237716821
0.24317634284970133
0.18499834265654858
0.21740876766855177
0.17421897493442653
0.319277060312775
0.28347854889876173
0.31177498872543236
0.3849749852574118
0.3565980544280332
0.4399008646097931
0.48524833224635566
0.30589342558960797
0.25585643373488354
0.3813334134939214
0.21874782671818158
0.2405245658117719
0.29043603526447176
0.35357268705537104
0.24411290920156534
0.2856609680746279
0.32459877280303123
0.35706916893840357
0.3434565611554932
0.29334352913872574
0.4439241677439221
0.44829116605283725
0.3887592387502903
0.4812296819165037
0.30249800915557745
0.3130340431949378
0.2532112076029107
0.16958352193679008
0.2298961668568712
0.262544766596764
0.3069868316381718
0.4458007394573057
0.2866039827462071
0.21789991133617356
0.1823680441340119
0.27619375804509444
0.21034088301267345
0.2051162404801569
0.20854085396640665
0.1888622131250507
0.29941031304874016
0.3608914028277439
0.44860688235954155
0.494872784644875
0.21693465811686227
0.24273380018925472
0.3027105913826873
0.24282457649737088
0.2715615173311775
0.22323228636525513
0.2900353068620461
0.22321643610926403
0.20318238723733797
0.23933904719258017
0.259516392494644
0.25830398514169856
0.3296656964133933
0.18775557698624742
0.20507443660659372
0.21164636318972868
0.23126060778705662
0.26450979574985295
0.18984200511247162
0.1979151658376376
0.2099052394182872
0.21597537128842934
0.25007917418389863
0.2005070898059189
0.2962220763424427
0.3000908615313947
0.4419787920155152
0.5298017320888646
0.5164875031870247
0.3369523582832315
0.20460621517331973
0.20568578721429776
0.260352841238237
0.22386434571389535
0.24502695244406428
0.21341707343282915
0.2509211394648622
0.18139893273654842
0.20680587523200689
0.1957812793222086
0.22216873845425447
0.26166343983936785
0.2730755497958386
0.20394236845025807
0.2577060453077585
0.3123311649385212
0.27258686662183795
0.1938480830891006
0.21204151270296084
0.2338566829080951
0.2313002258123611
0.31364425033850624
0.19872527841297544
0.31952975230865543
0.3194830133383469
0.2900117007815985
0.22450397936540553
0.25272624276005623
0.20835119897515755
0.22893395792909502
0.23795048308010525
0.2402721814659253
0.24523942707357907
0.20635979507903174
0.19324110557283974
0.21400194060763802
0.24769674139877448
0.21613551277469362
0.24022777233416295
0.18492947276649432
0.2471563623997227
0.20810691151529095
0.2082785372919566
0.2594703325171661
0.21547371884340452
0.3348682588702131
0.31600878067870986
0.2607058779499649
0.2483350370929928
0.24460229925206614
0.23504564866901936
0.3661699639556386
0.4504493416996924
0.5408302428680136
0.34763362450045077
0.5278190710895532
0.33140096052528134
0.34970008363702304
0.4118872886066281
0.327873794145814
0.16462309818251925
0.22189323720438336
0.23279652232160222
0.25191936358787126
0.23064884040810615
0.23498694638247525
0.2327039649790729
0.20287464753134699
0.23525642813143918
0.31262483461766627
0.2631884303526772
0.28269200734226496
0.24025021505768349
0.17846547862419013
0.16486083810234906
0.2545505733882944
0.26213535015061223
0.1986489405882991
0.2263984429503274
0.31731609127091076
0.215304176915783
0.2231037295990351
0.21333674722819018
0.2694741851253736
0.3290606688330001
0.2565401606701992
0.2601863588081036
0.1814412744816831
0.3194681353058658
0.27226426196931397
0.32548364312370703
0.38172892094301514
0.3600685148282134
0.25852570986119433
0.1810957823575385
0.24946889963065688
0.2822260988870639
0.2722656579109405
0.20754432629556
0.2910648158961629
0.2523395007147445
0.23087536261226443
0.20464144132396195
0.23476123878335722
0.21504902486218602
0.25359929844876294
0.22031235325695886
0.20815256835877446
0.19086558440942983
0.1825304770640058
0.21690029702271907
0.28644081472257765
0.19620322228253456
0.29749386199074423
0.3052056587021348
0.2703790405631494
0.22435968252911795
0.3070845198392313
0.294997216667249
0.18649644747360153
0.33674022202293774
0.36600540830244693
0.18644484798068478
0.21981620552869696
0.21894081394203396
0.2899877642915211
0.3157988285098556
0.25202260836496826
0.28626588743682024
0.3535730326779826
0.3675891095778701
0.37652901139488587
0.2141003095472042
0.21018228414294496
0.3174672973865912
0.26068777060075365
0.3287843283877593
0.18419845750771727
0.2599416700971647
0.2863094777384961
0.2761922450426353
0.2385417982759185
0.27004859233011314
0.19785926704695161
0.24601593387907536
0.2004838122952343
0.19675554791182576
0.2556477900747938
0.20290290681482637
0.22258023143628064
0.21831992737913347
0.22593642663374694
0.24451599708351202
0.1755908007047889
0.24159702299317867
0.24665634185314897
0.25175747679088967
0.2808744884693029
0.2562536741520558
0.20876469623718666
0.2130893680311495
0.19987416257993693
0.200764022796251
0.25581737215979355
0.2809004518977306
0.30918918182193605
0.3036131024573684
0.44363545013564026
0.3077168058452653
0.25023855837262227
0.275866243800932
0.2885444695083071
0.2807259623929339
0.27608148436235375
0.23737711762259878
0.18900278040833424
0.20871332443694862
0.17708102644978027
0.17596161035221214
0.16432291100281257
0.2595940104908797
0.20940712495948471
0.2093563969991122
0.18540484732342238
0.24140852526874731
0.3970366210687209
0.49953455296239907
0.4971894996349655
0.5001339321188728
0.36099350987833356
0.3469731569687749
0.221819924164863
0.3095142025719923
0.23124459939012598
0.207564822859473
0.2055559525232011
0.252239157650427
0.27919871443847877
0.2747348435193384
0.19174504068209455
0.18453849786678114
0.2134302146045484
0.22360323083250846
0.2592605126657278
0.2150420740302164
0.21150504249613503
0.26983572991776866
0.2952950258356868
0.30877364967041
0.21786093394668732
0.16519496438034387
0.22799331142453577
0.24050629337611681
0.2020211116347481
0.2493360848404606
0.26837476593813886
0.25493930536121406
0.23705804822839227
0.2534655403961819
0.20443911751362062
0.2550344311218957
0.27871241697135685
0.24065279330082365
0.1524598423724284
0.23794219686847565
0.21572004459460573
0.24968094437752703
0.23485761744083974
0.25354556240392356
0.16945665923271216
0.350649428700932
0.1573686441868051
0.19209950953650803
0.24090170259255606
0.24516938080491393
0.2555314842648694
0.31317261643927624
0.2147907132668688
0.212833693151158
0.2648295071073318
0.2126616140317197
0.19477447598933934
0.29162717774418084
0.5155166468704501
0.4328777164625133
0.42484851563528475
0.4091255121554025
0.4357448832141068
0.3443379979692808
0.23216372328254112
0.20513682537674216
0.1999900741726436
0.17247310069222818
0.2714159281551979
0.22796297487056563
0.20093056647441485
0.21870217011126844
0.21856847780086386
0.2279132399964003
0.20132760677229058
0.20387172792221495
0.23140326592267516
0.32409920630377337
0.2013106578384548
0.2932874759555815
0.3681898236592704
0.2757545228740683
0.3085429185867108
0.22544145324603473
0.21615602249708
0.2235541319051384
0.19681340417600707
0.17679099119913858
0.23552660949344592
0.22771628093805324
0.17887477670696617
0.42642489313086307
0.39925464950240874
0.23896355589075213
0.31226282928881083
0.2672870143441644
0.3915384477748261
0.29710802368516953
0.34849762010895324
0.18940121146794747
0.29159065335377643
0.26350308378980714
0.26692891884204456
0.18458907460213214
0.20370345536665044
0.26790819048216236
0.2422370711067562
0.26885160406791275
0.20723873043148186
0.20183195809661525
0.20372124314315712
0.16983540987300183
0.16946347482699253
0.21293547052805617
0.18745376726581944
0.17378697974560375
0.2274581689445291
0.22250114433232915
0.17053907705843374
0.18253774663520517
0.27429408729473137
0.2934769695248054
0.2714055659317135
0.2722142471670798
0.22329855366094783
0.2146933353243613
0.24870474596958775
0.25632275789441294
0.21046707234660472
0.2176414323738205
0.21060212584883545
0.216611536343357
0.21440943304895393
0.27321552726536136
0.20116620067091925
0.26929305422688565
0.3030096649747126
0.2703833297236478
0.252230094667264
0.24978922407467893
0.2538860780964804
0.2970762241557564
0.26208221913828406
0.2643298143619593
0.22225016576985865
0.22445158200588322
0.19645634242092616
0.25500410914357924
0.3003537972638898
0.3167813667981194
0.34246910964785626
0.26901825997332446
0.367983819042158
0.43449770063388515
0.33338509250918646
0.23648222655941575
0.23008651434528002
0.24927727377554942
0.2414467577067909
0.2292061142202305
0.3046688236710708
0.26233760381707194
0.2281002484316853
0.20302175017138654
0.204376160212844
0.25359611038089097
0.2949705402342926
0.31080136759018684
0.3045312538548647
0.2539908925729118
0.26964661699536957
0.20346937432340828
0.2481608531440118
0.2960277958435986
0.24344718883350458
0.23151169660660612
0.24495929045435866
0.19804118850018704
0.23238033063828617
0.2354550436233685
0.192224285134183
0.20818814141755082
0.22891978875413252
0.23189720346777484
0.2215683478799039
0.22308493946503777
0.37535719726838307
0.2772287356162912
0.24088761859104543
0.2737008385151687
0.3429827248972677
0.2907534984055953
0.22066398732484743
0.2262054368304913
0.23649672546633926
0.17413368793751607
0.19505154111473172
0.20019904298534655
0.23327937323674094
0.237408252049271
0.1772504225547051
0.1877171943989549
0.22839451527169463
0.15720833063652384
0.1695098673714093
0.2672155514946186
0.20219809835317837
0.22471316596672913
0.2193791888443311
0.2527588872957209
0.19199839710367997
0.335808152356403
0.2956809056357115
0.19158883694970832
0.28210856310256466
0.44469148712350237
0.3050631668426823
0.30612209271566204
0.2167449013589636
0.30011705003584144
0.302118826275322
0.3563142815401751
0.462453366734999
0.2095835602572732
0.28825199428909004
0.29212196349905367
0.28358349581925824
0.28929317691487993
0.2800165953445067
0.254136588012543
0.2395597610202279
0.2310774562259307
0.19553909475034423
0.2541553617124062
0.267911035636064
0.21795945871572217
0.21764910848216487
0.24751813340350584
0.2587092370788231
0.18186786121156953
0.23952125454084694
0.23116193010022645
0.24046703372842987
0.23090419537647042
0.217719190056001
0.23686244397797368
0.18951922051709783
0.23086467193310417
0.30706449463928415
0.3110458842827699
0.3328185840604887
0.14861320342125323
0.1616907875846255
0.19413668401484194
0.23511454752619595
0.27903889591941267
0.2791058699236586
0.2006932106472989
0.24451682367576102
0.29244266189815166
0.27166274799370255
0.22881477674918135
0.14732418161962868
0.24333464327000617
0.28813588847357235
0.2998819157919616
0.3545057741386759
0.18717199264491735
0.27840421629328377
0.23390417534051908
0.31580733818173906
0.28870361046989484
0.22307847090537328
0.28087846373521597
0.290813378944747
0.23570459998522306
0.23246735475256305
0.22189467392568007
0.2341075153270939
0.24020923825954343
0.21901517614638435
0.25448753356177317
0.22917803085665564
0.23789654614118164
0.24686277827629136
0.2206848628331559
0.2603285736092286
0.2760513330255269
0.3318262775981252
0.3432739384104711
0.29008189174103605
0.25483373958371724
0.2472756256182012
0.18212321087187575
0.23911473315781934
0.23142265190821046
0.2724227169875485
0.19569395346081345
0.1983524545534942
0.17051089835995945
0.2438952866987643
0.22067013908487032
0.25492306460639813
0.1994469420821169
0.3801174696932316
0.46936100058806374
0.4264777795064445
0.38428233877518975
0.3924937124364775
0.26428921728388677
0.24869895573880638
0.3078307816233847
0.3238607158789264
0.33418357687555933
0.3019653084156
0.23063059028150928
0.24034096891477508
0.18883416355085547
0.22592875127104292
0.18568618067463927
0.42624289902479434
0.3674021755881722
0.3665755524948688
0.19059851867209882
0.18333665458445264
0.2607871436020868
0.18890745237639317
0.18025812145784892
0.1935383765866279
0.2271068912231959
0.2225987957521465
0.26222646726454657
0.15907990845780878
0.20761923805553106
0.21011863266347397
0.25953931752822507
0.19865807386656062
0.23581162982058382
0.19149559878863756
0.3591305530771564
0.4069009028311683
0.2385717789264463
0.18523291413271678
0.174362523067646
0.25667836395315585
0.2325953518728261
0.2802198041987458
0.2330632362522395
0.3194722328186325
0.31363233801198775
0.1949578484991901
0.1851380925887762
0.1957556348678594
0.1798721115053517
0.3017829533779419
0.26867413191717926
0.33189477619412516
0.2729776858601692
0.22659921859119336
0.2996976603186705
0.29837440133385973
0.18916385871022925
0.34988938565037414
0.2822983863464112
0.4063095626034368
0.1855161297028823
0.27070710786385604
0.24076664852414656
0.29289374597859574
0.2899144096923436
0.29786216372083907
0.24211265135068372
0.22948033165520643
0.19123131386862785
0.2733802409850693
0.3173034428337431
0.3281210157722075
0.25863235028219395
0.19096660227045004
0.16885260610540676
0.20327644058335378
0.27102684235163427
0.3732820807456005
0.36677157709667363
0.2567649815208327
0.24177485474080437
0.2622946426378856
0.28226232287836944
0.2610519219736098
0.20781634932542872
0.21275599209555945
0.23537835932764256
0.22679066068351866
0.16196809353441127
0.5666228624618083
0.5842377283548702
0.2291862031747049
0.2406872281842779
0.2511715817404579
0.2754913945203621
0.38577714802201213
0.2757233240304
0.270727820883367
0.3134217692445842
0.2820503023092373
0.2017298670501977
0.2464894139888214
0.3927769347527431
0.27918820365655755
0.3670214599765788
0.29671711504502946
0.28963929696058544
0.16913600514251315
0.20396892611567846
0.21282882141677054
0.19113786802970362
0.2658960645430637
0.29276822401399333
0.26935285218336735
0.2584350098684513
0.2549583997417538
0.3123923230380798
0.19192120918812347
0.15552639154457376
0.24177287410150286
0.1854948649397439
0.32682628556026
0.4862201090790807
0.28944783746192726
0.20175240945384745
0.27424860313442073
0.26278365480716825
0.20387337901693203
0.2228565966080284
0.23948910832448794
0.2617289692574762
0.262737967386217
0.21739381645352293
0.20906060369817442
0.21480118172347012
0.29028752875055036
0.31660586927932377
0.19895143437622756
0.19604581314749037
0.1976848191468372
0.22825608280348506
0.20715522099373168
0.2463062921810779
0.24479299385169698
0.19520046162308735
0.20346592874599653
0.34529359312142693
0.2169897228307708
0.22946420341020599
0.2296914242300257
0.22938647842053778
0.24919970328779167
0.3917703635489264
0.22063107508049776
0.2631463622847521
0.1777201730101237
0.2713602455328704
0.2794525639570651
0.24463672984333615
0.27714507427490886
0.2215150088566297
0.1681000546300861
0.19429852800724698
0.23231109913491169
0.2444934114027146
0.21365467966858
0.23714231727461046
0.273494131954348
0.2080503379047315
0.2527195131007302
0.19517476226127617
0.24343285928067707
0.19861078300579174
0.2003646391215465
0.18091876727617046
0.21315572154456766
0.15944631895093236
0.20305812186869393
0.23917354953804534
0.23106396446010039
0.3285229323065911
0.2383277822879688
0.217584700278495
0.3329006487333059
0.3154541616509337
0.3003262943044878
0.3930510516550035
0.43178973120945696
0.41479213917168123
0.38528302055957325
0.4937607883622457
0.42072269228903647
0.3946040235395314
0.23956601247665718
0.28351731293837845
0.27203812082539885
0.24566839680937763
0.28377580586278794
0.2724643146531723
0.29784252286561697
0.26698925431805987
0.332783203538102
0.220251974794205
0.18646243937626042
0.20443269978909737
0.2517897752680869
0.24387337736288414
0.29372168289963735
0.29349556227210605
0.27090381245305784
0.2859012675626943
0.1977433268541651
0.2238457902815979
0.18973158540827054
0.24723555261956587
0.2339609554122798
0.29500642161449236
0.17866829228869446
0.24490294576123922
0.21320678103951432
0.22203046925324432
0.22345932036946103
0.2463276245498526
0.24025070158495831
0.12676380399127352
0.14528529203289522
0.23495191681654776
0.23248208761366454
0.19388011427302326
0.23462284107645295
0.2662123053991965
0.24374662207018633
0.1967594097030993
0.21812489226377338
0.2658399692860018
0.20817145669428852
0.24843502045101584
0.23062392813289723
0.1857266503429249
0.23894130118417334
0.21803597074614578
0.22297393555012718
0.22266560776416683
0.2256973123086955
0.29870237925934046
0.16556360661365643
0.26678514487205424
0.2419530411225178
0.33813047158227383
0.2621571063399248
0.2621571063399248
0.2621571063399248
0.2592708964730405
0.25657315067720876
0.2634697019972344
0.19120806944753935
0.2065758387133154
0.23914808929715614
0.19968050986071706
0.19745045756001542
0.3674272974121357
0.28913687006157934
0.25467086599341465
0.23244509359846535
0.2640322098272363
0.28956420404657074
0.26976540548460176
0.21221605361119944
0.3524226189498297
0.3280904439079186
0.2394550801365794
0.2368146020524709
0.23773838585522197
0.15611779116633615
0.17941833804171897
0.30330286043320714
0.2961546309812432
0.22847926359502274
0.22665593972084785
0.22874239184827988
0.23828282682121163
0.18673548873384227
0.20943558932989853
0.1688792691160406
0.1987662397216703
0.20935702862082087
0.3166816673566267
0.1628964101305076
0.24024512861707245
0.25363431658240154
0.22433059857810275
0.19317126772543208
0.226969579041699
0.2595248297995821
0.28996573512595436
0.2074843171770463
0.21353738834208102
0.262448557996098
0.29801920905058593
0.2671730920527277
0.1722935627623716
0.2313258316635661
0.22417733331173167
0.2343975455659346
0.2935429432742004
0.3153248111315503
0.2872249570214648
0.27670390979608944
0.2989001452848165
0.2333681735934181
0.32587175397510204
0.2421901883297972
0.2636738076573819
0.19498032394164092
0.22999167038206403
0.24076794190069511
0.23663772108965295
0.3179900506915162
0.25658316250172475
0.3197931482864812
0.3375924486932376
0.23268429622768402
0.19653848394060802
0.16765888587819094
0.30258853263798163
0.2672573727317647
0.21978060742835803
0.35408251037858596
0.30136446938865646
0.23019907148326682
0.3132404418230685
0.28425597850250917
0.32080204513789695
0.24608720183342656
0.2493718607383474
0.33492306132667576
0.267877185349062
0.2820790858212918
0.1990270014928968
0.19499858695655045
0.20376187942914872
0.2096578108971965
0.18479166625396548
0.23583159444051005
0.2386460754127703
0.3179119635325249
0.2333773403074139
0.18779552770211305
0.201445772300256
0.20202458947889124
0.2706648195995896
0.2258114140106567
0.3359405361418102
0.29344779236372615
0.17457076270385188
0.22618162479457513
0.6767715116312583
0.13327800073228702
0.24613586473571694
0.24945690268425458
0.24336339409531332
0.1819736502992885
0.19183764210309692
0.26858427640618016
0.15955905659369632
0.1821995934140186
0.1476774209928491
0.14058362258945625
0.1242672998494805
0.1703200070486903
0.21691256296600644
0.21149040522753637
0.23949081188170415
0.222892152026159
0.23300425119732135
0.2338512297872106
0.2375365456957036
0.1678416171539787
0.18668024986879006
0.22698405972659658
0.2859382333705586
0.2867569941882948
0.280201290509184
0.2618582448945526
0.24171127590880695
0.3299872011679119
0.2507669918320273
0.34067620647311186
0.44421391247545833
0.24978735741005784
0.6577406609909349
0.34263046744443637
0.3591799380355677
0.4060654064166268
0.35769200620223107
0.3107036328915696
0.20136071327370925
0.18282616269654803
0.17193883870395144
0.220055831851338
0.27079335732600696
0.27551699894266757
0.26277304253409867
0.2505863611560542
0.2672284817013503
0.20465739871383787
0.26057966000032096
0.25171114721067517
0.1955682420531343
0.21567897436055053
0.26300073656798484
0.27143467938311383
0.20277499661389284
0.16304565306006444
0.27324004531162605
0.26511386056893826
0.2749023234671688
0.22861936227695445
0.2601589611476562
0.303130330291251
0.24243864269451734
0.4250811830225729
0.377794276496064
0.22776373969404695
0.2690252315602323
0.28938064296386645
0.36098086596805606
0.5252389516188124
0.5065653918669745
0.5146585172458182
0.32346453016453575
0.2582802434788309
0.25953414471660047
0.18748974630097198
0.1650525135560389
0.21541105029145113
0.17646039928181131
0.24898009107455396
0.2646093480328843
0.21516569323963797
0.29444510128042617
0.2214798971676633
0.23287503214642394
0.4054066789173067
0.3154143922718679
0.220141299058484
0.1891600953001686
0.2540135629496341
0.27635952638036043
0.26823232071391967
0.2762120764197254
0.3195907332989202
0.25761007382576295
0.3145204888342989
0.21311039140887764
0.3894762708249217
0.29010109100073395
0.2861134758069552
0.3572173399940454
0.27584779911149876
0.28884508618854726
0.19029373956755663
0.17687822438317
0.15523002862049365
0.20986517908495342
0.20054474680483345
0.3101363023839164
0.2306682956625514
0.19587286622289585
0.179928250508728
0.19666229200796845
0.2374413374571631
0.33490229705506325
0.25701276493973924
0.1887391778315989
0.22647239318591036
0.18464314350797004
0.2571068723992275
0.30414434961826076
0.3090167774203783
0.23243455622778875
0.2674592272640244
0.18998284218646938
0.24554032212750274
0.29444733310987037
0.29364668880306083
0.28145209016456973
0.27646815895790733
0.2270649901868838
0.24261833200450456
0.1831845950602026
0.20231311501123417
0.2614049664245706
0.26362214909991294
0.3075200563587282
0.36237212363492816
0.3246134756248297
0.31486904736074467
0.22708058013583687
0.25093359886338107
0.21094190857328182
0.1785675551018636
0.23198531498675076
0.17837165039683067
0.3439038530905085
0.40334645057298063
0.3842387528085477
0.3745670783298174
0.2988488511541724
0.24685131351499107
0.20235575790930477
0.3505792130187447
0.3033206061735028
0.250271682117537
0.22115737636562216
0.18333910337068213
0.20432506390213656
0.2671469409875605
0.28436911944604837
0.17601162549447208
0.22834167194763513
0.1437827007332745
0.22353517327581984
0.18589525350607358
0.19107522850434905
0.15368353446456257
0.17802984571756444
0.15657158607032423
0.19101753341609212
0.16244418857420947
0.2928641280206071
0.3446706784404063
0.16421372796564268
0.2410654969129202
0.24505371383121535
0.23476844256286697
0.3513144219702424
0.24698492421026572
0.24338569285214842
0.25688935068373614
0.2034333641734868
0.23200262859845872
0.18794865985832604
0.19026763244934045
0.2690024831987382
0.23896383195010754
0.2725700104119605
0.23997966878236965
0.25388026533547936
0.29085895260922145
0.2345201128641453
0.27646742037819794
0.2083065631005187
0.2323721274148907
0.2127031034157356
0.20792207418069472
0.29580297781733034
0.22612880046903855
0.22797546999378365
0.20444984563922886
0.28294954549276263
0.18418636201147287
0.33921790921131395
0.2851696551666601
0.23540562851759048
0.20570482780686722
0.31918061468696934
0.21536784708735288
0.2275701255157051
0.2126984368703554
0.1849008893505143
0.16037614832906194
0.16963620622863584
0.215677823637429
0.19760340268413829
0.20660991530834458
0.28324022038970126
0.2302053356178463
0.30300206196112456
0.24057256118110162
0.21284746799357204
0.21689730968485582
0.19461271135420039
0.17016954271400292
0.22848373112133058
0.28351451465352984
0.22465943082180542
0.30495923705104544
0.3142955049418128
0.2761183838112945
0.27708275618600114
0.1873696076942336
0.3795154011628256
0.21722513613982916
0.29962352471606574
0.23003289690526108
0.23720779037287013
0.24169711202005867
0.2114988600055106
0.2074820051786759
0.20014807234628848
0.2572115717502397
0.2670931211424246
0.2670318938187973
0.28930208469475216
0.23244152329609846
0.22760093864319947
0.34686781786223225
0.20466322434386633
0.36228229804377815
0.3425264290022728
0.3503940304114838
0.2453421012245388
0.19684762049275345
0.1357739113542961
0.315779776872841
0.24756497402087865
0.2291193838296499
0.2566936065671044
0.18377953022857302
0.26228731431220764
0.2445021148754859
0.17299249566420388
0.33886845171316576
0.3384694955232737
0.3409578716234505
0.19850165803881087
0.2324027992651406
0.21202599278666745
0.16696162890031171
0.22697565440977174
0.13774481376068248
0.1860469811931582
0.25871770014294665
0.2568663236900171
0.24664239498200144
0.25875285741838094
0.17076152443095466
0.3569360619379451
0.20013708024958632
0.24994043375209948
0.20851414948127833
0.2974259145065137
0.16743560641777627
0.23883649653927058
0.3305352427143661
0.2852435145417158
0.2666824239358168
0.2833433761559278
0.22825801396873105
0.20571100358392308
0.20319904395195965
0.22296317357306303
0.19686983450165055
0.2663577718325252
0.21618971798372835
0.2590922679231964
0.4208918267374058
0.43966835795083753
0.4004950466349626
0.4341927456320741
0.39494937873952074
0.2532780386437041
0.24749206735826357
0.25156728347011614
0.18402316590563492
0.22284905528767748
0.25404653613775907
0.2903216231704608
0.20145755110485117
0.206579252193233
0.3164817505476038
0.24528955336569885
0.21570816653445998
0.2265596556406027
0.2015596307860806
0.3077861337319361
0.30512689277741023
0.18910131690969478
0.24471665113762653
0.17320499838811787
0.2871177397088451
0.32514348765389184
0.31810746446747873
0.3134242222766939
0.3106966502462425
0.3146115181464936
0.1930355759102159
0.29658412435460924
0.16735719727452017
0.28155725922159863
0.20405665689815788
0.4215290293043742
0.3470333663261293
0.22645818986878527
0.4177760210297375
0.5053442270875987
0.20278962184447746
0.27002161637138944
0.2150804867572203
0.2841800560718325
0.27778510499454456
0.258266767042467
0.2376612447978137
0.23543373904705903
0.2531265056795246
0.25974550158692894
0.2962967707543705
0.2959648603232571
0.41832758330904735
0.40080991402630306
0.19872806128488163
0.275042079746649
0.21595367607250712
0.24930288269408407
0.28420199592617695
0.30965815734385854
0.2779187988869924
0.28700737918637237
0.21296062535625399
0.24891200628831447
0.25557920588709937
0.24162130286564043
0.43765469266196516
0.44882305979389364
0.4654760062837812
0.332983913522215
0.2767163567285508
0.24159956738753302
0.35173352146814046
0.26558744063357714
0.2184348993622519
0.23162288890136928
0.29125050218412746
0.291461801145569
0.291461801145569
0.17935117026781544
0.2753342058283254
0.3126952270304833
0.22360930564803944
0.2515858654880462
0.3475968031377204
0.42368826604487675
0.2842188071406487
0.24683893492437753
0.2330619040762083
0.26866699255669596
0.44395028445287227
0.4408264376363138
0.3781852142044086
0.35576541939779877
0.36442030881269905
0.26734110607112316
0.2732187112139529
0.21416788200278133
0.19261300726662853
0.22805817971967698
0.19994360773625386
0.28224553960370974
0.2295412716721358
0.1997275282469839
0.21404327911305532
0.22490827935470223
0.22402259231291446
0.2565622575516474
0.2414999560311969
0.24461138379407257
0.2265145002874819
0.23597082093457183
0.24495474186628055
0.2561800986925009
0.24801227203522896
0.25797355301751734
0.3223349177945907
0.2798442744598405
0.24846608897429642
0.20846101402008146
0.2851589291707698
0.28732192477376867
0.24496393217093249
0.2602438257426101
0.26965273793115613
0.19188951034116922
0.2163607293304453
0.3091142097151423
0.40562153996307865
0.31035415960109514
0.33126257955736405
0.3187606184609049
0.3563051419127693
0.2425746620963874
0.2753820914560662
0.17603336168272535
0.2396012333805218
0.26477992202087464
0.26415117873260924
0.27352336298913493
0.2861293932568935
0.23637451387458758
0.281257328041319
0.1920480371369681
0.2673152931523098
0.25813630205607174
0.26607492026385243
0.22885232846504797
0.19269216464620917
0.2835296575056125
0.241915112075137
0.2546581904174143
0.24718152093471216
0.32997967720967775
0.265050497555326
0.3376799960865487
0.1966512096186634
0.19670191679090385
0.19930052039774032
0.18466876063879797
0.12789241304045545
0.24614997186373572
0.18650697861241325
0.19507973058775105
0.17284121819332204
0.17077123619702067
0.2294233146673473
0.2034278775137289
0.20261792017482239
0.19156282218035173
0.20174581423471058
0.20932651477713787
0.25029897358976133
0.2522895435980096
0.23650601136036054
0.26820151880656584
0.2973457868285743
0.30133619875719614
0.14447244325114486
0.21849566046536656
0.216447303506613
0.24679158145160937
0.19618332343179812
0.21729178973729996
0.26026725921824867
0.2948100268819376
0.17584786497498386
0.27308168091829715
0.24221913266275638
0.26153113085102886
0.4097127576093407
0.19864142228091466
0.22856669809732927
0.24969996811070838
0.29789076356583377
0.23033389692538586
0.2404414756039159
0.3136049250125935
0.3171081547138101
0.40987757731108865
0.24855404973879577
0.2504223490798482
0.24730144461422376
0.23692954580726133
0.2331438573909989
0.2354522296704934
0.22658141842521995
0.2794640054576169
0.21174374193230575
0.2160479905395539
0.22353805699425833
0.17679363087435887
0.2040162793173991
0.2203316268790492
0.26886210876666145
0.3695202006355401
0.32172515059031254
0.3466457501426057
0.34664868586277864
0.35584565149012237
0.352251325631806
0.27361557303176837
0.2589926384661329
0.26047658797264683
0.38283401782531146
0.3006682518693778
0.24439672594253026
0.24736009952785584
0.2694644304354742
0.22952050934194151
0.20096180814879117
0.189852726115109
0.19185546437383205
0.35153141653505354
0.21449074049833985
0.22303220551647668
0.14088908337740752
0.18923603356855254
0.23568704329484225
0.2802500605082698
0.24983519817592514
0.2918947538090873
0.26880153313796196
0.2128019187096495
0.22456170736021352
0.24617843195902228
0.22355243194126853
0.22642771436394185
0.42313418144874904
0.28260095988957445
0.1889001869608668
0.2039989940359
0.18726515878678324
0.20675916853851642
0.22270554615281046
0.22515792409137367
0.20868228915904866
0.17694068470291147
0.23042231683120742
0.25008358024209115
0.23955522803915752
0.16169649878361408
0.23518315844279633
0.25543967630027214
0.1819538070393424
0.23299093732133483
0.18762115652712522
0.21233525266471845
0.27991552032228384
0.2623517372551481
0.18505233719445918
0.2865008203528243
0.2331492204628997
0.24554792320875496
0.22588881036664085
0.24580281135297913
0.2283795441522272
0.1831134756935002
0.2301129782269632
0.2495501274594277
0.24697115629893493
0.20107009289058922
0.2137698894455134
0.19666715555296754
0.2019714054434281
0.2809282284249509
0.3555043939846121
0.4145128144313484
0.33861195066184924
0.329177381651639
0.2657503278423402
0.27158330366248035
0.29724120568315926
0.4128655956016817
0.38538133158614246
0.1943740601966646
0.25200749054799615
0.2691044942122089
0.22348775076030916
0.22228307222764784
0.17746642627792072
0.23365167306878537
0.39019136440596125
0.2477820560629956
0.17002097948302852
0.4608008353626593
0.5173791072517757
0.3708114125842033
0.40011259669107335
0.5470047701252285
0.5577227985624793
0.5577227985624793
0.5625992404993931
0.5686851043290788
0.5728203656607131
0.5699131448451208
0.5699131448451208
0.5699131448451208
0.4646738794399166
0.336392994631033
0.29975587863307857
0.2681387213518766
0.30204686472837483
0.2670404832488853
0.2162250660236202
0.24319913187880465
0.23055800583453726
0.2363911583805931
0.2456501606264795
0.32642351123123065
0.3248478650544693
0.32830474281949845
0.2778159551026864
0.3137974561327994
0.1781989586594066
0.24535913543544638
0.2667775167915608
0.18624976956050762
0.19782101793386722
0.2140857151301353
0.1995076859588142
0.2290830655516646
0.19149347316644463
0.2610162373069258
0.31010515456979704
0.28745899212318976
0.1638704724482467
0.1754549543475874
0.1997473740297426
0.21468464013193378
0.21005130216825202
0.19747358801572423
0.18715375851150326
0.23586159188333225
0.2317964280095055
0.3109272998286862
0.31470897692547173
0.2831888837975956
0.27411164268062155
0.2337852055234419
0.22826666373519228
0.23140967782745084
0.2872647096527579
0.3202152444119869
0.18948007188654495
0.18999678156487304
0.1890987743303365
0.20760902013545454
0.24457453920021244
0.1981152542439563
0.27134504751115235
0.2530900156423787
0.2622334176593774
0.24318100602462325
0.2269543063450159
0.15851828258587353
0.19061439213336664
0.2601756946588527
0.22406616816379238
0.289085047264009
0.27521270877443227
0.2516496218183946
0.2559659940218207
0.25988209933951467
0.15977850749157832
0.29339987462171724
0.3154578287529567
0.30679578351725234
0.22728663619451314
0.23707833978153572
0.24953807375940013
0.280130823192487
0.2064744794400028
0.21888367424307506
0.18766096079100011
0.20401804158392509
0.20254795077637802
0.19935915511064542
0.19964755481572838
0.2264494865353424
0.20720439843653257
0.23329661504939989
0.25825634382798407
0.2436573240134738
0.209266058274893
0.2958608194697472
0.26310635287819717
0.34794320846982346
0.21460411558493275
0.291263471853065
0.2382213579574124
0.2296682125027403
0.23133622750273738
0.33990267192795043
0.25112720951196293
0.2763095637585538
0.25000434478604777
0.20482537250117694
0.20506602333290355
0.4889746962286676
0.35650124489226237
0.31054374152777225
0.2976767760985633
0.2968246611360004
0.28432964948958434
0.18568934822420743
0.20005422426832953
0.19785225582590688
0.32649595933469644
0.27784585311587623
0.19470237728211034
0.23069246747279779
0.2694228911339169
0.2142202092906202
0.19238575300701305
0.24832009229546434
0.2580535910976813
0.2385266264366339
0.22712960718050698
0.2395944123988781
0.28183046133561873
0.2537294532902152
0.29754367363197604
0.3084174530692257
0.30865820906982333
0.15985735783116414
0.17154870202967007
0.19620579895138276
0.1929569920524812
0.20166605885348982
0.27614639588303647
0.23163370187474483
0.20927271963064764
0.21323384983192112
0.25019668011927
0.23658982456894334
0.22856215400857904
0.2954488186767397
0.2688181088605206
0.26780617802203666
0.18352108840372872
0.34116069609570826
0.25650717738185863
0.21403725476624483
0.24529494550223094
0.23361239002512332
0.26231703474263485
0.1983899282526675
0.26028515499516747
0.32999832260838957
0.26517802999490164
0.21939241142736463
0.318829453860087
0.19608904804829858
0.2768561230360936
0.3757630623940345
0.38546294370730844
0.272770804718393
0.31017504457944733
0.16678136862195814
0.28845411947374666
0.18815174058119624
0.1983539201463897
0.2108646868520323
0.2154218066487074
0.21520802420979646
0.17889705525243635
0.2490061584756046
0.19536997718606744
0.19510863749795052
0.25342958467376964
0.24627914224944591
0.26763833903377543
0.3618685343330255
0.3157963715782009
0.36828885563751396
0.35569686288706587
0.3316098698485211
0.3020402809585927
0.3795073602743146
0.1916996262995016
0.22318521431054114
0.21535926412946824
0.1991635180621535
0.31949923166041033
0.319914442734501
0.3328829474930618
0.25694891158318117
0.17421323833253063
0.22323237420110628
0.3020157129008486
0.227000741992704
0.25825914199699085
0.26337512815539493
0.23680086920068014
0.36006006000839924
0.3953846678925711
0.4471588892249293
0.4069719143385925
0.31952570513236217
0.29742611810049263
0.29330906591487504
0.23348942014696786
0.1700267540035362
0.19859539209341245
0.178021430746331
0.2326595710620576
0.2897416513756039
0.43198434317744305
0.3902574766528328
0.5482118965849169
0.4590576041667763
0.25341872258630876
0.2587509099909094
0.2908052553522746
0.414347327717468
0.4283665004812623
0.2995090614785566
0.27023118643269506
0.23098597952316757
0.25053535116180736
0.1807172314454942
0.3211827687839583
0.22815321084973686
0.2631687061797192
0.24616274310432196
0.24574945100662815
0.2522631135153832
0.29096528460220134
0.27575534619216524
0.17712376620673756
0.18000148738532892
0.19004736932255267
0.22567960430702158
0.20803127108463867
0.18253215387734167
0.24992037620817226
0.38196987232528284
0.29067803600156084
0.3039786489629291
0.2634459711239073
0.22290302951432234
0.2670184794776524
0.19723848975644595
0.27543461786029777
0.2012502407697039
0.17441892612436297
0.2259695395575453
0.23519789186873627
0.26495810605303777
0.1767342662203724
0.16766198411865546
0.204508653259833
0.19691221297289857
0.18701915811444747
0.26505020362345166
0.1759275335004429
0.2260874973214692
0.25268282507981654
0.19564871371388762
0.559347731742806
0.5329331233252774
0.4918512395409972
0.29546133479468256
0.4251869701674982
0.15857921493955413
0.3338456264010343
0.29327608105643505
0.20317021804983212
0.22314626956738218
0.23013044656434778
0.2065585922345776
0.2288296791910674
0.2395245369234132
0.2656604147438451
0.21990960592753997
0.21466886241351021
0.23661829890692263
0.2510351844790972
0.22587344124546585
0.2449068613048088
0.19341412779550152
0.22956111520294395
0.20829817538658274
0.22965063518690956
0.22654413346713184
0.2145099164520434
0.2104206293843224
0.2854415533079099
0.2593728565010108
0.29038044218730635
0.2757439839987673
0.24274619596408534
0.23907036480677224
0.23566702216499177
0.252493595154831
0.21759776362533648
0.26193934403500996
0.2665192916711943
0.2753886821127864
0.2105731916574053
0.181204882743819
0.1999846858780754
0.18514378944398482
0.3781832791610837
0.16349619581722652
0.2116888568018875
0.16572629792658664
0.18220713746635817
0.1597940733316529
0.22300567701880378
0.28478777686634144
0.29092566319487345
0.2947705055293134
0.271765024454265
0.21367877874373892
0.3464220359309194
0.19537867837240744
0.21596086258454222
0.2845918224119536
0.22532456833780692
0.23321546086660014
0.2323159714090611
0.2824328443708022
0.24649617614733116
0.28002699642033907
0.26047240431343216
0.24453980498754233
0.33774638391603
0.3146479028724409
0.25547929596124536
0.25372424939878957
0.20490300404525746
0.21441970693541942
0.2833927405819558
0.21911041877115647
0.19210845641544352
0.27089160732787765
0.26364191652287233
0.3544591372374336
0.3587020343402755
0.31496916869272384
0.2928116498882329
0.25794011339876066
0.2519030378984687
0.19734052713884628
0.23545761078693092
0.25523147485569964
0.2267487202995643
0.16642627190796852
0.23067455525101227
0.21603690502321726
0.2535354259312796
0.2250521914638882
0.23448766168849822
0.18970722325447673
0.18714268253395944
0.18685362724418955
0.2292342768896038
0.22487652764705832
0.20913922537160828
0.2893892850947713
0.17079342469524814
