0
0.5404510865954182
0.351323616153038
0.37024687645740534
0.2663946697988705
0.2550260309487851
0.21823804341416445
0.22400432833792822
0.2531895336274377
0.5729947658357829
0.3130808174883991
0.2105878791372817
0.25624205325829635
0.20769111912131724
0.23656971590088607
0.259864126928123
0.37920335605077904
0.22613059994133197
0.38338814394541343
0.2694840825674265
0.32506522810967714
0.215089095432037
0.13552385505526035
0.22358181348487532
0.2887273214736103
0.24853308794714385
0.15595203148336795
0.22188868040172097
0.25391419451409775
0.2480253969519822
0.22714140756544587
0.23307421948819976
0.4064713500325724
0.5408405095727558
0.5431128810374348
0.21892760390525529
0.17095708531099663
0.17443633031638628
0.02222834095779552
0.13472054783619378
0.5766035196373933
0.03013006186073842
0.3908406473604582
0.26139522370209084
0.46183445930960765
0.048895723656878595
0.06703600356587489
0.0760772187453685
0.5552428888269543
0.09279692230456787
0.18108199021912777
0.8124910276417395
0.8417344576433881
0.3736079386835412
0.27960398041936835
0.28819524774553573
0.26466727917163685
0.21434800820159744
0.21562110695495082
0.23274166533101112
0.22549131540914216
0.3661911904951034
0.11955825215140171
0.3290324894245171
0.3609831586021371
0.318635680199616
0.25095297567027586
0.3650118058998753
0.24701211081083274
0.21378699513519617
0.5799300821493536
1.6290838463868773
1.1121430394412046
0.20860477486597478
0.23601449309499897
0.22299078344729367
0.3970660809357975
1.1544094372007723
1.4112642565415991
0.11859188102374175
0.10722350757681895
0.12224480897523954
0.12531479053740358
0.1699056656947407
0.1747009137741693
0.23350495579587174
0.26220399207150114
0.24388737200664923
0.2593198999640872
0.26765813180746495
0.25600250780542677
0.2831699964026007
0.23993090852310625
0.20331446125698555
0.20546627092453687
0.1692858936077047
0.19664396836988396
0.36233238172802157
0.5573613567449806
0.16762454891125522
0.28311196453458526
0.19435761443087693
0.2961925921679801
0.24584007252436768
0.31727674596401567
0.2965025662154213
0.26931983082872263
0.24475121387628743
0.2105877076631815
0.21279710594225612
0.38853794779365575
0.06703300454647787
0.20700197313888882
0.273949082924781
0.06805579864489655
0.08335240583049945
0.17208317177520577
0.21774650617003435
0.250081095413536
0.1459649258837348
0.30102415846888964
0.23269574318563374
1.1786248178029053
0.3613284500990167
0.2367477012547747
0.18808152361411526
0.19492750041731008
0.26982276709532627
0.31848045357975757
0.3569305547684867
0.18939377555844328
0.23248293829051422
0.2639973935592369
0.2598763738778561
0.24400225282832663
0.35040591025994183
0.04351810086276331
0.240107921620829
0.28283984933965256
0.6306789719682324
0.7053877275683698
0.28512916723943715
0.24636958594276856
0.3128507576591532
0.2876598844517917
0.283484973693749
0.23370342990945792
0.2270267018308169
0.22645928242597713
0.20430684152271117
0.2043729575537634
0.33020452393160565
0.21747287197851764
0.23802269822893146
0.18100344556341164
0.25542229996874527
0.18352077115801663
0.2574049807766008
0.2822909768088661
0.1841392461418619
0.18362040212931596
0.6089339251403207
0.4809544974188584
0.32637143308854816
0.27399955072702403
0.2672542643831586
0.3025958825975242
0.19986017297139846
0.25973807271808913
0.262298626894495
0.3245115522350103
0.3012933560023913
0.09587249770804086
0.23611321218691728
0.2544034815809946
0.24670484273625998
0.13685738241329015
0.2530794907862065
0.2069265961552626
0.22138558720086768
0.24156152516625223
0.2719828720986812
0.2123899342555118
0.27662765529735683
0.5267297194540257
0.21317440094308784
0.1886535336707614
0.2263798845369932
0.27395768411450944
0.2371014240021084
0.24669586118446254
0.44277316913189335
0.22243773756236168
0.19255501464745284
0.10662359124537277
0.1163706116649141
0.13963758757060282
0.08935578802067419
0.15373962269214309
0.11967139837579564
0.13855535034343927
0.11928048673988341
0.17548167367041753
0.30372429734639034
0.2113543663505929
0.2288544689535066
0.206452125079952
0.5926443255229757
0.2518633918349154
0.14194506477641264
0.16447027696080774
0.2889102691524198
0.29218780528487404
0.17642844491222057
0.1724670289920846
0.29590799719834215
0.20121797566298227
0.19292881493759817
0.1969233162283285
0.2437812035606006
0.20647139901584297
0.2655172525258875
0.18718038344169646
0.2832072055745646
0.22290918579031843
0.16972368157167605
0.2305561815054647
0.17776040101495905
0.13357014551937263
0.3427662510214483
0.2630124706360573
0.40580646483082206
0.22128583773321295
0.9987475604955663
0.9127444047923173
0.811906514470688
0.18044688713458193
0.25047502971007185
0.19685546912536436
0.2452413281504152
0.218781175372077
0.2241089297719969
0.2288336161304393
0.2276320890030544
0.25301549884561564
0.2029445464760323
0.24021950717347926
0.25455998345977293
0.31921077990842733
0.6385491378675563
0.20104365231727478
0.5459521436979664
0.8435690052233582
0.8646353255462631
0.20307643580388243
0.17928577305278803
0.8103558132881689
0.18675737518143204
0.14558975836625662
0.2902651375775192
0.25753662620642304
0.17940739977958522
0.3733536003979583
0.24219751397771352
0.1638994337484633
0.177312306928547
0.276937854099076
0.3366689144188291
0.3287554960722464
0.1813708149516049
0.1942448836427625
0.3471630380027523
0.22717116095325585
0.07433267865829628
0.03396597467889194
0.022100615999855844
0.05782946659260556
0.5073539434878246
0.14079851725757955
0.470608055968409
0.3409811911002594
0.20719409004107228
0.17708851933794603
0.3093823774412118
0.2639170782087717
0.24682445403356634
0.15889908960859628
0.1277971686991227
0.14553331172801268
0.060933160945940104
0.33676636173945756
0.30689746912819127
0.2691763565405997
0.5089731313359268
0.48498223087864994
0.7815440416301531
0.47616881349112106
0.2102676625610413
0.1937142580697069
0.23591297114735524
0.3599994765489237
0.33155376870364694
0.29226623260854845
0.3434502292422178
0.1708925302834198
0.16211896836919013
0.2768497708257162
0.29064882326560104
0.3129473842601335
0.11229186977437368
0.15792693151695586
0.36351810977908905
0.24434882271954406
0.2129215716436138
0.15334833600378445
0.20746411526248684
0.2804389590734348
0.18351196599262254
0.2307438413420692
0.21156962211347055
0.3328283303364557
0.8615860297118404
0.7521262913157671
0.2737848227299122
0.17706924319746567
0.36777413174741236
0.20189982917874746
0.2086397249115104
0.21924550516359412
0.27329441854472386
0.18737426031635665
0.1450417969016045
0.3414312295743514
0.3424498046194779
0.189892807705832
0.2559245516069639
0.18111710800949696
0.17510260920656007
0.2147374420656389
0.2260735710948376
0.04831668263350118
0.3695131360093826
0.20877361764446106
0.2118945158011724
0.30008655525536543
0.24096903109275739
0.20286198656607415
0.2562019684277729
0.13220930279103202
0.15364217749962536
0.18670709373039385
0.26946115023289313
0.24593581212752835
0.10901009209401896
0.201542258156342
0.3237993221686537
0.2754194788262297
0.17137610470580722
0.18724111785207007
0.16373119663337876
0.20403367886520293
0.1874467828642585
0.20741135476586614
0.2976109490839095
0.3492157215693947
0.10181024994072793
0.24434604370011612
0.6244507522040987
0.20159529859487493
0.288517166636751
0.24747627395602514
0.4157529108983608
0.3121155721190126
0.18053262408287368
0.18418943326088702
0.061667875671630644
0.08427911316761431
0.2577748575536406
0.26545402420411374
0.3052862073542854
0.25621195896307375
0.1384795538813584
0.32842752674821524
0.1784543328627222
0.21890392677511594
0.1823461603566368
0.1914288116354209
0.23352249196029168
0.39624335699965185
0.24061237190854096
0.1996058288886663
0.22907095733295174
0.1921128683836623
1.4424610177242025
0.3803642040404406
0.20355860174060217
0.0811347403009798
0.10393226414353342
0.07629825587394441
0.16549856511395492
0.08438800381564648
1.5371056770830265
0.3011677909496277
0.4404136313765884
0.8504207113104106
0.3132308271729644
0.2699160788338139
0.2213072781848501
0.3435286791046223
0.15791321743459205
0.12377296749013088
0.27598113544809516
0.33420548175723214
0.22648821805802144
0.19356232413501845
0.0768466602043791
0.06777976570398346
0.0671070491860089
0.09159908746890244
0.05687322535527835
0.07729927359975984
0.06446591244485647
0.07850922811460062
0.20644051091579319
0.18020094427417063
0.1587356367948893
0.14119986206164592
0.27380317792000786
0.09332596749381679
0.3512541062294697
0.36661364288331527
0.5068055383173811
0.40652487524268793
0.409810622664504
0.43004280711771586
0.26163471571922947
0.2822864333744366
0.41476800059926905
0.5188974334563927
0.16055927350608323
0.16726482811069424
0.12088368842703226
0.436673869738424
0.21201583880226316
0.2877746558956908
0.5419223562418102
0.12134429744424771
0.14276168975557355
0.21055738356534823
0.16850181292906785
0.2884689348176241
0.6257935927190369
0.8282591323973569
0.2557661570636781
0.31674483026622013
0.2022119991373782
0.2529597455901826
0.1994866323281411
0.2241578953425066
0.1957456784312811
0.19339825855511772
0.35516727282724514
0.2749387538995868
0.220098685121351
0.4958790429523532
0.13222366683391185
0.27641589732646193
0.09599008976281033
0.09464395116794866
0.7321051083059011
0.1413754791713462
0.6538760143438787
0.8519857350971791
0.4515869819784905
0.7705484292827441
0.14986377125686468
0.2894308958979444
0.4954109754991789
0.08245926176644189
0.09931596230977502
0.28983690304698656
0.5142363343657627
0.27764307440310526
0.30753267909501764
0.510372170606112
0.3039187984095941
0.06001667896586995
0.07113742053648045
0.07061917360446157
0.06253261182150058
0.27689783281346697
0.24120792543344238
0.24676212175328324
0.6019445861583691
0.17137874343023352
0.1407910381601691
0.38080111442740044
0.32712169664441476
0.19277906530377759
0.26397118413435333
0.3522028613132053
0.45388299231862606
0.1558814425807576
0.2818131019434105
0.31731564415003016
0.5147558953723439
0.2764725796527497
0.3403689927005659
0.21063464179965388
0.3449155322121834
0.24723853271096596
0.2635369929398699
0.36037314553818944
0.27898161704944885
0.26318463176981055
0.19653890811089383
0.26328193165466796
0.4093114162112939
0.5297900183877636
0.5773761621299318
0.21054670646673218
0.23001845228790346
0.23234480516728456
0.21673405221527872
0.21898300139765048
0.35911009662037796
0.24947955321918402
0.21522390242187073
0.33389801021789817
0.22458636450667283
0.16053536511057256
0.3664175280525541
0.2824535055924736
0.21374377153277627
0.23697220321070045
0.2514935546746794
0.19759957521462457
0.28765423259682393
0.2578509514784994
0.21978345090009396
0.22772555869569608
0.19223905314128167
0.2393004125965562
0.5070005798828986
0.20252442261127868
0.28269894369130316
0.21787185435586845
0.5320410163190074
0.4826082696429882
0.39565237029919986
0.0697760382772482
0.49021285895372213
0.7741586372698545
0.5468996047552912
0.24352363091104504
0.24182125579792219
0.12234176620062541
0.28585603070686666
0.2020718838587423
0.2271553150865682
0.20833207647614613
0.40980647108862184
0.33422806044011755
0.23307578627293116
0.2662697854658718
1.2559991805191175
0.2669421529941868
0.3092928235966057
0.111148801618531
0.12802046027471956
0.08140898640543595
0.11914410041544797
0.10622581805837916
0.1048566473553531
0.14159157996509986
0.0642350519295389
0.04853762538787687
0.07177283930534405
0.08227448233045657
1.2871503723156617
0.819529326501831
1.2764380071268313
1.2707737811675193
1.2639621680137396
1.195317573359142
0.37801419609862286
0.5208335999439465
0.5073517344907923
0.6190884887566593
1.2250069558016283
0.26958523709515464
0.19067656506585584
0.2839617288820359
0.2380472532971594
0.14203684796725743
0.6302187634076258
0.1603295474250758
0.13034725383625995
0.2102706107892286
0.2949461664381305
0.25971892347632375
0.21450316897521832
0.2521166828725332
0.18558606093308033
0.590445119583685
0.4636369758210582
0.12009504713165713
0.20812810053957095
0.24553313074373015
0.33883062980976847
0.4526639317320865
0.517764576651161
0.6015028474849636
0.0649637457265408
0.427467868274477
0.3900891473814614
0.16471801748209414
0.234416482228084
0.15715228446696325
0.19968262669573783
0.20691704270052325
0.19055881839733785
0.23129415401290032
0.2845170823326727
0.23956933030322794
0.28015809259784097
0.23350720043362255
0.22484272212802428
0.361051950924016
0.20528731823777202
0.31935143827094825
0.4595338605409198
0.3315346322327657
0.24535703992334293
0.26556432043853884
0.2988250279781845
0.2167103465780545
0.13463692919892978
0.1000513968411438
0.10929226333831034
0.09061150827059182
0.15712138512132778
0.07652956817685914
0.06571535914676671
0.059593193774917626
0.04968132011579708
0.05476830935380718
0.22399975013663953
0.17213357811072488
0.3241971002002823
0.2145363730290451
0.3337556931403385
0.19201753372428126
0.21620914621867854
0.32343092884881147
0.2935973805617254
0.10956402086859374
0.10893827947658713
0.13955592688049961
0.20437479828611388
0.18122719521899502
0.1516664162835267
0.21200600565792213
0.20871388854504092
0.3240405252862923
0.166919442748643
0.12589798985727652
0.18382500208333027
0.4211335707259373
0.24623509584173872
0.3833688546142272
0.22368492216451916
0.2126942582796282
0.21609483450910955
0.13341379459118888
0.09421897754493791
0.17646859511549862
0.11541399720817232
0.11867866905125564
0.2875357501979471
0.32790167027579675
0.8218986780154175
0.3015250865068983
0.2240318456206882
0.2325148752381761
0.18056156961332334
0.19604213505960766
0.2965942736150496
0.1918848083415786
0.26723375739243194
0.2403059070799193
0.5138044886757426
0.25984162718093434
0.18150782474558735
0.1718723330562986
0.22074615049382867
0.2297805286750635
0.14710110068843357
0.1576216350064878
0.08533694320594434
0.6967469927129323
0.3931831545643429
0.3207698990835437
0.4678092370587383
0.35145868372791605
0.23194811594046652
0.3507032587434662
0.09085964779634981
0.24304041298908305
0.2823156912201727
0.20540801477933476
0.2979295741860682
0.22136429459916235
0.640353735266613
0.24416322339924584
0.26011061641222166
0.23301237515251036
0.2707782891528772
0.273470524456637
0.36141863039991806
0.3604703570401647
0.18789641823896255
0.18336644107279337
0.4572828340233186
0.6896788141520114
0.3497820888748403
0.17667075565097384
0.37550741995267173
0.42796702373702666
0.17470468859336294
0.7537657422908185
0.3917341627382633
0.258557569816804
0.37939371734193383
0.19945832801638816
0.1958538022896864
0.2832353385004997
0.24710304949830353
1.6421257592099283
1.6524026815190658
0.3497454389283707
0.26658811451508635
0.26075198663902854
0.32798340792333697
0.2635111415879172
0.19969073265100068
0.37355671845099214
0.2967531528502426
0.27093789953234043
0.41688078499203324
0.21681730795055473
0.2365792877240619
0.2388195921630438
0.2639664669721741
0.18060943903023796
0.25111668607239973
0.5380577321286001
0.26280964171851007
0.22423431076321
0.4360282666508984
0.9736411323931063
0.565373871665804
0.3279560495419467
0.060538028583902406
0.08943440369828029
0.533511790025532
0.1491695067680399
0.1932425606980234
0.43041715271507613
0.30992049050378834
0.3203202568779332
0.16463856833875465
0.0687045460463885
0.5255144553928824
0.2644956710415626
0.19202857250086167
0.2469806456189604
0.7550138416180614
0.46128458266789524
0.36489915499306363
0.3309243284430599
0.18033879164411692
0.2568860791224107
0.26440873281203014
0.21887363932390136
0.209240616132181
0.13311759247945307
0.28140171841586836
0.2775643166151169
0.28246098480033666
0.34659530683320755
0.24401132224853894
0.4047394851617639
0.28029012375592977
0.03684571380313091
0.039036142416525296
0.4320395623867051
0.38984115105316597
0.2166704953223895
0.1870090937218992
0.21543312936115477
0.20969237183749428
0.38000455597061195
0.2763498960003363
0.1221935032345738
0.21353133166740598
0.4832819147257647
0.19590023527687075
0.2479849348715546
0.245690706387973
0.23627740342501707
0.22542894008945172
0.25922281314147244
0.20329136802595726
2.283098734041692
0.40835288269530334
0.18263816997654522
0.24493024102337124
0.1597270059662749
0.3010100719249813
0.13837465791350814
0.29617153886977127
0.49733311863875984
0.4499216838965134
0.20886747307555098
0.29949833593417347
0.15737404311082465
0.12467564352002673
0.14692000598533345
0.1585896075033403
0.20196793139587016
0.1829880593794128
0.15064844796749405
0.38024169505968025
0.29894986764823017
0.15016126629027968
0.13893378830638897
0.27060477413196876
0.3046177436418636
0.24996879082188714
0.57555492623542
0.4988332017617733
0.23889673765728325
0.22352517902890157
0.0997517474446795
0.10744213677152106
0.1298695842275566
0.10044506581383128
0.11222840344750273
0.055333961675352386
0.04898264958227731
0.39418031270635284
0.44284369867757073
0.19988005670920259
0.3907358018287321
0.45165106025300866
0.23098749940776722
0.825329315842164
0.5976676455040424
0.450620555017181
0.3272054948587705
0.2375026652829373
0.13893815521402963
0.043775984990885176
0.2283652180815145
0.4289589849702425
0.3523039040451412
0.21491118226904463
0.4297075013400573
0.538682977991304
0.513768061647605
0.400438886839992
0.18552879466985694
0.058887176381954745
0.05620943680494954
0.2790209542511217
0.29711706822457784
0.2740069065300068
0.2949180750637207
0.3483982513243085
0.20973133777456737
0.21689644738946662
0.20415014563931103
0.1799403991929783
0.16048757283785353
0.26505401415167645
0.28198248165010725
0.3207812544062371
0.17687454977268025
0.23711953803431735
0.22692415026243062
0.22860060351387618
0.2445506668696719
0.11576395818510322
0.12579158065921084
0.32935333108922554
0.1330311193948914
0.45022170277762724
1.0163892683986058
0.2862211064194628
0.391367761672486
1.133253138880608
1.240494983495404
1.254550876590093
2.45216646624536
0.20239386632024928
0.3925133858970752
0.30643376922391813
0.2703830639935598
0.38501949573832883
0.203687341474348
0.203687341474348
0.203687341474348
0.19898916414267404
0.21042735368071214
0.21099499646583483
0.12732823563002946
0.18126698964206125
0.046321046514896776
0.27621503212691023
0.2896816634251323
0.29435296472347655
0.22456130929316195
0.19850731925172066
0.1850039597261541
0.1953680085720782
0.44918260490127415
0.8858440345661573
0.16221979566064273
0.40243034718701454
0.37744190447732273
0.058744899200474814
0.13828483945624007
0.14121399395253909
0.9995050036007077
0.5153150374184825
0.20379555977832398
0.21024197987809493
0.4653569792679829
0.2388817206700401
0.23912081052631926
0.19384686885552652
0.3659430000930854
0.3657285400260627
0.21353566909056065
0.2425053271312292
0.21968925834724123
0.24477806767375154
0.1867206455414856
0.09520710577619641
0.046558038881643504
0.1705467316959279
0.2801207488455965
0.29899380429572436
0.46178558700327493
0.20750177526522226
0.5179959204771198
0.43826992973178874
0.2389874828026901
2.651601850550943
0.46938851477366567
0.25081090712838244
0.6524796682462963
0.5813753094183659
0.29115905830321887
0.20752676188032182
0.14853702837949465
0.33078038500260715
0.4621457106882922
0.16433237850159232
0.20691123860675292
0.32814135890985274
0.22105988196115983
0.13642785281605974
0.28706121620779523
0.2237038878134034
0.27472057576681413
0.26699087566891627
0.18890766787324922
0.2885452811822545
0.23744129824394938
0.2181354194226358
0.2283812867843562
0.30426837396843215
0.4073969417546029
0.19373305274097596
0.28022531791018085
0.18024651118588786
0.2294925715289952
0.22364214175403627
0.2731328897572817
0.295664665226812
0.3086892421845365
0.3058475977995824
0.2677652532863568
0.20989853711143047
0.24253057767202982
0.34723232911442004
0.32917296958399667
0.18681912712587678
0.24823216564341427
0.8948944919898099
0.29962444813583256
0.21150462004930626
0.25822317803891404
0.3825039709133541
0.3039060291421377
1.3778443475163038
0.528278369512544
0.26384511157339957
0.48560328229775557
0.2262793232418209
0.2099283698565235
0.2350783048562088
0.2534661978902692
0.22058974663750017
0.10458090391716779
0.32615152209280845
0.2672955572149207
0.2762905974684125
0.25859540988022534
0.265967841669908
0.2305676061068218
0.2606268220992021
0.3452479119834362
0.2930237189115003
0.42062576406882307
0.2269062518074848
0.22327289712567136
0.15040903609698716
0.14851614105174166
0.2897642081405286
0.28008275631769275
0.1747311596750228
0.29783914255368243
0.22505509337215399
0.210880727902826
0.2340731359316445
0.2632770178777596
0.2639779966664093
0.22910353864707897
0.528620790446229
0.6889268615575428
0.3900532793283119
0.24470408214219913
0.2610380645209572
0.15987648259775697
0.2092305730964539
0.2448374074538552
2.510749381343171
0.4514604716933452
0.7970375774952493
0.31942207592597677
0.2819528356346207
0.2634249182288575
0.22851686319081188
0.19912162888578339
1.197371598469456
2.019820289750639
2.6883392960712715
1.1164070391238146
0.1723608413308561
0.3674443805768016
0.21211339272156654
0.23509319515928115
0.21597081337136703
0.24440053658247193
0.2703542460879192
0.22060663822927304
0.25017103749761194
0.23349836946475397
0.23667180216360667
0.24623438921467078
0.31613132345331196
0.08847106896336165
0.07159575758285057
0.06726088965981548
0.5212987360731597
0.25890919776460086
0.09170986146364167
0.19441699474246865
0.5304093443288067
0.7631236795436771
0.51360650025583
0.1942458338735857
0.2137415951551264
0.2086519276124287
0.2044428233767348
0.24573914968027083
0.24637838425793243
0.24152042162676238
0.26833114030445604
0.16612003738085743
0.26206034536575873
0.13632205040574527
0.18467980060216696
0.16410545691581513
0.22856983640089745
0.2439410209301711
0.22704474597727423
0.3620511938500056
0.33882655788605714
0.11257065499439713
0.08371409186312678
0.41619647412503075
0.21117818902102367
0.1703309648754047
0.19552511302899442
0.26609632802406363
0.24994481597602106
0.25692327491837685
0.22034492836104883
0.21986863502171086
0.22408711325710423
0.24288182625823598
0.28575505247741717
0.25665989064969463
0.281173811049188
0.18574907611091787
0.2382741397775948
0.19634402233227877
0.21676667067936892
0.20711891309717542
0.20844083456772952
0.14226688308309735
0.12445089150617539
0.2006037584019743
0.173397885122585
0.21550947292287204
0.21306224163915793
0.42831329646977667
0.6142733531145125
0.26510823744823453
0.5463085862321039
0.20945261994623046
0.2349131609632192
0.19631982350286867
0.11388526430835035
0.2648016763423655
0.5561062254644914
0.621439552024084
0.7568135147539156
0.2189280396663088
0.7833637554837105
0.39959584757017214
0.22728960996837616
0.23886588254165642
0.24614356117526118
0.2955531973239397
0.22609596991461334
0.19376679932008062
0.23827653923884146
0.22819952449770875
0.527708927830798
0.20936737628691993
0.3423510869507027
0.23214426468085547
0.22655754810150291
0.20958082589767793
0.3209580978522449
0.2114582834893989
0.1678642739545875
0.32039252890379405
0.18151632316013755
0.22417763011833355
0.35650164294803377
0.17049026366626216
0.1851665952421124
0.2840238585604633
0.25473087815869017
0.1867506812561373
0.2111944241803146
0.03648089718238705
0.05556149085344153
0.12387232763503198
0.14069817084430822
0.1602578005799896
0.34385422562858853
0.28133469234629116
0.31462310725945114
0.29835294508889965
0.20205249540781042
0.27108097974935785
0.2621556156074761
0.38138119696212036
0.3362804959084554
0.26065708190963505
0.21081297428198822
0.06730411954999067
0.09374122130189205
0.3298508291834605
0.14406785599536062
0.3540011021299431
0.18592702293571828
0.26796668596928724
0.19070923001027112
0.21144733532232574
0.18901515796915258
0.4340930528478985
0.12890059504169032
0.10636212104868299
0.1287706446413151
0.7257075207069388
0.20366746141505968
0.20751027241361045
0.23789542605821867
0.727487638468477
0.26137151399710884
0.2382496570993813
0.24635302380162202
0.5660059778037381
0.26682207811270686
0.2872988431657192
0.2765762867020701
0.20126267543758614
0.1283239268292367
0.30666099693276866
0.41831292117432445
0.29521218564123314
0.24447027928116402
0.16739600848919048
0.21859124125009868
0.13973834995633752
0.12919391849940248
0.09865726724862182
0.20100604650807163
0.19688276623969525
0.20150057168867036
0.11248025907806779
0.2875276792529237
0.23800413508203655
0.2694442797227803
0.13197613835194547
0.180451069397868
0.1762465469406583
0.17978322129102164
0.33823750697950516
0.25263845349564445
0.26981835001993326
0.188298616047874
0.2472247030494126
0.3909079117805081
0.3297839667682338
0.061258325444739775
0.03427631356502765
0.06405230294231964
0.05232167849633295
0.2418515613578743
0.36160704541408123
0.2164056288356171
0.21477832185990844
0.13582782960206857
0.3041184578586798
0.2873313510121366
0.19606221611795063
0.23512200902801542
0.18524334457507335
0.22428932533938928
0.22086199334312978
0.17112034589489214
0.16219589410678242
0.38467262872896624
0.20221536827274963
0.29563592242369385
0.2355923931754309
0.20910899252135115
0.26091381826876453
0.2039985582553371
0.2550089922036215
0.27774860426966647
0.2148882059405576
0.23614193078954432
0.20698582050208772
0.27138785346083416
0.245496889751765
0.31296849329872617
0.6317834637142034
0.590111923269711
0.6721920498292191
0.7655749443840644
0.3307847193425125
0.3744095164198185
0.16955547919543743
0.21034537561074088
1.215727939562938
1.082698224230141
1.0691127031638727
0.5147838271226142
0.20504782584368175
0.44981927551314377
0.90413926145708
1.4014528082963753
1.2337311276507787
1.9252099630453634
0.8903458535337173
0.8942105897037654
0.39798472668610246
0.465520726598696
0.4157908280320977
0.382963431732639
0.18431557488707412
0.28724284862505006
0.25010145795951594
0.8873554222410366
0.3414947143118085
0.6463801487312406
0.21224140465730776
0.36114676138257545
0.23077353275502957
0.24527963059205588
0.23770338976175948
0.3574594000776523
0.21511156902453943
0.27143148624209296
0.2612679844956309
0.21239584505258602
0.6546062933092613
0.6772466451112102
0.3631858256104162
0.22529713189181644
0.40153718657667065
0.24540713557598498
0.2206919523900916
0.2177191045868579
0.1994125301330477
0.21728274515772636
0.21770149775409225
0.2223119644555291
0.27790124885150963
1.30376581335385
1.2596936355834818
0.820364879125327
0.6434206968586255
0.08002281939332062
0.11178313302137168
0.09646195488273197
0.20471397642950728
0.23168706068528444
0.20740451256575357
0.25868571176043736
0.3300901661543576
0.1551463010487672
0.18625657429672252
0.2442680473879461
0.2856206522179434
0.15899345791066583
0.22160479577817938
0.24430242232842878
0.38293576890733505
0.23345069108105956
0.21832942526393503
0.3334079975698568
0.18442894953267674
0.34775355444223915
0.61700131353603
0.22416735404178878
0.5013720151792176
0.3453765892704133
0.38931967852031873
0.21389474506736422
0.16903897057838976
0.3292644812591316
0.2625458293958743
0.24374537004818667
0.18687445473319722
0.21240372862678886
0.22318959089622092
0.21306549084620527
0.19860416365646918
0.20778491911625427
0.24539686278304845
0.2290803236760468
0.22339156521994832
0.17418785009765267
0.2693683752567655
0.21679786511979857
0.2825507205520586
0.2192275085554053
0.262529550368891
0.20733875688226186
0.15410323661856648
0.11403461358088351
0.10486501216962398
0.25161714717400985
0.3703348283370338
0.3373414858685634
0.27415333517628443
0.2466885439962139
0.26419558419911127
0.25659744252819205
0.22101152960831014
0.3763876681470026
0.5783521392135988
0.2461329826712932
0.24451687674594327
0.2473514092507513
0.2473514092507513
0.1422501889988616
0.12915405456062326
0.25185181591394595
0.18185691755988453
0.1692617896348059
0.24098698387377115
0.2352526367045724
0.22976362911319556
0.9943898760751635
0.2757051385447235
0.3411436488847786
0.9772118524480735
1.2042958357631872
1.1164894237072664
0.23564323200585488
0.27710830054400176
0.4375694097540687
0.3975988776180242
0.16736717604474893
0.24371061746583908
0.1767798094927442
0.17173507077050368
0.2229046215317043
0.09398099098390132
0.390968901574997
0.31546364579380004
0.3186645275559581
0.31544109979357465
0.4992192103194122
0.48729479086183175
0.17071839053828342
0.25354452237311464
0.6461269063642393
0.5029619020914625
0.7415260684413718
2.3715900238567613
0.10157106739006544
0.18459540956721351
0.36433528268310217
0.2368109826302437
0.14562484982298707
0.20950788064146608
0.06441321268435582
0.347265344983448
0.3079893556113351
0.556923878395378
0.22446087616111687
0.5270223872741553
0.23455464252112251
0.7351041478243068
0.19636268023991937
0.3449478588470036
0.03868958590537485
0.05596867821990885
0.0784794594864167
0.2237223078339667
0.30947539455771633
0.05987450330579615
0.31585956146448607
0.3034535462115074
0.4381554362714656
0.34823441379581876
0.3029167684482158
0.3122537727877123
0.20871226913955396
0.7712731639761687
0.254552824605961
0.24021830967147287
0.3597505166462858
0.3814013435823392
0.2541766032764601
0.24559393869896434
0.26465665780242004
0.17307372454441564
0.24683819539453988
0.29129592016370776
0.18134553755819252
0.1104408947805197
0.1751322753369594
0.17925016146819706
0.26555124994001694
0.4406717924094369
0.09360071369130288
0.6552046564548565
0.48132461461458753
0.4273320005479155
0.8778284645117264
0.8253379312865952
0.5713987911466507
0.6156892717891352
0.12574593084794378
0.12392702772723299
0.1735874130852377
0.19385290014496115
0.1714730382580274
0.15971095437662133
0.18079644265596867
0.2361865160941934
0.23124108957276723
0.5008336418656182
0.10898302881763705
0.12072482812328733
0.3075225329211263
0.22975724446917534
0.255533873179315
0.31743110512053735
0.34212313805024747
0.13416979720995525
0.17284066179499888
0.17313926390883583
0.1730935180142092
0.2289905571147497
0.18752713497551357
0.24378158012110765
0.22100622616456198
0.24289666086145167
0.4887681982019471
0.8826960341276459
0.24813917861168558
0.24919902601500432
0.2653172437351115
0.5394994671093728
0.6679602970366786
0.6155845246278807
0.6709221182211363
0.6749605002922793
0.6639927735221429
0.711765633048827
0.14677500748886707
0.39306785761422136
0.14156543706553165
0.18108624781280377
0.11236244285994842
0.09925430128142199
0.15101554655626845
0.1962622773578529
0.31464258031853565
0.25961540910317066
0.24378022067585034
0.23883064407605256
0.22011946119399936
0.22294928940609066
0.26497657302495176
0.2293299495574178
0.20015124655928265
0.469065530354848
0.675122210047695
0.2997960804509016
0.23737333483023176
0.2831333367064134
0.23772563654806583
0.26152571595564755
0.3313717825216897
0.2554399343925183
0.6219209711779387
0.40115541385543585
0.2944974388215836
0.19225714208821676
0.400823462899313
0.2118171063282262
0.21608878631040085
0.21693709154644844
0.2692608807981605
0.1862674263716637
0.37481632748730775
0.3551550979573648
0.26036891559578546
0.23599203012621656
0.21247101957025782
0.1800046293615731
0.15999192479520755
0.156667544864459
0.12649334537167664
0.20731884587898228
0.19851099008144313
0.26636757498089775
0.22354071369853054
0.2523460428672696
0.26665259295487403
0.3650731354582279
0.278640394338325
0.2348573355712738
0.16879357215699892
0.23211798443821904
0.2597523407004422
0.1650883100535822
0.2200179922015647
0.4929851665532402
0.2020759620032914
0.25860735236722987
0.2610180582230683
0.2011574847388936
0.2646521659380996
0.21542330581943073
0.19512172469431258
0.173490366265394
0.5643223181288691
0.20657075589736718
0.21587530855203213
0.22479476560592027
0.19223422953162614
0.33220339850209807
0.22438139987186836
0.20380524192271082
0.21923521344917804
0.1651734502152449
0.25386070089991297
0.2159053002929997
0.2656374934208186
0.2718526876495373
0.2659417540954126
0.22340883853708396
0.2170904606242485
0.21968117948966334
0.21390065875164052
0.19318586100114798
0.08036396268591717
0.11203512141941913
0.050337170841366755
0.3873823764585536
0.4617736394272983
0.18042644479673556
0.2876463953196998
0.21847276543437275
0.2162258819444097
0.2140535151968427
0.2747411331991939
0.23087569023975654
0.24929696456682304
0.22524275037046965
0.43541560914855376
0.45390543146855955
0.45390543146855955
0.4614815322981102
0.48494260353590773
0.4615378762332578
0.4604953481364016
0.4604953481364016
0.4604953481364016
0.3756786443017491
0.20072120461365092
0.2377503509982061
0.2677941895133233
0.20507008220186718
0.21585521222236073
0.12661353851481125
0.293042391699374
0.2200219269992822
0.34444513384455905
0.22995908378043645
0.3323385546748098
0.3121438520073933
0.28411665641094774
0.28000606467512584
0.20421619479064973
0.22514582117152257
0.4877813653957536
0.6755141106080158
0.06226257765142722
0.08316357541703871
0.3245102411007639
0.34967669472594404
0.21007521983545083
0.305419652308423
0.2136301509026708
0.24441271987687546
0.2942712402542611
0.15851193470837288
0.1513083748222268
0.22845204140661807
0.26965178547426694
0.1909771734457187
0.3308966635918336
0.40916077711789445
0.24423827982417806
0.7292082679892379
0.266387817786521
0.3978814845101557
0.2674089928784639
0.27000192566662223
0.25180889012908914
0.2493515754983711
0.23240697346097272
0.35527553491667085
0.2891604665727246
0.2062406631548305
0.2043302165844264
0.20209337315017536
0.1971899985334077
0.23850724745686094
0.22834176277498686
0.27945839814226825
0.2398173807746471
0.19588120022002592
0.19788364101579592
0.2174939438793948
0.18562817105756324
0.2885433302560984
0.2092069732418977
0.15610195158968918
0.13765258992266136
0.2213794213763853
0.32493758195262895
0.3453902404268663
0.20033614346648476
0.23469626768193422
0.21637755395724198
0.11426402164876466
0.13709083048245968
0.4164631739522498
0.24875244603778804
0.2889285218301825
0.19441947442376
0.2469560378328356
0.27054518344443196
0.24884046548817634
0.2560662466062338
0.13019453636369716
0.07005965476939456
0.19851692423262854
0.2455273038442169
0.09237856025331578
0.20490301739820568
0.23594792054324668
0.24659451301168675
0.19067912115057042
0.07253356525083836
0.12968535984907176
0.08545568173878404
0.07723780403936086
0.07587336562051461
0.18695919960986607
0.13140470008240282
0.11742233664076036
0.28175099154250605
0.24725578795308017
0.2998137823326165
0.2681842963908075
0.27575824594319337
0.17809591464712954
0.3421929161849275
0.24489913541462094
0.2622825710556486
0.3384439463181214
0.26769500372956917
0.26154467965623696
0.45393265713608494
0.3211446426763821
0.3591270535281195
0.1996256133539717
0.4072195257102656
0.47461144392179627
0.3575479448522371
0.08099436632215415
0.23385819936123245
0.18412405622053052
0.23057010985497184
0.22232718102448268
0.6320430418806927
1.158556070869081
1.1433745518762577
1.3083857942524297
0.8261467823962432
0.48181076841439563
0.4873056891697888
0.4825751020809988
0.21753323405330596
0.19966127601754963
0.2114689802441351
0.16549649992281285
0.24364022045015277
0.20057767055199088
0.18226260039132167
0.4251823918948499
1.7477775101769932
0.40784799744232375
0.21564471292436774
0.2269923556924759
0.42709794890336195
0.658539757722438
0.6604203736253237
0.20036360086946747
0.2437649080833906
0.2720022764994218
0.19787961908719648
0.27353828191097573
0.30602540376625165
0.2384028854978253
0.17109941999911246
0.2493992812781909
0.08753130300638295
0.3459270243419605
0.2552995790017311
0.24648514573208152
0.20487665498526447
0.33541720325797447
0.21881151373638605
0.39053170647490343
0.24209884490240435
0.5783967327183545
0.1470413504483418
0.10177741072299264
0.2196798059336635
0.1954036084817792
0.22186771332695837
0.3080438585073087
0.9814097240688595
0.555846120938236
0.2814773885027719
0.23156209891982524
0.255744843164087
0.2778129849721205
0.3762219947087299
0.2624667475593284
0.2865168694521984
0.2437830080608106
0.3019160216657589
0.6347047085350475
0.3064887896073428
0.21260678240744565
0.2734825602922703
0.7557527687102413
0.4091693783067445
0.401758148077367
0.28401319224865507
0.3055955459203988
0.19995102950797178
0.20907544903463307
0.26724737383850417
0.6212540644490088
0.28387312145911064
0.3094189408122374
0.43895894676532726
0.49869956843121116
0.4448402213929113
0.24914832153941852
0.2421084491402623
0.31608432582094065
0.25014178631876083
0.20186517884109292
0.30045533398014584
0.2924812322858662
0.1971811595420586
0.5895937546837526
0.17138960761133162
0.2953248987377337
0.22026944553858974
0.33127375477602955
0.23722267809479952
0.2839580002120456
0.21184148324577953
0.26868443412343396
0.3327480077879407
0.21516410554581447
0.19209893313416204
0.22451183408174755
0.20726721385580096
0.20187794386690866
0.20507041099581397
0.17926602539761613
0.24268849048508515
0.18584086732181052
0.46121443257976924
0.22553760057365257
0.21214262469783074
0.23485624837357413
0.2291191370841417
0.24507820651578982
0.29841268130940807
0.41785153244591466
0.21435198393031607
0.1675835691460569
0.21831595220623293
0.19601338375998373
0.09899598256228219
0.16092177867717686
0.06954297192284514
0.018238089556963332
0.3022785565650005
0.12814825654553325
0.06304888262557289
0.13804573145789875
0.18335553326224727
0.20668831270566057
0.3679748749910067
0.22195574432080528
0.22634068663868154
0.2361873908353967
0.15067681214379902
0.13572197670988517
0.09521855262532272
0.13874938474900445
0.23719075789158772
0.17696702778907
0.24873528290693722
0.24862177466528032
0.17923242095521547
0.14825816861174815
0.2860982987086963
0.19620974248472517
0.2605948578962408
0.17952655146061508
0.47011936389723796
0.41934737684256124
0.2571803821030893
0.26712279816445483
0.2476422497762187
0.245441181610816
0.21977924152199438
0.24562490720518612
0.20310972155188098
0.2853395548508252
0.20914921595445468
0.4576424133662024
0.2215592388151246
0.25257356211687004
0.20913357942228883
0.22307623078208705
0.20960260770816333
0.16904886029112323
0.2354517532532969
0.1583440319861909
0.22965026045921313
0.19026584996336782
0.19481933551474442
0.20986330641826242
0.19474875869686395
0.34077281910667234
0.20278645932291534
0.7957421918415032
0.4919202490531143
0.4970427449664401
0.1935687109186498
0.29369648545230287
0.062134472666874524
0.08272954609919408
0.07851568773256318
0.06712424696249768
0.11206669384677989
0.26095061743092335
0.37594488968461437
0.2920116038449747
0.6674100702032523
0.3361813249536211
0.24969922632481087
0.20945725933052092
0.20340175600107072
0.47622983828290877
0.33551588574401864
0.267995305186846
0.17349164580738158
0.2608091404270145
0.2169604647828177
0.46874597602163837
0.38183769592551636
0.2811815522464328
0.25898961273706356
0.30339762532159953
0.23847683249792248
0.21179591232597686
0.4737684156672846
0.26852764545265223
0.3171821084355525
0.15830603565881196
0.2425179772354856
0.24330772325060926
0.5565422274256263
0.5436545685121702
0.1789372323411427
0.1732073312805821
0.29393389581048396
0.2412453414823992
0.4229644800412907
0.5330395839901652
0.43447646439938514
0.34724041744400574
0.3460849876292523
0.31945833733872436
0.1888862919669335
0.2524607261185872
0.2723264220791733
0.20835085850965904
0.13539422107829238
0.19661692349412685
0.2560792022275133
0.21750159827097407
0.2662457294381999
0.2419224150126059
0.20856663731927902
0.2446296435945852
0.17021285352806415
0.171227728797672
0.2007715521262183
0.2257681297641757
0.09309610079364794
0.17151140718123795
0.2570331207183595
0.15269174769956528
0.1303799507273438
0.244100285642627
0.1971352771223019
0.279588116748132
0.24529998364131117
0.20422444799850614
