0
0.1158336108073637
0.1571177032424867
0.1614180495243533
0.16490570258037196
0.16278247947172564
0.14302108808429115
0.1638959982212578
0.09744405375756209
0.20993512034118422
0.15578010292358097
0.20087850782417313
0.09139661777933988
0.12606841738574476
0.0963165186351479
0.21066230774365685
0.14851473637648824
0.29974101369346773
0.12576332857787637
0.17529065891590526
0.2839763213378401
0.22087250545508788
0.23281513184194208
0.1324365779920623
0.15074387764444452
0.17249418496763047
0.15426042007275242
0.14289499354116378
0.15467743039567972
0.10921869666325752
0.1159362269258574
0.1675101344741541
0.15035127726769443
0.18283967837689177
0.13476949686835046
0.41973407529661366
0.211749870596008
0.20367327628385792
0.1569885141848052
0.26523327435259025
0.3463186383616656
0.44925775455104733
0.2956954019668439
0.37349743798860296
0.15746957468323391
0.2502303566887074
0.20083315968387244
0.3351414001149308
0.23928630406812
0.2557297707396135
0.46578519223558335
0.2700554365879365
0.18219542624386953
0.19850072106002056
0.10848624209016677
0.09487200677457902
0.09053422893139879
0.1535864881958235
0.21788389139838962
0.16335322865509078
0.16033291922325005
0.16720073585196205
0.4088104639579987
0.3173982996572
0.4709737281304304
0.3507987472942559
0.18268218362601873
0.1863233589666979
0.25051162716895153
0.10173279276073306
0.21282829607031017
0.19225750557974372
0.18125520693604538
0.21932800467741898
0.3702279383573317
0.24946140309480502
0.21473428389400603
0.2235612827771319
0.2093924553329164
0.24032513270335207
0.21090145837420002
0.23179533584541856
0.2375153064053149
0.27408225556724897
0.2530857083730605
0.08476824303977663
1.1500582797570524
2.240788884725713
0.7508632202077666
0.6660130938885407
0.627979948274007
0.9318373440214264
0.39023953383369553
0.38403200720401165
0.42193819710941155
0.19526586647314348
0.2348797963599325
0.21084764498069872
0.22052630458929856
0.15402059459059544
0.12297107358130177
0.16517717175469832
0.17255613733815622
0.16139132310414356
0.09972889189850337
0.16853379981592218
0.09777149609040577
0.2890561840626914
0.40195849190984617
0.22889402087892413
0.12193306872087471
0.17362507543401964
0.14603608445757296
0.15244250258280112
0.2129986895688221
0.15152238739188265
0.2221209021962812
0.19695290203090127
0.1864406510565919
0.1514375893320087
0.07713403329304412
0.10534365425964302
0.28542126162175735
0.15630569302066608
0.7606795101440468
0.5941566583183133
0.37676429889329244
1.0127822165391327
1.4460972317936942
0.8790183594261313
0.21569011761176585
0.21640783665831662
0.18175676714536765
0.07992085302455361
0.07477211639065974
0.16021666929456976
0.18794538771797129
0.10485004057474447
0.1802008258463831
0.08856336613953975
0.12440936326514833
0.20034585659036466
0.17622595880688013
0.15211455066120452
0.17311488659947513
0.13714305922972891
0.3629113004225585
0.42216077525174495
0.4982277419269621
0.29864256191343436
0.30024387628563465
0.2042859250837594
0.4483808856268969
0.5400442373298957
0.3124191738821317
0.15028595920541182
0.22676495547943337
0.10271803470397507
0.18483892109091823
0.20108345386761567
0.16964852716141463
0.24624535581880258
0.12586650974245628
0.2323105244769664
0.21754973734317345
0.2535632229994338
0.0937855396233926
0.14980229208138843
0.13107740408107751
0.11092720873372537
0.198883509816577
0.3105227706635925
0.1757329248830114
0.519663586245926
0.4025734758170943
0.3917677635632522
0.19366878763282908
0.32590625515466526
0.1724599403261743
0.24285066612242295
0.09333611664611087
0.10666552585670934
0.1020664706573477
0.1424725348984276
0.2386895658053721
0.3972735487542155
0.7593162705717534
0.4889477318655541
0.18487826894726173
0.1452360167538425
0.3646796775792055
0.17570220129768885
0.18921667177183737
0.27644034613604795
0.19988090562379043
0.2116508592992419
0.22942528301015938
0.1959125475798088
0.22380380604869468
0.2666715546748908
0.24655422241953168
0.2336151074296905
0.572774583858452
0.5084723652349568
0.53550556806483
0.4403589750504064
0.2604137018240188
0.323452659354017
0.09074812639620831
0.09765367975972927
0.1472631839829561
0.27478857669853507
0.49958402682623765
0.4266561263663633
0.1943252569189568
0.2692501686514251
0.12737772273441358
0.07806495365236497
0.1520450833490285
0.5708015532164376
0.23186869513597505
0.20765531250435226
0.11123549356283792
0.1597808917827715
0.1419736877046775
0.17474221980351423
0.18447370590725046
0.21398647832149836
0.15996122108203173
0.21207837046885517
0.35250728792046915
0.20763759961656603
0.4408454842978216
0.20847539175806717
0.15302873566085087
0.17009201558354176
0.22637164997513487
0.25942649879463703
0.1992529703543243
0.13176774609721553
0.15898354075005142
0.12658568499789502
0.16416154816730863
0.2995336444725201
0.2485322352211567
0.18295932076557556
0.5239413815220184
0.5556992896426418
0.058107389583716834
0.44950406216959476
0.482950240314931
0.2480010992438626
0.19812607706468194
0.21639763333421538
0.1487575282767348
0.21494904162149503
0.21331212448848189
0.31688472555447117
0.27681559363815594
0.1871008186303935
0.1622517975089975
0.1453905429649713
0.19987899356228345
0.24856173644317706
0.21472600942067158
0.189597574741019
0.15952063878125325
0.09977998165614277
0.07065021739924136
0.7481101578127599
1.398624210111372
0.15295094882318633
0.8116752630538666
0.26188367751463026
0.10144531600836283
0.2002665434103356
0.26184297051488453
0.18587837450291994
0.2183387570749794
0.14898195796536215
0.22950637794313103
0.05578415835832367
0.2395527187577817
0.0844323421320419
0.17114604564151256
0.14924472298758396
0.16252879000810933
0.14984771211221962
0.21628704251663583
0.1955784187143764
0.1552470886637477
0.21047594523366103
0.22869032014519014
0.21365946404883007
0.21297178146263934
0.1902012772981142
0.15985887067999655
0.2074582055855622
0.11713498088386842
0.19289136381105726
0.20573882192954082
0.19949539597065596
0.2444772231432356
0.23346296706290215
0.20430438043876498
0.16220890776129573
0.16934859520438442
0.09290983971535421
0.5772722605129199
0.3004224699876597
0.18926575461867595
0.21093756170050046
0.12285619027303268
0.2000867797704922
0.12251408148164017
0.323455761599289
0.1608299118970913
0.2183669621091
0.3635972915943245
0.23479591095779626
0.48571108614094016
0.09245274814197586
0.11095181479326252
0.11559079787863996
0.2128442267544471
0.18411019957129415
0.18627267409246873
1.3777822311766064
0.3207711530327151
0.16497677345890957
0.23494607006581572
0.22966160019863133
0.815125091465608
0.2299799427172718
0.062220582126598555
0.2305838692170807
0.07100800080041732
0.2704274927282563
0.18524880058662693
0.12916724174845784
0.12097335996441749
0.13520212645298585
0.17010493925130063
0.17006609187288757
0.09698449207909686
0.15796998400622664
0.24176752424223905
0.2978737191712545
0.24449691682094277
0.23491256639560215
0.26570052726039545
0.2098524625290399
0.34353829207146175
0.23505141624309142
0.31635147681146236
1.5040646958089385
0.7867649441443291
0.43343766539449796
0.44281048802748196
0.458614044183909
0.4617648104997078
2.0336984634574877
0.7320317703481865
0.7127422480757516
0.18438304166859282
0.1111477276240621
0.13571770940266512
0.5243710493398422
0.17045186922466937
0.22326341257811017
0.12208196881818166
0.1524437416823601
0.17839394172992276
0.22404088529308935
0.1419791670714264
0.09623739908009461
0.06802439763913405
0.1977446406487777
0.17879954587536595
0.1917798367889591
0.2113681554538959
0.31074598340854614
0.20775994292316233
0.22537176704561995
0.26846857072112523
0.10167641666623456
0.16547870870567433
0.21898298009779366
0.3590563381241945
0.13067383937091698
0.12248706646494108
0.18161576318760989
0.1678487104281662
0.21355145837018072
0.18498835781795722
0.32118333265001653
0.20455621758394388
0.1706428422076644
0.2260524649835611
0.20663559110471602
0.16122324049268213
2.7200653451791363
0.18393402338376377
0.26551261241813207
0.08879663804321504
0.3065755567173627
0.1699612268289574
0.21342628813388437
0.11324170320596315
0.3246335333856871
0.3144480068152215
0.23693344460990498
0.1456105985395502
0.1898313278529945
0.12864022538493483
0.05276275224585028
0.06462147168345006
0.1005349194088825
0.09356216953566895
0.10519748797217941
0.2230853457467768
0.17659487386033407
0.19673518653082325
0.2481566341539273
0.24212368878992277
0.2678412971166044
0.46742066692129786
0.2125121773634047
0.2711244212216856
0.45039090685144495
0.11689452404437278
0.24648208905940117
0.21186161824402058
0.21604207512471374
0.20952862164282715
0.22030988246966354
0.1332199195380386
0.23351753198637984
0.15798930418987758
0.23311011576544807
0.21914574322411007
0.20226998818554084
0.1447857469275004
0.22574497370531968
0.18996482680653967
0.21011648845624767
0.19635348383824167
0.24095268168775877
0.1930763255920464
0.29672811552681166
0.15947031601468226
0.719119239846454
0.6698408294724963
1.2256563740824544
0.5058665582663827
0.4802023133944787
0.3803538462767473
0.279457815303352
0.2096331782865418
0.4189658038669385
1.069793044562675
0.1924078778103833
0.14673806328649316
0.19846475141127354
0.19108721332827092
0.25252421570345696
0.2844696472646763
0.25906580881500585
0.3068534411128304
0.14712064292854854
0.05235456766640803
0.5416991107541329
0.20046216058068872
0.25552988929447523
0.2493267448636946
0.25855966851375883
0.19986732677434665
0.12767319602981014
0.22601429904233628
0.19253402605892028
0.18439527261832125
0.5134445364258717
0.7342018314815878
0.9870191421869977
0.31529944896679457
0.4716349188712627
0.25731307009019116
0.22764790337507004
0.23284318842551763
0.1738665952674922
0.23542965171648864
0.16451881018454195
0.19469753056758332
0.1796766118502606
0.07366362399347277
0.025119247929805164
0.13326355731684464
0.25190637420962386
0.2054379298948371
0.24046668917952005
0.29044599639982827
0.16738445136820357
0.4497968596387615
0.08665502363794879
0.19464637263818452
0.21126899266080357
0.21633586228987198
0.11141515530269826
0.12936444924546786
0.03530787794580644
0.13116312564395294
0.15192104183009983
1.2375393233111964
1.482114554100782
1.437603788876274
0.28047230647267807
0.6913731255670141
0.6725467176879417
0.36074748322680794
0.35767187628418623
0.25355577381455763
0.8158522721149442
0.4737890504353664
0.149147102951457
0.07898319197827544
0.13361867850384498
0.0688714321327864
0.295736599532729
0.5836201698848467
0.3675647083001858
0.921757558774768
1.424085210438931
0.43201072473067553
0.6392972709202114
0.6333714923561454
0.41573698857500024
0.1972420580839774
0.506747052239656
0.15851133776076964
0.25779467358630714
0.1468205443224862
0.8047107919532847
0.07342166608303076
0.19676172398506958
0.23965797505246209
0.4291855227345362
0.9875363772545485
0.8282576176347693
0.2220453764665972
0.2056607582085239
0.3163446038896216
0.1122886723147099
0.12746110175955622
0.16271439866099877
0.13618591468083846
1.9040578908211028
0.5411625288988801
0.5729469993108398
0.29065122287500106
0.22752345595704995
0.2150982787397166
0.1684043264791285
0.3383112319232497
0.27612517526051494
0.34993596022315115
0.5469932178713235
0.29594929854128615
0.14635739594052827
0.17166514184938633
0.22041680781554407
0.16693115871628048
0.1976984310653931
0.18855999728330278
0.18793800443838082
0.19748658370697247
0.20896205186581238
0.1257825820447538
0.1779571162533888
0.13231308139046125
0.21325527729511126
0.7885294754328672
0.431072983167615
0.4367309492137286
0.46575620695693
0.45207390258193614
0.44972821056997203
0.24038445266700276
0.2694065996962749
0.13340040094761804
0.18523901077049887
0.5413132356590616
0.2291689775965929
0.2129056156313403
0.2295065622287877
0.4706930686056028
0.414191394656207
0.2449869563388964
0.2618648822528199
0.16969808973763323
0.10487314095128884
0.1925323670798362
0.23210250984849604
1.584599783299871
0.3341117094474336
1.0051796216784934
1.4200102782650756
0.348744308172195
0.4424814427985889
0.07177928691346952
0.8472329759447503
0.175612460102688
0.06318349684883055
0.06755238633704523
1.691689701707825
0.19368258992979123
0.21588969328348076
0.33226779681144064
0.16976863155731364
0.44130752806564444
0.04973009314754026
0.19169167729938502
0.2963935888566381
0.07210794428772888
0.22780154376801406
0.1653788720172856
0.19064700797192544
0.11812878560988184
0.09987083019419102
0.24996752687915114
0.277792280511448
0.20583554401453802
0.23278304050204301
0.21857755066821433
0.22810000483398762
0.19556055713717035
0.26430927218775546
0.22757427835787106
0.2710472164538149
0.23060056403452137
0.18854993792383742
0.19423665515428948
0.23593069207235778
0.18560950078636732
0.19774161323454956
0.2299699250105749
0.24291309018318996
0.2150446335042656
0.22388766486388892
0.14903095372890598
0.20526306687379234
0.2572442677335115
0.224396160797735
0.1916527093850595
0.35060732317607857
0.46452723316408245
0.5830715256316076
0.12561301785890036
0.2142640587109325
0.33182650569131655
0.2629636697721121
0.1676609379838651
0.1866780346201049
0.10816708936967645
0.20236887190152858
0.2182071893347958
0.16760184040094606
0.20260927157271905
0.19656898922831792
0.8453193488296467
1.9840631663825903
0.532274237715166
0.2825833005234711
0.30447865094998156
0.2042505040612686
0.2505317469971954
0.4156976992338363
0.26939688229433556
0.2367204531897283
0.21068263790423566
0.4150679543198976
0.2163471437541562
0.10644487282223024
0.15426314064842822
0.18071052712223618
0.1392064922503969
0.18470881706458686
0.1437613307389026
0.42059544081750444
0.15186071244118132
0.21769252060550057
0.19386796327197464
0.2257354785039781
0.4548099956390851
0.1990875663705153
0.11475599729094277
0.06982077350586267
0.12621607946273822
0.18943190587214487
0.5585205850737806
0.20654669368167133
1.4500586344472812
0.592654368619588
0.32346985273785755
0.09452098042002777
0.1888271156654607
0.244699373909094
0.47966796354821273
0.19778442467234844
0.24133259601232607
0.40187826537397875
0.4757627510083734
0.15805696951063036
0.27625554496162474
0.3319078188070966
0.1339550990925245
0.14113742391082884
0.17604126101987522
0.23935064680589066
0.22064490966459094
0.5351301627326017
0.17193178866722408
0.17321686513595294
0.22797062191383613
0.1532897093840478
0.22370446470574654
0.2070703918799137
0.09156200646103539
0.1510322368138757
0.12060731132120998
0.21897557788658303
0.18417643342185364
0.20298259234080435
0.2090857707864792
0.21252962120574712
0.3167358843280235
0.47827003389937445
0.19448164728360756
0.213372249642096
0.17198074144903264
0.16943582843060342
0.17020043432300236
0.21095469151547444
0.16526178228204708
0.1570852377651929
0.21844544986957637
0.1550683780097564
0.12487569120099563
0.16691646783259056
0.1958082554669095
0.21905519084913008
0.18351070868321834
0.11007385814478064
0.18391147506905534
0.16049480878202094
0.17188362311041686
0.15373328884249562
0.1652151086875944
0.1247137158375436
0.22016823526200674
0.07326026973374769
0.2532779770046179
1.2050910304055893
0.44410452463448485
0.2223157360439328
0.20847686331791745
0.1421801069726549
0.258320841698748
0.28158199976601744
0.3019906275531914
0.15759257835440277
0.14358396426237358
0.2152468327205439
0.1947668619505591
0.10587182045619567
0.14097468780269598
0.15993598420144614
0.1958022254066724
0.2039179007374541
0.13149799791022918
0.23295275381950437
0.17429319356313483
0.06552777011161677
0.1502426515360659
0.10318150225448634
0.15735789469074535
0.14760146164272142
0.19951521775014847
0.23413685116127053
0.22045871632078387
0.19376904940833886
0.3005615087619398
0.35417651616326457
0.20920354990818363
0.3064137399673493
0.25753353632795584
0.22192388876875319
0.38505509586785097
0.25732878043457214
0.7454625444551478
1.1748461053688146
1.0755859781135995
0.1627296817687582
0.6297600692704136
0.2818671314287487
0.09928001742982334
0.31917302677233766
0.20619470335313356
0.5824641161426658
2.9888438664631747
2.784394955791033
2.791929058540269
3.09488400794976
3.7414376239558513
0.276093538583448
0.4241438521479176
0.1884238572829956
0.2475801791627156
0.6035869117275371
0.3190022859607949
0.21998622570980542
0.3603939788778186
0.5287055413710297
0.2217657584037663
0.14398760688751902
0.2621493305356114
0.21469579463180308
0.26296949477335047
0.32440479594964516
0.174518524068324
0.30072786359110815
0.2438840620760182
0.2952032664287231
1.254469457766427
0.3965934286665198
0.32206011481009233
0.30566051319176035
0.47851991215045203
0.13243428894375645
0.055040211312311856
0.15014699440610496
0.22761724223658025
0.17089072455689314
0.16572358383067926
0.12914325834873397
0.21824603163726689
0.23615034269835095
0.2530363816119849
0.22403653270343474
0.1669628305645693
0.20684999303748694
0.14775482279197694
0.10699836785851181
0.16766953484645916
0.1874956181222916
0.09592954928621836
0.1538058146161224
0.17180817239815263
0.23403446308776168
0.1820385385568356
0.23394651947390702
0.19547733306260795
0.11173028351949627
0.15104172748719336
0.21263295216788736
0.23338187342755728
0.5029008190914448
0.4815734515651335
0.21067905951865523
0.09205806413256105
0.18183461843606064
0.2202773728629422
0.23738619011961037
0.29209609626160404
0.7104984405905342
0.6889108107270668
0.32536775802114937
0.3411285295111792
0.4059865252352317
0.21874656659046168
0.22610342838676495
0.14925730820258434
0.16049115855987534
0.22185968378634083
0.2519751913673257
0.33194126285252257
0.11733165787451631
0.37485290541869204
0.17750788420065883
0.2225811906413533
0.32201458293290985
0.12645607266071435
0.18558615409278473
0.15130070795031936
0.2603834225188088
0.16396753560898397
0.22246472254859745
0.3172195187896593
0.6022269577985383
1.3883402469904638
0.14782315040490293
0.12589603797338197
0.18488317062882587
0.19078490592428207
0.19195049191932895
0.18626750210470902
0.2580512537479684
0.1525515255784143
0.28227195128216187
0.10796317730920305
0.34999301355055457
0.2991894175998887
0.2991894175998887
0.2991894175998887
0.30997928975255856
0.32382509063078346
0.268370719731902
0.1857296144004578
0.20566016636859843
0.1790707246855142
0.3706977406769689
0.14523594840846993
0.16079944516245984
0.14729359720853666
0.11456178317702263
0.16264242731668557
0.08122216612166902
0.19424631273640455
0.11114101446067733
0.261492626809701
0.06611893344271598
0.1086036130879594
0.35033341744459157
0.21624025469761382
0.20613762039965589
0.17999184229882034
0.4554968393258211
0.3362404012824836
0.6395457861217717
0.5664438177850608
1.6707873563668916
1.284271494457049
0.8806181123701807
0.5724637560341116
0.605095412010842
0.7029556953093344
0.6026535849765531
0.3615524086794416
0.6959962713172088
0.3288429098445652
0.24779381589350283
0.19309972605978407
0.18597498561887005
0.4547857291247034
0.17775599096996542
1.3790062154282057
0.3382118458171458
0.7709176905609986
0.11151125981422087
0.37299336203101785
0.450438688186429
0.1183454175752849
0.2296737323305002
0.1520311867246726
0.166345533248332
0.06352412230919455
0.22164538636905942
0.24993268987665718
0.22689369694359826
0.2242270035419422
0.23056319587863053
0.6804383541874309
0.5203795944820223
0.6361326849343462
0.12216657364962138
0.139154648725497
0.22258729654250173
0.23008973251694412
0.18311654952944148
0.21713806568897914
0.15426619929599986
0.144243890045989
0.12295508179231666
0.26749652550332265
0.4023545549725634
0.628963463143789
0.40708583050892777
0.5563296540693231
0.15167515879190155
0.15392510595777043
0.18328370073986375
0.23170699683367804
0.23478065668102205
0.2221049156786531
0.18980531934731332
0.14690364945235948
0.15804194114431122
0.10520539552812629
0.21387045435791877
0.2750520259216919
0.13534876816480315
0.15127843242703984
0.9392561004499149
0.24362214870051171
0.17708849806429225
0.24873887992637456
0.11834584891637988
0.16945601856473944
0.3132466872398117
0.19182495730736873
0.31782130974244854
0.26424557420637557
0.22377325523182554
0.07778720254703157
0.16531209403849248
0.16127688787783334
0.14564349671183963
0.1289951224751279
0.18137594286797457
0.11805001681740378
0.26621301834957645
0.27212188483592237
0.22866615545855443
0.2598910051012634
0.20390224331133916
0.17995828771099176
0.1596297046781241
0.2823104949577169
0.19699728601215846
0.2949248920323955
0.16723756678695892
0.28963827885808496
0.5333816911170076
0.5299639475626797
0.5506580940163972
0.5828507716302481
0.2151086057225764
0.15814438475805612
0.1274884323302361
0.0703967483614249
0.19969515010578995
0.19030559548840723
0.07984401897964157
0.06727102895453323
0.07259666801120955
0.1064357919032052
0.14282525985739292
0.15666753175584755
0.07530735488265351
0.21040791273022846
0.17615803023541973
0.1649396142211947
0.18837977347400542
0.16143069125241963
0.20167307582610233
0.18636086791769796
0.0515958253663161
0.08779664592538479
0.5208463809664674
1.4037133389708678
1.9084287173303585
1.8769152704069374
0.699845529145106
0.3000280953259776
0.300894549946035
0.4751012151627505
0.22395798611499015
0.6343026896355827
0.32968950804456965
0.2592870430542857
0.19134555914858947
0.2287765392882791
0.17938169262066694
0.24956872533231333
0.32788066706062535
0.2279722179100711
0.22233093889627772
0.2241713703071592
0.15181416121581434
0.23868489526383355
0.2340674457085211
0.17041642719883923
0.1327460371350274
0.1575243059242903
0.1643064988600742
0.17095153643621996
0.17250293193337227
0.16340097253554245
0.16334418565836922
0.08241902469490196
0.12294984556743348
0.13680671489436377
0.1386457452545852
0.1611798704962661
0.3251791867462432
0.37538909981231305
0.14949748721964135
0.09569800960609845
0.10180674225333328
0.17413515060398466
0.11870514928871766
0.18507994719375423
0.19606783558641325
0.20176655730254842
0.23371681033637523
0.2250218187343724
0.16819202105001804
0.15716855309574101
0.23770093672713416
0.3543491810720012
0.4102315508050256
0.4717218451619951
0.6105691691178705
0.8581420267142836
0.8046027397561581
0.48937557001375037
0.5109652064399932
0.4900304178093608
1.5582851208547999
1.5756151857836298
0.789103881211341
0.46242707341495426
0.6142935033699857
0.6743855725279326
0.5798717242955976
0.32746729929313334
0.9694615571738113
1.0918449626546163
0.13441358790531527
0.39892884445513715
0.33074527967303347
0.31712450983973156
0.703952033589626
0.3473425869573945
0.1382138875999968
0.1734321165721487
0.19792260577940052
0.12354890868012429
0.15252581387525602
0.2796384266079006
0.3007940842245805
0.3069528696379376
0.24660839278177443
0.2679495992043622
0.18845494796476459
0.22641690717894455
0.1232818372546767
0.11976604292720448
0.18350444044597805
0.20902017655953659
0.2737999609546207
0.20790178846788498
0.20963509284690857
0.517174138352807
0.27066240942051556
0.10475744001379374
2.243899282257631
2.0425689577897823
0.3081273192146603
0.5326249277610253
0.8851845738204109
1.0890734543996614
0.16678971575112533
0.5693398132339111
0.23941009107323272
0.2487736082673718
0.1504005644919779
0.20777772238539097
0.12451973462227063
0.07496500543590001
0.08830216264942065
0.11689908324282666
0.1490761227153392
0.13278280469566917
0.11388644666448768
0.22032516201587074
0.11595159714660166
0.11867155406250289
0.8321754169428904
0.6201528145167061
0.6504263969349496
0.17594559843378393
0.3140701469675962
0.18303316953514903
0.1643325750397165
0.19087934586948718
0.21783735934380555
0.1360509687860205
0.14264789687000182
0.1268669181782468
0.13701942590197871
0.3138784043141553
0.18913827262699312
0.204232388037502
0.15483210501206454
0.18857570709361027
0.18019519816335755
0.1620651003990382
0.18485398750067578
0.18689177785945904
0.17509161148386226
0.18101943518698
0.3090598393335975
0.17888141386724885
0.18981145859121482
0.19364747062581988
0.14780969265233065
0.17315424834955395
0.20815377155433304
0.18040388473748445
0.23013234187992046
0.1289308316247777
0.17702577437711742
0.15978796182407073
0.330223645068408
0.22084427246384536
0.2510333641059093
0.2024644612266384
0.15086517358796822
0.4236097490135443
0.29553427528150383
0.4633448691084694
0.30684144352138176
0.5291520638140965
0.32656979514111456
0.44975772948973286
0.09534389163419464
0.0858021494422862
0.2353415151112499
0.1783373620681017
0.3049162131118315
0.09313559230815725
0.357895646539479
0.195231106324226
0.21846312441635016
0.20895740479013958
0.2511347726787978
0.16473430662770955
0.1546895757016403
0.15721392325085637
0.307117335132341
0.2713242572206581
0.23679753141491963
0.2076473679949854
0.10395775993313318
0.13617889983437637
0.22499542064249742
0.1796465159164461
0.28071994655248006
0.23108542826167044
0.20194256531510785
0.20494857965875082
0.1573076698304303
0.15129584679116823
0.7679278291796954
0.3980992077363959
0.5154169012370639
0.9056392232126745
0.2660804232412076
0.19365500827862445
0.5547023067658132
0.5064901191947807
0.5578184620692985
0.37699653780140974
0.7171175328123824
0.4082707497813742
0.6014049287584031
0.7118744842602188
0.2764634753246299
0.0582752440452184
0.21520997534588848
0.05216410419149782
0.10803633292738225
0.11024707242931951
0.14657637883466765
0.1633372973364108
0.3417614318239406
0.13667896310537314
0.16196847053681346
0.11265632886980106
0.3029648226915423
0.291685621415736
0.2221796429750603
0.29830001493365926
0.10273014813802014
0.1555903643598978
0.14007783552492079
0.1427362926876754
0.23155991483860625
0.26695156886961274
0.5339021655911115
0.2635812083131995
0.2489437559826443
0.4290454036780335
0.7461300734701061
0.42275365557977257
0.359754111875231
0.22997193384674
0.19803968960736865
0.2060021268580928
0.03319560764449168
0.4028607336962659
0.10587770480468076
0.18093164760437885
0.19629016194367244
0.2188988492056722
0.17390602532312396
0.10043364487213491
0.15906030246053962
0.2338344445928317
0.17120601410022615
0.3348449689191223
0.31482048878876756
0.20953117350016315
0.263103611186848
0.2726089559823857
0.13166697376227982
0.1479141080757744
0.19298824276852536
0.20996199568285667
0.18526799296705584
0.138560219905925
0.06947232893980618
0.2044135485090447
0.1844687866828533
0.17114796452365885
0.14181580614340933
0.18381633715345622
0.16017195287194774
0.22287089984960637
0.22005781328532859
0.18278024370784438
0.21827852943407416
0.1996792437957384
0.11400820929067843
0.15113906450167017
0.20476863000775117
0.1586982617109013
0.10145181113997115
0.19840204917641077
0.14953309705544554
0.8076980421073284
0.2165237789892637
0.3995628056558789
0.1683871244238704
0.1923375744665244
0.05778069485057917
0.15906746751415424
0.14277458874289878
0.19036920029306353
0.642341839494934
0.35551668070853193
0.3400844342334674
0.24884951143641437
0.1336855079141914
0.1798198536512784
0.23751989180933203
0.19550842518650483
0.27415026684229377
0.2616054438600587
0.4325245022108021
0.1678449273870819
0.5904967879953593
0.9524654978704113
0.6731702392113545
0.6720439297520592
0.31954126192427673
0.5288884048915968
0.5748530050256694
0.4106298127472657
0.5130493085447141
0.8410489567379313
0.5686135383600536
0.20129734917643946
0.0490144938867971
0.15319022457879417
0.18304077568274946
0.14195840485833539
0.18176345482091155
0.18856083245409058
0.2252660110222708
0.20672024852982668
0.1983681344729517
0.1828511781645282
0.19617590806848922
0.24301986629553907
0.24741527205211883
0.25625021548499294
0.2685697581591588
0.15489361366818788
0.06882263971169697
0.122327613037952
0.13072579867944986
0.1342324768246884
0.2528848896430039
0.3433442434247716
0.38127445422671036
0.38127445422671036
0.5020833605713735
0.17760128500969674
0.21797961435076463
0.27273262227594613
0.2212609377655989
0.0724632647751487
0.07497367207393539
0.18844051920376703
0.16846378323876765
0.26155572210917044
0.20144627866882414
0.24416356464393066
0.18457486639290022
0.20489219297250003
0.22514549849025023
0.192488955697276
0.13582725024920136
0.17849330701862168
0.1949956746606136
0.2397014814406745
0.1359406652967796
0.22204392201892736
0.20770519150689537
0.24650793697165319
0.19538764030818306
0.1848653354588334
0.15814891889904378
0.15901521236327834
0.09474175487909194
0.09378394993145575
0.316296906699936
0.23534527734584482
0.26629347125551694
0.30639097908690494
0.2082170100017966
0.21051281276953632
0.2454762020328008
0.10375073171334218
0.16163565531743168
0.20430515811717112
0.23510625387210074
0.22817247302689725
0.21981837233870247
0.2150064602928903
0.2549319351522186
0.1745855494928254
0.18789919594724788
0.22696148414743186
0.1505006062579675
0.12444879861381933
0.19302545683730732
0.21497538780477463
0.09582536060440208
0.04717637210330231
0.12614913576992615
0.2002237528954201
0.14405567204248676
0.4237875117356239
1.4481586643057784
1.3447300403992262
2.0126934033661494
0.7161154693805095
0.7498083518790792
0.47022512011206596
0.27719576300464016
0.690632221977742
0.07413485548491341
0.09922468019048451
0.22652444784525178
0.19461199463839454
0.23534405343421877
0.23921117111706633
0.13952049513838669
0.21178695235690354
0.10583241083001906
0.1446600213443582
0.1946446480620037
0.25489674709474486
0.2448942085590412
0.279976829636629
0.29704712206954464
0.43019123201333925
0.24660742658973123
0.5640725238920279
0.3101458681656492
0.05554164397867965
0.2067925667033195
0.1794732360001563
0.2314538513180908
0.216002684100794
0.19456006823816413
0.23629099361355782
0.2257292852619731
0.28003151471572835
0.23407213526279044
0.3534995777752739
0.305925626054926
0.2387947643749865
0.2432958049927801
0.45248444397167376
0.07311007921140775
0.286321696175369
0.5482898146817919
0.23971841254362264
0.20465808968688762
0.16489547666960036
0.20112836967580403
0.24267843375642523
0.20925892373101232
0.19726124167027953
0.19670982484407476
0.13878780617394437
0.18032509337598546
0.23670712654984463
0.22223799676289974
0.24583154097608967
0.6272458732266176
1.2717775109504723
0.6343864431963012
0.9173594355259901
2.6757368629526677
0.5702933095545007
0.9631981806672097
0.627892888701457
1.0249728700261547
1.034831077826447
1.0381688688051807
1.0724610748883752
0.22269490437465556
0.24266165738502488
0.7168746606700684
0.5004707737271873
0.523245385503147
0.23689818063405785
0.23447670303896315
1.588428620229118
0.6233535450160742
0.6930804317966284
1.8839449199957172
1.906143118758681
1.5625827779667778
1.6044019408187205
0.18020252103606552
0.07457488193489213
0.07011268034626908
0.16220968885741152
0.17933983071377155
0.14751335870917737
0.18356733905295466
0.21002954014700095
0.18626429451470441
0.2843886426304528
0.5821461818900199
0.2419348422455946
0.4111710602455479
0.365769795238823
0.4758798695209826
0.2370106848084806
0.5661939760692277
1.7521711344993347
0.2816296416396727
0.21162043021893884
0.10649901353954752
0.1305164359304083
0.2387544812989596
0.15800214064035975
0.7360121157142991
0.43653168912400564
0.3038982595809998
0.8856801763125429
0.23018116617052653
0.26442312437449583
0.20850936679878274
0.15555847248215393
0.17785666910722714
0.3146779165491854
0.29730523199475367
0.2172195217422296
0.15500849023573798
0.19673082685342713
0.19817131136346758
0.1474582613227705
0.42702349366124986
0.4574429767094621
0.5041332444048346
0.05294951675371839
0.28270310855481817
0.11993129310166196
0.32903572644407375
0.5582220572867611
0.6059617808242403
0.2263105766022713
0.1591083914407919
0.187969850331445
0.1736398949290436
0.16005605873586923
0.24437114336019178
0.07686552448142035
0.07691760499051391
0.055408599768876056
0.2073367698772511
0.10012986595568409
0.1999538609383199
0.25548844962944506
0.9683399232398113
0.36984325750685626
0.2001956561560991
0.09851199979527184
0.11066668535573337
0.10581667263224316
0.09369668995936813
0.10233347858630717
0.3369492555748299
0.2346004956917743
0.07562878678473743
0.2246983609974973
0.4948411346679171
0.18034576840696606
0.21691187563071468
0.37039707609706546
0.3129943825981571
0.15230465962731635
0.07582376090544307
1.6834474286040824
0.41078074942455906
0.31291518745124197
1.0554766309724737
0.7079124219078462
0.861205038815442
1.4632849189138037
1.496539960225183
1.5651225501465988
1.5651225501465988
1.6234962749200352
1.5982852496454112
1.4945631753471693
1.4805946527263494
1.4805946527263494
1.4805946527263494
1.3727397206860363
0.7663676253237152
0.576565338399992
0.9940667171031119
1.597551320878116
0.7728941522452375
0.5239825314930746
1.5736537502684327
0.6984920259214161
0.8612324925645688
0.22913475564295008
2.4535125669603355
2.1922779394597836
2.1152008362062613
1.4499336956446285
0.32310176151589226
0.8701513018769071
0.2881478425955817
0.22441393806066473
0.25271592397243187
0.23189270927583858
0.18400261294233397
0.063294586671601
0.3316333958445066
0.14652426132511528
0.22238711366034533
0.1712242159269231
0.10931179584849351
0.31280929219827336
0.2904475036331882
0.2115339031243536
0.2388169564508711
0.2626516397684775
0.3755138502885634
0.7931541296631115
0.4408269493801159
1.1676770828504746
0.8204279452981051
1.14885014684949
2.9751381785977964
2.2696879893130806
3.257123332711112
3.2995441784949806
2.0136158737455454
0.5756253275114875
0.4984472463877943
0.6388119367441099
1.2461801174090517
1.291424287680775
0.26716293197700375
0.4250258319271892
0.32490236711924175
0.7098281191399097
0.3387614451670167
0.539840750567608
0.398069114183376
0.506225163075912
0.5520156301581015
0.30050106625826906
0.1514051388981261
0.18936559452818802
0.19268527531248666
0.198097451407322
0.09560043901460169
0.1001916849201948
0.16418243250081782
0.23601697279878
0.1738109983611383
0.1809041425940534
0.2468578572948359
0.22211840150550932
0.25725121833984704
0.543192006115447
0.5769174670842516
0.40447235066160037
0.412188273624883
0.5344754479944047
0.9907232517965713
0.6625072265192617
0.17493624433261507
0.3159017104128711
0.27367501910292585
0.19362879150875648
0.24949863690335747
0.2521958551136824
0.28762272878690043
0.20953072190568153
0.19469240278087993
0.13856648987460649
0.21773019067778376
0.2439487573803497
0.1828738184009865
0.17385862477902214
0.17280752127102406
0.19733528796602992
0.24357829721574065
0.12483652649130746
0.06589041196483304
0.06748490895262865
0.18246309925787915
0.16197021150871957
0.16895171560515887
0.1746263937351628
0.198855571910063
0.17771453045095287
0.24280002409591162
0.21673058284536445
0.5760175302511558
0.5573811594552079
0.37631420865030024
0.24378935065432633
0.21556517691612276
0.6201004534938509
0.42663558529465634
0.22021299335184022
0.8059437536386849
0.16249256306595977
0.7507449154494635
0.23214077240133263
0.582555686705327
1.8538716572960328
2.104147923317684
1.704084675936155
2.2480379744195242
1.9192302045950576
1.822627451637452
1.8267088286060085
0.10414269280001817
0.10532191878859197
0.09448198352715856
0.28051842723140386
0.25150046950983546
0.14894871645109303
0.17937801802605557
0.6413569210622556
0.5044043182919243
0.1718894176926394
0.10592282429166368
0.09863006042987088
0.12150458566763274
0.25924291308289804
0.24720102790120443
0.2377172988629702
0.10386420582693234
0.16941797296009414
0.2796451703861783
0.7066820843429205
0.1963108610169296
0.11372228778638006
0.4884349786773448
0.27321666685625146
0.2885985351082433
0.30086672198628
0.5183874258206925
0.26533225671682925
0.23502778222152412
0.1967995353243416
0.07197502979987047
0.23614492550207275
0.15515911064042287
0.19313894686312047
0.22808157958658482
0.28358871344604125
0.057545462138448335
0.05506003436115467
0.2789479296747079
0.2360823590498645
0.25754384657714563
0.1649715303991904
0.12740198911689293
0.1223077788210043
0.16672076606513817
0.14664541452255533
0.1845629843552529
0.1625052919870335
0.14855186380862764
0.22992459697585774
0.2562517659033935
0.20622303242364703
0.22567968711851405
0.11712974600751495
0.08165327977654421
0.1726580026410124
0.5483240630902404
0.5170884578966506
0.49401966379111706
0.5917209924345241
0.31831308702464167
0.4852531088992763
0.5927051071890381
0.4716064864454727
0.18704034496415636
0.2465251739318292
0.1652072249006687
0.10285194965870036
0.09520340814454935
0.11022036304995012
0.14968140249294362
0.08445777903716695
0.14012019177514165
0.18142557625528616
0.08808871102423392
0.09489329778990606
0.2168749661600975
0.31112645195563704
0.590272053311681
0.34496403193386227
0.38067047598838893
0.4290273096259696
0.21067230205014215
0.2674292711165397
0.22972662626459472
0.24685594344576117
0.1951395122826122
0.21702091296319717
0.23770884443550297
0.11247450546891426
0.11907106991406696
0.14171052094507913
0.18285871756895258
0.1775760889372266
0.2137581428649155
0.15913434457013143
0.39122487682488594
0.8814873627901696
0.38935791516298446
0.3353145543019532
0.23196645814686565
0.5089585334065034
0.6191069384101514
0.505141732576331
0.5314275669820425
0.27592439912065164
0.3638029201633907
0.2790308986535923
0.21521389964405702
0.18269159751926467
0.2342689954840402
0.2616545898528845
0.14710470835682937
0.18211684318313365
0.10092567518570843
0.19977845985949866
0.1816298649806849
0.15499382343953352
0.09660107464544687
0.0819790333405077
0.18055215893477297
0.13475949775739585
0.2273046429818275
0.17540073483546978
0.28983374883250934
0.26186746832863095
0.16889418756620975
0.3061358549110156
0.1757611119888895
0.37386772763948106
0.3850639897211248
0.14028826313869536
0.3148014008001302
0.2712919672947365
0.25344678765363926
0.2156947417648997
0.09155051292759808
0.10068518360861778
0.18528719049563794
0.2407081960561435
0.45137533051957623
0.5478240108103651
0.5166227940542136
0.15934149574402767
0.18102800214445383
0.5982670269921317
0.23601472172470114
0.23425600668567173
0.28611192740597974
0.2693749564195171
0.22920395897696658
0.4216495555794648
0.1748631963789288
0.3759795412894765
0.5882161803370946
0.2803498981626031
0.23602304101298424
0.2254769554240236
0.12657360925746017
0.2957579389701171
0.334623351562315
0.41459068978148944
0.3480908032489812
0.24349502427076128
0.09733690981417885
0.1261173348645435
0.1909046575524625
0.2614621915559613
0.1589372475082054
0.17843355061200508
0.17449975517982688
0.13529572103595172
0.1727493969089873
0.20493147131894326
0.211630925991025
0.1843228692745186
0.25149609285328195
0.2788567523615959
0.3396206908309035
0.0327209907116125
0.2897133925140442
0.040157388559163926
0.2763082776233214
0.18317690232834974
0.22855315299797624
0.21611154587803721
0.12422335520742434
0.1823187767294139
0.20158863581553157
0.2204896576726844
0.2120073148841412
0.17508853497310262
0.10011869654912815
0.22428444577574125
0.18134382749935968
0.2510706521117799
0.4887618448501535
0.38253885036146695
0.7606212029658004
0.38453526080520634
2.128982543255599
1.5377158918327778
0.39054505563012976
1.2606917030649756
0.5076864348872963
0.32007454159001564
0.42251688010532157
0.4476194574777604
0.4330482055290515
1.1582323091046627
0.7964783074242348
0.415281889466503
0.5012456147543282
0.6833252507942473
0.5898153364712261
0.4433027275708751
0.43566281896610326
0.14564490723158344
0.15750267177986052
0.21382863064718013
0.29299201872280506
0.32381205187845735
0.1842407927457112
0.1712408064151462
0.3835779971372181
0.1630941656305757
0.30612773155536077
0.3386214720356961
0.08346078102200254
0.07047464491727037
0.20656656330648657
0.6471745180612518
0.6047481269637777
0.9007214688957776
0.06576671227849253
0.12641423889600875
0.263092267863924
0.229772236738926
