0
0.10016072228881903
0.13112646345150286
0.10941759296488128
0.09317838385646549
0.12753399548747718
0.13706120093851343
0.12734529076649953
0.13479661424270484
0.11255972965150395
0.11377463403041206
0.10059798370884383
0.09954451502064322
0.14054567355202924
0.1328616421707639
0.13132416118507353
0.140590665177181
0.12358194952270983
0.1393481743687839
0.1334748760157582
0.13737596705228938
0.1388907896647355
0.1371165381345696
0.1562957507644887
0.09192380542036507
0.1529105822000244
0.11773399232555865
0.12955393774616014
0.12109655220707179
0.12645112614852114
0.08244100645246905
0.0886554437442186
0.12549909245746205
0.08754703755983813
0.09490401718384886
0.1148792159521128
0.10373791377477906
0.10506050941327058
0.09897458631304801
0.11742552593336336
0.07988749685433086
0.14980893420708827
0.11409446116599767
0.1222003792749
0.11763771245628182
0.08985433916928921
0.0756183825585666
0.13376899865700373
0.13769389128408768
0.13320563165608068
0.12140496988763254
0.11032449828030552
0.12248529163614655
0.11507313053445227
0.11967477661829563
0.112842472805258
0.11394109183011299
0.1158481718467957
0.12793967753799443
0.13077148430920774
0.1519017760304442
0.11429896841796229
0.11603284229694709
0.11879129125815184
0.11162262985505438
0.12245588903178811
0.14440232652924317
0.09315468273439179
0.09971845020838124
0.09211055462316718
0.13071552967587186
0.13285146076224863
0.13396841146366864
0.13363676075091918
0.09084269777865375
0.14372015292933965
0.1399131006001094
0.15381933639885442
0.13766949075413487
0.11407983533390822
0.1452375241169648
0.110388118860485
0.11460213015113656
0.12005209337718695
0.204803196147249
0.22791710445384947
0.10868955659452471
0.125368493366017
0.1114041265241381
0.13489980597781592
0.10066058988027919
0.10760531217299717
0.1254920582142557
0.11210283651392572
0.1134213699742752
0.11040114950526594
0.13668335389745878
0.10059003869354519
0.11458471437973904
0.11995597622639775
0.12711945542981673
0.12691422477542252
0.1440560578995117
0.15635803254211827
0.1666615517319702
0.15860358429945084
0.1543742026389271
0.1311023748349447
0.10621453952890059
0.15168594798636847
0.15984046489059064
0.13308455298695532
0.14345397882515962
0.10421118322230631
0.09827361402645304
0.12362302623124272
0.10713323068929322
0.12941533387488433
0.11115305294937883
0.12294584094891967
0.10278969461067669
0.10936056584699026
0.08675320173738969
0.07243594157822601
0.07022349927921862
0.11125734932458288
0.12391633256480687
0.1414353803040743
0.11804113557176583
0.15743699298224711
0.15224231643505298
0.15527289452279136
0.14137915607955662
0.08953960586501043
0.1032123088675203
0.11218730668521912
0.10806129821181534
0.10440615467272164
0.11040530183228998
0.134601558799285
0.119339174632181
0.1244869834804881
0.12625598316818148
0.10227184741017344
0.09471919432217536
0.09398354688543374
0.13801238168648175
0.11396098271863507
0.12626717642828875
0.09439783469268727
0.11718281054094125
0.11622254768449833
0.1233166344762128
0.11276173719856993
0.1088793182181105
0.09586131221355924
0.13696387744936944
0.14149108478642175
0.13048014061210478
0.13477346138709173
0.1098906483799108
0.10504492310897844
0.1253625760443401
0.1311348273471019
0.1254464606498613
0.11833857627535659
0.10505403329601921
0.11524340053457631
0.1261926301474436
0.12033026327318906
0.10936874039657558
0.10931998252372332
0.10818254318016819
0.15986752597961895
0.12329297822980069
0.09315766912014921
0.1140686796583887
0.12262861938173907
0.14567921749411192
0.13796173287142038
0.1482795539002645
0.1597590987057988
0.1625978322864753
0.10763964383729165
0.14082144748909164
0.11078246002259981
0.13661968853751918
0.15189450033918195
0.1604643073958377
0.1508635759439738
0.09601693239323014
0.12568594186925924
0.11630436839216467
0.09114653135497713
0.10485970718603042
0.0836957519783689
0.10287369927300037
0.1656756035345659
0.15653048189817015
0.15370380614555937
0.12633873152387262
0.11715402878040869
0.10346537885404854
0.143631012504333
0.15340680768394124
0.11929508683572533
0.12009606440356967
0.12400241351494999
0.11683278489102693
0.1503747585764226
0.14971802371460544
0.10954012377055022
0.10105727316876126
0.13073811608931987
0.13406206777713242
0.13074593331434683
0.13096101267705101
0.1317842403689216
0.1182854785311184
0.1131686497189566
0.11752574610757736
0.12889924469467245
0.11630086557020264
0.1334803274336665
0.13677744705571546
0.1406370560454852
0.14434759409118766
0.12006299463918378
0.1363612253513299
0.12981919939416975
0.13401422417567554
0.11970703843115012
0.13306263366506332
0.10553008419160725
0.12895230902183738
0.08261733411577858
0.12527593170326842
0.1073174413614648
0.10152055671375777
0.15249352764967705
0.10750319489589495
0.12018479908972983
0.16086496578423035
0.15773062353043774
0.11968828536414658
0.16265252207013467
0.13062928327560466
0.1434998551836225
0.1401159863721527
0.11710663236262558
0.10497232929773137
0.11700770489675529
0.09569028285486746
0.1015729471622812
0.09804496238752496
0.09665074259199136
0.11051200158862758
0.13981229153429428
0.1365958949472477
0.12154354728991017
0.13839705248591663
0.13097685715809182
0.1213955558840453
0.16031277289668078
0.0795212318255049
0.09587181132356334
0.10500102666694325
0.09490601950429031
0.1101591686287849
0.11022148164604424
0.10586346840424347
0.09463617278517404
0.13207779282390242
0.12849555473916255
0.1242392162335708
0.10227780356892564
0.12037068362266261
0.11553738786440448
0.1189973042938521
0.09883317585277135
0.10632042740028592
0.11909152139090935
0.11573173787958806
0.13804909849750097
0.12280366750363259
0.08404880789695357
0.13852172377328592
0.12667941601148483
0.12864817168912981
0.13773925434532946
0.1350028935015972
0.1320895853829161
0.1277412336541285
0.11857084280143221
0.12888102816940583
0.09725174964559541
0.0965342655216538
0.11087294700256621
0.09903171736731003
0.09402178350549217
0.09339223370836991
0.1501307632721046
0.11894965378821457
0.12402237211185471
0.12424982557656826
0.13510476020039136
0.14564170843614319
0.1360417325721564
0.12487262889022903
0.1401420704580177
0.14182922719966662
0.11628631394988355
0.08917762045086035
0.08057778674387363
0.09817580923821198
0.13066551936068738
0.11199657075483682
0.13369968299396434
0.1399537404027998
0.13126262534087246
0.1382910418132347
0.0969167358875332
0.1436512190247569
0.12390583735754794
0.09103830760440075
0.09132829707429133
0.11937235326683879
0.11783592391268427
0.15612939531587708
0.15714153836128245
0.16159897336987253
0.1351746658425403
0.11960326904843527
0.12643161723307997
0.09723699834922109
0.12358524451633467
0.1390192824071284
0.1371367633656916
0.14136210899480645
0.11241784393960605
0.1072589061356563
0.1363309780566349
0.11511993315487434
0.14432529783693687
0.1611027136143048
0.11870615889166057
0.1254229014045345
0.10950145512488019
0.10144456914226796
0.07946317938985943
0.16991488736731095
0.11626954638669276
0.13320638286664788
0.094298887902857
0.097702428473252
0.13198035752691956
0.13085027797952736
0.12383115276817763
0.13172225778682475
0.14729973342285496
0.1625528858667446
0.10346185640622892
0.10005071039611751
0.15201858449288108
0.15226534752896534
0.14889358088947088
0.1381255907669241
0.09713331718683761
0.09248083387457989
0.09104580950534802
0.1087840266691292
0.12127507586322758
0.14048996726194907
0.10335201955125431
0.10814720512001805
0.1071983094637631
0.11870879909903607
0.12405116558194206
0.1307516890511414
0.14583789465354782
0.1502239167746111
0.17319388258153084
0.14512659913049972
0.15051674967351417
0.13764988909113668
0.1430933352798733
0.13518840241765115
0.13493904467831683
0.10002346408994911
0.11346613986159171
0.1255971115566329
0.12155723985500648
0.13529635365857481
0.15313180039502353
0.15561917099031258
0.14694778317262142
0.1207842406522232
0.14749305564136128
0.14539572028574685
0.10830056584637596
0.1077874016374742
0.12280356366656082
0.1260114485682075
0.1039409829829935
0.11387678581016952
0.10778102126032435
0.16122975127684241
0.16255221759955132
0.155848567897645
0.1606251964683557
0.09928293861294697
0.16696099214167434
0.16195951431740432
0.11972220320704909
0.12940672044011917
0.1259547381719019
0.10046325876585524
0.10988789334890679
0.09051000160227188
0.09090557302218806
0.1598318599585308
0.075381881860726
0.07745312196366687
0.09556096300561968
0.10299255971975395
0.08186647477584283
0.11318558013101744
0.09834765275784263
0.1021077846427283
0.0913660622744734
0.08877552234444754
0.0868479590758329
0.09626904732624618
0.10806195431475132
0.1110259219505159
0.12220179102308341
0.13466729804595418
0.13985184860818126
0.11032901867791281
0.1682869650411316
0.1291848631423648
0.08433299856849476
0.16106272209443637
0.1490206045251534
0.13325187036754144
0.1325129362926822
0.1555372738715412
0.1657402713043188
0.16072212186437454
0.1525670501796329
0.1357555399950482
0.15413115207960432
0.15282970695155834
0.1468263265326912
0.11415519560888489
0.09838131278771138
0.11376716893941274
0.12965616762620724
0.11916402330363485
0.11337549892706031
0.14373189550857352
0.1165930176351888
0.1718289216830771
0.16495573000528688
0.16070729706531584
0.11152895239682968
0.12292903207704495
0.14969981879558025
0.1567000488372078
0.15807616215009743
0.1296452665910546
0.12304847853950708
0.11387567418321835
0.13222563123650605
0.12104189990100486
0.12364515158260754
0.13640655400527302
0.13523556795921032
0.14463030992847092
0.12559548466129897
0.10979349318544501
0.10351228976473928
0.09473230651726894
0.11459668224807079
0.12004262604206595
0.12222227005261128
0.12369559577502358
0.11870182428897365
0.11128784925650563
0.11333042558025296
0.11091232634523143
0.1576724660748239
0.1375545768133559
0.09731496021270278
0.09898513679098726
0.13905578483104522
0.10590096832615142
0.11030592962250535
0.11122167263979993
0.12245864844479566
0.13062325076028772
0.14208792918545415
0.14753828829481225
0.12782626269048541
0.1480299700356101
0.12216240314190115
0.12065577895109525
0.10237519505293019
0.10260884793076094
0.11926158565829091
0.11452711839970696
0.10029903527701596
0.09644056957384059
0.1005893711495989
0.15465589983311312
0.09073372350221394
0.09017917924415692
0.09131670863169525
0.1843604914804785
0.1369626500909716
0.15665498028428554
0.14805967516603155
0.10258956284079915
0.09336413644090891
0.12438315301828598
0.11804087544422895
0.12050838217732054
0.10578185208928796
0.17647821930418783
0.11068234645895508
0.12043562590842012
0.12286821921590114
0.1493941992289973
0.15805352300759526
0.1507608024633102
0.11881896606389586
0.1270037711823301
0.12973497522117589
0.1533035159023698
0.1353647563540796
0.13859701035155766
0.11240662013441277
0.12147742857561912
0.09070691179746086
0.09798854221100178
0.11239778498267683
0.1106077715244139
0.11790334739046712
0.10228025840091616
0.08964475615737186
0.12598774170849125
0.1502342852169456
0.08771150677234629
0.12640369935723794
0.12849907750527267
0.11967739014131598
0.10521728846771425
0.11599985878228462
0.10115414475985471
0.09235865477346485
0.15846152809071334
0.08490822913833534
0.09579813585622163
0.169854330468843
0.17253848978081804
0.18330969723776971
0.18741811989343107
0.15745047786487473
0.171598301589074
0.1752032891104831
0.17104004041670767
0.13966345600560767
0.14560820108486563
0.14171302840799976
0.1380081512296533
0.12163665908310613
0.15242045744738175
0.11807126221648002
0.13354522878528233
0.14163437695998282
0.1072850724869215
0.12459985357574666
0.13231020422208323
0.12229129167322818
0.12575867037710703
0.14156900789144544
0.1175638902363926
0.11865519139479527
0.07015746107921081
0.07459446593640645
0.06470865975190739
0.08058318084997178
0.09645727948443783
0.1216577574423611
0.09569648125943238
0.10955200327274726
0.1369814615031618
0.15744986187013904
0.1537355773218567
0.14615269051505222
0.1545365846727105
0.13326008271379883
0.1319115843696582
0.11278006872989199
0.12406724022974894
0.1361362968827713
0.1324359312091925
0.13979303152829858
0.1389521771391452
0.11115641825072708
0.1497291378471799
0.14237353093958519
0.12840274986216874
0.10709118051385465
0.09757417437801254
0.13547203399451735
0.1054538906878886
0.10510839342398723
0.09976990314589253
0.08473738501845937
0.15926092501046665
0.11789226561590666
0.11405468880377109
0.11363156384138212
0.11825416352062912
0.1091355220104827
0.09418218075738459
0.10597561261296472
0.11011447399466437
0.10602660488315384
0.13234627469150237
0.10120243393134841
0.11158172639468168
0.10354933279051241
0.14312258496366648
0.1449535747792898
0.16055096319493237
0.13450454517799215
0.13566530554737033
0.10393797706951297
0.13276783453764435
0.11331252986072061
0.11264630833402427
0.1301434859541762
0.10979508085141143
0.1252396816178326
0.12734601615024865
0.11990302730932405
0.11151527535217258
0.12658440032763266
0.14828866757764414
0.12322368375938114
0.11808837687141079
0.1698366500895777
0.13296152287749557
0.1504306767194606
0.14542763084467017
0.15172176034684942
0.10152879069671557
0.09279956350097787
0.1289093456314437
0.08886052621720218
0.12938086433012597
0.07662132374937144
0.14114185372841487
0.12193746800415314
0.10224045425964669
0.1432995774149958
0.12738640536224
0.14214610896663624
0.1407011790722447
0.1350857904059899
0.13507035447119808
0.12866627007256112
0.12077261083673467
0.16745616989531698
0.1341465985536306
0.11165367143600581
0.14516200741578186
0.13762607540458238
0.11308510576392047
0.10586525937030866
0.08344644887820152
0.11629959207245698
0.10786691900900172
0.1080987590931419
0.08426012730643916
0.1815234736284862
0.15537644267177417
0.11065687427407057
0.14181382377720958
0.09481705281244546
0.14310806784125735
0.13950932520598822
0.140935320282368
0.1111114764312903
0.12008399572644966
0.11030550704561752
0.10556847847089058
0.10667026028121183
0.14236215935288085
0.12683508713798827
0.12784102673114492
0.12575512615834794
0.12773200194226317
0.12411447924171941
0.10409829122332517
0.10514289213326204
0.10332906514365432
0.09859768698554124
0.09861405609763936
0.11808930756871064
0.1410510764404135
0.16181705302200833
0.13713710385716202
0.14459914317604697
0.12282800548813269
0.12685796248499598
0.11437974425437546
0.11907146320809824
0.09671394547487001
0.08368757888946866
0.09243173572237044
0.08048048741268272
0.0849720149535994
0.09294963188416128
0.10806046599796434
0.11492731477960719
0.08773048267371254
0.09204414237077642
0.11304875441310025
0.13343615915506657
0.13991464533132555
0.1020491725983006
0.10889453519733416
0.128623854187449
0.14506318877077976
0.13708622992820232
0.12481286391328825
0.12601489927008167
0.11959846393747475
0.14429206150529336
0.1185583902256983
0.11132426350265835
0.12874775937233027
0.1225779419390077
0.12376151222616767
0.11473502345082584
0.12459290696586912
0.12659732404798302
0.10003324061707168
0.1490893128121123
0.15673986472734713
0.1382819574113926
0.074613215407454
0.0902066830086293
0.12226256052746906
0.12279432255615014
0.12303774054886801
0.1072798899689519
0.08835991681164468
0.1125689810236752
0.11180750972393899
0.11146362048154734
0.15057028885441137
0.12472973299113309
0.12398774079151596
0.10479214629621855
0.11884998777987378
0.1343505487662536
0.17054367851218175
0.10485084274002877
0.11286884253946998
0.13395994097892705
0.12719954589073895
0.126502712368153
0.12254563892109238
0.11479661517924165
0.1256931968073355
0.14858915704136563
0.14680513681680604
0.140113726033138
0.12004411317105765
0.11121148366967444
0.10595249914574169
0.10731469467813323
0.1737104890641158
0.16973297380587613
0.1451143888804346
0.16263245373654409
0.14375347961834972
0.13871803801411065
0.12654157100645766
0.08725570098253077
0.08424943245354327
0.06929063149585887
0.0705932796262325
0.13483965142382245
0.11573000078409937
0.10662754714021598
0.11376963906770751
0.12675631215681604
0.1227866592331963
0.10774190343604953
0.10059501922895954
0.10027513610613059
0.13343203974522197
0.09424657269851171
0.09063831966252968
0.1225239976519335
0.11826687911362353
0.08596677737355209
0.10462834528876383
0.10540887253358106
0.1288414481522582
0.10948719463269657
0.11806663388863485
0.12554897674521073
0.1169247016740399
0.12709623833284622
0.1288957107863678
0.1469334973651762
0.12243067105272439
0.08984941844851231
0.1064190017998799
0.17220899913883822
0.11841119579684893
0.12111287525338206
0.1236144416047012
0.11449192676325003
0.13206824928250044
0.11440322340389746
0.13809047187158552
0.13274735523515732
0.12717031238921023
0.12529863904839245
0.12137015843678167
0.10890104183068527
0.11347847825743029
0.1204432060579502
0.13201678094667152
0.12492233902013201
0.12251519439592513
0.10569170393293655
0.10280019631026137
0.11481590775050114
0.14083676432600803
0.17480021170528523
0.1795794056393918
0.09054922345349325
0.14213167010056235
0.12475304989954174
0.11704424459733617
0.10796086280602442
0.16584973457508498
0.13863174398130343
0.13386400940213108
0.11814577157714382
0.13074952577268437
0.12418499861984376
0.13031224036510888
0.1328154325966687
0.13655623144473908
0.12402440925800655
0.12512126059501333
0.12097397120104503
0.11725147883042061
0.08696913984819588
0.09201664652280696
0.0937062678871757
0.10875168560070787
0.12018585261350298
0.1523034420447418
0.1510449397112245
0.10446393694376455
0.14732048406381526
0.1522613002481098
0.1457955443652578
0.13663276998264776
0.12097353924813686
0.131835007307312
0.1144545026103691
0.11358456084064217
0.13007427590025072
0.13089400895869419
0.13217728768922046
0.10830583013393727
0.11621794458224564
0.12361576186513701
0.15425727246536108
0.1309593690547623
0.12717252164191495
0.12637803134552025
0.12637195514394625
0.1309586322022378
0.15006350967887525
0.1370569421205548
0.12327341070387379
0.12834757365172864
0.1612447031971454
0.1477556150724889
0.12927347855764326
0.15925028548003883
0.12586550968643462
0.11451478387786869
0.14140296149010415
0.14441825021241103
0.1210411670449816
0.1154769363380932
0.10825462664116277
0.108578360750366
0.12596962555883823
0.10379878325740588
0.09822976650892684
0.08462589061553429
0.08979875629751294
0.11451240147759521
0.14991632094975385
0.11099373544492627
0.1129814619699655
0.1339097180173729
0.11064646396196079
0.14945263647786428
0.1150339338007312
0.13271033621709993
0.13321602740431265
0.1267290708333599
0.11636559834570687
0.13450120083595846
0.11021614371915263
0.13850625314169032
0.12125328382084381
0.11562768259133513
0.09968101856582387
0.09560766657953611
0.12519103646231103
0.0901244201716918
0.1192828259388807
0.09658286686185509
0.10126351767337616
0.11515907198140615
0.12925163021503275
0.1160644481236638
0.10653013034207989
0.10928841167475327
0.10921547896683996
0.1007332690798348
0.10310472439277221
0.10392478685391277
0.11364416054055833
0.08847837867503545
0.11307655903659676
0.10099447292798605
0.15259438876999284
0.15403739332543065
0.11165324803631736
0.10282606886855479
0.14882690170252738
0.1124625456605405
0.1250564391960325
0.1063722022723409
0.10734865420092181
0.10631530405855028
0.10569683702638887
0.10270033326261892
0.11347398872206745
0.11529989554681279
0.11631851076635114
0.11316476045764615
0.1396157684911498
0.12302712003301168
0.1251789115137135
0.11086609373031767
0.13618178291227465
0.11703893628425191
0.11275212028780404
0.11820389319556059
0.1343364915597406
0.1341585139881091
0.12825782122646595
0.11388551264095298
0.13375094520184558
0.16077691440123876
0.1435605685959846
0.11797004946450443
0.09624790934033078
0.13087837789559684
0.1194443111489937
0.12968759486910741
0.13450919886025653
0.12099516446885575
0.11986827833067862
0.12238536864326234
0.12196934392730813
0.1079744389066572
0.09918329903354918
0.11469557774910931
0.13885282927800838
0.11935294413389116
0.12619361193672138
0.12074005922996885
0.11861984343715079
0.12868845243857463
0.13917073977875768
0.12513410139288653
0.10584468255310432
0.1574972926728282
0.08059806929434357
0.13857290213076245
0.1038049822023519
0.1008122949106708
0.10083089508804484
0.10173445252907228
0.1209828132583206
0.11590775205736091
0.0834743328231668
0.1177456524803021
0.11889588682078878
0.10424771744164663
0.11006852563983419
0.11172177129905661
0.13972795581347008
0.15904811702777233
0.12290579059719524
0.1165070785898843
0.12015071908510576
0.1351015787371069
0.1086781300020609
0.11092255555570014
0.1265245789214237
0.11709870591184314
0.08940884825146923
0.0981824941729283
0.11409680093374316
0.10745486380574613
0.11818696349602824
0.10842297629428453
0.12325548196612468
0.12284038275356027
0.10064293228665344
0.09589751398361196
0.08746102436617138
0.09935022042888426
0.10489350008122919
0.09715151143843094
0.12976017560927372
0.10937553913048612
0.11843886063885031
0.12059105952907856
0.11931826848864467
0.12889838710562695
0.14880935672869428
0.12098594655880011
0.16207104098463154
0.14366467072729122
0.11467415183646695
0.13627083264340023
0.1392901244694228
0.17449867305108802
0.12779571030198705
0.1268979939258065
0.11708648137214692
0.12150578161398272
0.08880517334502953
0.09093831801831627
0.1549933688353201
0.14323611181157886
0.13960333403243783
0.12921413513397115
0.09774854814992749
0.12189271574518569
0.1148905915763294
0.13609021834316748
0.13509271524773314
0.10885557851411035
0.1175638145775077
0.10038720185450148
0.13213503036500268
0.1147828041417079
0.10681155834699399
0.08167166142648646
0.09977625649321054
0.1038053652876565
0.1108306747084407
0.12630775181507564
0.1383488180317453
0.12043811068164668
0.11833867109207939
0.12010915958418436
0.11094768736581942
0.12364074544753842
0.1160847694001396
0.13488927406852877
0.11635387513975762
0.09128264086795237
0.12280053022862282
0.10890781135986526
0.12030708211961509
0.11907027776451258
0.08967975695753046
0.085603571272259
0.08344107433129505
0.09202735316838628
0.10121843936089434
0.1236860878269937
0.09518875388460947
0.10830176616211684
0.10016766443156082
0.09960264069980082
0.09843915247235392
0.15887735755286292
0.15294834628009493
0.1244421345621132
0.12584790652737773
0.11836783873080614
0.12893482460331737
0.11520906711223002
0.14366413120329244
0.06742258009701733
0.11082609314424847
0.12594275029239918
0.09434914531189952
0.12397878315069717
0.17973591540734637
0.15593092127159922
0.09538621758308145
0.096290203294261
0.13972600641994926
0.09584761607413587
0.11326954083095622
0.15566186169386223
0.15157363680349162
0.16601994359783612
0.13095212747117357
0.1353606852564339
0.1355191377472091
0.10891462529208908
0.11442259122539936
0.13638972354260503
0.09797427462840308
0.1569421903950235
0.10919409010682059
0.1514646963887981
0.12246112578547058
0.12173379031099504
0.13594435998176432
0.0935230763845345
0.10859809712952975
0.07029615350948364
0.0703275438004942
0.08017415162734466
0.12876700724121234
0.09724322789689921
0.15876598114121362
0.143666433070019
0.10114623339611405
0.09636339575447252
0.13837000646932426
0.10057707599868057
0.12532851672443232
0.18047517252265852
0.1381944357340933
0.10480363129857805
0.10620884235983939
0.11035401794884743
0.12330667198647931
0.12206735929699768
0.08581569225185313
0.0802212235071883
0.14844371685231333
0.13968603292727835
0.1823326740472628
0.17149128612320208
0.11243016299068946
0.15765505675216313
0.11454968887101533
0.1042851111200799
0.08316590312941767
0.11032750457143771
0.07610926402197603
0.09136777203432789
0.14525354527229514
0.09219378604712365
0.1689279079002084
0.15856291355906166
0.14757414241619735
0.1592673143756411
0.15338881523934605
0.11268534103704347
0.10912301577417086
0.14505605692501775
0.09474952343720792
0.15515183800409402
0.1345425635691192
0.12366956327867434
0.11815944846377821
0.1226346796945646
0.10913555160472534
0.16012959456960268
0.14162687893599626
0.1571535999123667
0.16025556153543105
0.11583799562946596
0.11351200025421163
0.10106596768765887
0.16160441292331873
0.09370856318994941
0.15280579933515143
0.12861685826114425
0.1360572686673161
0.14375478647053885
0.1554269054518593
0.14779005860816022
0.07802304119035165
0.12837347461922544
0.13009974188888684
0.14433627267203133
0.16356824449274426
0.10738292556372428
0.12647306956493673
0.0822718465067409
0.11500208430195125
0.09661457186414006
0.09795563583241523
0.09631738693152234
0.12419876253456914
0.12711349364206054
0.1279118376348143
0.09634378897861419
0.07745693153293422
0.06117664787235492
0.0976833964332921
0.11547453635466642
0.11544022969065772
0.10639457995411285
0.10343675073323892
0.09723896077550663
0.09447962879760388
0.10863225632056187
0.11671257593974367
0.11226854346973109
0.12175011351156469
0.1448179820692792
0.13903278163803393
0.11739196104080717
0.13028515102861557
0.14023898539640708
0.12078854571390812
0.1307591267769278
0.11090664332223654
0.1647657640274255
0.16505098233332038
0.11064874932607428
0.11853145933496238
0.12015453202600045
0.11326807945696798
0.10777243702815742
0.11688624759457056
0.12269738718516908
0.11401482678620338
0.08555983760775446
0.113185483133723
0.1003262579246903
0.10895227825727227
0.1345511725853039
0.09260793410892405
0.1197062827782949
0.12392915748624546
0.10565527355853806
0.10198022562836248
0.1318802642562369
0.12327266084473693
0.13104236953174275
0.11269210465049792
0.1164501996079984
0.09630882990722064
0.11344727141841855
0.08182842447673569
0.12858787463379762
0.14924887758453734
0.11164431697022273
0.136631810709879
0.14223233188904633
0.13697150277645226
0.11733002453240454
0.1160188233240998
0.12077047464012475
0.10625290853001386
0.12114644708910766
0.1419188978209197
0.1278580738861462
0.11168895412496932
0.10706007385481463
0.11644937123250255
0.12950327244009668
0.13334472662257565
0.15079254431621475
0.151636596510515
0.15508252643759582
0.1459944818626715
0.12220580991370252
0.11901095607874042
0.10599233565923304
0.10884562934142185
0.11708354354077118
0.12609418544712486
0.10871744920982492
0.0969699960932315
0.09186222656569594
0.1230198884288754
0.11316088991833435
0.13450036518906167
0.12789094229783174
0.12072208087117328
0.11631582863219497
0.12676835561525213
0.11639257078716732
0.11608747486219766
0.09136744114723398
0.09757574007959245
0.11738647810438672
0.10270866755260144
0.1324200412502657
0.12750620665284368
0.13382581201262392
0.13382581201262392
0.13382581201262392
0.13382581201262392
0.13348663725913326
0.1327680855168229
0.1327680855168229
0.1327680855168229
0.1325766052661429
0.1325766052661429
0.1325368249725048
0.13275202720541715
0.13275202720541715
0.13175379321368938
0.13210134675254515
0.13210134675254515
0.13186771796960123
0.13220112043629148
0.13242275389767377
0.13242275389767377
0.13242275389767377
0.13242275389767377
0.1329938774079525
0.13324403607868526
0.13365156527973143
0.1332604636550846
0.13313666324300305
0.133377056099001
0.13347887955398974
0.1329296662592635
0.1329296662592635
0.08939233403060853
0.11845102316055083
0.09649371218856734
0.13569186308713854
0.12427146124393053
0.1275477943544642
0.15288407907484855
0.11540996110896462
0.13915518429385954
0.12173076080931153
0.14185852063998894
0.10728157993762132
0.10448126385378707
0.12923521922531367
0.1220574753089375
0.10668446933736343
0.10204071355343998
0.1080275632000762
0.13577445177365174
0.124462416300855
0.1245716966785489
0.10261975452856022
0.10564329918947492
0.08917528962337871
0.11114881999945209
0.126020678296015
0.09756298373881114
0.09305657245867008
0.10062341649922785
0.09185427920445137
0.14789855231904198
0.18661482707494967
0.1424966184816872
0.10811492608709403
0.10486551927347883
0.1158953671347455
0.13513656930877488
0.11259750911578971
0.09197480226137478
0.1401963587005946
0.10449586272326598
0.1345161289017517
0.11647036233553087
0.12957450627732472
0.09583221856121069
0.11250570210324014
0.08906277650773173
0.0967240701260742
0.19962358070185104
0.1662112632556326
0.144123646194105
0.16581496498179119
0.13997630640515168
0.1800471724319624
0.21129159113125814
0.18854986364394702
0.18854986364394702
0.19417406151764371
0.19772476972312242
0.19801229724901173
0.17356589193586214
0.1721493682867592
0.10909816792721677
0.15882194078826312
0.13549299696305897
0.0920267151283855
0.10265780411266986
0.1032784697994886
0.14247349939807413
0.12934478679919711
0.10076668115428238
0.11132330841384454
0.13022913575195383
0.10265782763767253
0.1097867857066412
0.10084923986590068
0.14506778958929145
0.14306317520772718
0.1462626677811792
0.14800987182206687
0.10155193904285624
0.14090050625741588
0.14757424723967466
0.08108368890120035
0.14839293140265886
0.1446957267926507
0.1529680642420247
0.15819655777488545
0.17452070502725517
0.15409175818964643
0.15558109351360522
0.1421623171867673
0.14609090145372325
0.11974233700612223
0.13433434578607573
0.11782570110031607
0.18007785240641191
0.0764774905736886
0.0694889012361921
0.08842763385430917
0.11522406299299484
0.1073668554003148
0.16096874744877016
0.14347269824133072
0.15425968178833765
0.1280120221837459
0.13765327308384534
0.12280405598451163
0.10787955553957762
0.10554410189230717
0.11276075254902122
0.11579488832492843
0.14772252668317917
0.12347553064555764
0.09519859496450835
0.096475910117555
0.14414248357650222
0.15535715725650726
0.14860791015613267
0.12022649933828916
0.12034852459226139
0.08920267371603313
0.1189677794269146
0.11281424719365321
0.13955021652310953
0.1261913510112662
0.1714985258548924
0.07950720991308491
0.098642768132606
0.09762413596556294
0.08961948780352329
0.09379513637151367
0.12348803939041923
0.10930411930552526
0.11538860758029333
0.09754477883294514
0.10369375634738409
0.13176847979225167
0.1256604781612398
0.10837791363188369
0.09662438333254751
0.14627733839580856
0.1594073971801488
0.0946761553983443
0.09853426538930837
0.10380588562642676
0.09042577353516262
0.08896403763592228
0.09689413104235875
0.10226788539003114
0.11064612970785304
0.12085944281082395
0.13800813187322566
0.12766538245490439
0.12911827197952583
0.12137876889976286
0.13622124778427314
0.170272635195644
0.1292307765279931
0.15185773685373335
0.1646899335584688
0.15708647108744092
0.09247818530170585
0.12056179765393671
0.11749709840469129
0.12082600609112994
0.11493747478522803
0.12436449642987539
0.13843629982953448
0.15572103209131377
0.10610905441279447
0.14411802692046993
0.16829568927069175
0.09772506438470809
0.1299809470978434
0.10196911752492314
0.11126082457992048
0.10103589974163057
0.11538296115731764
0.13099807240826264
0.1343320501594041
0.15665067736956756
0.12219578752983348
0.11249655827619486
0.11396505929950272
0.15544715526722097
0.08276020194203541
0.08327622534587262
0.08915088372333994
0.1312168660292034
0.11355011020635915
0.11249070462444145
0.10988687201465443
0.11944707914644656
0.11218549433073641
0.12044763093664651
0.12091384884988159
0.14604005050443244
0.16922905123166931
0.12021505581358549
0.10368733635762596
0.1082817300321
0.10080222615151507
0.10393590041690778
0.11919735889308383
0.11866792879944044
0.12603334005506667
0.11920187965942917
0.12216992480514151
0.16322858313070068
0.17839186259616072
0.14682928796467176
0.10487999821701943
0.0786274047349235
0.13115526563490135
0.09237797502426265
0.10977654346687889
0.10055600071422185
0.14338560396340036
0.1707331115225221
0.10411814899779173
0.10547958519156651
0.10091255527691968
0.14391885521540868
0.13336207453831228
0.11278559823866087
0.10681126085532637
0.13342509204610023
0.1344806529697268
0.10021722049713716
0.12636942964278414
0.116761156963948
0.10650089138402863
0.1482486105476846
0.1333394298985091
0.11609259725075108
0.12543671928501285
0.10976365957231721
0.11881889582570616
0.12208637239260818
0.1277745899141712
0.14492268848565443
0.1481141770122548
0.13783973112518466
0.13803287752109958
0.14264190581976746
0.0913782775901489
0.11177447790110741
0.13295210270529215
0.12104821737569259
0.1317500148115906
0.14402215174008573
0.1383194415198401
0.1372499484151151
0.14114701074945987
0.1354195721331453
0.13522115892018857
0.13973527756513138
0.08753569282507943
0.11359467108293607
0.12752878528767775
0.12201503202179369
0.13630397831370394
0.13203421196164997
0.14450049194092188
0.18261940901473506
0.14531832188662996
0.10102669257760849
0.12878497294660576
0.13202259796220317
0.1508234143019884
0.14893492619410598
0.1523231830323677
0.16470515846652561
0.1503025652626489
0.11770788874315033
0.13093619823509348
0.132383304969841
0.08585445064697972
0.09783171060597941
0.09636688708485837
0.12268597859287465
0.1189764720636858
0.14904524069102315
0.12242318879576694
0.12099089810104724
0.10637748774752077
0.09857821540641103
0.11997731621044494
0.1481800925803018
0.09478558007454808
0.09513757104008555
0.11981022748906477
0.12006948158575013
0.12733116617752793
0.15032509054936863
0.1479841165383978
0.15057934813582774
0.15076799815728795
0.1519402997521494
0.15408844132332464
0.13481208119775923
0.13923008418583083
0.1094231290853759
0.13264171572579572
0.11301191807853611
0.10932438684770973
0.10464038888835409
0.10383846776648666
0.09350401480461461
0.09958616590525002
0.09121732826895754
0.12028824543899089
0.1259792810443663
0.14019982765803476
0.13554223691239667
0.11845295246756542
0.09598777144725151
0.10750582018921342
0.10270598210318477
0.14573160988551748
0.1500332176909106
0.12625477926503836
0.12320771044396246
0.12508495153768162
0.106931146464774
0.10282100344450582
0.11795393425955998
0.0901847323361664
0.09071686626243665
0.07352702734711668
0.09049546531400174
0.09528558786799754
0.11772653927247859
0.11601265321416984
0.12270890058281722
0.10761493585318797
0.1072152641686519
0.1093342894622686
0.1618572307124602
0.1167915422419944
0.10716831163886957
0.14196479477199372
0.13375844947697493
0.13065768955299595
0.13641907027048636
0.12823037769732748
0.13243433467077703
0.11793732510411442
0.12834469088277858
0.11528099802674864
0.1072602194379265
0.10548878846238596
0.10608397930635789
0.11007979783249522
0.09279703851364712
0.14844099867638588
0.182101720874473
0.13297905764178755
0.13872206049365585
0.13303658347385328
0.10968899759523029
0.11959592301698153
0.15423123838226147
0.1428977265480974
0.1401494428198444
0.1196894322668342
0.09263912254323159
0.06848463062705097
0.091057498232389
0.09385700159222164
0.10782043528037358
0.08722475880922943
0.09059790179552471
0.132885053297014
0.1033032162265638
0.10676112718520468
0.10965795840466776
0.10528595824565849
0.10529765968697197
0.10516365276932953
0.10488008023770078
0.10500521756298237
0.10484262106818527
0.11590561862898593
0.11350594855007134
0.10814609884202529
0.07937624628101869
0.09492946826371555
0.14300515922017096
0.12925966076590042
0.16391121398468275
0.15669058423661325
0.1437791347626444
0.13062301765909068
0.12505904602370452
0.13393264101497673
0.10587458838946538
0.10440804656116578
0.1069146157530532
0.10834094703962928
0.12268682842951625
0.13568288583150492
0.12006813658339863
0.12128755050010621
0.11008593675121912
0.14152776740598857
0.12670476972783914
0.11583023308428647
0.1797771843735058
0.12993743398311314
0.09568255074649779
0.10102655590844117
0.10586068815982227
0.1215800883042137
0.16730847186914669
0.14023891559901577
0.14475720486738833
0.1127992444485671
0.10304836157961907
0.1276397586400213
0.13110567202085377
0.1499108961541401
0.12799514143923713
0.1137027666103712
0.10783584991866597
0.13473384440775033
0.08825469991700245
0.1149840791555477
0.10811389775985125
0.14928011048126788
0.13724888838320976
0.14089987986223398
0.12686448809443304
0.08140368102816593
0.09583914014910368
0.10167289932793873
0.10884971231761949
0.11064769747778734
0.1148092528259745
0.08935137165713208
0.10429726728689873
0.12259645170188471
0.10920398301509389
0.1128980801657398
0.11050029926439027
0.12693696671899773
0.10255770390338613
0.13630011776591539
0.09208541710666324
0.10451916590271808
0.10229834530558472
0.13829286441968264
0.12674526735984779
0.12192172609140488
0.16217290085237263
0.15943691732921564
0.16205825150022188
0.14297329016748936
0.11037788635033134
0.11804533873634765
0.11533497451870799
0.11115016306279638
0.10530315236552452
0.1045131157969564
0.12153048358896353
0.13459812633070628
0.1321248246486887
0.1265651667826052
0.13361715256330953
0.14483030657112403
0.13877047105593726
0.13244910019926326
0.11828221778834387
0.13713627019155394
0.0838399410878245
0.10697526423668689
0.10784473135396032
0.15272782912988028
0.14710980584648295
0.1397723563919351
0.10816945202231618
0.1130541856345943
0.09709213639683391
0.14257722907826031
0.11524139829545653
0.11159927386438559
0.1486424147862885
0.1372227307127267
0.09646662430314544
0.09703670341947378
0.12202358668561224
0.13221301380331385
0.11362132668151859
0.12119456971434946
0.09917444370544606
0.11644958235113849
0.08973487206474788
0.09524589813012743
0.09313299462282411
0.09960278552595066
0.09603202063463456
0.08705953291622297
0.09921884444759686
0.09895747504534369
0.1114946621846451
0.11861643084037012
0.17046614143740435
0.1008803577711259
0.1003547251904881
0.0998363745148735
0.10240690578492637
0.11979631678138289
0.168620885262512
0.09352300896349051
0.1340257747976366
0.1319645747886899
0.1544452836699128
0.14476880315544283
0.13077969981560789
0.10157063118533728
0.11415714010550909
0.12887728839993348
0.14286302770861073
0.13458118139136116
0.12378778887639269
0.1175601292138554
0.1304802087303925
0.12860650036699825
0.12193248829728207
0.1418257675347652
0.14229494512309515
0.12686129958948497
0.16519203656372838
0.14100813622771038
0.12683810056141512
0.10907612770567346
0.1047033097939324
0.10807632949221826
0.10441822840358879
0.11768647583998197
0.1194090966473069
0.09191925088031087
0.1174365658251937
0.11571119016840511
0.11945320443811272
0.1189167067202181
0.13863460484212708
0.11321087024903201
0.11444933427502771
0.11124203453810418
0.1284840701912335
0.14100025084020243
0.1373137340318561
0.07808456981321783
0.10818904818366695
0.10644594585374523
0.14085982789443696
0.12776468584760978
0.12526895314177933
0.11391717674991476
0.11278912936415628
0.08834021270551767
0.10732912792886312
0.14999271431338573
0.08260961372648135
0.07427420722168963
0.15920632306651974
0.1600791746447099
0.1597236107651009
0.1566300117267724
0.1509050189375963
0.138720729820335
0.13856227759096118
0.12328378259659344
0.10003304627623928
0.11915642687011255
0.12252114877445411
0.10419378661296103
0.11209663704405963
0.11050493431546048
0.12182409135196716
0.12268591066624149
0.13139136614000593
0.1312627505275176
0.12927717054012583
0.11781474459499615
0.12071029562865414
0.09913367331162365
0.08321564416485126
0.12397944508951353
0.14356678486760555
0.13749318179362294
0.11609080619369205
0.11871348169808223
0.13248409337392972
0.1188420241076066
0.1264215112327759
0.1368622181934493
0.13589716315143624
0.14292674690617233
0.13891417528890648
0.16558843719324112
0.15066885925122409
0.0942435196084501
0.09174720476315529
0.17562710352720992
0.1799937872258997
0.1808236964956009
0.09742076223022474
0.11076705620043222
0.1142148953129006
0.12683758173552986
0.15521467109749656
0.16677746634339966
0.10392008123395831
0.11936282570831282
0.12358403531061486
0.12385969995137706
0.10289406987232701
0.10694859837453044
0.10145088407922609
0.11739678802914116
0.14648085903522132
0.16048601239067628
0.13472335656497805
0.1347268825268409
0.13005682997879472
0.17149189403148296
0.165105875072924
0.11527810804289275
0.11257296588392868
0.12446109942002935
0.12441818184097667
0.1239648152356194
0.1147166702003626
0.11005465551088726
0.11350304956485384
0.11063261289850035
0.12396570637784333
0.12358529868461486
0.13260397099188923
0.12415075325384149
0.10752875022977636
0.11451447061765034
0.11451447061765034
