0
1.277697825548638
1.1281842113419254
1.2476913482801966
1.4732928172371207
1.986434294236073
1.6479674730562714
0.8636859030421816
1.66691823641113
2.0140349273878613
1.0192239471536384
0.988421053320474
1.8098513574994182
1.8550223374758499
1.2509461563843434
1.3161159447930812
1.8105621121487512
1.284151040147224
1.0784139858713506
1.4890552399973493
1.050780447197712
1.7131473728711035
2.296745047692198
0.7619829241185361
1.0315144698470657
1.0796196884931433
1.9748668183143858
1.3105952619302441
1.4142055582606163
2.1832484664578917
1.556435844232697
1.8291404465186412
2.0183869619775803
2.1362133995023376
1.8302394655800334
1.0083656102589647
1.4862787163411566
1.0012205700451826
1.617085992597352
2.1202542780542597
1.42938959219763
1.26584491907932
0.5230991257930298
0.8551645476287308
2.069444967391882
1.7797750576554385
1.9203645865340306
1.5391882650481064
0.6504614326340048
1.0522585899609904
1.8890451041553795
1.6783815823973571
1.448758839771419
2.051824214891787
1.049780826917392
0.8000278119939006
0.7678465840666071
2.327090054464827
0.4768995765995801
1.1907876823799857
1.23412989371124
1.4719121776175832
1.622984698114113
1.0083111603498747
0.9861251450493062
0.8241870244147024
0.9540765460580528
0.641204311730706
1.369464860779667
2.160361490187109
0.5892758528708848
0.9514913882433965
0.6302661915290513
2.156450946761305
1.6458659900577566
1.5430352037421056
1.8150429247544442
1.8513661154329473
1.9265689915037172
1.030543483738853
1.6676126094984236
1.157249121448655
1.159093533927049
1.6892628206546914
1.5898186270264254
2.0007965360404723
0.62780370730413
1.1180001810257663
1.1551009424997676
0.9468505076777686
1.044832457165983
1.6367166110313425
0.39626619082905123
1.1323844969269132
1.983277198005895
1.7308269195854122
2.161194820742733
0.8057659084115328
1.6820516638104837
1.3160390438808243
1.7266574646751474
1.887959198359671
1.4704984687892846
1.0483830552935571
1.5564577529557535
1.6325322097367774
1.2338619520402943
0.9372025811283489
1.570051066886863
2.4503878649037047
2.678964308119662
0.17882233110194914
1.9532998450996075
1.755912791100606
1.281842999652565
1.3205333547884885
1.1508125900101105
1.4741821208017178
1.260523985630385
1.4550213431203503
0.6934990025309186
1.3333786161126908
1.2636914134380333
1.4958189233348806
1.2787140964148789
1.449367707874059
1.8587149573414687
0.7240349727825502
1.357576993239611
0.6534695768275071
1.4876205358782901
0.9508823973000241
0.38715046967312045
2.301660220369817
2.005488698523646
0.9821169004857225
1.8644595482014874
0.7471071099331072
1.906768079273882
1.024707023827684
1.5639239665491622
1.1129321320784993
1.9362787773119237
2.5191447743783817
0.42821155852702025
2.2461614253688693
0.7391426014688133
1.8680160830465984
1.0420974017082785
1.2489603422137854
1.8811040872274987
1.3668758803637544
1.6645757194053254
1.1371119304267323
1.2376022332458099
1.2847928543250677
0.881549871240836
1.507963298163152
1.507564048371427
1.3437969786023856
1.559076735487968
1.058001940290526
0.8992236780264273
2.0563406090248044
1.0339131415256855
1.796642364864796
1.50886448085679
1.1989137893611308
1.3716796805019793
1.9937343385341622
1.6263680906824192
1.31054809359912
1.329765479448742
1.4728431422761843
1.067242952650469
1.7328751712331518
1.1424558395766424
1.4718058219579409
1.3387395985414903
1.017016858281983
1.0880286128913432
1.3378208597464676
1.3652990718954396
1.3594610956674031
1.7925887687394546
1.2185574266361472
1.218668574293123
2.000448674026587
0.5795936890984209
0.6420410501943428
0.5738390027662004
2.0465345012390035
1.5993155334335876
1.1589249000012147
1.5258222445584508
1.4739937117361472
2.2941508670373274
1.6748770872243794
1.4149611701362388
1.458594929962195
1.1812432316991575
1.0965138019421619
1.3831659954233504
2.384596826709298
2.3533515054804197
2.4206712007206295
1.8996528324150934
0.5220905575444874
0.3910356477412247
1.3019026199539334
1.3286635457645997
1.3404197418696304
1.4115349297900581
1.6444939415034205
1.5093451428840579
1.7611576220967766
1.055655952935007
1.2584059753309076
1.3874026140005944
1.2479883037911428
1.4326827830933564
1.5860977651442467
1.2073095175341795
0.4255038310386531
0.7955562962855295
1.4625895610652426
1.2400002925327969
1.429533241075223
1.266939053491522
1.5404763060541073
1.2534831780700233
1.7811718454021122
0.6970495175720042
0.9565409292434502
0.8954916078219949
0.76170281384342
2.1741713464439605
2.1660753533614527
2.0798125013910655
1.4542623791549079
1.4819957311284486
1.128780969362305
1.6800546948352666
1.599214671506354
0.9558434131399774
1.1918626171877365
1.4101773878541415
1.432203341385028
1.02574337002579
1.7687708236355182
0.8523173577619673
1.027288586730299
1.6595481858069905
1.5298647186651917
2.7700548145362496
2.095471458764309
0.924808859808812
1.9722220254443013
0.9693359439988941
1.6829013119070235
1.4718301030140772
1.2151500658078371
1.1954283552506497
1.6561699179246736
0.3422705098916884
1.7808101103351746
1.0435920866179822
1.3952727920696353
1.390293598502958
1.2645824884336239
1.020053548295711
2.055899272113694
1.5486093182832632
1.9622265941772834
1.1898288115700708
1.2231439910742703
1.2432307792420791
1.3865900625238752
0.6393532587436859
1.459282042971361
1.2684897496069956
1.070524223321013
1.7991432977981348
1.4925345200629823
1.840291588971729
1.8091574807534179
1.4625589157779433
0.9310805617460085
1.8255570948800774
2.193965339121607
1.9687085675921725
0.8579962474989615
1.361766955943936
1.4706116269936536
1.8873555340844264
2.2892690910440603
1.9658401960228105
2.235331500275344
2.1310050577844564
1.4225307355049581
1.6381217508790191
1.729893116700453
1.6771968524039742
0.6090573580712715
1.7981505104888809
1.2487452623643824
1.3335169049196909
1.6973869946177138
2.043497613817089
0.2178732019122047
0.12166479205172412
0.22481464537469154
0.9054696372120323
1.4980150360895341
1.0400865265303274
1.4791754967339599
2.4362280903601854
1.6302451838623708
2.3022050174912185
1.3939413162489325
1.4087693621429682
1.1147004335286512
1.1575499464164531
0.6876399322618085
1.894296619714626
1.0033196501254686
1.6896804814703312
1.0677512872634207
1.6582139255158583
2.1530769990171033
2.5064574641109414
0.713178946331465
2.4261885424114222
2.0930581673216215
1.4959739670727252
2.017115433034393
1.8424184698932569
1.8530235388530465
1.2970611699130612
1.4041463414169544
1.8716842347503466
0.9195404196379309
0.8806338707925921
0.8577650568655731
1.7041830127210733
1.1315238156195588
0.5271940668903816
1.161833482581032
1.9157212552582925
1.919333309717697
1.9779061584946875
2.184703957909695
0.5357633326335715
2.273820522125329
1.812065052552622
1.3283751826407786
0.9711599776874812
0.8763841365626844
0.8614939854869734
0.8725232961521115
1.5190935880741057
0.617730794762869
2.4719985203791257
0.758420648112437
2.320905484055076
1.1722276326758807
0.9492188911311471
1.8948281776869653
1.1210241337870244
0.9379370851681876
1.2737646838496703
1.220677945241297
0.6722195165100905
2.185770909773242
1.576566694749406
0.6280782589984054
1.7547093461156837
0.6299523434332116
0.6101300341048373
1.161378792312934
1.1716746352830225
1.788884598082193
1.5842741110888614
1.496250242714268
1.5432276178119677
1.3242295926692433
0.7955952722701852
0.7561060972767416
0.9663043141232471
1.511790046882451
1.8844281848242743
2.7377612359874925
2.440578665310845
0.23771440374807498
1.4352424656948253
1.3522918789965792
1.7168467414942357
1.611664086835407
1.3811391288340427
1.3217318289537459
1.2256044270906636
1.6357761989044215
1.596359024623222
1.7889478061251836
1.615811131788705
1.4192171819342736
1.2464532483381507
1.7611538354799996
0.982675920535405
1.6260402867946633
0.9048464285223788
0.6059001129015594
2.1398287050249793
1.9031566171670575
1.7312658279868216
1.135190340301055
1.2368040599959995
1.1261612682149207
0.8584983082685202
0.6233493630597476
1.4058868896056342
2.0630122216857374
2.2444845610905557
0.8493169262003037
1.1705117297138437
1.586841529750853
0.7995540252129258
1.1447100701035944
2.0277866852038375
1.9754750055223977
0.1780585086270281
2.7177035966726066
3.042496800993112
1.2819141471160647
1.4135086841498896
1.1881845013930075
1.0134147676202834
1.6413303433075328
2.039024054024625
0.8832095314534973
1.6804661156194247
1.320353355919872
1.1809627807157033
1.4242846061165133
1.4498136356834679
0.7993977144159969
1.8882806695311862
0.7495544052784735
1.3423532744910287
1.0196242424428927
0.4411172190133583
1.670989919610525
0.7362924111274068
0.9147691985722498
0.9803914308382142
1.8275356880831752
1.3230798981022391
1.5190235581399636
1.8163420696823414
1.0143150495140258
2.046002511560297
0.8111866021357813
1.333043572834521
1.600156833142008
1.104914136986276
1.685817455135373
1.0955191323200557
1.2218513048986925
1.153045519830117
1.9656446076599485
1.476470256276815
1.5252611509022829
1.1478172235382116
1.9663295930018039
0.7992879992053498
1.8580404050546346
1.5281528881405333
1.784264126752425
0.22317938174977503
0.14724911157393403
1.6408204040231298
1.0225009625880739
1.844543013200168
2.3257976921823453
1.7864521253920522
2.374564690178072
1.3712416657257844
1.3909210269198726
1.2695811839056008
1.4655083927779828
1.5296654028651793
1.7011274024038356
1.345194891853555
1.4585524450972167
1.0482613725660952
1.7623136755823134
2.754715017748406
2.184886736832187
2.3806662240738197
1.5482878168449328
1.53321435573823
0.8557535161097622
2.2229302094141943
1.4412413755646012
1.0657562270014584
1.1126612866988996
0.9915402087983297
0.9513817594448899
1.7911785516748298
1.5111692362198206
2.0222352556680754
1.108629368146778
1.8966806720738232
1.6508078178059278
1.673651573859414
2.505113386338482
0.93753815967838
1.526295989953085
0.9672185997835067
0.8752712048356072
1.999102692704246
1.8675338726293946
1.1867860772253975
1.5645192730608446
1.3153708978701741
1.3504811197677304
1.5281113056886881
1.5360189295735016
1.1879587021784397
1.2558548444812736
1.7022095768072234
1.5293111292945587
1.0054161529867345
0.6044556882672151
1.0343112544072222
1.018195881908971
1.6223084868154154
1.1884629663085802
1.896035531187937
2.1355134929338617
1.7753459200072894
2.1603665687175106
0.6845855348524946
0.786159825591218
1.3597725590913856
1.3605749435998817
1.7510469993576145
1.356827439017762
1.6197350491962361
1.4464086807509184
0.9315859064771641
2.069827606142342
1.3923034064256972
1.158292758843096
1.1035253812031327
1.2191313018210268
1.8375936280851213
0.6413754702010567
2.0647774398546104
2.3422783034770935
1.6299802120525433
1.3011911527571418
1.217833048495954
1.5952391898700509
1.773784332021746
1.0442467163897706
1.2423982535839007
1.5905553650842987
1.1290871096782926
1.337974279164289
0.6672401807826271
1.089625659433106
1.1214845096909802
1.1055181389506037
0.7505702794024632
1.8468883319043714
1.5922249086948272
0.8456364672298425
0.647729287656312
1.7560186682179415
0.678082700319173
0.9555066145218715
0.9598679830982034
1.0346046470667447
1.05390170978601
1.3752410106606028
0.12532772620040333
0.8714704152043321
1.029723406594593
1.4875753575209427
1.363395350032604
2.063945633765782
1.0759951350591488
1.5235617215730874
1.548609280443887
1.2346154365330368
1.8113325902069335
1.9736211056049473
1.6338114906306596
1.2174499420926819
1.2056103094570492
1.9117856827625275
2.5225798101093924
1.2324171788559695
1.5912788885101192
1.5308135933130715
0.31833467133182947
2.4046511759030365
1.9357176835382761
1.6108154662842495
1.6668612675208123
2.0628149854593736
2.142390679145627
1.7843375546780555
1.2764771432002293
1.412950105870531
1.4087863971492949
1.0044150051220317
2.1078481858567213
0.6601882517214895
1.0330821344644296
1.8274874777434806
1.1873970569255419
1.6181173685393837
1.8128794083077613
2.183998530568646
1.6221362837582927
1.6479401210118678
1.6433638743348626
1.4295212888478426
1.3258336841398415
1.5465248199061528
1.6008800542054542
1.3339855867028996
1.6603900875387312
0.9576516193893928
0.6786727666336032
1.5300666861107188
2.1073343298215
1.0728411094897696
0.9353375280079173
2.1460750274179623
1.9167256919100195
1.8342646875489037
2.294746156391913
2.2744802640636967
2.2629099139876137
1.3096363737874945
0.7547054907021252
1.5290204328890256
1.5696772967301253
1.31616344901695
1.8239385785823203
0.5262943375094716
2.3794337891008417
1.793960948404624
0.945207491283412
1.3418410399712315
2.0410755581211886
0.9780640403133152
1.3287483067254395
2.035192771957937
1.2157055603219138
1.0726627894643876
1.1045788688773437
1.6246696608070959
1.1815189380958457
1.1112888597250505
1.6529382363542613
1.1614953621660438
1.7282971905447138
1.0577738832573265
1.7120851054124313
0.9278993944592054
1.9355908388333736
0.9097072945586119
0.5168004574830707
1.3700859203282534
1.0341232830031823
1.621272318035044
1.6124399620746046
1.7575132584643087
1.5611839710655926
1.6250108381738924
1.6520024913878164
2.237836255239191
2.0668812588629764
2.1123101269895197
0.8714023684858007
1.3483631825173346
1.5131039890348128
2.3106405939035115
0.4995810105193056
1.2778599834535695
0.8333817997659712
2.0122228273639293
1.6141354770632774
2.214631677657342
1.426456603755311
1.362382197309419
1.4260505046180139
1.3677805200529232
1.0169175652384113
1.6335461328737395
1.4465872596995932
0.5761231084822739
2.1547461490609687
0.7530857526382633
2.230151911144806
0.9463004188385975
1.2259609107106493
1.1400692961089924
1.4482097514539483
1.2120941906166698
1.565666481134446
1.542668378503308
1.9223778380256995
0.7103570939380551
0.8011970011627415
1.617374279509976
1.647529678566515
1.1971981961328901
1.4252646590724591
0.9487416069866075
0.7759973143195481
1.3142798081821092
2.3849243870779784
0.9599430692949921
0.9360536637614718
1.9574457864201418
2.074080528016947
2.3557565700082823
2.343478258422257
1.8952869174924507
1.106560750439715
0.4244819481403535
1.3867099002455328
1.6113830715747852
1.020669600681523
1.088163832818928
0.9516530226158071
0.9167370396079723
0.5995584571824399
0.9863541632360382
1.251117599679098
1.104172007626801
1.03297992813228
1.1020505852402462
1.1066034395514943
0.7901359135582263
1.8573705087098213
1.685614079052971
1.0855784885506
1.1492147297249364
0.6456609693835401
1.4833241220970463
0.9813513764863079
1.4294925793382163
0.9553228605734101
1.0653134513513844
1.3943060034185148
1.6012730550240046
0.2973725682090424
1.660643895977767
2.1300459696896925
1.7265360931586853
1.4641036512693553
1.707366271109047
1.2770126834288216
1.1108601646902039
1.0742679277936709
1.420134845041368
1.7355260021134142
1.6220131754440983
1.0946482453888335
0.6459273741708943
2.658337699634161
0.6427248334243767
1.0520414228613053
0.8623706928727672
1.1644107164969337
0.5975309129519956
2.2833528565017045
1.1093799083389735
1.9008852495623352
1.7778027949198603
1.281054774906077
1.5007934810541095
1.1691963400732295
1.684035497222166
0.9734899761274431
1.9445823493447438
1.1759243840597418
1.6620391588352117
1.0418412341564005
1.0154678461305364
1.9107150786060727
1.8306509429864406
1.539404490201986
1.6150931113945868
1.6039679726634357
1.7561033606583485
1.9622707107592166
1.184978186146376
1.592091017482017
1.7987625659381374
1.0280028964414298
1.8334740014748694
0.3223561384818409
0.3633950916928757
0.3723797787321936
0.36137376097143564
0.7866883710233485
2.1824378588736844
0.442294627824541
1.8756216425784369
0.9071972167966316
2.304236526208397
2.112755249901553
1.0753263862579898
0.7136153773009929
1.146829664539905
1.6541919791972317
0.9914888039347067
1.844180440085065
2.1558023683499914
0.7210877883015779
1.0694364586457519
0.6867525467287132
2.200829407666095
0.5838580052499968
0.9644232563838725
1.2664404187131308
0.5440361098412829
0.8955582654426951
1.8385464370005802
1.700619106751515
1.2969187184574373
1.706441286327847
2.155038747102599
1.6737547560488877
2.233002230377618
1.126229887270461
1.2163294531275197
1.1043970702337034
0.9489206723236643
1.9333932798613143
0.8785911523869447
1.748854030973922
1.1147190344435038
0.8774210610161375
2.0955022213162047
2.055055194849008
1.9299645397783782
0.6243660074845083
1.2238789499626572
1.5113063144419063
1.546473821441381
1.365740378620849
1.4869304235130834
1.1904818965438007
0.8304707972972133
2.4459281856973636
1.292869672681212
1.1737404942272438
2.51333529275647
0.9869364331413152
1.9356408722254137
1.6040498533908416
1.7464100169309038
1.4579208964962431
1.5114738203312312
1.8244290012128406
1.7669241064557422
1.9139644745237598
0.7482226958481182
1.4156647819541175
1.829824182522295
1.5094385514345725
1.6270636860069516
1.274008603583741
1.3599954075166474
1.1952715527785178
2.086161021422957
2.0612498164428357
0.9477060276410891
0.6690118353549427
2.067633619292707
1.0233960174169299
1.4690762906405381
1.1049294632596605
1.0955031415919076
0.7305483701638247
0.6829026371310484
1.1164424459270461
1.7580939763904038
2.1574693895449415
1.9898093494914462
1.6393083689412054
1.8489790865981177
1.5953651658686703
1.7245912060449082
1.6927972683968657
1.6942577580836375
1.0191384092858535
1.3443318665231958
1.523987286654321
1.411981455891387
1.0118255584193971
1.1244396170814366
1.5864142941255783
1.5864142941255783
1.5864142941255783
1.614482810102009
1.5973326255985252
1.609377824484745
1.593582289289792
1.111183210618531
1.0250281448149654
1.3639701362962995
0.9741102644169515
1.3806077549580411
1.9873459752731915
0.9856974219972845
1.646909946810208
1.334474641295364
2.3142216695599176
0.4415009253681766
1.5886421632503662
1.2510171395410425
1.3884019957963034
1.0012929403168784
1.6431840747136783
1.7158129456759392
1.3861756885874716
2.3804253523402252
0.8403568927460265
1.7698977297295702
1.2016935928049368
1.5844462496830074
1.5196879283729285
1.5127392489093747
2.0525040518794624
1.574068691754462
1.5910418697788364
0.9717238278315531
1.1515849579339732
1.3927240192311612
1.6083500444009875
1.001042810042957
1.7640905235970061
1.299982587740775
1.8740520127597085
2.240571879634728
2.251943546799405
0.7859782340124299
1.9391898890863386
1.9129591932963546
1.5472640574270244
0.7605445197194264
2.1327217134658207
0.4328406463852684
1.44868315011169
1.468214673078557
1.2780897093815893
0.6158084387508237
0.8238259926243662
0.8453306525070937
0.20508156348549744
2.3636770750523413
1.5316904789873522
1.6381835073704911
2.2840967059573356
0.2739962532350192
2.518363903750213
2.5141721181472882
0.6470290036815335
1.5972534858024126
1.0464007170895928
1.1519034196485056
1.2046867315913274
1.3014042843522107
1.2496790173441081
1.876534198185744
1.6816437773140729
1.1665666258093692
0.49129772567504054
2.1122454465402214
1.3416043606888022
1.4586798512336558
1.4836944285418943
1.2498012243367833
2.2495643728568235
1.8719380266623276
0.6996656517993686
2.1164103151366724
1.6706399017198241
1.298266603641886
1.5761472503582379
1.6653575470952884
1.187614957254334
0.7021336853579945
0.9861787404314513
0.9641044441149604
1.2739793460269493
1.9740691466100473
2.1944967552977857
0.9874797046839636
1.395002809620603
0.7599136732204881
2.163537468263813
0.6112365493954277
1.0809617434593413
1.3073153716032184
1.5677634156686406
1.7253088488390065
1.1726198521626963
1.5661629194134996
0.9081787975118722
1.927503698098206
1.9535163610304525
1.5491756492839832
1.3310641559081864
1.3916005486290375
1.8640583642093043
1.6128298198386457
1.6919766396856764
1.6463346696131278
1.6892418039054045
1.209205300209808
1.1085680968555485
1.3744134032035509
1.27901692027864
1.7107203174046117
2.1685850057949954
1.7784408309104056
1.0051519542224567
2.2298290820972335
2.5737965905486857
2.6694758781159056
2.8006356218845045
1.3733938759625048
1.2586997864582272
1.3471944161286187
1.6589346314573579
1.568878619381981
0.6378110109927206
2.143237853035451
1.0540674315690697
1.4340152209132024
1.615048652124191
1.2881715058045908
1.3171586631363523
1.5029931487276433
1.6545004443319058
1.2427971052692965
1.6732876503090266
1.1067560372001053
0.969379760324808
0.9458385343867657
0.767956639488429
2.264961026168617
1.7775686254300835
0.7508852218401414
1.1098128877791622
1.1924676300303823
2.1131987206643683
1.6597268573903463
0.7891699450114975
1.142821172867844
1.524060538751348
1.24546203265601
1.560890877393312
1.2299746689879507
0.7554262175317641
2.1850256721644117
2.0044019050374717
0.8110213315088738
0.5362276282872488
0.9956547616044833
1.4863702492649107
1.1202624261788232
0.33776199354504344
0.8678012603465176
1.261343172377919
1.4778816588825094
1.2320242680432447
1.5465721023649768
2.2829734629360208
1.3886163663177526
1.3111920503334087
1.2225146406963665
1.6760022418092675
1.334315771038803
1.4778848424757742
1.1926954785452277
1.4856822232443274
2.213232092604945
0.6577152619378096
2.0575092096633103
1.6765526757238247
1.3254624700585083
1.525521306625389
1.4246571180104848
1.9207339660241654
1.1087351894168982
1.2489976712883166
0.6195034171511975
2.3725859708568677
1.9167824508907554
1.42962728878453
0.8241698804900941
0.9674329379336456
1.607159063157794
1.6070746795145583
1.1381880505814492
2.005711689077547
1.067807660032773
1.135687068001392
1.044749848389851
1.6381778900980555
1.019217434864371
1.926804140087912
0.761572432579422
1.311133433449995
1.1721339712785006
1.284382200651455
1.573505130391643
2.1214041337157803
1.0040352942417465
1.2942529361524775
1.9099292200049451
1.2664665690122536
1.2546774861577508
0.28154086019242575
2.2887026704656477
2.078278756491502
1.8567645523029421
0.8101249065231755
1.7453300768386997
1.605790026242786
1.4560747409323997
1.5197954092761174
0.583624018077398
0.8365584125206167
1.8494458549471353
1.8180020429833699
1.7806131396095195
1.5709950413948295
0.4970751090678422
2.284819121573697
0.2532299558205378
1.38698917799531
1.558124916593411
1.6337950907385888
0.989317325997284
1.1272125548521994
2.111105036971264
1.296086160402854
2.152742877470891
1.6398656064878068
1.5087120668402831
0.6114257258239253
1.0962434338522282
1.0843868749616856
1.4701632032388505
1.3268488627034432
1.379342060991961
1.329967892747995
1.6833834929563665
1.8562977663013738
1.180535393095477
1.4939235664142194
1.5673155995317176
1.4104551744947897
1.4633648892197808
1.8925388250120785
1.8502851983920938
1.7638015456709255
1.7995006526671338
1.3123087291355222
1.0988387622318403
1.476533788202616
1.5153025644982163
0.6399668688860923
1.2926388534279132
1.3145926638340013
1.3292356277403257
0.4569298702152312
0.6009077194359156
0.6943977634523232
1.2565158272913919
1.8588216267880202
1.4119064703754194
1.3877239470877694
1.7797047674015964
0.8208858872036062
0.8045372844720601
1.2144898509836277
1.1312937129440195
1.2184722965548418
0.8156280482753543
2.1106606875191014
0.8243413429225296
0.8585272783058475
0.39982558637497156
2.1052629512707157
1.306570709967749
1.4183677528809409
1.872567801002475
1.2773993745607988
1.5078125515545755
1.5226247566364037
1.4223030940705943
1.5458042484774082
1.3100561553467216
1.3901706210666864
1.278095502902181
1.2861940072944493
0.5110845361697757
1.5998618900208803
0.8732095010302466
1.9180144044206744
1.3072102644097081
1.186927789979226
1.0699013396767743
1.2050775113740466
2.1895113651256213
0.22497934110767195
1.9425742626855278
1.3182010111605142
1.4740734730488516
2.0379139782163094
2.061216882323892
3.073035558370972
2.7310781826417587
0.7050714486931937
1.9704297850122816
0.7033892252049754
1.4285804596127492
1.1871485376382938
1.6979681110390743
2.0081377103425697
0.725664175774886
0.5980574236940454
1.0684331146676265
1.1085694520251235
2.2093846624552644
1.9211498610164726
1.5133777749077675
1.950663162974806
1.0736834922997598
0.9057852083293371
1.893244378056788
0.6981755819400741
1.109078050700872
1.601278230383234
1.1910294028651585
0.8063899135686975
1.9293897244298124
1.2550003811291728
1.6147703401632933
1.4061076215402304
1.300579122340356
2.112100753381568
1.441475872030324
1.3845144624249148
0.7884628697604362
2.06317756431105
0.9951770929949664
1.7758554599869523
1.660595836579665
1.622663190083205
1.5960090563806946
1.1927129567885053
1.1173730479298378
1.6587570428160308
1.4011767299756035
1.865711212299694
1.8100066651707194
1.0179292462691518
1.4848656494571462
0.9109251713517811
1.2781418632166097
1.2013438106626941
1.28241980696969
1.2475030489556043
0.4370387205477926
2.063347436571536
0.7278116452060596
2.029346736764547
2.260827242046742
1.2982592001301174
0.5364512817902237
1.2498309767507776
1.0972297633721486
2.4114784244990837
2.1570396777641774
0.8269834823468175
2.1613891503952294
0.9174629405485325
1.4872092173941664
1.14989101436469
1.1005277380437524
0.7909475760954998
1.8376769458588496
0.7789314169891106
1.7517033701392164
0.7659645654566476
0.9790924760427737
1.658101289614916
1.706812480303152
1.738058280341591
1.8827783936885123
1.6110698451768437
2.018774839980192
0.8360558388653465
1.4894921436579045
2.3605928718802076
2.4789743376476765
2.2908967990194307
2.1154142709989294
1.7312509020744222
1.4282400112316322
0.9479231890454307
0.7452249327664519
1.0246332027985097
1.5712360859316155
1.310019754681744
1.9411680142860712
1.6363613538323567
1.9679070621549029
2.2185405016984103
1.6932762163737205
1.7151158431888716
2.4840184678252673
0.6375089748681277
1.7962328666638914
1.8842527939145761
1.81461583018933
1.2761659727440935
1.0419577564144513
0.9484608707471217
1.614525143063833
1.4805691490768937
1.9337391520809966
1.6688410421492947
1.4845961768273075
1.5204153161508869
1.1690980882849622
1.230447114181512
1.4753115762585778
1.867957820375063
0.6822339736254289
1.0180956946478898
1.4537579580719981
1.5024960371930196
1.5800418808218326
1.4157608099729397
0.611797515049741
1.0242336270866006
1.5097033259152381
1.3474145365922123
2.0924647377337044
0.8773861794090165
1.5819491547101767
0.983381384532251
0.9228124433839545
0.8582351108963804
1.8491714658965328
1.765690677677899
1.5769716284293507
0.9868068017405509
1.0500983030247655
1.2739492897357834
1.3777258222224424
1.089554512660337
1.3227708933573536
1.7200714130773842
1.4861154006661639
1.4029251587821552
1.6772798240826003
1.301997233278199
1.3538116800589088
1.3546333702657112
1.2762965624064346
1.4852890444175353
1.4590819136477922
0.8161596669359189
1.2538705898345734
1.2645091390384202
1.6997706955758207
2.3270792886265097
0.15897038120135637
2.469259828369358
2.4637682494683393
2.4637682494683393
1.1231158274119584
0.8083584549706985
1.8673492996698196
1.5643530218404085
1.3121677899022088
1.3659299609504882
1.1655100087415435
2.0144939065952534
0.6284191110119063
1.9479820084988497
1.4704696848903207
2.0864351134469907
1.6427546951433758
1.2551535483485141
1.438128820009907
1.3924688932912885
1.1380473408010354
1.7791377418229
1.162944796829885
1.5546689434211183
1.1437290763944923
2.0573267475886574
1.8653494754493845
2.2443496105883045
1.2219236226948385
0.9822952702052048
0.9705709073291809
0.9614395819971622
1.1272553875648101
1.2976577822103434
1.680821978342499
1.3440713851980883
1.521779308255895
1.6209180622775823
1.6243263678049462
2.0544015523788515
0.4567052837541375
2.726816389376025
0.13867232315606193
1.6542438383566247
1.6524263262483807
1.4493903846515954
1.4351336178178515
1.5053196122884163
1.5650876633878876
1.3717695498362672
0.8570962457669984
1.687285951872381
1.5695584482571574
1.3986482573155792
1.6566502227329802
1.6587215121127636
1.28267925211123
2.4386656493179384
0.6913288911272908
2.4000078290526425
0.9596475004848095
1.2526182171389026
1.5461599726681439
1.599023954258657
1.148990366014775
0.9554006202237247
0.919790761791056
1.3110784671102231
1.0911727495044912
1.1079640688416958
1.3834823541271535
0.7441446759788614
0.9159033838724776
1.836658292907061
1.542207718251607
1.3233197051714158
1.595735713888031
1.7294067295283089
0.642897047939025
0.77845589467363
1.4950667093317545
1.0289929249811876
2.1210427615197074
2.2001034798747208
1.502632025839555
1.7532093960020134
1.9229532246394827
1.1265899317602985
1.5612968915695786
1.4073209152587693
1.2378943041407735
1.3187808953321074
1.4792467434608025
1.4190349272269378
1.1152733226518161
0.9719777796523301
2.6139562427011187
1.4270169487121394
1.6908054758748123
1.1466303243162925
1.3652867353682494
1.483628996376464
1.5844157506425605
1.892881051843925
0.9241572610027033
0.8656325340793145
0.6267370738682596
1.2200690308899962
1.3418865432831646
0.628774892196355
1.952127893404724
1.1928764305716786
1.0755821431575023
1.1787985149816718
1.0368768771711772
1.8607561944985738
1.003784848353668
1.8965572093778764
1.9141727677530773
1.3458619087746972
1.4502586481719022
0.48590812050283955
1.0334859037075144
1.837220816941372
1.326908856194824
1.7547165235505533
1.6855462298149142
1.7396330447092392
1.6515956928611915
1.8545717139284996
1.8341062290405097
1.8609297030145648
0.9458222404978193
1.9461071702920598
1.0781975775967891
1.0179334018477404
2.159030544491207
0.6630342396412442
0.9734092867064401
1.8661479119913078
0.9324412193942004
1.7034321947126632
2.0339600813376717
2.0530947678671883
2.159804787600191
2.151087460344148
1.8566341544531146
1.130384778227251
0.8315326727167863
1.3092291189504477
0.9285918207540742
0.8699157635399165
0.6842327347142084
1.3759496517256133
1.4282217589375241
1.8037173611475807
1.2957354035116284
1.6237237216925602
1.7958693313485186
1.5275067848972739
1.2514570010650912
1.7016962656908432
1.3529948213322136
1.8751328346252603
0.8491840432229656
1.2646863162727657
1.6683229491564573
2.5806443838873605
2.0964188286002483
1.9128615264863684
1.0788306934165213
1.186254675539968
1.0489344442948532
1.4255942815332423
2.014386575134064
1.0626035873140571
0.965473959224672
1.821784876009704
1.723350081874032
1.698531117406945
1.1099409995688034
1.6470819625094442
0.8917802092453978
0.6511890269298988
0.808251523650227
1.5570071569916404
1.6173027872428611
1.8841331714551208
1.76172994386685
1.7476903664101886
1.9507428461911314
1.725574731403499
1.2575556247906083
1.670575327950502
1.2551723692002197
2.3150045962525714
2.1607420923395764
1.3418837030829722
1.6278534806321847
1.463572299305118
1.852048254669867
0.9135365867230816
0.8762396225956369
0.8938367715472072
0.9923164662998484
1.9618014673470923
1.5152767395733524
0.9693598278829623
0.3741966786413632
0.9331800754120021
1.5556643895838904
1.048261511503424
1.0466263005681646
1.8716298201406265
1.753991537370888
0.8065625983398784
0.9237605414248014
0.8887662188409996
2.190006880603618
1.2848514245855924
1.4992958689712705
1.1821154362008741
1.3418118642768309
1.4181389703550367
1.4672789207300685
1.2517875848741673
0.7477076490794292
1.1512481082002075
1.6298605512811584
1.3537414566211479
1.6013304034002214
1.6589451651031406
1.6986100357242842
0.9534654079521664
1.7318725202634957
1.70677490663143
1.70677490663143
1.7598068287892783
1.7592331493844011
1.7982426622057501
1.796304217813016
1.796304217813016
1.796304217813016
1.4431434447640508
1.7769874669741146
0.9789482150310462
1.0692265282463156
0.7300121938317415
0.9571561322605093
1.6533637917761403
0.30654133501486847
0.42249841586629
0.21102185170988255
0.8177522317136221
0.9726092013532104
0.8619632179780505
0.7837857144251272
0.8559349534194469
2.3179602008683227
0.5185814556293251
2.204098061784776
2.399756508082019
1.138126645535838
1.2267647689002266
1.9515613067455775
1.4175103966054092
0.7722202451471364
1.5120526765561515
2.78905726571768
1.5908335473685817
1.2329567350071173
2.0565007474296126
2.078643361035749
1.6527423105735564
0.9447682798623499
0.6996799390230597
1.5687369348505422
1.0343061884499574
1.171018600397342
1.4252763396178565
1.0682190157103348
1.3193104849133561
0.989844988854994
0.8061501861652285
0.9544321689341287
0.9455262028298408
1.2775392819366074
1.4366729225547672
1.4114622065798352
1.639279246867557
1.503085199955147
1.4855196459289568
1.333206965474658
0.4105894334442858
0.08491172429365419
1.3367355657911688
0.8659875082726077
1.7970416635295055
1.255839314848195
0.7128011301642716
1.3319241100187917
1.5246969610717425
1.3286775978574918
1.8187562585522945
1.0279543964846045
1.8135423061840437
1.296019224193524
1.042972446884434
1.2769272049683267
2.1448529554055398
0.7188478292618578
1.6609082044100547
1.1865555569382478
1.192840301566308
1.2558155927263837
0.36035532303868806
1.7080142919280135
0.742199537442634
0.5616973645695735
0.8165415121929015
1.620859622579991
1.6719030671984938
1.1975766609384775
1.1143072551941569
1.092975686765285
1.6085730166923218
1.0160148878642878
1.452197572147973
1.2926726991847923
1.8199100969178945
1.1913825600439651
1.1256434081348603
1.3631902481285068
1.3675117779723438
1.3115693059666116
1.1322686795032368
1.4668130339947882
1.1530225035076989
1.8356826253939655
0.6512236565758863
0.9382185426428248
1.856413903697118
1.4680897777482733
1.176940185213211
1.4110583169546378
1.062463524640042
1.1205323489803234
0.38941258216693514
1.1029772081201412
1.1472118300576617
1.7539663719132401
2.0882287093089507
1.7292729022999995
0.9945967770152723
1.6643388508545265
1.3145967885202368
1.561438483062406
1.5220976433722053
1.5317152695857785
1.1003920153690407
1.180889031977312
1.4493258444012234
1.3443223929335177
1.3798525767243188
1.5328073057237381
1.9086407487884933
2.0722723895561113
1.661759441857069
1.6866232983146112
1.6947388610697154
1.7068418015291846
1.8551248656183792
1.634467118075765
0.9484079595145505
1.854881505993561
1.5559875313367244
0.6084484575539041
2.2836049143492407
0.8486849772970442
1.1019454195348444
1.4184950319959453
1.551840488340347
1.9377454956241933
1.7790253727187253
1.7635135578989969
0.8728670362038511
1.3770323653826144
1.2283963545779948
1.271117712898618
1.4696692972860752
1.4072301274370347
1.6773702742820424
1.8366033535986372
1.2305995641670977
1.929566404323449
1.5246182652737033
2.1334935015998253
2.3104158188922725
1.121124722620905
1.8317495207986831
0.5453419162350636
1.9841210566792442
1.4293996027516784
0.9270108508184486
0.8196947194816933
1.2759810464345873
1.4717681719181328
1.3117839414881756
1.3022546851159915
0.9840256871267922
1.4879316013004995
1.1820582181319754
2.3517016414811365
0.8510569149997379
1.8371177363778637
0.7866328149634852
1.6013264442315998
1.485650402521329
1.1765473187732451
0.7815712427595447
1.1099418490987643
1.1283369537537888
0.9330465852194657
1.5955527781738061
1.4521199838017886
1.1317889613516976
1.5847871357410734
1.0034483026082277
1.4566568868467964
1.1933904406180056
1.8943424278197194
1.9463796172013124
1.1732728452636336
1.670263664689383
1.8764875719809107
0.7283813975706072
1.7824048196229794
1.861687995116714
1.8589988682572463
1.1833886756614762
1.1703528923155826
2.1084081610449847
0.4725889234655398
1.4385773989362636
1.2419073977272796
1.3200771494417052
1.092484327432266
1.271927468310221
1.68632263439091
1.2471102784986383
0.8686228497481885
1.918974284149579
2.7217787198101804
1.2849876112784127
1.912320063318174
1.1759455190860735
0.7765726256458019
1.764111816900953
2.267426530701868
0.5493494686191163
1.653327880747626
1.9586716953915506
1.9007064779704916
1.8814250915216846
1.5122167980905599
1.5026797964352343
1.615657361807477
1.7242988404654727
0.8785718085693632
1.3065068457555615
1.7140945291772767
1.3220548773355332
1.3962184426374662
1.3487756467299619
1.1911390283396892
0.8665507238786281
0.7245691758304558
0.6689586756933283
0.8710676598252227
1.4107727754521413
1.6744764925850701
0.907872723592225
1.9710067061965615
1.7960284163469025
1.8855221506524733
1.5448095022565913
0.973244581626808
1.6960021979481137
1.1146887733782607
1.567276652279264
1.0307263277635674
0.8530289148661848
2.1253865257989237
2.3002796961278293
0.6656282499521843
1.877808272162184
1.0200403907177518
1.6931597017708302
0.8379403602529284
1.2514897687129207
0.6730222502721004
0.5118459027926401
0.7430069100034132
1.5326758525124327
1.4795829790726667
1.7660596131099016
1.6548537217022325
1.6324630829546825
1.823735962364981
0.7682105696643602
1.8456388396502856
1.9060068029075627
1.8013729647623444
1.3673419694854012
1.738781746308633
1.011714478070542
1.2243439085507406
0.8485148660469535
0.6936113695246207
0.9359931159961047
2.0380334063376186
0.8586603454756344
1.7999118448005706
0.6006297951198528
1.3724223965501459
0.8316393248320696
1.4156826938381288
1.3764247181219862
1.369654307160191
1.7340303202925003
1.7456655897025024
1.1616296690663492
2.32206314352483
1.34051368525764
1.5240453102706735
1.0735757707598488
1.8362626998979106
1.0973115108816383
1.691767024004081
1.0594790706904276
1.1104186417561916
0.9718551001774138
0.9280298466352741
1.2729417650458659
1.2143708181492465
1.5428729154934837
1.2516403348867715
0.8996693784993112
1.407985962752363
0.8420359792773084
1.5602059164320725
1.1543390794609723
1.6927274446663558
1.441630781294017
2.0543448135789295
1.7978490168616819
1.5632716915952134
1.0549781512575358
1.1424621386052787
0.4102048970312081
1.7349907542628835
2.152074466984044
0.36201340208672833
0.4911218836117809
1.063715656754843
1.9091256273330424
0.7678103427416052
1.4577793986921808
1.522632127493448
1.3069963794188884
1.7790291245577758
1.2248650285214011
1.919542979033084
1.2168143016268258
1.172983501749656
2.071075005026799
0.2956708387987025
1.2286188312582793
1.504955744243098
2.1840667072032574
1.2382186487163884
1.684033995770516
0.10819322973733903
2.667458197996404
0.9709044583595446
1.0787975794539693
1.2063144519259568
1.7663950770087538
1.5720470187706324
0.8067205546987862
1.6769692072097524
1.731383125944641
1.9151453524207347
1.6832689107369316
1.0569802886894528
0.7994679265031729
1.1502493831697436
1.05449187166242
1.8585049661689468
0.2336861855232158
0.7739613537197421
1.6064413181626613
1.3542654781914545
1.5887404966263103
1.5031353800559148
1.652355021928638
0.7257080681143118
1.3306310908296561
