0
35.23685060707396
34.4658438373306
34.376281134729
37.795312528886114
37.13132696715564
39.9378873024186
42.20838684103911
37.70696737263057
33.344048537156795
36.55723156471931
39.62939458993513
37.907855401816505
36.7464336199824
39.25985450953094
38.28102588853514
33.381872502831754
41.11793158259086
39.611911960168854
37.632748268610726
36.192817438277814
41.93581635023371
36.442818103363244
42.196849428109516
52.370764954400556
48.23243815040522
39.092923543386895
54.825300546783076
44.34705703792132
35.43649237741154
32.426285994479656
36.89351935204079
37.59140955140729
37.395250023764156
34.940009015376
30.433353168923627
48.84335943386656
42.45123859570537
39.51401377131498
45.216213257797115
36.19128784443448
34.386043417631996
31.076824762607977
37.440098913157655
30.456286072929775
39.98485103023627
40.97597194125484
42.20146971762853
37.307725045343396
42.771685182598
40.25851725941813
35.16319358313051
36.36201116699932
30.712635207070775
41.943785676324424
41.81080274101904
41.547475157739
40.38508817229209
42.700107521532
40.04325639230197
24.79197435513639
29.99988340909408
37.04146594436974
33.26467157618702
32.107815844992516
30.589116701556936
34.05484428271004
30.291155293472155
42.4707463378179
32.16002656272959
40.08262535771962
37.27437912054514
37.88623240639854
41.38866331523805
41.63229121673532
45.683528847524514
41.64102386062975
33.144686929657325
32.76925454040458
33.08013788701297
36.12500969260059
33.46506516037024
33.017932110190465
43.4883379409881
42.941386129254376
42.5589165679637
39.230747875755014
34.53189274366697
36.42140393818301
35.551678436768654
37.67805133918632
42.95677577981708
38.63427121397522
39.78675906030237
36.8759293742223
38.411352703577535
42.37528021625789
31.470998577637147
39.44780154014455
38.79462508193921
31.09391927677612
37.721199477560376
39.72366439318756
41.98218251910547
34.82494287969187
38.217934344507235
36.70260941441305
40.05848184577951
35.013642929065
34.45076120464597
34.27719242926835
39.00476677195106
28.60414114474179
26.8098365504913
31.94634883787965
30.459848913344832
30.765947009202698
27.437267936436683
28.677651977963972
27.989782573935965
26.923050272260948
16.694377144385726
31.742239637512952
32.58410746939764
44.2424133267109
30.449224312483587
37.59987498381099
40.85233897644356
36.96710396211926
34.118379571222924
42.911393520581946
39.587764183708664
51.47520292583566
28.84613029153101
35.73589018295366
35.39694016171668
43.99734650997181
42.11432218778504
40.863310634505964
25.741633090109094
31.655395058353907
38.404111347712664
38.178806281024265
42.89584010749135
36.92671289039665
38.388494578272336
29.997051544514182
40.244232695844076
34.306229106535945
40.295140526613245
43.93970682976891
42.019796822451006
48.27271438433826
34.63924062377252
42.05542979432308
40.639495746278705
39.02703005500335
34.304552626382545
41.1624508717806
35.853911187769924
36.101045212751316
32.49065405761283
36.828882805954464
31.393310441073673
39.770049872063055
35.463494593967496
39.533090527158436
39.276456762782686
37.555303117547524
38.674530368095176
40.245799561650664
31.813834830579648
32.49095996574911
39.796625835202164
32.611747783139556
37.023534929814545
36.16477822721881
35.036891630562884
37.85396386589126
44.81121914074306
38.33131605449366
38.16148823731441
43.370079108943216
46.49206491069761
35.302970534346024
41.25440485064075
42.007022919984564
37.543613068612665
39.97415166973461
38.59069876559929
36.843153417995204
35.30075029027485
41.54594297709909
40.239290801228194
47.57352667630941
48.79266716576019
47.08674661404338
42.26138298576814
39.52595181085895
41.34686463175902
44.45427625881604
31.46552916471019
27.580691488924305
29.798810054019675
29.485848193515185
25.64327393459385
39.36295770489679
33.78678868218224
38.74031370900667
51.53125731130552
30.222801882256476
39.60920698877736
38.743933201756576
39.9096788751388
36.150668190260305
37.829194586197346
47.806793326264824
47.82947765788548
49.74361953539832
32.29229402302247
30.97990121790674
30.62049197930559
40.03954625063902
36.982775727132385
38.17282543128705
37.100274794874785
39.890812579988506
37.29603032191107
35.411934296584576
39.926890798745845
36.783344346894964
37.23071903969502
35.62591096336846
36.828408110984554
39.83709666512718
38.84549101635781
36.43469410713528
36.93171397536384
38.565919004044275
41.84709098646239
34.55724093379444
37.37949081098672
38.62075536945744
34.77870593168853
33.54209364993887
34.867904535301854
40.09814290163599
40.61201414060145
39.35694457522411
34.71043963911008
41.013464261783284
34.04092628717275
36.21298853795229
37.865638503632546
39.838182310210286
45.52616021484079
27.946740500627847
41.20244890036817
38.86046912516252
38.3596680534527
39.15417025079791
34.77370773083791
45.260442614812746
38.19560385736375
46.68660991158133
38.83422295899454
38.63152719724636
40.19300261666387
37.31242737994288
28.07441433299382
31.05251579403986
38.66473378498832
39.51999327729773
45.12778737783788
34.310413131661655
35.37483393102887
35.28062897902767
50.121218044417994
44.82420307269871
36.33666799520644
40.014983270743365
43.41307249536651
44.25214871554463
35.42535064272188
29.569024388283996
30.58307612078073
32.287769633888935
28.111703037776163
36.922231896533184
37.743727879558094
37.33631036140577
35.60740686564228
39.9941401939402
32.42131169217021
35.58687415295935
34.80232812351879
31.554629760852738
37.949564842941264
38.86752854786173
41.88291127969579
38.264741612233344
38.96821588507875
37.84155309985694
45.41241222944613
25.230831391481466
42.93262317943784
38.76040110449607
37.96923753193231
36.01670031446053
31.38014054555685
29.38042967202949
26.920647844234225
32.38089175794411
34.866888841231074
38.84530577318354
48.62400794335799
40.49236547170259
44.19168433420502
36.41277511130899
42.297049917042116
39.51591880050317
34.97063538238237
35.75096241838442
38.97175817611731
45.19817053221338
40.43850874118339
41.4916476793207
38.02182744809764
42.408908385705594
41.207528448523206
40.99509900082355
28.329198406345633
35.88323688224947
32.19092160965439
35.457779296071365
39.01126247778384
43.793518133681445
46.49245595587835
40.209892167789825
35.37316902788885
31.684615754357456
38.128361684041536
34.19055411373018
34.12695441575854
37.86850923776083
32.09759518959373
44.66526034618336
35.76883249555176
39.59024437120812
39.127185468016954
38.68083549762892
37.43770001501949
38.75063609363865
35.97073234229356
40.33385313401739
35.34240659434252
38.03455634113312
42.131514541589354
42.98742887228784
43.338570120855785
34.378430368828205
49.31188777965649
48.71268890932323
23.942969809166037
35.75239758809908
32.763210453713995
34.466307050643834
38.83641173601547
44.45277366594776
43.32178953302413
30.208858058947694
31.71655949184321
33.703905979738565
42.107919673721824
35.378548737248124
27.74248031980369
33.42988699397385
44.840180526654144
38.223656628492314
38.803317406861666
34.78870332980106
41.7774154286701
38.99558921855217
41.790519481562455
45.66332193698876
46.52975691831575
42.41946163694265
47.17877080760534
43.48745958410561
42.772152521103344
40.768299745261594
39.22736891768606
39.78453981550483
37.08597444321162
36.725187617895536
39.22079979921235
31.280622203188386
30.89233281702867
36.61790673096542
37.305249134597545
28.047890645099827
34.413374434708274
25.759662037313873
27.582021936436735
27.811442366292162
26.7968714076623
38.96953167883122
31.339194261858783
43.45611049550116
44.84542193653571
36.55827672263777
44.67089972935019
34.7930182101064
42.18677489791179
30.952202008738904
22.350528676528466
22.98539265503491
25.064494105178845
26.733311738589563
27.468011167160203
31.020156335678262
27.869186264140467
31.942628307671928
36.17467650296331
30.71816182020699
32.760832718604895
49.723077502211176
53.823135284904616
43.884641178417176
38.14160417836605
32.603571083882294
39.93492510597365
42.16798123956062
36.73701966576085
41.13223597767824
32.282726695977686
36.09195169927804
34.745005719022714
31.256238584340387
34.854270749966865
41.70075099319861
36.99912438457486
33.97635007509764
34.96246505014348
36.53143795767284
43.960600902144584
28.199813523759875
29.74154461972732
25.927054346528248
26.21458401042739
24.19611880377574
21.276131476165997
21.209515535593994
22.41587130249061
25.947868073848973
26.73340110332732
36.61169641162003
40.07874212153989
40.00936469369626
38.64391779036784
36.24073075965325
41.335047313411906
40.08585523807987
42.54713101023275
37.391151028637374
38.50197035126007
39.656080310629726
37.80809906699084
36.089258409455574
38.57839812287205
29.961895549942415
29.827842539666026
38.209540903159244
42.166577465680234
34.13601557652392
40.893663257588315
25.027220962533384
24.694287586052372
44.66875254515356
45.1887112790069
36.79144032400669
35.27035854299914
35.343511451715344
34.828803690079106
34.376237523360246
36.05634203636421
33.411345813330925
31.12217501825939
33.058985627372984
31.26574776370701
39.00046499689482
37.72982756681237
40.681467769087774
29.912801312745888
41.926686101927345
42.76247956881902
39.913853395018585
39.90499898895343
48.90965495219186
33.85651135097305
30.86759171409308
31.366005335838558
37.41183322118809
35.71463852116474
37.9530657832255
34.224135467659586
38.16342500595752
36.07034114262742
39.55259556717503
32.006871642057106
41.53361103414213
36.68642451337953
37.92809136163981
32.52669761556643
31.924582677224134
35.707657950623506
40.32275261224808
35.42860418952548
30.163681562073297
31.971646827676842
42.54932933783008
43.62919890966743
37.93841859384192
38.044466284845065
36.24455702218938
38.26012222599299
35.0633085987513
38.368370191514884
38.2023097206094
39.48743642560486
33.81140111946229
26.826200610150977
34.4960833511644
45.70534149149769
40.3476084437898
39.33885767465855
35.72531455387727
41.843395107678134
36.58524870093298
40.635248571644695
36.00038684489452
32.16244674552587
36.73241404373514
33.28431018664127
40.10868241958006
35.15216271026436
38.12758161633912
28.65335891331735
38.97751544170655
37.32620676230352
33.20107229523724
34.78544757317324
36.62907861809568
39.07363240412322
37.84908261693403
41.38028711504651
47.982624053707355
36.374407343592445
41.36013166951202
39.38535888391995
36.33169645527736
44.74052098187688
25.224286717084492
24.410654888121456
27.7274583119473
32.53661084682269
39.23220772916101
30.799004262553566
37.56287559964441
35.368733149516856
37.35990679796111
41.734016972466016
38.176108454415726
38.22047522876822
35.07203393468673
31.35809174665888
27.360436378561857
33.268658232809706
28.093003643040472
35.24716608333035
35.43813657744328
30.28174904414509
30.64310963820589
31.275583009191102
31.48850868132568
37.996620775224095
36.34252684025644
36.815160171483235
35.81796894571191
33.66923364435977
42.804793681615685
47.40968287343911
42.233513093357786
46.978445029866414
44.41171104654565
35.93009022288356
33.62680773387952
36.75371704229775
32.3359681762407
35.773129106831995
37.68094267885616
36.46588899091868
37.65920722195783
45.065801395924474
31.3289897302262
30.90516103678875
29.599230431152638
34.03953498583992
37.90960107156044
41.70328327903636
30.603188064200143
34.743422779991185
35.098220337563134
35.479453399949705
31.388681031760996
40.00100968982456
38.00969237863409
30.26980782549287
29.781000914811596
41.66442642931412
40.00414749438844
43.35781155757762
36.22441549854326
38.695099327633855
40.3674676593965
33.96589854772126
37.10856724123768
37.40270812473786
38.27525355104928
35.13045500128031
36.414977026768646
39.043832211794225
38.07520136005278
42.38884964546447
40.50236183419437
45.46309633054686
39.82712709710855
35.197609755334426
29.9117187774134
32.19037535821725
30.529426124676114
26.560209017877582
35.21485304279579
34.534452102912496
38.656463253329335
40.07493763996662
34.043335670298774
50.81329361904643
33.83276971541185
33.82939815489549
43.75150784336596
36.087436586082156
43.456280138465324
36.403068225130106
37.36250453751658
31.423917559093294
35.17206298011755
34.325216908577104
32.437435345853075
38.496506328071895
46.75963440856665
51.89684909131733
45.43291104772043
45.45355208488623
43.95877237691202
31.999325824449077
25.748510743699477
32.21512840782021
31.935636295423958
34.747099829006345
31.47334537514542
42.90601347858753
37.779866262583425
47.922538854497795
40.43716488694404
38.135380776015865
31.938066154653484
31.032408390031502
29.57752076567459
36.38683816522695
32.11413934360668
35.18607590694413
32.10522688169966
34.828965694287945
36.06682392959836
46.095294015556675
43.8351639677267
35.380855113893
39.92759461549727
34.79487415911896
34.0074648387595
37.06832704351498
36.00809482766555
45.48264286961651
41.17998913393843
35.310303342858944
40.775138750932655
39.27735095132615
41.07435656689846
36.76572362217551
22.72000037311364
22.656727418993714
22.177670814974803
33.666603435157214
40.323270055227766
39.34492845083588
39.9701517001343
37.118964962228304
41.8544033325611
30.31618525015288
39.687470333329294
35.738251051888916
40.820016628325135
30.23317608554969
38.2003855900877
41.113664422320326
26.288244316314582
38.79904131955809
43.32186343150064
35.80473583439931
36.25236319924423
40.32930890780452
36.46787793896251
39.27083770944238
38.133107490668614
36.55559004154937
36.280073652180164
36.93915688023889
34.590494286529996
42.0368945253562
43.37802854959792
49.55037236368759
51.51649310378731
50.97699596403796
48.59168524967901
52.05994967696422
38.233125206432575
41.12084046052691
36.95821468671193
37.021117647009966
38.990554794992384
39.98908858252854
38.491314713901275
38.70124373431989
37.616040814836985
38.4678048186424
36.75799431038583
38.65856754941337
38.77245689616389
34.726045608137476
44.019968066473666
30.904135794776078
42.80527399217792
46.081586712306304
38.81255749597347
36.467327798697994
36.871597281596976
39.142749997100985
42.82239686372855
36.1143582770371
36.53694529967006
38.11098784186572
37.865558710487164
32.41466615337273
37.036395286071865
36.58865526764562
32.22860167910944
34.54551122996858
35.472129282756946
38.49537634041261
40.45086352416744
38.930491497950044
30.933774349579842
31.943224975241318
37.024798164117065
40.447666620322835
35.485630121992415
36.71550530074058
32.35266610264363
35.48360545568063
38.82641797554268
38.98823615013092
42.12425197045578
41.28924788919669
40.45205352702611
39.8458583623305
30.819729931799806
36.992293699093054
39.85753822649415
39.0361948863937
37.26854275806491
38.057949501269064
40.52757195119609
34.96809635946972
31.162813604389846
31.2529628964658
23.2782347699473
22.962258618853586
26.700828783010103
22.763180960069956
25.107671591127907
29.361317520704013
28.521807325959955
35.34759426782305
37.57440933332073
35.974772323651514
37.772015173553505
32.86702914296734
38.464306509452015
39.060016201544634
38.9022010063313
39.026222586668794
38.18108369190873
42.98564422169218
36.33262430668929
34.98525479437016
40.0335778213324
38.902503946332615
29.85242646629658
25.6932877886877
26.605513540749573
38.278981611699784
31.48799764542148
36.436398827970976
42.83271715063774
39.79700845929039
40.92380705651372
42.630212517273534
35.80860071611406
41.14406837905345
43.013663135214266
40.75923675673755
37.04504063891337
40.581775455166415
39.08450959539349
30.650225831470113
37.21849914457257
35.63223062793048
39.20327454794387
42.00238829284226
35.111380457497006
36.3932536091941
37.75578855533614
41.882406825102834
34.593992316971786
33.79080107620334
38.265898502758645
37.871565257366605
23.017895547429713
32.196783641409134
25.68420464501842
34.332066100610085
33.25833211490597
40.91935863184535
32.257430898316564
33.140964814172435
32.92979613725691
29.64222069461985
37.947276247706675
40.29512074302058
40.03374292591385
46.53322732229979
29.872159433287653
35.28165557510312
35.866285462299395
35.91948361247737
42.29406505822354
40.96086904210245
28.33501080880201
29.154301172526747
31.43750076945136
32.89650613710222
35.02287715146807
32.45455775702777
28.38278139771414
42.19981910315958
39.488526998695924
36.255884639333836
39.42058430684848
30.313052766951383
44.99252288896744
43.95730067647048
44.09804297113699
43.14986206922802
42.992585125259545
32.7242402256076
35.84804822362827
36.72079826770932
36.55420104731164
42.98454641609748
45.296923048882164
37.768809778143364
34.344260764215214
35.529901336765334
22.68028141657325
26.153338374695362
35.92659497698298
35.56718217317888
31.986421612773036
37.49590533317186
28.520253539030193
27.371350484429726
27.415895211660903
27.45468398520318
33.75407760140061
42.09031595041403
35.025925491092124
31.528678455773814
36.93009853782866
25.25819377100452
17.558832364703104
17.558832364703104
17.558832364703104
17.81856607349312
17.5487009153113
20.867245271068978
29.46859697910344
37.87405914651823
31.729263104605824
45.98150499230039
40.17426484524109
45.721251832618734
38.21812405665469
37.136754594778985
39.363752122240015
36.079545398303985
36.425437175724554
34.875561961228726
37.70692591210902
34.811579658225995
35.08859598318935
25.35983531292386
38.895847678098576
38.834237547278576
30.20244691197483
36.28501071958979
29.914123329715835
31.31159523714728
28.060145499331256
30.701783236794537
30.59492293255563
30.694287607529905
34.06033577312364
34.009281381077315
43.78975148475268
48.320322660140974
44.41116774650891
38.667817185410016
31.013618928208704
33.20056345673276
44.4052848520077
29.731307150783657
34.66139385242546
38.90406567225512
31.21988073234412
38.099264214359074
36.4046056979986
36.23138721072053
40.17643116842149
22.008377601140854
18.791768199290814
38.336787492489336
34.916666256370036
35.12991781166348
36.743181261687795
41.2406124198055
43.462584753069706
34.749234453140915
33.040671836835905
42.03461836335923
39.99852657060292
37.34552928979585
41.77323538427996
35.884425415410874
33.114585910944704
39.823846657081894
38.930892723619785
37.69194183308793
37.42053330805074
31.403531230108698
34.58253948678859
33.90340228142368
32.79244336075009
38.00457462861417
36.43495662685078
35.47799052282036
38.993209533589564
35.87398884969327
41.05636955800809
42.448227916762654
38.01657650620451
37.78106026680207
39.16507902028505
39.250191359574735
38.890886006550964
38.22804715818948
40.2214431429322
37.54340868541413
39.964049602934175
36.14790796794593
33.88310404403184
30.473408660808705
35.16624704688469
35.54247723693491
35.55873227223749
37.57581967626864
38.4914791263349
35.137105232382645
39.93564271224285
33.75118521108001
31.398786061532952
31.68453366868691
33.0785222414889
34.873901137172794
42.324537418575524
41.59009875756345
29.10880851044952
36.424482175565174
36.33921237696513
40.26978518966897
40.050115585080334
41.38820439114757
40.389338651541415
40.54044083107051
38.723741735453274
30.317454109242483
30.087230640051793
28.430195495963932
23.072930182964843
18.501402490370467
33.1994821385836
39.24935797038761
42.78109302494455
46.899707389247446
38.99321342615705
39.45511756191223
32.89686357327973
39.991088451429604
38.065370260718616
39.34718872047669
37.4739518177969
38.88506252752438
39.096010747538266
38.626473091970844
36.02306988679319
37.33676166113234
30.49822042189097
44.97380027601898
36.56907694416363
35.0400708644817
38.888067536494454
34.907730913247846
35.0591617577567
40.1004356387885
39.47784579620036
34.966887779629985
38.62220659000781
33.24237485931307
26.639388453781834
34.8153159917905
28.05857182623774
43.582447643854636
32.61397976765015
36.16763218264546
39.813452242283375
37.34467532060478
39.90957825703593
37.23036774236724
42.64747801357467
40.919832683942325
35.30196019531452
39.80621528710274
34.03665104643054
36.687187948458
37.331402352022344
35.14542117725801
36.067802087639585
36.49465361488206
40.15276615267486
39.88265350165051
39.18012905968265
36.38665294214941
41.472383509105036
37.89008500924676
36.30495018865445
41.424117122226725
40.12132276413865
46.38037949679596
40.05070601087877
37.243662271758524
37.703627407033494
36.126452619108704
38.184444424954435
38.56284537783376
42.635280171289004
44.52084081402545
42.266259924095856
36.02114683974321
39.71566498785867
35.61512569574501
37.440424941652935
31.940783262685553
37.72667275759357
36.571043781356856
40.27387713428502
37.794934606835014
43.207191096176494
36.555525358553176
31.348577520082102
38.376050205299904
42.266765489896564
41.98242713431414
35.93218019602669
40.92336876515919
36.35307034615029
36.73872871811084
40.66065306750977
38.146406319340755
38.119377347929294
42.17786348707744
43.57907794824624
40.81408158586118
47.80213796667472
48.522835778635866
44.20705740695472
36.714709152463044
40.405474743124756
41.22701498975058
36.69117886243741
37.99586859738885
34.05173288572952
39.4535107219033
42.59550335277238
34.47966169016705
40.03632204637382
33.106340390675875
31.475830331372336
33.150172490700804
36.82674653006547
39.566691588184426
38.7655977302802
33.74688982835006
43.081845031462215
38.26467350531218
39.16245652537167
37.752885051322664
38.144709720647946
35.927796861112704
34.72227801914996
40.01567395120771
37.86123729008124
35.87829070314102
41.87663580480194
33.095005764803005
30.91493808333253
35.298277946269735
34.067843231360456
37.657469264061305
39.95926917674163
34.7223137849736
39.15073608013947
37.50382368206315
48.46859458699552
44.536854622112195
49.66779338590495
31.665938205020314
34.24402545786284
34.487287943359476
32.66776076286793
36.56759906344464
41.44468661821458
39.10158776426091
29.074042641807527
26.69439929465273
41.48663506733422
35.852315088923994
43.86392741339029
38.53023941601185
32.55991561874683
32.39181893051233
39.692604504067305
42.07284188505232
37.013308547202655
38.49339227382875
34.50847916143183
29.69787884996626
27.07181195024591
32.7571720134908
30.51830084639265
32.52686034604721
40.89009295327818
36.43854650246106
35.80071097361034
46.93465425316733
44.11181208114115
41.84276910171258
43.26348759086976
38.371678100107545
33.987832326457216
32.516597775448034
33.84722034408624
32.238546161828644
34.219678682877856
32.9517577596225
33.528277387804735
42.97137888041036
34.35682482496952
38.67879787940237
33.2237503544069
39.450352464329995
32.945211077815735
39.00927998003389
36.72177813800644
41.7373493266054
41.19048394470919
44.07037278790798
34.463187285776925
30.83749510063667
35.28864453158344
38.86786147119251
43.999544661444304
40.05949000656485
30.95314027089329
32.90205094503366
33.0077685982324
38.032539452036445
38.09840650399911
43.43856240271501
29.70877684488845
42.583915510810286
36.96351479490477
38.18345320749128
33.822137937145726
34.82924086865855
38.078221199008766
37.12352884430626
38.63885563545111
36.777642977631835
39.034473488697294
34.943560139379024
34.39259084159067
35.53159145006414
38.30894960381697
26.10955480891032
30.266796403363774
41.80619874415718
38.940423119498206
31.678543010500388
36.85677384170432
40.79486850056812
36.49987720847714
36.694404107126346
36.69621687020109
33.251713696852114
36.895663618911115
39.548171266098194
35.30871917432654
43.844196599936566
39.57303340563884
35.977895953134
42.1182147799822
32.55030510186138
36.54147009199295
38.40564705278068
37.654184932006046
40.99104841344865
39.48226379457055
39.92649912817417
37.0420412014377
35.345260396906305
38.22662091726555
36.25353791353951
36.177972816694144
35.33109064163517
38.66826545781138
32.53484977600744
21.89512994901397
25.159777928717936
26.531822206183683
25.33750971910379
38.265486496509205
38.429461206773944
41.35432952194237
40.5010312080481
33.69433195658889
33.70591592316797
33.73759814670235
38.1895526543549
41.25533809812089
56.42487329234049
26.08806390175558
27.797933685504244
29.64051548866139
32.980958717926676
30.828221505572582
27.879548033259123
47.87983915264286
50.548877296970495
34.65495026023962
31.965444085533647
28.395903356603817
36.2443897826926
33.944010024759294
33.706776212757234
34.61190714706777
33.21444935895164
41.147854954622346
30.84979905658459
40.31679011365775
40.86630426094344
35.69519080236758
34.02464481395671
40.132745340410374
37.76897220719397
40.30976117932527
32.85443168659185
41.68160679405875
28.126365691003382
35.94522325329062
36.14059624106212
33.207872900071386
35.22164859623613
42.923730698319325
39.05678231241079
36.10391522775917
37.83339647006313
44.902228251477766
43.99549864285807
39.48856508458938
37.5774909191152
41.9742027812825
40.0831240098549
43.428421195209765
26.328893874417307
26.147151383264656
30.51180217322474
40.754446964056854
39.37066813559173
33.21340955531964
34.808184120043705
40.89226173684119
35.49627095605521
34.24510646935275
35.81787492506444
48.206592781374546
29.380995603126856
33.79869788450032
39.56172318649816
35.836692490496226
34.57143867704889
35.197147262900884
28.516160318122477
47.979272214858206
27.161288394315775
35.718280709177286
43.752848821520026
36.136145087383696
33.757802241653984
33.36085763943368
37.30483813074248
32.94353212878908
32.315203492621826
42.0829298732773
38.52785196997203
36.71347993283417
42.61378985308983
35.31487523053546
39.57248204059412
39.26323033512643
38.902719330376904
40.61712631417593
31.81120466755343
42.02129386887301
44.1105202474449
39.673430537755756
35.6396029909313
38.10093745276481
39.50709005229482
33.69257119262485
34.91625804202438
34.28022714894485
30.632643714144276
33.304063402345626
38.896007201621295
38.74637220554626
38.02079896198628
38.295997519336645
35.859088318629794
40.22712872774457
39.35217999129797
45.320431821756046
34.16376029634887
32.20000333927114
35.87494295044497
44.814958066389
44.62332980281608
44.62332980281608
46.01117125849749
41.786088577686954
50.30922089340155
46.526437805480555
44.90282709649659
39.300708994007095
40.51242096980724
34.66022467716946
36.93057355769603
39.48058669262561
36.76231054973565
33.11367676588629
32.90507220667634
29.36420580899106
41.39697663592837
40.25746191740569
36.05548893682281
39.0034019941002
38.50934544781333
36.80785098180199
34.719919478916395
42.36265032165214
46.88385954007926
42.14046741636735
34.71730821483436
34.067292299926955
34.738413484132295
34.81179180797067
35.63016651424944
34.94236446107691
29.785128032910592
37.239663389904614
47.86482771991338
40.61095373749286
41.12336371979609
34.89103689563369
38.77611826980738
40.49018340661653
32.50549877248589
41.41529520511916
46.68517698779701
35.90027626864282
46.654251130263034
38.60793061787238
35.90842353171557
36.29951209299308
28.83919590401672
37.89869384032804
38.613571193144615
30.098569849332353
41.35824064829346
41.62272373677632
27.152003030775372
26.11598714149559
15.905465044819458
43.551209205106886
31.857480410434498
33.74186173961416
40.734528938044214
40.77508760911864
38.591971449251325
36.10362328764844
36.31173444730528
38.324951602977876
40.527710198232676
23.876773544519413
48.394881196562686
37.09648410722945
32.781473996023124
38.52819357885973
34.47627847087379
36.69998077470374
36.811422277798115
36.45420221638038
37.2291088388589
35.98976641796023
47.713044100838424
49.08202933289143
40.690337017805575
40.31137764853686
37.83101577696282
35.49970707232711
29.909622832174616
37.12856128240238
35.38966753380349
32.23552637135678
36.13848990245961
40.35706550649378
33.22806249351088
33.18230261245958
44.77764329351564
42.544443856633464
50.975742876790925
49.46441608851083
46.94454859020149
50.155754652938334
48.57392472197637
49.328816243212366
48.518935594110545
29.12660659005789
40.564259589420985
27.058832356269917
31.280172054124176
44.69014103933776
41.44104488214881
32.60274566714877
40.64180271336476
38.37021255238125
40.41970797350108
42.03349131747805
46.02873619522146
35.08673175013837
41.282271076850705
40.082938571534854
38.684539800541465
41.16231389381047
30.115582472654324
32.762648323720086
37.89258487303942
35.55482661429088
38.102515416117505
34.48049793642555
36.00792565153082
34.83171982518512
35.78515847867877
35.433009369063136
34.91701970653501
35.23470432965226
38.79237248062721
33.63317014502072
35.37785105469034
33.16368750474342
46.04647062177334
39.46932715776541
38.22885629934107
37.157082576077684
38.97465717094906
39.8245874153032
39.735394178105345
39.8569407518715
41.826161692563495
41.55376771718872
38.89405050569074
39.23498654701771
33.89803019288776
35.001245402863844
37.57016440183015
34.571512388772355
41.78643371274695
36.378837222869905
35.98832670698767
35.60237075596212
36.86892630373242
29.69235074064304
20.76609463157238
23.18455562914901
43.03154829530643
36.188203834946535
35.03318464159028
42.11547158647601
29.93719785470016
27.134812797640116
40.905687101610326
40.97205654604552
35.09971762429647
36.61861813788009
40.55575083868212
37.128459890090305
31.92441163134731
31.472819633332367
48.10631193949501
40.36881284701792
39.44981283936783
24.461548440560325
29.273405214272096
31.18289346408952
40.42620342106187
36.56825142209305
30.106267242838967
28.246960288786987
28.458830391605886
43.925169597111555
26.13615253787067
36.90725347621878
33.93061704745566
48.25277072003697
39.920722432179886
33.92876760872966
38.94431521501625
36.27798136727577
38.04965027713419
35.88980564527576
42.02396350631924
37.61765926096643
35.35404362037052
34.3330413836471
43.126198841325674
34.38003148236107
40.922906519549635
34.99258930093295
36.63446080360063
35.692408183038836
39.94461306664323
43.51224552695419
37.49209707271385
41.72349124793749
29.450644482587837
47.19738192187953
40.091477664557246
39.641123026290344
40.289089719820446
38.18449804980368
39.25718654503182
37.29207309382691
33.255352595746416
29.642773020193992
34.66541477192327
32.68089691399527
39.36191932775225
27.1430054345432
28.000962221436264
36.101298824112284
40.20727097701895
35.812059076033336
40.209819000048945
35.77797474145707
41.27804845741203
35.62886207958477
40.117909541110734
45.136317212965466
38.25656541160551
37.366778674329346
37.366778674329346
37.5255578530411
38.08939158583458
39.39332520452827
39.38282548333271
39.38282548333271
39.38282548333271
40.76222721366356
44.55006251049945
51.949137343313964
46.46495396889998
37.584149511590155
33.12809861923326
38.985794612569386
38.03236181775967
42.08639917061706
35.68772172768595
39.37404939692851
34.769549820218124
36.66275279425977
36.073702322351856
34.698631785162284
39.65085536190422
33.6253834032431
34.23469228238531
36.17686815298812
42.607633888311824
43.344309250108225
36.24153446087427
35.945720709810246
40.35151933277256
35.869162968308274
40.67260588730252
39.26563519535734
34.681373334055756
48.64482954874969
46.47634268958924
39.252979639629324
37.460735860952866
33.03695972804589
37.38409034162563
38.13368712363087
34.634070398962464
31.363775667869827
35.330502247823155
31.082606962243016
36.736428367761896
34.698617239389684
36.978227054610045
37.12696027128705
36.611845170315455
33.57156333462238
39.489161505073696
37.36290540456246
40.405100372447635
40.79099201861428
41.29885993157405
37.18747655586174
38.1157646525366
38.51303396450127
39.38278530362553
34.100530278317
40.766541755554954
38.71629838028261
48.75969439154562
38.30924180725214
37.46103972039629
38.86824931046444
41.83696047769198
33.85718765112134
36.161029231406054
32.07701769956696
48.887445043212765
44.47132274163786
24.212039757634972
28.83971825518122
36.840949745990365
34.08134143287666
36.11071795998797
36.39383759624894
41.17749954055571
37.63710954742466
40.88254364964941
39.3033041549588
40.23459649148753
33.6234600387796
37.92663201129609
41.35418435329447
43.75280904703673
39.0571192577904
40.72052979996139
36.08680587453307
33.099302059525
32.786915265254734
31.722428293254776
29.65289802397216
36.422013295254935
40.633328829409415
41.01818525833173
34.07091078692942
51.874038816643576
50.012953377172416
36.04960099435226
44.21156228466762
33.982918936022976
31.36635652653558
34.34136442187439
39.52417584170949
38.78778472777805
40.692926741279926
38.59946458744813
36.11111718737139
37.33083929641727
34.79418534645871
37.46830226624287
35.80803795953732
34.01006949056352
35.91985228887164
34.39264013287613
36.29255194928463
42.00948536717337
28.252968315428735
38.408522299971054
36.2339732912236
41.1249713137446
37.93499338124832
31.871554992981796
30.700080512825455
31.020732675326947
35.24559206517354
32.48101406111391
34.404312104142825
34.29677131885942
34.295067649928214
39.3070210552322
40.557490591424155
33.326101678836984
38.33138016205156
35.20768372803702
40.91678217034499
40.3030933429753
42.254550634697594
33.88642743337641
43.7873274013082
40.316923612058794
38.463033760759956
37.55080411310561
38.23615256444223
38.090377168465444
39.045427890509224
41.55370800445715
37.087264010466754
36.00353779473768
46.6033045649891
43.64499353849782
40.350206324647154
37.802091480256166
36.36738347144874
22.646277820502135
37.225433172372114
45.75057512230143
42.263244832314165
41.7687712636201
35.23065108241268
45.4362072984039
41.93359999273454
34.3179755480763
42.13781048954215
39.20108154678516
40.814472097952496
37.08800720409102
35.965966111372964
51.4170476530071
35.24667612503642
35.424077023257304
34.239295436582765
30.305004727671708
44.31191212860861
38.84629140877509
37.230231329092774
41.336372911295896
40.815333910087176
42.97837549240738
39.13624513193473
37.80821141771128
36.8794954528197
32.10890256601801
44.99692382754297
34.10480843880798
27.245451005785938
37.19597591773575
37.22040663832548
37.341872503328766
33.97104594862574
42.896474664418804
42.28405138541311
30.586764209804695
23.89931717333138
25.073395999268847
44.31805548762149
35.71281454109899
36.40569923926394
36.869704922861104
36.284140512143395
42.49497324206201
36.6855857848986
38.51426295006354
43.26063576823441
38.984950343058216
32.75928345051141
45.077470427982846
33.55510490743066
40.36626056586439
34.27395096236534
36.1329368173782
33.18259526844433
33.544769445152056
26.364814325662884
36.28780450657804
36.95868552247571
31.403162546330268
45.30843051120415
42.06306563847563
39.08178722758457
45.59164732202719
44.608850018904846
44.410503611749625
41.97233294050846
32.740367673670015
45.58316550181952
25.796076317467175
47.35431124796547
38.72562518060854
42.35527310869325
47.682101082874624
35.68880366374896
35.05845894612169
20.94794659090257
27.13579475654673
31.388722781803946
28.133735477522208
27.885965526018776
34.398259116111085
31.108104612439845
33.40745869681656
36.93965640414964
41.856271073419435
31.16614341032602
29.520245869306592
33.41254671584314
42.20334987555678
35.425796487760614
32.87265013482199
38.32118330858986
42.30158916532489
33.32741782993818
45.69917429290141
43.48556980077645
30.003599293617206
39.40390263085784
40.78153017316241
38.39781779196236
40.26155845146763
37.40164089127359
37.731110597042935
50.98706194988776
35.007800652390564
50.65199815249044
48.401074251548344
30.521671340694787
34.0343563615244
34.479365940055004
38.4118708738308
42.726043517774826
33.174296780409136
38.96386767782334
40.23334987159198
37.951841843740205
40.93495686920668
35.89351682112881
37.33335435366798
36.522675458747614
36.58764269296343
39.690343802319056
33.32016020870688
44.24019356252122
47.19320377865887
44.166951162270124
28.421626342986023
43.02166703125389
37.81129017960301
33.2431671928232
36.61798883479529
40.98145581326083
39.83689240621686
30.209010579506877
40.478615992402396
34.43198676716273
36.80560479602586
35.0516915716872
45.34657872102077
53.25067414252723
33.8269321841955
37.26990687213031
26.726609383092374
27.685978827530736
31.817385218245537
36.5591958893952
40.132254188578635
36.61120610349888
35.90179713866784
40.25314585030839
32.607172502094876
43.505716234859435
36.262767226117994
35.83510179635356
35.91741832467929
38.56422931847994
34.26440093782055
37.8868604431934
41.00515456911063
33.56503058904178
39.63472472098835
37.782661181286635
40.933632086379895
36.97599826048622
37.529361324131465
39.50495326334439
26.270242895893524
36.5674201968107
28.47275843786617
31.804716076900736
34.54520982821068
45.11887485415386
39.09382949761602
33.97460571607272
43.35608170718009
31.37860345493324
35.7504382083981
44.391919403291446
32.919976358207606
35.004238736017406
35.27791845914692
38.17866879622937
35.28153940562751
32.7736630272471
41.313110098052114
39.6763134559076
29.281431354189824
32.06796088602775
30.397422836880207
42.7507880416056
35.4726832222119
38.479022297690356
38.81486691459994
36.45307581430347
42.03640513881129
38.12463586660537
34.67308421303832
34.10364748670849
30.958127592102635
33.76811212401043
30.12144284877767
35.49729512128998
35.26974441340488
37.018445990631044
35.78884372573608
44.30888915312192
42.77672917200078
37.741089072764886
38.15905100987895
37.988271108524145
