0
44.94902746626553
48.01522444437546
35.046400504932095
42.67156316080214
36.206665354157586
44.71820401260979
33.226269159614624
41.122938977703505
34.900222245819
43.549309294463875
39.033671460709314
47.45733109844439
31.290320579282117
37.65255370320403
51.97000518266652
52.7957284297068
54.864546473790426
36.86685990656321
39.34320434460534
42.84816210248852
45.00007085329644
40.34556235680448
46.52836389789148
37.14267695341773
38.32533778600128
33.583678915932104
43.64452506822374
40.302789354063265
47.103232424004986
35.89987568583252
34.08067612719719
47.190678329979036
45.06215501399407
44.93031505569395
35.37802746013063
39.71412705999106
38.458181685380076
53.673525981594466
42.62534084751721
37.52354278067253
44.752027741486415
45.837574431878146
39.83448118295294
36.99982411915126
41.51080216067116
41.232846999170775
48.62251725868704
53.76828157571582
47.91444760000447
49.18632840141344
44.26097927674994
44.62840423789371
39.203189817773286
41.14704615419784
47.25307585707282
47.055327077486155
36.972795810146195
41.47457753936061
38.16037654045548
41.78364433696389
44.26085956470192
43.98356308065081
44.59356166312205
47.16876392888885
39.53250229605759
47.36247391547
45.644571730430805
46.58091483437255
44.16277804781631
44.75326985436965
49.484010085472896
41.32226032700435
46.48652639669132
36.545324983237656
40.66827549037986
42.61600390458356
47.94842845107289
52.387913450981024
31.10475312835647
46.38717606477505
63.541646883790634
40.64408561172058
48.97106862070398
45.779651242130285
41.59546788961921
47.66149856215122
45.34868535067884
51.139198156660825
48.423269104928515
50.9263484095521
53.76491349664156
47.782325942703764
49.80404179073306
38.10580091032781
42.649326668486815
48.42095209445947
36.19615361482548
34.19233655429352
40.618791682150906
38.527229594895765
38.41162253463488
42.57566658383462
33.881143629375146
31.94715459123789
39.25423467692152
42.46884872652664
39.78821274827482
41.05121783290318
45.0561572544145
39.776129479901556
41.21553641648171
37.49182309836287
37.92289477397482
43.54587888490401
50.19265208123856
57.39821003669698
54.716645527796764
51.10155970312934
45.809386030567985
40.26857297339308
40.07710383015617
40.54384456846719
33.70440614846555
30.596187229457456
24.775303768209263
50.73985594141184
45.14322340042172
44.947084359073116
47.197646110034576
50.278769588889126
47.18884647243459
41.798764386869074
45.655655610537785
49.98547500272296
37.36933343483793
33.09040998949421
34.20634125469727
43.25865696928806
33.937076877473366
39.603002601641634
42.97524886295318
44.45432270432434
40.45047274259355
36.58661655743034
36.82216040458825
47.29334057837615
49.80083491108749
37.048344518749246
43.58462413993557
40.41583652787827
40.584596200871694
46.38853052338641
44.972440736502016
44.899317622692664
37.94856104772432
45.69232992937957
46.093130865734636
39.53161051517527
38.037851585245654
38.872920972450416
38.70478982644357
42.694098838483
51.5818807107285
48.0140733528527
50.80707919004407
47.20155281682523
38.917080832889624
39.28582156885484
39.924990845831154
49.870902255221644
37.67947985694604
41.36717310185899
38.24628862604948
37.04004810818097
49.12178047462937
44.200065392314826
46.09846185195568
48.14541707153797
49.90162097857898
50.37363080147334
53.24645432658916
46.48210372351382
51.67628809915244
48.04631776884583
39.35242480474589
42.27274322772188
42.73420677623661
42.34936568677043
41.67024748229176
45.49794328169321
40.30247888502305
42.2620172695076
38.43156934561291
38.08902435859918
49.35152007369376
46.85655212444532
44.54283625873264
50.962298296144155
51.3624317894764
50.492064633444734
50.32785714151638
53.426184513596795
50.40395576106576
50.2120753209236
51.45233368574172
49.05186429783998
52.97421220229058
60.10054525115887
56.91976832804638
55.75401563327275
35.77500549616158
51.0726309381124
39.83855076258406
37.052788307838625
36.94313296190594
36.814072499873625
36.28784487091733
44.724223522620555
37.23113451329853
36.67678303944093
38.28359046151313
44.07336818654566
33.249372175264654
40.66155791939615
43.4174556721786
43.91483171577699
29.330234972974473
63.42799152825536
34.40641515806409
41.635625747164
35.96407684437186
37.356253742576015
48.2173554593162
49.63422632811502
44.720992236807604
38.24760326072482
37.353578966973224
36.47649717780447
31.02631992110534
37.39055657282853
36.821909088491196
40.25401259708057
38.34057192657586
43.38765491392549
34.86794881648735
35.518320457499264
41.902892642559515
41.5845719524545
42.50372301926695
42.210193752132916
50.42550567387895
35.65616228528221
39.995212453251554
40.19969253886352
41.4740673861934
42.23522385606734
37.305704022680864
35.86792637202159
39.90688416805909
45.17570642206111
43.40070083366971
44.71637672962667
38.74684002585571
42.097076899481934
32.14040374475722
45.93149645366205
43.75824449827921
49.26263707273346
54.3539199158423
39.563980526732685
37.922975101338125
39.21840594992125
38.92470584829617
43.21727996872261
38.199579433640885
35.327801494746545
36.04367040704
49.28005675936859
43.48533612888194
48.8245943677689
43.46612331247102
39.93016947906948
44.617315455208406
37.729319534591426
35.29740233572035
49.11406387349523
50.42967989011165
43.330134127776745
53.01735026711067
43.49311376595289
50.92320428560061
49.24928715076752
36.73725445395141
37.16727517566178
42.80816831731356
42.28661470013257
38.874843767437454
44.28876030833913
42.86610752846567
47.70686769396621
37.756470684770804
48.60869962591505
41.311194226069034
41.81943086610342
46.20689271520343
46.72141717942436
51.01050843306261
50.041441979109706
44.306759699612634
44.01920018635013
37.7621035335162
45.33337873676231
40.4506975213168
43.635803396283244
39.44130976724839
41.67070233284952
42.54901120508044
44.48124134897911
41.339782555445375
46.24642223737725
39.36429559231977
40.890075016895096
36.208903698603734
36.817346687666536
38.43737452102856
37.89085754475094
36.86996687611958
37.435231743615844
38.29934628560895
37.60857267719722
44.2514179895805
45.821744891130585
47.561513583131465
35.98800931958753
40.787240501391
37.60052750268676
36.61713405057714
42.66743025744166
46.98188334926772
59.30914469195308
45.846490519724654
47.38345806534194
52.48400954555712
42.28431645693311
38.81979317477337
38.32095060165038
42.92196107252513
41.21152120282659
35.12084398240786
35.31857542392385
37.539823374809785
46.440515835762874
43.59657388523601
44.64916585232562
53.98117710580885
48.29597721110107
46.44890458929288
47.0949152870325
48.01644413394881
41.11590124767192
36.987243214377
45.446962329372575
30.391386630400667
29.68940495668461
29.96219998908658
48.77285416374757
46.136274037852864
45.689202171952324
51.31934190711798
46.8598286075661
42.399176930040895
48.748149469574216
55.949406882804894
53.30591765513673
59.122088446219216
47.195825418772465
36.12950868931503
43.77712674044268
50.160789200178186
45.194871884519195
52.41120419773155
47.75474745566125
34.12741008539755
46.56736554283023
37.10388412533771
36.682240813149605
36.86132424243613
37.2976224161225
40.49660725152493
40.141801533328234
38.976645263571534
36.3551301524723
31.364431396863896
31.745454634525146
32.61571003553853
37.59665529020397
54.89041480343598
49.32168145560937
38.746595214354336
42.38394608425481
38.17756049829475
36.440235022022854
36.17584128503931
49.858188732083185
48.60470168754285
46.795649154026464
45.513064714750925
49.01503503994339
52.41791596879986
55.340081261488116
47.41331746824944
48.5644523911812
46.83432272864946
52.69716892404105
50.055940430361744
47.028015393669406
42.10589661298862
45.83723298167503
46.41066962643634
46.413984008917154
44.98282497259617
45.33653968846291
43.980599331511044
46.79337189740976
39.399640621414946
64.53283625702714
66.38451984259429
65.21783586983099
69.1162372408315
68.78929928221477
69.4318065933106
66.94198606224289
66.16972848406766
62.240453812953064
51.1699822669972
49.59983030572516
50.29369061354312
47.89639554530107
26.990664987052067
39.414811091366026
51.945486580152355
41.44288010910964
44.52927784331864
50.772079842740645
50.56740021463216
45.6378308212216
41.50009421766426
47.18443131574445
41.196709702896925
47.43680029925061
37.813241348389624
40.25479561889173
36.03824481517603
38.361568167716
38.79670808846338
39.5495373148608
40.38376717189126
37.332568045452504
38.440659490231525
38.71181912563116
42.34752511554023
40.899105113435134
42.231529671567124
34.689510130566
38.736097109466975
40.388433272900734
34.39562858265093
35.574268561798426
34.504756443142455
37.30661565369183
39.36712506110462
37.583652996608684
39.82593739202934
49.44701522479308
49.710910479046014
47.61398640740935
47.047981385465945
40.959976510103836
55.4353891067699
35.897450894050046
53.28450030823778
45.727472396218495
47.11602718965526
44.10061532870231
47.65819125517498
38.64204279539058
40.589164344465445
38.106846500904275
50.24131713156157
45.59964947496941
40.77406476774607
36.2996961686893
39.543138232575885
34.625814169324755
40.253730458227125
40.6439987044469
38.541564662451904
46.81556639108483
45.12730202829437
41.272923328830586
40.9025189681097
55.92416324262337
31.19646684018117
55.540062658718554
42.69668441621089
38.01675005758092
39.61892589539899
40.80730159711499
34.13545388697677
43.20155655454669
37.92195076004174
41.673945111355465
42.793260975513085
43.97047823067111
44.91907389633254
39.16866567985325
33.769844445869964
53.5560662543767
50.47024109386979
46.55900562797925
44.03222910464176
39.09694804641751
41.99657025654165
53.19895086062875
49.931524586900935
46.99152446984525
58.59432877748261
33.7131003218504
44.65093574133633
36.80031682876112
42.241435519915235
37.256896177827
34.319313575941244
41.783201048205335
56.09202123501609
57.275972237192974
44.25053839242645
47.31534398000349
39.16774328527103
37.35335117706162
40.6368035790636
41.431701031707114
46.900413408071195
50.14079742398898
55.284290440867146
53.73529651974569
40.39110686255203
45.12733411731942
32.03713379159225
56.24539413806637
44.15111255661946
49.18776147119865
37.441753004267014
40.65092375465797
41.612333094107214
46.82965474038192
40.445391840751796
45.66614010824444
46.73733219808938
47.74312920762419
40.00754955009726
42.283802059309686
50.872752526330714
48.48535950582976
46.83440614172658
49.04670375467904
50.77623809556255
44.12877138493946
43.12462232881117
46.5704082096334
49.91265223774957
50.44839695269242
49.24052408485072
51.84344211532673
53.484833644118545
39.18979307607218
53.64775005379408
49.209546663986394
47.160114325958105
43.79168049778929
51.686249950859356
48.64214863353627
47.102892121326654
40.02031954371609
43.04658793564358
60.83323190027058
35.073772384075085
46.809135476789045
47.95703588965261
38.39577685974348
40.89421827264921
38.803943136475596
48.764879555202036
38.34195495776616
47.38987810260196
45.422873282722925
37.90408017639099
39.63877411868886
36.915962809136
39.20823827119463
47.62068364362493
37.24254337971972
39.18286157315445
56.2867618123793
49.70013630567113
41.26983939713268
39.343235349425115
48.18187523914614
55.757457185553505
43.58572024771516
48.58278188429055
45.12035894916908
36.757442401816064
37.684163006277544
38.32975001644775
38.2008877180893
37.77614979560632
36.59103530585836
45.12263695591102
34.26365687069004
50.66711821763137
51.98890746143064
43.10095861282939
39.777205648212096
44.80777189149744
37.174833687854836
41.63383774840404
48.096047976507705
45.54109746534122
54.2171731538007
44.1159656267504
41.12732051712388
43.20323321802722
45.14785356467074
41.999522503920105
48.73562923441538
41.06685957177832
50.54289693405186
38.943692614296225
40.19393527754079
37.54311850140957
37.67292075377311
45.305085018404625
32.11025919504945
44.79794384548278
37.13693982715106
34.80312226222254
42.192579126584526
39.09850216768264
48.38101874054635
36.199124444809115
35.93637971387657
46.247419681518906
50.577226395965546
36.167619261256135
36.046778454215534
51.54253404214836
38.43300802456892
44.74118850094327
40.23921550877562
48.70634232382321
47.07572547303478
46.72478900536899
39.77353653058968
38.92508159174675
37.49296760629102
44.95047322508249
39.8480654407213
38.12391363665098
43.50506360057897
34.66251130372796
42.62359777948882
34.451966665815554
34.86427561099419
32.122365365693994
52.66937059220182
39.439648571206305
45.46183118279483
44.99244434174801
49.25540273727574
54.34920894024716
41.72115170380099
40.620782040617605
38.01486713809789
38.069977992764585
35.893149535303245
51.15756607616745
50.12319325844924
45.621268699226995
51.690609327358565
51.32689509707141
59.103817576661704
58.466643956254934
44.08098499253223
56.2764966994584
50.994550496781834
44.89260719903848
44.94432217413225
45.04263647723168
54.238082347243385
39.64808715656723
39.94090147972854
38.04283483183537
45.694184336347924
49.54128442608425
47.940018934848624
39.97870260705072
43.60837898967439
45.06350122536605
37.87205371237747
44.96820457249287
51.58744477124797
54.51023071577967
44.33446135757487
41.17933104518141
51.18519529107077
45.32841171555704
51.56270283403386
51.98200945608943
46.307586536461336
48.672509408437946
45.379284479739475
41.65315655202812
34.00581566916783
31.655909512458926
42.17893422333719
43.17970086237729
42.533660099491044
40.35182104923503
34.11818752528046
43.942657200409
43.209805596161225
37.305306760079354
37.4105747599774
42.47050015286855
37.193063217957025
39.70414397557026
39.69743359575541
34.050162192781265
38.64456918824722
42.289151379664794
57.70812554403495
45.515739538196534
51.77703743665825
55.771995686817476
49.406037230880415
38.293252612306055
38.60715695171061
38.7008472960337
45.05819575427602
55.36146020055841
46.96274988648825
43.76453832850039
36.252787612395906
32.888833453030756
36.06985994196403
40.502575514942144
39.182576957708235
38.087846601974995
47.8820429648801
41.45892269506699
41.95544711347521
42.70194456194624
50.246205306745715
46.830937700945235
46.980943285912296
50.16749142042014
47.238768304481084
49.8630106252562
37.67968526424606
37.84662257184452
42.81603500192485
52.032846419648486
50.55748580966983
50.67526612656366
56.46394339732269
54.70547363808071
55.781775880832164
50.60586050924547
49.04837742132501
38.31720925139768
33.19554557491367
35.49907258525754
34.46540689319374
40.22892496564757
36.59551872075534
36.80863256316944
39.689307156852635
39.00407934448086
43.83684941036868
40.636711800549705
44.690537186464915
34.13763936916058
39.19084535942731
36.24328725753785
38.94989812001943
39.163648019918185
43.723691532576346
46.833593547036955
46.74777956242186
40.76228247909806
46.74796944203638
35.455110584516405
47.160374539025064
35.05776211279858
41.85295084357995
44.752763781626676
46.592392491407985
39.143670130634916
34.517002543331834
39.83120011722477
44.39075427692827
38.01221136905843
42.82541566899513
45.557380438335635
34.120042894190206
59.418913287877956
40.5531968112989
53.37354004958586
46.357885338128526
46.64549828770752
52.11034157640099
38.93790895350782
41.83132900578376
46.85610698231159
36.900177638665255
36.78201585649851
46.36025225696448
47.3661832793996
51.28551941335246
41.109098731060385
40.610785960475404
42.98518264427748
39.557373663853696
42.148351259561366
41.33279060201679
41.366363983362135
36.014337874407694
39.389447989867385
37.59279728758863
43.73782636137511
37.391527849307835
41.43930922393608
37.478226523130026
38.9700792881533
40.47171536441538
41.18918264203231
36.0234805161266
60.62229293974231
51.29420367691006
49.47217199021842
33.11735986297224
40.009785371289084
39.55790527093028
48.3035782810449
45.0483081812385
39.842204087328724
43.56872322814026
37.14752576440744
44.544991172626176
42.43188901627531
43.071788138737965
39.07461095227379
40.69820028670438
41.11307835089786
44.79822682578102
45.46610651495306
47.56770166239616
47.587935052753465
38.23568338635204
57.0945327768948
53.86418319676286
51.36954957135149
54.41090730541299
50.22929323900602
53.4115543388489
52.223267909592074
54.01022947101232
49.30073117820446
42.08464452675663
43.46212849373939
40.583786783989936
39.97606036581855
39.72242972073983
40.8094003490365
51.493392046461054
42.446057708112804
52.91154124931777
39.69007682122236
51.984356734145386
38.2454952464815
57.84035339882081
58.498811559074234
50.850539502547285
49.569580418864426
57.825602819591374
50.799036107238805
54.96478647300919
47.689988364759685
44.77964206039893
41.0958585308897
43.223357892678195
43.44365268158035
37.926663746252586
37.01134674158208
42.20100153641132
40.550519766463985
41.745741260654455
47.12121082334188
44.76454053982807
35.861309307692174
38.88089039435851
41.85158772102695
43.197337838878
46.1571997869285
37.36564631183706
48.41925292508369
55.30157021146431
56.309284864147116
38.36687969832634
42.411789471712076
50.1202267692032
48.10082539589068
46.6027613140932
43.50518932082867
38.63043371511654
42.150823548295705
38.47469699186908
36.93798034337604
40.39396314483114
45.66353562365692
37.489068004263274
37.79113978345226
47.76651390214432
42.259193590745134
42.839276577887674
40.67708341592224
38.99770322078177
44.38077615610853
47.9690365652493
39.72088064427605
38.585906991353156
41.15989213894597
41.6129781715481
41.547548067327604
44.36906824159036
44.62638364051286
44.81050955342161
42.25388289421371
42.95045727944031
37.12518763923984
51.94063397345416
39.68268402060754
38.142785027293144
55.80919831186142
57.02132349505812
36.46542648731738
39.51445225961457
37.06072939403593
37.700646257049904
37.595139446118225
37.66928722315541
37.39107074917192
37.79766278568596
38.661765758630565
45.54573578890773
40.44958675442632
40.18145899171302
40.76480186668915
49.966067422889296
46.63920219408999
53.02869835661048
46.69464902440508
40.123975726887046
40.95432293899862
42.16144405012182
50.32104686802272
54.464574818978264
36.08684539574603
39.507141641698404
40.84899316202698
41.02456759780542
41.92990524032504
37.83975592091275
38.80122274867799
40.84738308111448
40.3410135655811
42.322500617932
37.568858659795524
38.745751376176955
37.4799603180366
37.927650592590425
41.25458840970689
39.573851138132255
52.219602625959844
40.46995393477631
48.50403863057596
53.34145084489764
46.675552558711566
39.08940229531781
47.59867643945506
53.527879122079796
40.31938916760404
39.42318810534235
26.411833367416268
38.49055909155862
58.90594533559784
44.47298638263738
49.556335333495646
43.46931012352043
42.37227916747946
45.19029255584417
46.487318317783966
54.21164439500871
53.328160527844226
56.1642072143053
54.094770211494
47.45183383566575
52.07046874837417
51.69979961008562
45.52230848289424
44.311139321617866
37.23528035550615
39.3480017301693
37.0020728561177
37.5001936149225
32.07637843609507
32.78694545448758
33.29553942908091
35.71456550036641
40.97950862560823
41.39529919417299
37.51982929400311
38.01622105037253
37.09477656209942
43.64132412596607
46.56206228704591
47.4966926450885
42.12203104845355
37.796550167771784
40.627043921160315
40.99524482494916
43.69086630177143
37.56010092317518
41.78694270557512
35.727636931687655
35.19474169972261
42.61336030424647
39.19498373484367
38.94767028978607
46.53714490143736
49.819674990608696
49.92138687353958
51.09124502547716
42.88446363854695
55.02243913352183
51.97721152406922
53.1619129760742
57.30640000044035
56.79683145885003
60.89788946006524
60.047509596316864
41.37783147548191
39.872550408132376
55.03145257591405
49.42127539667507
49.165806491643
39.5348944994503
37.109863631888786
41.22571664913724
45.07233813820739
41.09022814387862
40.51230565478375
38.62802584253419
40.2993226836541
44.09778313267148
37.93281249869669
42.814127983503
38.48051282122629
36.290904500106315
45.958077346452434
48.86805934591922
46.631484953041564
38.381487410985144
41.40047695007582
39.688689033114095
44.30336464292774
44.67376084785028
46.13901026648883
42.21694474311333
39.22693746157419
41.24770909540577
35.31960065684777
43.84266682995509
41.07988548679775
39.94084729674475
42.785317974097865
44.28219477292709
35.33466113497205
36.36483213732773
43.17704457789738
44.806653461169425
48.68551532665536
56.371042210924855
55.08353781411377
41.501736537507256
51.14254904001502
38.892247888783906
48.73724032122657
43.49627667581245
34.84744842812958
46.08388049437004
35.09019113618173
33.22144355981403
34.59536922419554
52.34267984106195
53.21821295300152
30.114653339415447
61.83279554873836
34.79923200005704
36.71009239046599
53.260044564966826
45.057227695659286
48.131108075477286
39.38032863126786
37.907536229388256
38.433087159247115
39.7595021855257
48.05772465071941
42.6288702471855
39.582845435634475
40.09055451863436
42.45301366601646
42.289120873602116
42.05048556357048
40.42670535943834
40.82290589503731
40.38357496288309
41.70162646678434
40.312457224919406
40.94991267857491
51.393977112563405
34.822684365010936
35.10591075093148
37.45112579584113
42.23394639643773
44.797025811015345
41.20027253472295
47.93872816769427
54.106352749946225
55.604839031569064
47.37420653781543
43.80371180101473
38.163087200777646
40.80608646046286
41.88000761749106
50.01051080422911
33.22385077006126
53.96632006398976
47.714184740551254
38.94046467716282
41.20072773110006
50.07358056654081
39.44196245936921
45.762775966781014
50.59638912263274
48.33404491156558
48.14020273641725
50.05720601154334
55.923373438539365
48.75593825405661
40.408214291276416
45.02343906283789
43.18585353498857
29.268607143299427
29.78987459631025
42.09299220763596
41.33525193195369
45.207904018887156
44.00232857863111
52.23653449273984
51.45912417917153
54.95401854084874
58.4472291228298
55.002532003026104
47.66596770857435
47.52841165512003
48.114299037858046
27.229275722167188
42.97504143001601
35.74473048180888
57.36326617475372
54.038465959672216
51.82567843429404
49.72086314845184
50.191540045455056
44.34166918710476
46.113192374003226
43.332447750540965
42.80835423974116
41.146632476240896
39.672545563347036
39.222439696796705
42.456272235357886
41.11165415518928
42.05203218226213
52.71176992326448
46.86320833889347
42.256430048483494
43.94187395083166
45.21832904175545
45.620409805864554
42.352826003316565
38.963853210422094
40.47565680773457
50.981805103978424
42.62907908051801
41.81120045208784
38.37511329134392
40.828348359799826
41.714132437729596
40.98811671596204
39.0258191859277
41.22897264676046
40.77880435238609
43.070768136370205
38.89883279498915
37.819465234762745
44.56783836448106
50.51499066714346
49.375288090377275
53.87097011306837
50.669600294220274
57.00447819380481
45.60537156114983
38.06585587925057
41.4657005601788
38.33015562776932
42.83825141390115
37.28309811660538
34.86849067990757
38.13691495258544
39.35528414531332
46.46502129223099
43.712831125207316
41.64360822322562
49.96684358641355
45.12352360375896
51.6003961616366
49.20868811585371
48.16862473372903
37.45236504116822
41.94213665391996
43.72337818719666
45.108246184319
45.52113054243809
48.396635415977215
33.97906763980377
37.17816808739134
36.80888830661882
51.78391466404964
39.9288735217413
50.67634762124887
40.15400199422358
46.59513323643802
39.685881752381896
38.54793822981611
42.85063604672827
32.711407281242614
42.50057462640984
42.46065678377284
51.565054030947294
38.26890565074365
40.51037920131503
41.501262335577366
46.98106121554013
39.14604765595855
50.91719908676647
44.730011026707366
51.49066432903118
49.96102943880621
40.36510980931617
40.40401030798227
59.81495712242203
59.89091645139268
57.506813339781466
54.64550325449597
47.62309091574524
54.493636389687694
35.019366994518805
39.48474035502674
36.09630144143293
37.95702332365135
35.71504640431976
38.204877188430466
38.58604823223504
39.69891828108402
39.19982505506126
42.208990631893606
43.54953179075346
43.155891883907614
39.89560404021138
40.78269542922357
32.82755412618975
33.352385032204246
43.33094386055879
35.234296689258805
36.105717692760564
43.54979016758424
36.360612522642505
34.71640573674766
36.438130832876986
43.66991953660257
36.6639464198837
43.21942745605578
38.83998806315586
43.474928790528416
39.534147408403214
40.65506261608545
41.78785256783283
37.161701704858245
40.717866149101276
42.46004439194791
45.12755169074403
45.12755169074403
45.12755169074403
45.12755169074403
45.25670344357385
45.227417751104156
45.227417751104156
45.227417751104156
45.192077930695824
45.192077930695824
45.2059285357592
45.21716933011824
45.21716933011824
44.587908997528594
44.6221225756372
44.6221225756372
44.68717663488259
44.573022693225234
44.54301347989968
44.54301347989968
44.54301347989968
44.54301347989968
44.47606276543591
44.52558166228134
44.568923679097544
44.459875639380826
44.521054866188535
44.611933680591726
44.18705805736805
44.12830719749659
44.12830719749659
37.43631543706464
47.25421773015976
46.08964494177384
40.90798581076849
46.032980701989736
43.99362921735642
49.39811897734538
48.01980123766761
45.423832761222506
48.49116099452823
39.1704353274314
41.25047681799739
35.843220238464454
35.8427339277045
37.6638292112044
43.11983000761082
45.09904328906459
45.22503971285824
46.628420755239716
43.673804454004284
49.83929731256431
49.38833676373076
39.95260601386784
43.27194200921902
38.55700435745568
37.012965997848596
39.22031046177783
40.89546505230248
36.10453671818107
43.94471686876825
36.22844511405105
42.31675992390083
41.735158375008304
42.110712322687135
43.50616850846525
40.614136342319824
44.22263663057578
38.946113507169336
51.508733455352335
33.721966104531546
43.31264130802062
40.548522949359494
32.72983397921757
46.88916519116236
39.0936647874445
45.04925616641216
45.663518927286816
50.69330680321585
52.30178635233341
46.7524382131188
48.72853989015437
42.78195711070465
46.42991430278555
49.30837596104937
51.05330753273496
48.44872410316417
48.44872410316417
48.21924544001023
50.95765277153995
50.72078842185703
56.05491638747022
56.627797254777576
47.31831538668537
33.07825335452617
44.67177849919656
36.263654501472224
36.37874256225594
42.89881988629003
35.61373891595988
37.66301440778807
38.38203706353478
35.40368593059096
43.88810539050408
41.31915843121572
45.77028637473183
43.0412425478949
47.85798190386636
47.337535467713245
46.691761695725425
47.4487853337043
47.901816607529895
52.60229491340147
50.50055317051507
57.64744017764368
38.87140153946137
40.33061432724621
38.64909157880162
46.460983401979355
45.46194540205456
42.095838030190734
39.31566826143347
48.75282416677149
49.68553424161281
40.270569326325194
52.25563207612321
38.404336099172774
36.2627297497101
48.8489767696666
43.164119796494035
48.44396931643067
46.784802422720446
51.71802478784862
49.79807121402633
48.01202495241014
59.198155769830784
58.10940746120465
54.44561275748078
54.43607779864569
51.705452377169095
51.16124527558437
49.03120091119277
51.10272811761619
56.99240352584964
50.48368841650155
60.40792456684115
56.64556790967415
30.046437838916077
33.809152675502084
32.41536108247182
41.33092424309183
46.99058681327229
42.74138070220836
48.91981704796617
45.23803043370012
41.19442845642051
38.324188338014515
35.564829455185645
44.88227575590271
47.509485016046746
48.261247924199814
49.48695779693162
44.64944826916351
40.658404875166575
43.83998328190996
41.57349724711994
37.61464351579904
39.96532136170328
49.388822021569005
42.785460765969525
43.41157788375291
40.26152636773507
48.62338275091456
47.912687621077296
44.10666001137113
40.899615011831045
38.99001699173438
43.465170179247146
40.26770573521585
38.57117637200019
37.37398339214779
39.72912730094219
36.390168470861525
38.695171787730864
37.02094012336865
40.613825333210954
38.04417472974616
32.0697763089418
38.41526690270068
38.146130739971426
39.278155935005195
28.55429222241206
47.198832190896916
38.2207322259608
45.25534177801408
45.10810504913962
39.94224151164633
38.9561673276722
34.96656695353687
39.75652621926564
43.93140015023487
41.5734871150125
42.15256033808059
41.80350533294133
55.721845695527776
46.514746191807
42.598534143410696
45.38382221002782
44.97522111716261
47.29412079277475
36.158418273739976
35.54337213335877
41.87233234740553
33.120918071301055
39.19861638009621
38.99377136229348
41.57845193627404
44.70721477976665
37.56059314701826
40.13351580929679
41.13428188435189
40.59088237085114
41.10839662011303
37.28885090437631
38.535158729112624
36.26942645555408
47.77102351361115
44.59871821878359
53.98273905726304
51.983865868017524
61.68333301345692
59.18783430938067
57.6180170280598
55.73256996340056
51.07700827962356
47.16457203341605
47.36331953107496
58.89354671697124
53.86130403917708
55.367445547848796
53.900113258107574
48.43171061816248
52.949494730839774
54.13526306323671
53.13211862532543
55.01753444350433
35.65195714939493
38.13914582483981
40.39557323569921
34.82460545982877
46.15975817306182
42.66537952395135
49.49622409171998
38.75870172055998
39.896208648976916
38.20564112864435
41.601880507736965
43.90614912052455
36.68580800217814
41.081900533491044
39.48117151102882
44.136685313238665
34.664840098642266
44.2684589093978
42.220088259837745
39.25115722136125
42.18609659073558
37.22909972495991
40.21972131132398
39.3006937113495
38.887825684811475
38.428157608069526
38.50775707502222
40.221990355750414
38.279198021513565
38.478582248331335
34.719555463032364
46.08608678825032
44.98031260854622
42.22978558407276
34.092939197533894
35.18625512696627
38.45355885977673
35.27614956167215
35.76551559482945
36.24141606133145
37.33617619351885
37.729501117233376
37.50050904216996
43.61597466503082
43.00278514897907
51.130622462857815
47.27223738871087
45.654057765684065
45.984097151880555
54.6768186469324
49.77578965110845
50.35940152508788
43.792187869254946
47.57501219688008
55.67510303736647
52.96696820834876
52.84168398155772
51.96711414492287
50.86233724846188
52.96771061333648
51.2276100789197
50.60339133586452
51.54228822534972
56.80598681908127
53.12257949237602
52.57958235141208
54.367655322942085
57.84532674598696
53.69131137603348
48.08626002980788
55.165707146533244
51.971448678275266
53.01593547894628
35.51712874360363
39.030120717157786
48.99825632098484
51.14590536475584
40.04424340276185
39.49509629972949
39.77626364975352
35.984033056783225
41.563034697782044
44.90844491513524
44.91894850874816
44.85520972182695
43.812969742565926
41.52579314211534
39.36931610758642
39.461619025496205
45.79094669009351
42.1374320378767
40.47102290654911
41.30352062029002
41.38853965022805
47.66545562250011
43.456062360642306
42.47339061488589
38.73729739912356
33.3788335907119
31.13984137765578
32.33480189427481
28.061874316368343
36.47972455632431
44.62231261815096
37.76284098294305
40.72316134067193
41.71546808637219
43.59648733752564
42.89202363063685
42.52807350721691
36.6208397392799
40.656554141619154
42.85322972388764
32.73088465634489
37.77793994643361
44.17361450696119
39.01786755787363
42.86722278529245
37.72621634432992
37.65824236592382
53.71907212633222
49.3332873106712
54.599630634206584
56.79569448067673
47.15047592043247
35.758249719071884
42.55266086500381
47.190172974936274
42.04703200181908
41.03746252837928
36.11964628863463
38.030872953501785
37.9739955978596
42.84425514264469
46.66076388657751
40.53856559183578
39.989868256391944
38.36488254241974
53.14153057696677
49.594217746181215
51.55112286040124
41.223108635661845
43.34527543323633
56.45376130234591
34.86706371600952
52.42216156130733
45.87714871002014
44.523966243302986
39.67788889410946
38.31210206731074
38.57227971945225
35.85260583787249
40.84519778255767
44.88897062031326
32.93666285680232
36.61089213472675
38.026762031548536
43.19483749465357
38.9862469485416
43.09974529923829
38.078669737189145
40.80459251312883
39.551144624389366
33.456053219917806
33.65230063273133
34.220709455343375
34.163286061617384
34.109248693630846
34.08411721000064
50.94580984535487
50.58667581311064
39.577105029517824
35.4388461777701
34.14881933334235
38.956541597299385
37.924655287385846
41.545583162641215
35.935229416103745
36.88974480744036
41.89284637554733
43.32715080668157
49.38479117636796
36.712952390412624
43.87240813772687
47.34399593735414
40.14932286281764
34.21176467167301
34.60742380196942
44.25964035003456
44.44410261366686
39.10166684219056
45.74027137352778
37.39651903927609
33.70710865628957
44.60978093080746
37.48792227671197
39.556324039922764
38.66428645859471
39.405935420927115
36.394214024165
51.69258165140012
43.90894146284568
42.774389935848376
39.17331464526994
43.430818161462284
43.631980301636055
54.8666777118793
45.4700284694868
48.20854743995809
51.518150018759826
50.92199083958237
48.50319303039243
41.941439673271844
52.9272114796177
47.456907213349815
53.01938690896868
49.10157662212822
48.670098009440075
48.04878967463633
54.70926125216845
55.92185817206782
55.62461653446878
54.82501446048258
52.017855321764216
46.75346944881214
50.263515180033785
47.82143147388438
48.17109605535548
38.364592873660996
37.460623006861645
38.49877978213748
36.089650025749606
38.990222786981015
50.536693718869145
41.90825751100841
44.251845858028226
44.82704410737964
44.70575666535073
43.07793042583071
44.30789870330252
48.175531731229036
46.412154432120694
47.760557822165154
46.290104280318666
42.427463587178565
45.198533406325126
38.0808532136978
34.96063297498572
35.49048654337419
35.44243206916138
45.51589296722246
38.668807288856996
39.87592037495873
45.68244465748248
47.325275701380974
43.06199771893907
44.26901338933641
37.280093025972654
43.70294789368956
41.57709862847964
48.834650617490404
40.76135133602328
57.17831403907166
49.60940261592361
49.462684087784744
48.02539332449059
49.18132616372935
54.00700375160606
47.557365764311896
45.64911882647157
47.26309822720012
38.85551980798937
51.42427628849829
47.82906335317652
45.19083813704058
45.863165288537644
51.48073468728235
45.33655011769184
56.56032798689556
51.76938235606566
49.89414551407747
48.86648338609234
47.573922148735576
54.197262965441766
54.45114373939952
52.89582526901435
45.4328129255489
41.392240494470656
44.66394085495545
37.06187464099252
47.54926217997217
39.1564375599086
50.79078078527358
38.61371211409271
36.75055798660165
37.67553801999875
45.437301180498984
41.402693395371585
42.25165177839915
40.52488386582061
35.35568714420055
41.31390132925756
42.344146175162024
39.39503333061778
39.73696801793521
42.051661217421895
37.352743093672736
46.24685421203181
43.01631424747611
40.17772143037343
40.50099082616268
34.868674541420525
40.267781461988825
40.01116418059372
36.209810463088715
37.836257684188574
52.768297241122234
50.78182198705024
45.07959838078849
44.08732426776336
36.91177422076276
35.70748695419271
38.27182543118261
37.717286949610525
38.852492104706016
40.639985756207324
41.41831072717047
34.62386227392783
35.766418294953304
44.45628730410073
55.17651099238513
49.61456892385673
50.56067454533598
50.49979604688794
43.9841814252902
46.538699393751585
40.42045420635003
45.13591605106707
45.570511988217234
47.90057879575668
52.58346637226811
55.99586040628544
35.9535801906062
41.02876362283924
44.01104098662598
38.77392300616008
37.679376649415715
36.84328611746635
48.06407479902648
45.633393897503865
38.843246243760085
39.61047760395883
42.18397298780107
42.2433281581794
42.32000637365891
38.6387625517788
39.110667422538725
41.05193271863763
41.03496008358151
36.23984381433313
40.48471357013393
40.70717991835523
39.641653695063454
42.29251579957662
42.666057072491455
38.06919570179237
42.8318520324607
40.21233863020106
37.87179151871533
38.015963573388014
35.006115979528424
36.23830252449454
41.08244300958521
42.13434876195575
50.86050492842139
37.56707134566886
44.05203993539792
45.74086118891484
33.46620933964567
35.45864454389386
36.99633244622457
36.50214048382664
39.52961217908266
39.95142412165211
39.87573297138234
39.17999289355853
44.12600717460092
39.9878988968045
44.474616015591906
38.24782168173733
43.42949259430224
48.50651769638932
44.808819261972246
50.07504271765041
36.91723764914534
41.516446122052734
39.113933352020624
38.7406396865498
43.11818851369065
43.516045744502314
47.113098482619414
44.159862302631176
48.13175159815183
45.603031250767124
36.398115255628525
35.817457727851455
35.16099285282517
42.90828281221991
44.678659302296246
44.86818319349816
52.018800675993866
52.35270811696013
43.152315465858905
34.69790208464117
43.98639022463751
37.635482694076906
38.08994198611699
38.89498985094582
37.767324262881445
37.76616010832888
38.62616557750037
39.56100543038219
43.87604192180362
41.672069253986756
41.00270614092412
42.24334199332275
35.13586260169858
34.798099895154344
40.50858095111057
36.72858830455878
36.72858830455878
