0
1.6222209861099257
1.9225263482263026
1.7754565847752188
1.1635026229462573
1.529278200787646
1.8720822956056573
1.425293456002821
1.5857333444694799
1.5231105814928196
1.5724853650562187
1.495318535964381
1.0833226357384058
1.1069455083364632
1.1731144514064253
0.9175517912335164
1.5178329632832384
0.6321197545404873
0.45566460169143364
1.843347215910948
1.7809578101111596
1.0712110671696953
0.9255721447741553
1.8944078393254369
0.7074437050733412
1.1540152334472218
1.2559812092629865
1.380331728668911
1.3532790846703866
1.4416849730355181
0.9048220999129523
1.8670289098028099
1.070944249330817
0.8466980596653841
1.863189098075307
1.1438499651949128
2.447360459951791
1.3065645002240687
0.9391643855123013
0.9613588542211011
1.7866282798675472
0.9393972742474916
1.4715861045102565
1.7131926111313258
1.2269195216936022
1.7068290012349934
1.5570349056911983
2.4626363713676347
1.7176066049308834
1.228797493861496
1.1727873541382925
0.9840517071596737
1.145383273052686
2.4345925834181985
0.29998557614651067
0.12382397825153499
0.1960989251990506
1.061224039142915
0.6009942194181452
0.5496153432558274
1.1813142917366817
1.3343312625981782
2.013288602894499
1.0592538570089107
1.151815277222248
1.3958951631046006
1.4713426222952597
1.3431287317146168
1.8683853458989685
1.8282715368617182
0.8142249494197886
0.4464933906602598
0.824258039110698
1.6665956047507424
2.0875158802013463
1.3832905055114662
1.9426610622000093
1.0022594248419443
1.0053719865230075
1.730812613839806
2.045190176402614
1.3547201243549853
1.3355713511363747
1.419300060468092
1.5359609609502576
1.2917540249989512
1.1637495279158183
1.9511963861663073
1.2064530515479166
1.2741617780177268
1.1215426675400075
0.9413951572323911
1.1638605233959562
0.9980905488106534
1.8202394379693019
1.353496898384373
1.3091555464619917
1.5079683429516715
0.7757296019104937
1.132785174730186
1.7027152848662228
1.4685579493152143
0.9153162165394175
0.8612563994524063
2.9131637541269026
1.356207791507252
1.6160720426148139
1.544946701565873
1.356478395579458
1.5257949101712853
1.384982141867034
2.12458800093649
0.8196147818736743
0.5917838140621661
1.737505850394109
1.6289007444844974
1.720998215492667
1.3111184893037056
1.2907706108823382
1.5793202150555063
0.9043373042418031
1.1529474299226081
1.9591355346260837
1.3172981649464268
1.3131237362474424
0.8694904344902656
1.000820735408245
1.0129627815389977
1.271175832003233
0.5991482808553065
1.612512752633869
1.4083938451604796
0.9085105784180953
2.044336814739421
2.118713318197484
2.0910609799698103
1.7791237649002223
1.3871224938447975
2.4243099019696706
1.280555240309184
1.6038143660119313
0.949919311419353
1.8526620829193259
1.6489715684353508
1.11553606265216
1.5181325645228982
1.2255847702319373
1.6520495884839073
1.034674787893183
1.191157132876609
0.8154929006442386
2.383382214388089
1.3875757140393854
1.5829548342276112
1.844262292176077
1.623532487098177
1.305541010598497
1.419256728561815
1.4793064591640637
1.4953000806296786
1.8929314069561158
1.24634989156399
2.0083659978992054
1.092702324737152
1.8360259217444264
0.9882990381695593
1.597996615642884
0.8947399251071194
0.6737426715887953
2.007779499996594
1.8439530697303899
0.7081368704763035
2.387089455610346
0.5063973191633264
0.83773556649096
0.9678152570458773
1.3985999293759697
1.2068051512599303
1.583744648357172
2.0884961038881076
1.794156353168479
1.662164659664191
1.699649403480387
2.2652120429096945
0.8950133911995761
0.6763771544520806
1.0597231427102933
1.7202249340571327
0.9364711686594294
0.9538277832350892
0.7976031240306305
2.1154131583260285
1.1215490093940121
1.717721619583502
1.4335282530434
1.518913615907234
1.9599910821138102
1.7193330919436085
1.4512334855229236
1.2200468025123075
1.4016175190506308
0.6520518874279316
0.6785999308404936
2.849411487708508
2.778195087890353
1.4004799205347689
0.9877858656392515
2.166133106717669
0.8541209858870351
1.0833986123746917
1.8051517496547065
1.925741845437688
1.3979055898969586
1.3196763685738078
1.2577772277605148
1.4198256345383027
1.514081343855831
1.8909009501820633
2.2382066905684113
0.5340713054510912
1.9475290804393475
1.9978803642619374
0.7109237342075941
1.3087496223984805
1.3020844973459178
1.2316319063620078
1.683568308146589
1.012265838464425
0.21777054005417315
2.438952867094303
0.401919801951407
2.04039732737394
1.101291678957009
1.3156437759313266
1.2430738095538594
1.184459625949897
2.1531738371747435
2.0516625098367496
0.8899656067163662
0.9786782951432589
1.8441031908834276
1.7798742728117622
1.4688585925282556
1.4536978913005232
1.6795153509910667
1.545091084714814
1.8246475765799701
1.862886845311381
1.0361488440780933
1.6316211663990932
1.281618165881983
2.1389423088051185
1.8511618950306092
1.4630375383568777
0.4670035345949923
1.2196362233077966
1.6772509716497122
1.0005748539552657
1.1979643488153007
1.4334966437574839
1.5453703212051686
1.5838211256950903
1.368041579470435
2.0999489433115084
0.9651842556751401
1.6196446728570242
1.1385877116266057
2.0867289714063277
2.1040041445157525
0.8999740666629187
1.2188473283704746
1.30505872282848
0.4869190913810324
2.268891444369075
0.931635328612139
0.944731064438027
1.1659144811537234
1.1140064664360605
2.3055529081021304
1.81732290803859
1.8131535431703631
1.6422275839492733
1.0323301195670949
1.7909777899630668
0.4989045552553215
0.46265788969549454
0.9474233289177469
1.1262581308127078
1.6879327459172195
1.570795573469094
1.579268210954387
1.381239848783772
0.09652202532851616
2.3257982103993107
2.2427115480774966
2.2768502921232168
1.607857156584772
2.2784217334306627
1.8756964518822496
2.200384054872944
2.484511252644262
2.471843347774902
2.383049519033726
1.132244042700001
1.018598124776543
1.7340273551922207
0.9590122550833228
2.0939937589391127
1.3757401320946359
1.592225279957506
2.0014067521854457
2.4291534276911735
2.224589922486059
1.063540278926534
1.465311807956674
1.240586542938162
1.7171390742083452
1.4670704100723813
1.5528774881256706
1.9423757142926121
1.5564230468079983
1.3414666295557705
1.339376461278468
1.9817537300101205
0.5556679757702513
0.7562553722293792
1.9967286046952846
1.7146007344970016
1.2641909393200714
0.9095429499817823
1.5863270514704864
1.3643219509928823
0.8981791561927425
1.4134274305488876
1.4838478076603734
1.2237713092789249
1.3241416428958805
1.0456078019783779
1.3756195996012337
1.518789940817653
1.2997400470534892
0.682341132026887
2.1448793088641733
2.1579812636713083
1.0907272557031884
0.8075476134595573
1.1351723719013413
1.5292069234691037
1.926688578099288
1.9692088391294629
1.8566401684823142
0.8984941559830506
1.9852307737837254
1.1726435627750627
1.0033749550772488
1.8681179816664513
1.846900848811549
1.6280146123866364
1.5894019091999194
1.595138593337411
1.2683635866118859
0.5591168094322223
2.249567332543346
0.6470237743736851
2.0186109501585903
1.8369193595791924
1.77367230754625
1.1243858682272072
1.5794320282496201
1.935003304527778
1.3300059812169305
0.9732017939908539
1.8717757019114953
2.4225869726861347
2.6579062854361895
1.90662220253662
1.8236728785351206
1.0989355430373597
1.2060202766047323
0.8205703484591658
1.1963185569692885
1.6027612966463203
0.5743653353291496
1.6905209819153955
1.1320469345658215
1.8248155229361538
0.9946012965557736
1.31385203801105
0.73530589367587
1.672233565550559
1.5821672255651813
1.6961528110377324
1.6927670434284046
0.7605796708515907
0.9525702836866325
1.6370169207358416
1.097865936974636
0.6766099993454449
1.4978854999647546
1.7159375664867094
1.2789990029226699
1.2738792874734381
2.0946106229840233
2.2347726117457243
2.0897147688288458
1.4361231395134006
1.510253025038483
1.2614134542271014
1.6638719635189665
1.5426867957403085
0.7684894094004912
1.0501527228842749
1.2513573806699607
1.9186116797246922
0.7940446004356078
1.599980596331985
1.5758472461600657
1.8200731091449471
1.7107062056268978
1.7156919676128441
0.48933562686270843
1.2831512597458943
1.7802999587369823
1.3927409227104095
0.7057222449901123
0.9311047958239206
1.8440442834820088
2.3728493106304995
0.6037083541348042
0.605426540163075
1.9531202851436127
1.2219087032124651
1.0989179209717956
1.441998721900146
1.512808313551019
2.2208656913208453
0.9307785007997899
1.5311818583237158
1.2830384249338151
1.2328058514959226
1.9268497170543681
0.507163029115961
1.134556736694688
1.171883916085508
1.5778108366966257
1.9619446938116532
1.0597959069250633
1.856072105675842
2.0146838670516476
1.4935100955577392
1.4990415815825773
1.8585705665357977
1.884887555477324
1.5185631042732188
1.6883756782893156
1.5744039497004325
1.1129038522489336
1.5265811471146842
1.1422792380134497
1.5862508876902466
2.0914937049267026
0.4852225039098135
0.6573787115547283
1.0996935247691342
1.8989131526068888
0.9717221471280071
0.9090988074680691
1.1273973058958349
1.0109393613469442
1.8416000739188803
2.145294582856772
0.7639521796992607
2.1643150037820136
1.413946896768229
1.1327788362677462
1.6788928632785731
1.2863657892916567
1.2093754409266826
0.9564256795967623
1.3574141788359642
1.473889903570159
1.3386365330676078
1.345986209471566
1.1603219901451027
1.471760565316635
1.9034517400196584
0.48982234846255
0.46715888071321593
0.6998212465529502
1.1092868427895246
1.8135500790816155
2.0627265224486386
2.0543605302994914
0.8913830122381009
1.025401895707795
0.6468475094950297
2.486378707160413
2.4243730755638264
1.5648525010509429
2.501402473022223
1.8212112419151822
1.5459245034213582
1.4014339921856862
1.4965441956971108
1.4005677026519106
1.9719515779732766
1.103430506500121
1.5031810831008048
0.9546951882877883
0.3032951553835071
2.3430609656573385
0.9720405418557019
1.1608165311841283
1.126958878782262
1.053763254964532
1.1683539854876879
1.835236321841703
1.6804347804053044
1.0217228992692622
0.8276134921073098
2.304846096348138
1.320347248305413
1.299644758990028
1.659037384005188
1.700475289988122
0.9833610265529912
1.8916270583847907
1.0784525716951794
0.9623993929292751
2.1782901676188913
1.430568925018336
2.2698123042112055
1.2501176206556301
1.9522805679916277
1.5628853343401823
1.4671236366985145
1.2574108751935138
1.2691761676024107
1.505437697970494
1.6675426318095175
1.2666470876754854
0.8949329725616869
2.595304320008686
0.90786986359052
0.8395189393417536
1.5569345047672742
1.949554042991813
1.30647546248707
1.4595926014770462
1.1885752882134124
1.9010021109563726
0.42416526331230486
1.0353202500625307
1.1192964075198917
1.010656223818687
1.2675090954449373
1.3274383237651532
1.6210045604011905
1.1431193839277232
1.5200516447066694
1.9054888587710181
0.38171600178392806
2.5966195407047765
1.4715148934928837
1.3116632038363305
1.6846702173378159
1.5916897272918242
1.5722324933715692
1.1983963675905154
1.3616361898473912
1.8985712973077054
0.8998569823211912
1.4115078128286054
1.4145522249441322
1.5162032693175924
1.5263463353576678
1.993306623344475
0.37862859531592336
2.7485098645280672
1.8653759330508852
1.5801988131325924
1.6301273729824277
1.623889041011458
1.6818375368618885
1.7037428700536312
0.9096864706095047
0.8451255107668191
1.2068025035667524
1.2000500402565437
1.618454079189502
1.1732588194938178
1.894802920604924
2.1304627354033463
1.408822247070004
1.6445281472849096
1.6438244226226957
1.201992755188654
1.0923835406967008
0.9878470253892931
0.8988779849490058
1.2148894004493864
2.3391072273929168
0.654713544843906
0.7220411783260348
1.946904816688632
2.0804478472937347
0.9174130198361989
1.9542738264046964
2.068487909667848
1.8585543235216755
0.3749382496379313
1.2476262122610768
1.2806082473499214
2.46477324426536
0.9456508616629926
1.4669373077758812
1.034044725271117
1.4361459406031725
0.846153488884294
1.4572660660381984
1.4286656778999538
2.004060395859185
1.2265200642205902
1.4157186868608378
1.9490631473567521
1.1680280407492398
1.5095696972543224
1.5875927361569593
1.1798601891173053
1.0883020902425595
2.2006689731181024
0.8831707579887799
1.2882251544649326
1.386688011621382
1.197323108844007
1.5468496959138314
1.037953075447084
1.0772737121808724
1.60521932836259
1.4831087510577388
0.9637606701684509
1.4303308937388346
0.3440181781754243
0.48546830943250024
0.4819017561457862
0.3866686256970791
1.180323505425475
1.6640738237185886
1.185055722151157
1.4133832004409752
1.4109468815576958
1.3240881726407239
1.1147673362439123
0.18195802862188054
2.603344939904325
0.969940484492272
1.7382368445674814
1.686134433199195
0.842404396690912
1.5885670387312278
1.3731451627322973
1.7803696678151661
0.5680545181376572
1.134413630377204
1.3951178794866008
1.3812081220067975
1.5351826333260445
1.196166686248675
0.6625758007372801
0.7818636041110482
0.24166823934988374
1.0437984292351414
1.5700705765997274
1.1465382053399638
1.127878578376502
1.408121586950236
1.8042002333915845
1.7944889469620002
1.9375511745232066
1.4670924115980555
1.5141004512232368
2.271632813494726
1.9060388288877328
1.5494776886234072
1.3452370896891008
1.5807361425195867
1.7316909635935631
1.413927550542969
1.477011704274154
1.2875781102967447
1.103176022531034
1.6617229144595702
1.0304437035436211
1.2175463479723203
2.257522296860347
1.7042326904038863
1.3703487117883544
1.2239995425045391
1.6296232756970968
1.464312708916931
1.284815461846279
1.1826561368199233
0.9427753565498532
1.7455319171961827
1.2746727540288183
1.2603639448223958
1.7374177333619951
0.8284826138571688
2.380503042369544
1.5730251277431073
1.6113115306333836
0.8379412496046991
2.3952950512441653
1.2976224569806376
1.284292753105789
2.2437339502074387
1.149440922779744
1.5959519309023815
1.580635976036572
0.9588328293889962
2.2215664577615546
0.7187949481811579
0.8917828935842692
1.4306341590797296
1.4272711913789664
1.316740526696572
1.5541944772609162
1.3454573839837511
1.4550565678752676
1.1669731656951814
2.10407135070472
0.8725894240370843
1.0871207614452623
0.7520672942779328
1.640135774377921
1.6540947975740803
0.2996736353196288
1.6470786643706805
0.31384672342981446
0.3159334029938591
0.3670210576097132
0.8111140495229532
1.317463194857884
1.3753888665340799
0.6644510473623005
1.1681558902563196
1.3967592697647457
1.8214476621156686
1.6089015858461466
1.0491532816784257
1.4360519365909925
2.055603681017973
1.0967342765930133
1.4674961928444785
1.2130993250295103
0.9811375503859722
1.5879823510722606
1.2485515468408037
1.6059182659250675
1.5441920656369856
1.576788081522039
1.2765314816944149
1.2813803852269663
1.737707323578263
2.2078704517127523
0.9003534988686764
1.8855585297340476
1.5169969072567755
1.2325510274920668
0.9940262843856099
1.0348801800044305
1.5931424556222207
0.9876903569001497
1.122653593891327
1.050999134017045
1.4840113182016716
1.0941014280273462
1.9589700551437492
0.7263563164256124
0.7925044317231873
1.31616431635172
1.6608666415173297
1.056761822356937
1.1223957817398664
1.9460706599703224
1.231168215127951
1.4190796071736518
1.5528070579266111
1.6765939066359852
1.0234962732223993
1.8476132789403255
2.344127875374538
0.3773070383870504
2.412666028572087
1.1076555581456975
1.1889726920460268
1.6526570190546157
1.7223101787346178
1.3199884461345128
1.7190121791299016
1.9732803733159345
1.1832437391143071
0.814849290466079
1.842878978616312
1.8656249494855286
1.8969735632819313
1.4344347180776809
1.450636578059884
1.0824295625130784
0.8676209048344711
0.8966517348254507
0.8804477591545372
0.988066210367868
1.838460438294066
0.9661315642444467
2.432258746655177
1.1671477983766663
2.0299118725986607
1.8589037753182112
1.2654310740499548
2.415387629391083
1.454497559874789
1.1503186711148594
1.0993921688154733
1.2602351589358818
1.227928949389131
1.2890508072875615
0.699920557307961
0.6792895491815827
1.9119715360005705
1.403272585676954
1.4665879731095737
2.1312062680519626
2.0006606336512163
1.8107134181855837
0.21715872956083246
0.743817577735836
1.9840491894600045
1.4932154256711605
0.9033013567356999
1.4377094623941131
1.6029354657780912
1.5767588393539884
0.7854227176371089
1.6523415079183965
1.7347995610179592
2.1950154217943654
0.28359148010358426
1.823235481012811
2.1141098526515725
0.8892795394810225
2.0590175358775857
1.578755252205016
0.29075830168752104
2.0951996755847846
1.730660151329819
1.5122856552540394
0.7769076218828387
1.4511825472687543
0.850018594475357
0.8884438349901067
1.2401915528172545
2.2960355807496047
1.1994133322558467
0.990508195005618
1.896806470391028
0.9886243508627879
0.5189525961881701
1.505024795559267
1.2219999920235638
1.378622568008404
1.4744864653747498
0.9577784843235126
1.8650882743433115
2.043947973492805
1.2950221714890486
1.2988341840594033
1.2053358525141653
1.9233539981520216
1.7206625212948414
0.7895443886088632
0.8362190412407433
1.4950549990551902
1.1990572356641536
1.3689919053839101
1.0246656839191477
0.9385179642389053
1.796818895638755
1.3115957593366263
0.8986630629268727
1.6226376722263387
1.3329755954424154
1.7508326276714956
1.246648499524512
2.765787313929787
1.0859381337773317
0.2163743458174903
2.110962278442179
2.3788099350242278
1.5157289047652647
1.2286214332789926
1.0097030385680015
0.9778664937013227
0.978167127339243
1.3736730341336263
1.5544480654126265
1.360696723623618
1.1553379326341684
1.2867167874226146
1.387519346125489
1.721537520316466
1.721537520316466
1.721537520316466
1.6326774438037297
1.6432710878963066
1.764321595560172
1.2996755609720094
1.5356343752053827
1.4545480329432847
1.8202183437047461
0.9520927958390152
0.6154581120158297
1.0971678810548102
1.5631393844451227
1.3285814782546512
1.5708615265875037
2.231168154558644
0.34079011599533876
1.4080516176060558
1.5399485546906961
1.5642885184500557
1.3806584069791203
1.3458999747568057
1.3011185998620811
1.1496029619244938
0.9905218579178094
1.120122112145233
1.5802744630252175
1.6841001873825339
1.764682637041413
1.8758573894156194
2.11500070776384
0.8427761656645159
0.40580212698634605
2.2022108148680397
1.9481573536358319
0.9722731729893613
1.169261558288005
1.92377425153389
1.6794017486503336
1.46073443142377
1.5675030890035972
1.7004247648675503
0.8010956693860163
2.0084590353566543
1.5907156259931694
1.5481704094166318
0.8993189799576174
1.1363240518188291
1.849763232376348
1.276749916164687
1.47029720619306
1.087761877257686
1.057803907552328
1.500157606625754
1.456376178342164
1.5459512535851172
1.7530126371764192
1.558711293841869
1.3127122606513153
2.3560114863244555
0.6349384370110794
1.2771520978688093
1.5352131122880945
-0.06606678505750778
0.10873878392089684
1.8325011589161544
1.0674196369710929
1.6755071743987753
0.4634462069872047
0.727222209656275
0.7245966314525341
0.6352867659661111
0.5590711588144579
1.3636875808954445
1.6097636408065121
1.1049807531742917
0.6128969726345083
1.345149220892501
0.996882473937587
1.1580761558727257
1.0651296870056206
0.7604108588547425
0.8259785967679071
1.8539692384955744
0.7807041542802994
1.5153195626615188
0.9889462283346104
0.9810379902124097
1.7528566202073745
0.8487140774527276
1.6043236111332961
1.4251550061204459
1.3287890098360247
0.5422469664307923
0.3130541654059363
0.9116212472643418
1.9800473994440313
2.331139099219924
3.006060589476628
1.6381206387597707
1.3755232552389298
1.3309963225318127
1.1170617092536406
1.3839184709755228
0.30799185605583557
2.422083706412769
1.2554700724741488
1.5810536641559072
1.2305664853911484
1.1878980767762568
1.3491957601692381
1.9078650403344133
1.8580776881261245
0.6931692232767874
2.1615587153673785
2.2675708190593986
1.535423170614892
1.466844104456324
0.9072315501480605
0.5507889860356096
0.8382229034105317
1.1813586564995016
1.5156129671918788
1.1454360390664657
1.6466733749917328
1.6255857882423836
1.8146142207990343
1.493307533290449
0.6277031013539829
1.083271572988198
1.153784151791832
1.3370311588194312
1.7099473964392282
1.121369939003749
1.1580042495025809
0.8736101240167942
1.3512133440829772
1.645557226656407
0.974021454231359
1.292571373029605
1.5985894802156684
0.5212184257844996
1.2033955633219053
1.212031546235006
1.9575164034690904
0.9464440278370511
1.816072174340607
1.7511383966015253
1.5270729778210788
1.2378287658847604
1.53521550513334
0.9243690069273878
2.10087372187302
1.357820278559421
1.8635472720470883
1.4914344893893987
1.9451949664116464
1.2273682959048395
0.590726524666939
2.1048902357084804
0.29720792140784597
1.2625895689332258
1.4134893687412775
0.8054015635898971
1.9731675203557046
1.8365745739898438
1.025254375346353
0.6107039719368894
1.6548781318462673
1.192975447354
1.493298633474442
1.7258851372485462
1.0705374908678134
0.903947029720305
1.661726280965193
1.400830904834196
1.3480722137482957
1.4263876131011346
1.4155704301348968
1.4593980171322936
1.7748149601196659
1.5524251129728273
0.9667086083058306
2.2016221129374056
1.2949340087816363
1.4668265456717584
1.555903119086667
0.8586261655574567
2.8509854786165203
1.9078801464291737
0.5356157894119743
1.8774451206412386
1.5529296116348705
1.6598114978929963
0.8911515208399398
1.5232745818079698
1.591918014940914
0.6449273644312344
0.48197115838581217
0.9691829154274102
1.0543666773915998
2.196671656695002
0.5961706159129833
2.0236378427894173
0.5426251803962886
1.5475063462893908
1.241488145867313
1.5511333564062717
1.293989209303255
1.2230856105252461
1.0889860527978994
1.1504615711523922
0.7776635624516054
1.9402823609195294
1.6513564059838293
1.0001873973823663
1.81237869005307
1.655913680600834
0.8881672301407794
1.1010554279528695
1.1605080059632145
1.4742883328014866
1.5916660761720869
1.5593573700620875
1.5068209990373551
1.0968089687284115
1.0121050448076823
1.6181030124095463
1.048750340859605
1.0957958737264701
1.4943200871325968
1.2805887645537524
0.9564984737557066
1.3806217837549917
1.5166399128702006
1.3948268444213647
1.1575871747036561
1.6662390953204964
2.267367661192029
0.6753538027186364
1.8898363560736682
1.2218830623545396
0.9755799686942741
1.392241486019796
2.579903489487546
2.5107364603254716
1.131958914615025
1.1626956472421501
1.8900766202847386
2.0413570939827035
1.2703988114840872
1.4428895972356028
1.382029470283804
1.387797686190064
1.0699197821498716
1.297384124897477
1.3837928627291864
1.4353195931353357
1.6449621043007276
0.679547967843092
0.8619730150528447
1.8415392689520904
2.0658033376912175
1.7976241264767838
0.9928704469744051
2.4214067767332055
1.6777494577624783
1.4884791264610375
1.5534742055109176
1.1999599948517103
1.5099968026776402
1.673483615258116
0.8713496215911068
2.1296260923185684
2.3686671403142094
2.5662055958358914
2.526421461070407
1.9142615094985542
1.5703817295624765
1.5284582017384236
1.8923723910820254
1.920803659962479
2.0514745936014953
1.4989445402804416
1.4575629892851365
1.4564094573985653
1.0828506894631866
1.896639254903355
1.5575762856257656
1.7354750727263328
1.9960244263630955
1.7482605129126354
1.1791738610431568
1.1831487589099954
1.4925792730863858
1.43895978700784
1.1173013457231515
1.2302811942923848
1.5846031156434075
1.698434402839563
1.2005706426894718
1.00880409583971
1.4705663324653582
1.4976838945628215
1.6528719210052176
1.1544752225591866
1.3121546167610934
1.4348631846930688
1.0743616164959786
1.0942467020588662
1.0245839181286498
1.5523481088780953
0.8322860009338606
0.9257256846005641
1.8039381326234811
1.4463152886785438
1.1477530723022689
1.2950726666981256
1.4380144834901976
1.4071283437827702
1.5139383471465113
1.6721531549664053
1.6568460468825534
1.717747938806504
2.083830735071761
0.5330176182770459
1.3417789931800073
1.6504165309411847
2.6534618042506666
0.17692128256981973
1.1088347988115648
1.8083288529377024
1.043339976985726
0.8136854604217043
1.934814455618626
1.985027201139636
0.7228064469575527
0.6450888893176745
1.0135265379813507
0.9277146171525501
2.1384667117636473
1.1766865075495054
2.375100131478127
1.0029195321037847
0.7344170743593641
1.8231988756667799
1.7289599340533754
1.4029891527441376
1.5731556339211856
1.8036063507813747
1.0041964975848117
1.6062058591636723
1.676946156263731
1.8418730020912781
1.625328049599269
1.220835895312899
1.6380839728327397
1.1992947044244702
0.9259669998060904
1.8882112422999873
1.5800352072250707
1.6312937114792725
1.3548058867889086
1.525959168440372
1.4171653188424194
1.134437374759228
1.4647913214765371
1.2794445044263576
1.2833015107201797
1.183349846722581
0.976174611400391
1.991808557880116
1.549371599017027
1.9607068441468858
2.013535057707054
2.0306508420857647
1.1993061976407982
1.3523326285541062
1.3963052781282497
1.4527236763920366
2.291445479174916
0.08227199801849702
1.7564101590052696
2.156163240534399
2.2659435961641408
1.1163647352292518
1.215130636807713
1.4390362319839984
1.971654098410963
1.4729765083633874
1.6242165493792797
1.4245034789197486
0.8312967467988535
1.927422807148401
1.589984041503207
1.8399262596158514
1.470884560044512
1.172764890790025
1.7261539647150852
0.9642035030464117
0.9003914497908271
1.0752008044286236
1.2903873701412412
1.5615037156132667
1.6564981891743968
1.059894530673294
1.6156110543830642
1.4542880398403768
1.9231430382651957
1.7674684574231003
1.62234297158286
0.8192859311935372
1.166565060427735
2.321028827672811
2.1588539743459876
1.1996803129273823
0.6159862458931645
1.610455111644044
1.6461787968142882
1.2489038379487554
0.9674779400849824
0.9236850762509408
1.517423993252431
1.36152283292684
1.259564594223868
1.8801146420084078
1.0695326393118807
1.6701034230288248
1.1014592086975017
1.6914455552281566
1.727985294887746
1.8249140603232004
1.4332958254589079
1.6655576922167707
1.641237567704648
2.1757813361604335
0.9295895531079431
1.629940369201576
1.5043212780544435
1.1827616931541438
1.8551780918198848
0.7090849091783159
1.7473716834798592
1.2070316234374658
1.3695588061287245
0.4028839546488593
0.2408492656609229
1.0128076715070202
2.0770164526394383
1.6216008345441675
1.6093173390365276
0.8131448840321227
1.492359654695322
0.8984188736047914
1.3964923659644393
1.377610492774265
1.478332789245909
1.38517970645611
1.655903629921439
1.609497811712631
1.300353656592012
1.5936614832109994
1.8511856434933276
1.765239395461588
0.642580000342935
0.9589012184982307
0.5529447463499693
0.4411575015226156
1.1625770086536744
1.2321511824308478
1.1910104673284538
1.1944085907891369
1.0700448659739215
1.7732434981031324
1.7184747085548553
1.7085133542627788
0.8968040516388149
2.172915321753161
1.8307710923873504
2.115893612151696
1.6207140444496777
0.9847052795261938
1.165397752334599
2.1309115548150337
2.0829554811673154
2.0829554811673154
1.2776819413681084
1.8112488173935204
0.3342641622418734
1.9533824017878936
2.1211744601553217
2.2603740846703557
2.0919205115218245
1.1583607346645495
0.6172393636065019
1.4669573633220068
1.6586945921813863
1.6309348804666048
1.859198118224097
1.931062093676969
1.1535248392781243
1.297533078030226
1.668526845450248
1.0294212192635626
1.6992844399160438
0.849660668727334
1.0361097522457758
1.4402188773395725
0.6838770967669863
1.4461893995721782
-0.15342464521161464
0.2573330771232246
0.13542974295304436
0.12909125411399347
0.5676205959142104
0.6699199731578933
1.7966477774575982
0.8556062170312405
1.3158915743677588
1.4794626343186863
1.5499925818289115
1.378990049620826
1.554239087412978
1.0328753359800071
1.7138097896666131
1.134615062358942
0.7237578584913451
1.777988850929107
1.0673178210056478
2.0441305702615122
1.9198147247518198
0.6843739798390639
1.4188883104945504
0.528634000500377
1.4795342632285564
0.43567468311341334
1.676390422257992
1.4507943655118343
1.846212711091682
1.4191410009065717
1.9648581331118522
1.503593709275147
1.9529857493370102
1.3826031866717805
2.6339788014848944
2.5866456475730732
2.5381667584793415
2.19287315155025
1.4980827199197548
1.44854830173724
1.3457846778357259
1.7747853475353867
1.3124532006364928
1.288371745142062
1.6731781735762175
1.5395464581414409
1.4025602612598307
1.1554560787873907
1.1540151924168305
1.6287755370497714
0.5175201352966117
0.7976888128020495
1.5676930493072778
0.6852330088220154
0.9967427739750716
1.175039704117678
1.1824016405043343
1.3803953355707927
1.621207091320644
1.803000740346664
0.907679117572018
1.8209658966739142
1.5623223057133924
1.637271739481636
2.2811061504179975
2.2716752841453087
1.5161323583532127
1.4733598494531064
1.1297564932560928
1.3472294158767701
1.4770685856302583
0.9567842050834837
0.9235575001048264
1.5086268627009776
1.5596816985061543
1.9060973614371337
1.2723820871853604
1.2406978137574225
1.4161294171175445
0.8654478330003489
1.3369036634778941
0.9942517344292326
1.5071349286826
1.0262932072263944
0.767871117367447
1.1696150204910138
1.1223060549930808
1.9203272616305098
1.1902432954936961
1.9735958536517624
1.96781066606835
1.9292285732566419
1.1396930610664806
1.2659542165649134
1.0703742140865977
1.9060650314420027
1.1217286719248558
1.5452375327041925
1.4506660489892365
1.355252136329817
1.3708073736344157
1.4548209574647903
1.463388975839422
1.4590460644321783
1.4876454781469184
0.9955009179375446
1.744797604843404
1.373152190269567
2.1474799302763943
0.47425438798272246
0.9826025790059442
1.8255055389934756
1.552706530649887
1.2204413252398532
0.1613545762649638
0.15492520468985957
0.24121119450853173
0.19226729356819383
0.5337820750653764
1.4935530087205129
1.9184463289907174
1.2280662994679783
1.7543195701422958
1.50788901283494
1.3950003142853367
1.4962398618188284
1.6120843429933978
1.5526554181956913
1.462484995540255
1.108079814032649
1.8913617207453077
0.04369248804694143
2.769849481195429
1.6706111347442978
1.3854314093601174
1.0116282975431397
1.846604573286531
1.9313917692038542
0.9426592153666783
0.5641131501493598
1.196560805590879
1.8291619445054368
1.6113802930705765
0.9262768704971706
0.4576339266521286
2.070525815089861
0.8342218610380151
2.000135254780543
1.8674663655810935
1.6088438709499082
1.2227279021678434
1.5447455644162573
1.0726400762293447
1.447765814413745
1.6939302511134258
1.3278358983174465
1.1950938510832188
1.4343823564790419
1.0507057005922296
1.293095637710442
1.3636865710331483
1.0070518925467071
0.4770506704722437
1.009292066172412
2.100371290490549
1.0908922229185425
1.4295413583613998
1.084569453316344
1.4916984275646925
1.3864091736201911
0.914214966504983
1.0665992421000765
1.5637243591827283
2.024804560595382
1.4097739317372844
1.2970371766765485
0.9717899130751617
0.8527603288578971
1.359372256847914
1.407212431238193
1.867843782346149
1.2640580394799368
1.2724516204037912
1.5312840792546443
1.2667883823263058
0.42359958791364755
0.6908649284871003
0.6335403942794069
0.3077099533985488
0.3318916880352503
0.13942647966998176
2.150719548713025
0.697620746540059
1.125856264891472
1.6942546977246833
1.1564522417936456
1.2757704211145475
1.5343475609024506
1.8421099801737224
1.1451573196791067
1.4634203180477965
0.8485338522509973
0.9623409084998843
1.753996702225143
1.4475827658973086
1.268928171492874
1.4996517360931667
1.5857655051236683
1.5857655051236683
1.7762036067873144
1.7900919772265482
1.7618136013590013
1.755204143462836
1.755204143462836
1.755204143462836
2.127084636379128
0.9484192424967058
1.4021618784205003
1.4290143200771859
1.3938045422818772
1.3687197160609759
1.5159657074343764
1.1547684863924415
0.9821348771702099
1.7754894748094407
1.1544093974786478
0.9709505282724635
0.4994357401317034
0.4185288806337639
0.9544542411624717
1.5211595843092565
1.4051828847597287
1.035782504144895
2.006563587219578
1.2651012819634655
1.0255600590230256
1.46215249671209
1.0468976130852097
1.5902182504263107
1.7040939688628525
1.2415657096909123
2.2582383463103115
1.394170324174883
1.973239727708037
1.8723261627053043
1.3406988060991192
0.793419923271355
0.18419182807386525
1.426751243754144
1.6949988255785562
1.1125259642392933
1.6885823853826631
0.8890929199869172
1.4051005416761289
0.9838574379329869
1.4759019395309347
1.2899276754979465
1.2867394715856917
0.8666143588709176
1.8127697130190659
1.561020945679798
1.1697443634781606
0.8221216690374588
0.8220827457638409
0.7500577509353823
0.8286563943412197
0.7952963336857888
1.5894874534122985
1.3938728430888103
1.1979317434246632
1.5454805576790773
1.4835859482213907
1.1731580985087993
1.4033218602384365
1.3965777858836372
0.9069114032752755
1.8255375970684593
0.9300439997998625
1.9095038794628256
1.0544683924470888
0.5689062768175962
0.6196859250390838
2.3491656578738547
2.3290481189555243
0.7302783113073342
1.3884290938574897
1.6394465952049844
1.596547246453279
1.5279823833340382
1.1902246200565982
1.0430776387181766
0.7912280065082238
1.147978065994462
1.1617296384039268
2.3348551835340006
1.4146206648169206
1.3857428654715414
1.9135946289328793
1.5099784309569522
1.4656689328732277
1.4865557083509742
1.5074295281702184
0.142765300515058
1.3616832917859913
1.9363376125628533
1.9625981090545541
1.208870850943105
1.8254836232722396
1.2402894843530732
1.0563237301605855
1.7700617688388107
1.5528740382140063
1.6319950618301597
2.395456257328682
0.9432984058439258
1.6979894244675722
1.1809721025548814
1.3458569926771473
1.312089929636302
2.293817880622261
0.7090028031802085
0.8211176400475455
1.9333928828635174
1.5330721982939584
1.0897766157164093
1.7142400876819475
1.7426889778233112
1.4022015154157481
1.2888704585169632
1.2499413329673725
1.4606688268826167
0.8944364878332559
1.9166251916749542
1.6392244759094983
1.4462842489298826
1.2618052628775123
1.1337226563375518
1.0297506063460475
1.3290957745511986
1.0199584380049154
0.9498177443198554
0.9441580443639395
1.7064827465996435
1.7548675409106085
0.5874402140347903
2.477227957662492
0.4259637431304743
0.9469689468705034
0.9512094807430127
1.6722495760414837
1.4684884723226108
1.6900468035923568
1.3545996906973923
1.481607862547468
1.677870664488462
2.1668563411806967
2.1567506092253224
0.9156185570184798
1.2231844306312674
1.0637655231451277
1.6594805942457513
1.0385720752489522
1.7184324514934588
0.7910084390694245
2.1202107914322665
0.6386401547704442
0.8684633368120259
1.855409167880424
1.3903708607109335
1.0752209772290402
1.560404911249425
1.9978062057947783
0.8405388034564213
2.173420763294077
0.7296660975031917
1.594764306726227
1.401491685055488
2.1670102463123175
0.6760460376744191
0.8206982078223184
2.3482168073745515
1.753472430150086
1.3693013043087008
1.061729388651415
1.9012440591481659
1.5476315620795784
1.4607031199987193
1.640566027707034
1.2622572455219425
0.8054140212150673
2.400292786325815
1.9506156075658792
1.0848346193522145
0.5623171173981419
1.948224573672966
0.6281735677686142
0.9368421518846951
1.5621511941781048
1.0720570724928016
0.9791038649049042
1.5721148200147628
1.2618174709963572
1.3500892817494838
1.6375463373907584
1.017125537660836
1.544437039981264
1.6450801389509369
1.4581900036513167
0.6381695965177687
0.3641889612657124
0.42622364919861594
1.4367398575872214
1.584715127664433
0.7634510641855747
1.5927463488739402
1.8250999781099697
0.8477026968747164
1.4329246238891125
1.2310114242526722
1.4162961746558462
0.89692688539468
1.984648079024495
1.6878936405616545
1.3098755843376704
0.5649152024688102
1.0688130673508442
1.1774576253499436
1.143074360521911
0.7119581550821665
1.7869321422270215
1.8244999250771603
0.9719442406030064
1.4067704303807358
1.1574202875717838
1.0242251672229576
1.4002002157281999
-0.09186534487549818
1.2622413975089901
1.9514164707921644
0.43058124505841244
2.164971892415464
1.3865358801252994
0.5877119841429206
1.8544398703744795
1.4297373006246317
1.6972765606793814
1.156303668259943
0.965142106500037
0.7489404363712227
0.6030432419685424
0.2761489234644752
1.123444258456111
2.011376355115505
1.5528664412009923
0.8855125688246849
1.9996861118079972
1.5273653960361637
2.306397640906655
1.6578641443652131
1.604179922785715
1.3376713351432499
1.4995362675865926
1.1140686868546517
1.9631211678472178
1.4146865894266798
1.4977955168009875
0.988663565456481
2.1122138803632033
1.1802225262114585
2.5881259654557294
0.8255617089667877
1.7791337632281972
1.3072017233937079
1.4202190139390654
1.3391690376450112
1.9888715409125415
0.7115802046484423
2.0656749982641083
2.0680361751016734
2.1054121077359897
1.4046096148588338
2.1295513564238657
0.7722204529833137
2.439082433896769
0.8084751110944408
1.047641021244762
0.9791667809521958
1.7833101459542569
1.0372533590553874
1.2228730875383822
1.5704561787774272
1.41537473904263
1.3163062496998739
1.6054693359476782
0.5068274216382814
1.035291043324136
2.1753228801783266
0.7538956494298678
2.0334761866191013
1.817583721571174
2.2088762034755742
1.3495443344254496
1.6342038053027168
1.1544033065735575
2.168823256471801
0.6821001339307248
1.4459378595586043
1.7731161402726607
0.933196762746395
2.0002457232607673
1.2146968632605952
1.211712377520782
0.4831278999316663
0.22256322658042285
0.6558917578292038
0.8701626355531791
1.7239966541978178
0.6662314479212774
0.7631260539379917
1.4725049490961144
1.211513313675174
2.032916538635637
0.9792831322609082
1.960755746503759
0.7349641035858688
0.5029797370908704
0.9396533233482047
0.9479185467015635
1.5247717344134615
1.1137177152091795
1.0707544898492436
1.4682876587623528
1.0830663930387694
1.2441217458205889
1.0285747414629751
0.8593387686937853
2.253412809405992
0.9035254986776142
2.165541705584835
0.8928331784011818
1.3950315692241104
1.2454276519535983
1.9954155728704097
2.235485333544915
0.8134316781177242
1.7381312542120875
1.4525283609498714
1.6759048508651844
0.8654400181590554
0.7631849764646441
1.5138945413478824
1.0336114460292907
1.5162965919071387
0.9337258387457971
0.819127727589293
1.5628391088452362
3.4181700193620985
2.4747433684643183
2.339579052730843
1.1716740420561667
1.2788974737250043
1.2733862453713163
1.15435063776331
1.1726397514996874
1.4286439606694785
1.93105683963187
2.1775798159703936
1.5739648172678802
1.0178458409359954
1.0066072727607445
1.711834433893552
1.1305950419284057
1.340424100721095
1.023405157346394
1.1929137378530141
1.1475302085890775
1.2055921092866193
2.0083149204892523
1.089568172390896
0.7852655279603717
