0
1.2198958898739498
7.2424311157917565
2.463725262842915
7.955925946919582
2.102423370417769
5.808859312129397
2.593429441745975
2.629965135089674
3.181059014593015
3.185571627427108
5.66813978294435
3.2576737581254505
4.527817612776201
3.7006567281069915
2.82367775053722
3.511559512423121
4.438451937211725
11.738562881273825
4.5811400060939365
4.803143946942243
6.752824948660534
6.024328668813087
1.674907352217263
7.4339949453008565
2.314026518309953
4.936327427414346
3.2881787443498616
4.247787460377196
3.6103360913178575
2.9904413847791482
3.9395491979027573
4.688287152484611
7.979410785414695
6.133455810512705
3.049222435860842
2.190681982738246
2.3164139339784504
7.160486921048852
6.239856429878952
5.67738864803778
8.53109091261151
3.785466107784532
4.369512815833842
3.2535918221798745
3.7978493899703474
6.741462834334227
3.525946309490215
4.625502266055117
3.893882639953163
1.769205350720511
4.941172189481278
4.519818102589263
3.5249027478166766
3.628300635152084
5.9368580721874435
6.213274600814128
4.912235155690563
5.636094314367751
3.360010677251522
6.608182967213519
2.967122586340167
3.190626040811832
4.47280378797716
5.278685186028189
4.4911317102150585
3.2319058372368428
6.00588408213994
3.3383143818613004
6.83440652189859
2.1821304773756385
6.38900494010509
4.210890086014345
2.0402806759733867
6.114839813308059
4.186035219973585
6.245670685117239
3.919878737237711
2.8518725612643547
11.218158015909134
1.4440543618813808
8.428559528326009
5.487938061334577
15.324832787484535
2.698519133943065
2.5982664743647006
6.30959261060721
1.3925139958017898
2.865681651136284
2.9172617143808273
4.472778110062763
3.986378444759371
7.748375298450413
1.3155818221295659
2.127309406503586
2.232386846811329
9.210981945148788
2.050531330223661
2.141227483660989
11.588263952289958
2.1376763838005637
8.604344957996393
3.9981983063708597
6.2520085511722305
6.364642797060871
3.954084744868841
6.11743681892496
8.667958217709165
4.275129217910004
3.2424562110092228
3.326962543631721
4.6355696780059805
4.3609745464452585
2.7788144399453136
5.921650111652031
9.011384963767828
17.938155613337248
1.6138413046663773
10.892722427580557
10.836432391703763
1.9061707918692188
7.372406348887366
3.171684072079682
4.061799530841184
3.4758302742114378
3.735554383652367
10.851898161438045
2.59504735540889
3.103466276102288
3.5117726146301864
2.471048443331274
2.263702113474443
2.7135865992358585
6.047854050231148
11.705174259416621
3.87410101539173
6.016281092850097
9.039594696304675
1.4086460008442951
10.653455491312162
2.5445911866392743
4.220794199669657
4.14083118338771
3.3195842390937536
2.8757611487934156
5.677483866599884
3.9623940931974837
3.263526510725357
4.483760991291824
3.139305811089078
4.890470700787877
2.344558028908737
1.8222679120227543
1.457777580809111
2.4694660083014845
8.316853460465518
3.8051671962301126
2.6278930789048083
6.249429625784309
6.59589103857883
2.4114897687232233
7.801805613221798
2.2208108426808284
2.721959441086118
18.363345153045337
8.636373999502814
1.4880884649626576
5.134106077838262
2.4998058790169693
2.683656347071899
5.150062336225768
3.014602374240925
3.8884998065206853
4.440850126793068
6.114734947941221
5.13529965982511
3.4698914486827266
6.752046713798377
6.505837903851241
3.1233714072157266
2.7978815000692636
1.7568639141464473
5.583981740726322
8.509680877553798
9.145793911430824
4.357052439425663
3.4136667986605556
3.2540281611643396
2.4799757394909934
2.5855271368482504
6.292952898085032
3.7372457676431274
5.5777076961450645
3.5307086131678376
5.650365534878117
2.7474165236773964
4.9728029455238
4.894490654208446
3.9268216691547364
2.3948258848027226
6.079621611165554
6.274919938067922
2.4316924064328123
8.054898302118405
6.957597965254899
1.9076958538156565
1.6170205819307095
4.508435231298752
4.910605596707449
5.2973969502763465
5.196413090386443
3.066198887752452
7.967537009628135
5.069889194496929
5.098718850049378
4.137008581325673
4.222658884023751
3.994985691589007
4.206381110402864
4.298425187874503
4.146248075057361
4.030448812365563
5.0983837030251244
1.9860164666918665
2.666620405805585
6.563000296510831
2.9908360031065846
8.956639122521047
2.16429865521361
8.501918933913261
1.9917392305574795
4.649997459737223
3.419427245137997
4.756873230443366
3.7493282505507763
4.010550543848168
5.86730283909158
5.601436777090617
7.8367708838777554
1.9105320551578684
2.7140841897094194
3.3368854797714933
2.8408429876448893
2.3577506405525024
2.8650256377603776
1.2837752920449625
10.086242002125042
12.340277192630307
16.192292662046263
17.33660397662245
10.281773432437888
1.9343009067622081
2.8966902524563567
6.192031200374016
6.325291348273529
8.08132671977554
6.479043939530939
2.149962763911687
7.353916079400792
6.087173189980209
3.8611239624239793
4.149186857381223
3.9993646764357873
4.358977464242857
3.959966209200907
5.751196776110007
1.9947150611059297
1.6354666951250358
4.082902499781999
7.04322811519197
2.6579626601311768
5.690562075748195
2.561587316723279
3.9889643017675787
4.306464545864183
3.070403117529116
3.2978419174157674
3.207591251508043
4.761001822644733
4.2772595849191
3.550797116342617
4.466393064704104
5.7087562135653975
4.721067954552829
7.632168934062438
2.878313340594437
4.236964613932096
3.059625308955048
3.1652165607165186
2.4162419655125342
2.1745789166942124
4.08400404580425
5.492966638985341
4.3279825989228895
2.5351286053910047
5.621017954367348
5.786218048561997
2.894122952242301
4.278662006394233
5.878032240286982
2.493995010497712
7.109967574086005
2.0467240159664026
1.94094798030639
1.9220215316770528
6.31730886749337
8.91635494436169
21.89606035289753
8.958735331110075
3.031019580474036
4.634312656079597
8.29983664429379
5.315751129044634
7.08000805647286
4.366811410029774
3.0584601844580814
5.5332344674202885
8.304251954382032
7.969553267694182
2.393107078627655
1.1931788425437422
8.461431328633974
5.320646572600183
3.5552436877163847
6.640366198599741
3.8010618475429587
1.8888299335873777
6.6525062503325625
3.012031860325519
1.870158605038952
2.0895689219916402
2.5678503441346026
3.8747548244968684
10.734400952937166
1.8902980921632688
3.0767425308911127
4.002927829206097
3.3573556477112114
6.562518570231005
3.096600316403633
3.4051995900857057
3.8571981462036025
6.080134685618527
2.0127055583408704
7.087383495574862
2.218397327747436
6.846987558567498
4.462524794156249
3.0063494489748823
3.5504260272500026
6.611880288098326
8.114064817295345
9.200090407032391
1.7705155388421088
2.8864857710730685
5.569307765078657
5.830795320454245
4.156404060906446
3.49613199654715
5.353712409045596
4.229282508998956
1.5922846735192049
20.67782677418028
1.4431064404363876
1.5809618363165123
1.4220529260887271
4.013266845601545
6.775073372847636
5.420731572194959
6.697275162379863
5.991424415248557
5.398581563354004
4.524989938014127
4.193840201498317
6.723817394748217
4.375032423567247
1.8530531722468004
5.012367574474632
4.197964424965694
4.255848786790841
7.223478940127402
3.039583431346104
2.2833151680728494
8.993633181812722
2.6998850387369258
2.6894524419510395
2.615676459335868
2.627600725375402
3.335475889592142
2.361180141833558
4.585395284691329
4.6401064337146405
4.715660780945608
3.2460876529951976
3.899840608510666
3.823278463766197
3.586968427462239
4.35099288256123
5.802928918101819
2.606148565429979
1.9293600025373303
9.15456738049597
2.0596471626393
7.866084817016328
2.052451967040019
12.189021023708825
6.2347022116755495
8.363986424009367
14.280409783328581
13.544117067618823
1.523095312538577
21.148574343398185
22.326794172101817
1.3664588512005924
2.367070978103005
2.9483876001412157
6.0567504318748
3.874285221199846
9.127440852333146
9.315494381983859
5.326728562676338
5.668828514509018
3.1069947731052587
6.060870497578248
5.730338125381917
6.741446445207707
2.4024639055050594
3.915958321139289
4.184303317531716
6.194716976910281
6.233984744123529
5.079124933847628
4.6030268664266085
3.4167503051588386
3.627384297003624
3.180254343899727
2.634100561121254
2.778449308402492
2.316345733061516
5.359898921641969
2.68122246221711
6.914046717942319
2.6354696094295775
3.1054758895780847
4.724154024990062
5.694594363338937
3.3951475032067817
2.626343772042332
5.29123257806992
2.670815202079037
6.076098115792161
1.7631731818112244
4.015459326280769
4.169778544262525
3.3540263834589408
3.8170382577498345
5.160524083786801
7.043766380293084
9.076521530200324
1.7929428331897435
7.042282032124679
6.498148306517128
2.0594272003334364
4.379258832213372
6.327674461799969
2.8689051920333104
4.010554377574991
4.264418270188769
4.207327019674376
4.711548762149621
4.816197094633462
6.828696571010375
8.128138061545885
2.218048184165291
1.3516476179654107
1.3301615542650456
10.257807421890494
1.4358908175054377
7.9720730791477035
7.307311764336403
1.77379830718162
8.287355518405437
4.077993515967173
6.1659366066371355
2.7248956805010183
3.755964756490276
5.86632096650723
3.8112977142204523
6.427460878933889
4.634289591555365
5.253495634603059
4.19555719449488
4.402833533669893
5.570843429638106
7.236573347024816
7.990868029917702
6.322114136432287
2.7367398838832866
3.245839113165063
2.8095317172436354
4.330750858320688
2.512048178173537
1.7749314563887777
3.6972321231235554
3.203685935178883
7.416162906693549
6.996771588170342
6.081443699320589
5.2810113962264635
4.92231596946667
1.8479126043062333
5.968764936102346
2.439218337069666
2.7491291786503704
4.9454277372806255
3.454415056066361
6.951281313948258
3.1992517387062303
4.063271984093896
5.614955483612449
5.361209565050296
3.954448425069096
4.332850689488771
5.441296225978522
7.222671730543939
2.549971370862363
2.8224027095359356
4.543134635311111
4.056356998573691
3.9438741648685136
3.5789455950481623
2.56251459904519
2.842439914656468
3.794129607875218
8.425646811371932
5.6819146992169856
6.509527134394942
2.4118638732698514
2.3387207825872895
6.434418946790764
2.57565703927744
2.43719595604438
2.8702703806303185
3.5909570019277837
2.097569225278768
1.972149078097285
2.4623911792054125
5.894266435249055
2.385477787720967
5.628367461398794
3.4577400043692688
4.105310486112588
3.9212078433378847
5.3065701146951625
4.528003729669291
7.052025385709266
6.785401747653328
7.960264644594809
8.198596485847622
7.697544480507037
5.434589910149435
5.111989324490541
4.987657987411653
5.141750449106983
7.897123385170206
9.009933648539178
6.217164306949843
2.649698936401941
7.6077183149958305
7.335195704278916
9.488592599086244
5.108104080694748
3.437086370065522
3.2427958289982914
7.04508890175185
3.284601066876519
3.157732592187968
4.536870035751041
4.043187865891163
4.930561293345839
3.2199530108131778
3.4028485328324996
2.578258352119189
3.8036897380305055
3.7087771101664995
4.781883960004237
1.936426249315664
6.428090062303182
4.6645460260101475
4.623376912300546
8.078962437214367
3.2374873087651697
7.277855454542864
1.4354348943728987
7.613869802502539
4.776128510664297
1.8811092680402761
3.523871828525403
3.010619530490336
4.500820499412451
16.71332762315253
5.283690103212059
4.368860941064126
4.979288469099324
3.7186841292386297
3.5812889782436197
10.652547485725327
2.9650389054868276
5.318557549087649
3.4631988759404395
6.301499564455591
5.994923739299005
5.126475887186997
2.648779035676573
2.8248327639327964
3.0539481608232273
3.4380404605141814
3.757454595106307
3.2185617046418136
4.43384489648086
3.71765240692018
3.530263371070473
3.842896843687521
3.470783530766501
7.1061337632544355
3.576206312445318
2.8716299012789706
1.9766496658054717
4.015239541746195
4.524563107712401
3.1081208385934236
8.289390706577185
5.277549315349157
5.979123041821364
2.802884351590046
3.885287269877956
3.1363172947085336
4.803074767477713
4.5342074642604615
3.873668821660805
3.8527854740229017
2.7705468096556185
2.7969425396298826
5.292256201760498
4.340875950128901
3.4612874522069923
5.892704299610719
2.688643723451224
3.2444747381693277
3.3373267382426866
4.974391793184355
6.7371953042924
7.024750570658056
2.7951279689369777
3.939452896805118
3.1872360099148676
17.348938965716858
2.0790182517921507
6.298735276259287
6.899609149160615
2.4942234118900792
4.61338876719067
3.2623692543968037
3.1084941411387508
6.820065131366613
16.17999928587002
16.584385722093828
1.0722121506818552
2.0476670317616095
7.867961133066207
8.591069593902718
10.81859365296646
3.125444821140381
4.096975261213534
4.897345959636796
4.007233680039498
3.9293433546748706
4.781016922579742
3.4433300609660424
1.9559132346203292
1.0595100949918186
1.909538001581084
3.8181561794948986
6.82831698345126
5.061867362337914
4.843397906041653
3.1831700458305043
5.812773567325928
12.840482925450903
1.680415546545279
2.329167524722142
8.46613355848985
1.8186090185148986
2.7977366321515067
4.37820306788211
5.916037294416098
7.956106642135752
2.254102965769172
2.1076791876205725
2.0469376135891317
10.730838769979579
1.606359850091744
7.573187132104685
7.164526451080575
9.330326174133603
5.097360069281195
6.947289153643258
3.0435025884299955
4.878720210792123
4.471412206478535
3.8772505857851534
4.522938218532446
1.6395068567665916
2.2111684609612716
4.217444982326141
3.3930546481064754
3.140657584121769
2.0808989482315767
11.76111140495014
2.240544195672984
8.136436599993822
9.548012857410512
5.049496789435062
2.3360678919272533
2.2700814385793566
5.688439165313765
5.049742292896437
2.4505799289835437
7.725758254039026
7.026579809521495
3.496037495521906
2.545160623188252
4.315382301107614
3.698067789853454
9.564500222139454
2.372552980745609
4.145411527788501
2.3360068727606818
4.544323086513898
3.2616747699166613
3.105679588869969
4.6886080893363475
4.956812194488098
3.112650617517412
4.322357687256446
4.677824134253005
6.513203746968054
6.812937484787569
5.161760343367949
5.464120615229331
2.7567496195262606
6.417163272522043
3.122910531345539
8.204721600749485
1.701294169962623
1.5100589922522534
2.3804259638695036
2.4624033380809607
2.418598717553389
6.444944658785647
2.53096225713582
1.5848694821906484
1.4615666334678976
5.020946968686179
4.221801906803974
4.366029354861237
4.28992288868666
5.2054151528616535
5.011807748457103
4.997521183645749
7.97381108649686
4.263847125153104
2.1576034640646298
8.890207511802185
11.321116922233864
11.65881035604863
4.631556262966003
2.8500903473332246
3.6083421536163027
6.367211982803016
5.421345520853445
1.7780428038924623
3.941961719031119
2.644561715317092
10.822248347320349
2.911643573781915
4.7517810697793035
5.768301912128296
4.588060517933008
6.65630569822817
2.7642378450678664
2.237088033276375
3.004921224376647
2.7649093847168196
8.462423054642644
8.91452516944384
7.200769893320601
3.0005479275402456
8.779166268963959
6.493623323650866
7.590787549099661
2.4608802937013112
3.1147183513123062
3.5766442273139107
4.4496069396258875
6.892859780857499
4.479173455852631
1.9225942073059494
1.7871798221601185
5.998529198678101
3.2038613191084875
3.804065607200259
5.19196396884228
3.607817058850698
4.1419737521092275
2.779346784241994
4.965935745696757
1.9578791851622206
5.210984362123549
2.4320897895975264
7.4330397556369805
3.2633924711205955
3.208608479757629
4.186216619147233
2.9807762358682743
2.9742758245734637
9.337978127562014
8.575357518043745
4.996947266365685
8.998463528593778
2.3740433429248977
4.9734051884318475
4.962462786794023
4.83185480423158
2.9867452585796355
3.378347209192195
3.6143150929224412
3.6956996437362695
4.138136266807626
2.9276704527752884
4.046478682440296
8.554315650978362
3.9662193190999178
9.128781226285875
6.101037211495012
3.7829272454757294
3.9003435460425715
3.605479594867623
3.4438953005691997
3.4787446006575986
2.1176456502696617
2.0947918095771385
9.067618691369518
2.855322245475968
7.4006119482041415
5.754108165818787
4.912763197623841
12.641383487530968
11.4053595609502
7.661167724208168
2.8735428427680585
2.8008656908388296
5.242700967926009
9.05141211688399
1.952805422757304
5.608311315112739
2.2345158115647377
4.509410224549408
6.543099656148876
6.990731193281455
1.748143897351423
5.396361412076757
2.9799213197283034
1.9736038586280777
4.794146004465002
2.6597664891335993
2.6266802225043695
3.114973066430824
3.3420208008925627
6.3094909839956586
3.534243544297652
4.82167026289619
4.266831409943641
2.960013237166993
4.001697099960079
3.573121469173824
5.024999637918142
7.898197381584513
2.052468034758975
3.8666862877912145
3.8774559607241685
7.960662904285289
1.8114992118843916
9.089175308914017
2.302343613945166
3.0584312588399607
7.5286347473058335
7.409494838373334
6.042690517448536
8.18937321281715
9.780568474737889
1.694330527050277
3.512736483090574
2.3251108628032964
2.4294590549954793
5.291040721059735
3.1645068777814362
6.234706248340227
5.035133055237391
3.8086857101602543
5.878305569123234
5.015932804946807
3.134806889742568
3.9312722144534793
3.440230385027984
5.8229499845918005
1.7020808356643606
10.298523918989494
1.7788010123975428
1.8971672523620373
4.83415915750529
4.430884923266951
3.1158211126688666
3.9059636650479046
10.207634758908958
5.873808430954938
6.050929677034596
3.1019709645466977
2.20729756817076
3.5717327189480104
6.413025333334405
1.6276845310668724
4.837812994257761
3.2169928751009462
4.310374778660832
2.4784315291034305
2.9203779350394883
5.859022864292885
2.9274604695932362
4.611783790869641
2.2837514306065834
3.0147024609295
5.287215872583155
1.9548431379370397
1.9519280890716761
2.0120940674893797
2.5135483480250596
2.618686998166214
2.624888415424917
5.798784921466565
7.008862213185149
3.3864774927275056
8.120415238366945
2.327087883039192
1.9753451364996066
2.546393019380498
2.3495382418008246
7.081530703766886
4.098859606994523
1.789681831631035
1.8437306930064994
1.9406319525424096
1.9639301780400265
2.017273778870494
1.9290431411355704
7.853089447775171
1.4026343318982144
1.475983547717126
3.0273234577623915
5.169977115277261
5.816370658854336
4.630080701459727
5.910929271625736
3.41369298240418
8.693628288713517
4.919209038785339
4.408926214785074
4.498834585487078
3.5230951208504195
4.177393843966572
4.338455895626702
4.6697354495724825
4.958707560476309
5.4813021439654
3.1699033087690145
5.131041152115216
7.4058327505724915
6.162187240703749
2.4014900396018115
7.990592133819697
1.518882888089366
1.4073140434849436
1.1010716838930816
1.6848915739602477
3.226266069702196
1.617506264071309
8.680126617692267
3.8724522420125087
2.9027696029411403
1.0922961546678378
0.8208202133182667
3.342732566304331
3.8974315353455586
3.9571777597741016
4.098553596268555
2.165656300541227
9.605271578837977
1.7667336483964637
3.8023000880630464
2.4985703864200928
2.712586613876808
2.654655706745324
3.348729769871907
6.524300962707102
2.6618398630283426
8.619098054105878
5.078773469049857
4.743009150463788
4.8741421682584605
5.090007135974777
5.84549366487103
8.494541049543503
8.2443682760385
4.670697237518026
7.47327064018824
5.97859130473083
1.8835261753163532
8.411050385133281
5.185676207463485
4.825399921916684
4.235091692886207
8.377656233079332
9.689248492596846
2.500042436518684
3.6600965249765287
4.199124927587451
8.14981386452012
10.144495056262565
9.265633514983454
6.29982226054659
4.482685122672414
4.2246906959059585
6.2316252088451165
7.205717503152438
4.452081841653861
1.7679656405284343
8.771070389127097
9.387731927839434
2.136847499771582
2.795254554933434
2.7689154512589442
6.583233859095947
4.307745392940178
3.811887773679687
3.2085228559572165
5.121161247567555
4.572276708457614
5.408175644417362
1.7638804497487985
3.676804905337674
5.1121437283208895
5.050198380890286
6.013013357049512
5.824193461085349
5.220863048550181
1.8741168459230026
2.658911696767329
3.683926194210371
2.5292118885969237
2.5231686855506874
4.784247855598579
5.044246126128775
3.9438570789154825
3.808288468423317
9.283727621317
10.549719634450346
2.2526615872948335
2.3643920249268486
7.949896278364004
5.779327880896117
2.405489657167079
1.3376218393537251
4.606389607442402
4.151059169432772
2.7034914360646085
2.846015029894565
2.616729572391847
5.515612462863036
5.537858647743138
4.299510571516803
5.672546219556049
3.638775918875422
1.9501715040142904
8.256382903419103
5.417797996117875
2.7131446517732116
2.999116168985178
4.71297128673249
4.188783882119013
3.6748764628253694
4.137419345432454
1.2799275692177496
1.6405963569396187
4.078093483656373
3.006709348025586
4.472933945889789
8.153435484035047
4.39133870096234
5.136637488874701
2.993994713189158
5.937676096791883
3.0983051463627085
3.7113698431469286
2.319367978735028
3.4049792538509593
8.785417956524801
1.841041273511136
2.3088733344949537
2.596279162017885
8.016688719419642
2.248794157701337
5.673988526711295
4.15921875898161
5.686284328296897
1.4633917484171493
10.382189383679467
10.571604303318395
1.6404419929275147
8.130400277837346
6.8131706889199135
1.8822804837264322
2.1297869249317722
2.2200772140674196
2.6427763521361975
2.2914271226790426
2.395377615337713
5.615598511323569
5.1248792003083095
2.1535439970741463
6.606113140951652
2.40342623894374
6.075532485602149
7.8291955681369165
6.80859177832936
6.815731351103688
4.565129321311942
1.9345682229820418
5.258431600182663
8.086324110177522
7.363048908078434
8.813779732339322
5.810192735240739
2.9092955272098204
5.866518115880697
4.232468999272096
2.5258865271233497
5.377472663435286
3.7797396347732937
5.300328142659531
3.2608194142397027
3.2722193020139505
6.2608389754406
2.5487594459814913
3.488659250949276
3.3303947028254943
1.8261923821482624
3.1733883387002213
9.807008237244322
9.477914766740106
2.0678719064177997
6.8755750312650985
1.9475801789276959
2.7708216233198724
4.92288268131143
2.3199559735673536
2.698976268099346
2.5036024248063704
1.8901329602158616
5.430698246605652
4.663118936657614
5.523824977213361
2.8777460233169507
4.239182625393768
2.1620626578295363
2.0913535351857795
4.770913431191316
2.4466255027478203
2.2668433740747105
4.975125822065091
4.980354489420273
3.397168141765092
3.4015377701344867
5.406835705818331
5.985185605309192
5.8612441248347285
7.88602090327067
8.777148116086645
10.625083491053125
4.446440434772118
1.3616787316032957
1.2407088402686148
1.3300942823044524
4.882460240165132
2.54266811351868
12.918808365730374
8.789184630273207
2.9492967177319787
9.176634194162375
2.1043677903440803
1.7717418343294737
1.3199422437955564
0.8979338073362853
1.0140260500218239
5.753377239859896
3.180675248995399
4.074872790992168
4.301190526995948
9.224466943306524
2.4410596736424766
4.746602055562902
3.2740440255113814
3.4086461418481977
4.854810575414181
2.9392930062744966
3.789335002845008
4.0994904444215825
2.997388726091557
6.162446816198175
6.543999097756346
5.992843342620962
6.409649814293802
3.5879049740710798
4.351563403594203
7.450057526710611
2.4189697065788343
4.449004539813038
3.066630617794786
2.7838062126299894
4.724464462560396
2.9596179851277995
3.0268301938309907
3.4115749536391857
4.9718307217683675
2.0598367077112143
4.184438495954041
8.31766968367863
10.889374347474858
5.139872393710687
7.058415102476356
3.8154311428726606
4.199035084384289
3.965486912835591
3.48396226390914
5.879603758277258
4.018634310529878
4.603057864377023
5.146979370996196
7.641253907876184
3.0080303251775358
4.637797219696719
5.471465848558086
4.331116419153769
5.152413661286791
3.875824227951236
4.373771136122831
1.1729330766084731
2.4345004627915157
2.7777224896916364
6.777043072780105
6.129349578893761
2.8256011863003714
7.616882156348057
3.821806877511301
1.7919703153678663
13.269178068382871
2.7176536418612955
5.133273004936146
2.129010220504709
5.923919769059372
1.1689677920434163
10.074493244744437
3.7180850106029344
6.261148315369003
6.409998449566479
2.0619520347269633
2.0153902730765676
2.025932107019959
3.1294604792836456
2.4354841833498013
4.354025924758786
3.6030346296697124
2.8055948851284884
2.592513133787087
4.987529380194919
2.5206876494189037
2.5982736456212803
3.930112464306691
3.8923749920681114
7.709640686816014
6.622982643146433
4.5086802119605025
3.168696542169425
5.404818690116139
6.8851315346866375
5.629455927093611
3.8065669125978356
7.605780828470501
7.457841560933887
5.97030004375432
3.1111981832678928
4.714686576405005
4.220470367710003
4.450304248108898
4.043352504606815
3.6449427349364045
3.5843121014903185
5.311476792712634
8.407151573677917
4.430025707707972
4.715318862531283
4.55982654162239
2.634456407727161
2.3808295238401715
2.2335587184507277
2.1343033452924334
2.1343033452924334
2.1343033452924334
2.1343033452924334
2.120003802236031
2.1265534171306104
2.1265534171306104
2.1265534171306104
2.131727798039609
2.131727798039609
2.1351708002157213
2.1352501680482363
2.1352501680482363
2.1242863511187555
2.1377592205362546
2.1377592205362546
2.1537899654891173
2.186871559902309
2.1830136048291435
2.1830136048291435
2.1830136048291435
2.1830136048291435
2.170003248742395
2.166142123707814
2.1192824555557292
2.139943078229052
2.132651160701538
2.1451771419409584
2.1498818219429263
2.100240980465184
2.100240980465184
8.904251678294528
3.7774569174170884
2.992919366878288
2.433110027274744
4.242987649607953
3.653108580481126
1.9931883655474136
7.81449514122188
6.3496793894453685
4.403569747646051
3.9855268017319303
3.044005473004132
4.109010684516895
4.675530906146131
7.710158956593903
6.8276294477293105
9.23052740138856
2.8295702477647033
3.8186317877439904
6.759554262075133
4.544091860678257
3.507838890452747
2.8278594770086047
6.966784943872082
1.7982283619864936
2.1853119139373227
2.985138864620836
4.518419414177186
5.375284052759963
1.2270237147536156
6.972664992016936
3.5550580546970716
4.194064795486612
7.188380595601957
2.8571872135061587
2.9819750452507123
5.101351440082998
7.325305845685244
2.242622947127517
7.601461689332519
5.93766200997561
12.546771005833387
6.289776848333576
2.5806532462208054
6.205624350916745
6.726038046628379
4.293657915437742
7.320281829690425
3.079101240688552
4.957229152718228
4.6910858233437684
4.287783062826648
2.8392516263121714
3.0314806024978265
3.0390766133838074
1.7458642416630954
1.7458642416630954
1.7741857203000524
1.9758839831700419
2.0233381184787977
3.0817733290695486
2.818383439014715
6.728465686088134
3.4700964348290695
4.177312119345979
3.9776468591429452
3.2175007477193813
2.5761035423377896
6.578075137141596
3.5010068094840627
2.211356418479163
4.560364830406472
2.704902902632483
4.660578642755141
4.420710568430527
3.7991700369442594
5.742770531960222
6.53149657137447
12.980456238902692
15.092742484329301
1.2763517545174363
1.1267706683133165
2.0457623887409055
7.475263582267497
2.9608895349801716
2.7814537922759817
1.7858375408126355
3.0282404833953867
5.710408594613801
2.683544475784469
2.423754419390203
7.570228913485426
5.370979424762586
3.8669249849504745
4.144793120936291
3.1692225880880804
2.4812154585762127
5.498488407711114
8.197711572991185
5.651996097460315
5.03877469068408
6.298237022894137
3.325430350817395
3.5830359254705075
3.8446928062137236
3.3870650742473316
2.1176063598244075
4.450184546466821
7.418175672443607
5.330181906062096
6.575274872462414
5.03870024528603
4.684238671193078
5.531226985338273
9.012880032231289
5.487562819126948
3.005697892920462
2.841564575309906
3.188787677165911
3.917321147896241
2.917498201111337
2.964816835184119
8.475554327198354
7.673295432697317
2.5065915214546557
2.2136149906974287
1.3107736878720186
2.0398212823927286
2.9433125737046018
3.26752285281082
3.5551647716611194
3.4889474096388926
3.547052867126188
2.2895478987256164
2.6619997548157004
2.91565776537723
2.888565624070898
7.064975147998185
5.433294398048851
4.088764207969409
4.296421325081821
3.834278740641864
3.252615032292816
4.787037826287062
2.2210190047285185
1.8273138146637553
4.764768217741925
4.170550611544591
3.2322752611942605
3.7761483249109182
3.764071364562054
8.684681709023213
6.703048372175676
3.084160159891931
4.632764850539061
3.3291659331023418
3.1754799580313033
3.149601685983875
11.007248507611955
10.066759470200811
3.371798954234462
6.557725938897355
2.633589774952855
6.282627136796698
4.651373387048748
8.059534421335847
1.6374762111666594
3.7629405822253936
3.904992986769269
3.5951438022228537
4.274607533879525
3.559153536527744
6.945174024895085
2.798617831630202
5.330250180213097
2.48676151625409
4.578179833184759
5.892608630442211
1.861610592053705
2.825371740431037
2.209991998208278
3.252578984463529
2.463346514660976
5.619216288801032
5.792540461418877
3.3662103172781777
5.071672096321671
4.6418862224092345
4.8024473886879875
3.3364923237135393
4.0982861819253635
3.2114307416727836
4.567618593600518
4.887739033677346
7.373847887551295
2.7102840831261754
5.770237966015481
4.00034452286927
4.495859433846758
2.699918182047144
4.485221905269028
1.7624428969158126
2.60028549610256
7.698868284469881
4.323661852080883
3.430425665773783
6.692247816109274
1.6920251418313184
1.4349430233317377
1.877199999087687
5.0883964720809685
3.9077167550902376
4.812338063281961
7.370618769082491
1.6162256014267962
11.36299388963407
3.298316477383631
3.1740540970514064
5.337887611232935
3.9703456201997844
7.291528246608839
12.082978358671648
3.0070626104114164
5.591981345724575
3.867231916279702
2.8924071619766734
8.275134284031065
2.6986030707031823
3.3622293919402684
8.31851079888669
3.7726770695276612
3.762555454238861
3.4713589690723645
4.821312288753534
3.4929082047339173
4.226519933131336
3.887937844814742
2.830340856989168
4.90139632528958
4.023631277961635
4.753199657785472
3.337558928304196
3.3188219831038457
1.8122398570459284
2.755761276489494
2.5631183324083575
2.0887715949355377
4.779102455348786
5.1315000832645445
3.5766332179800107
3.8667912265803204
7.719612228288415
4.392502089011082
3.8989583559207754
4.646037752231776
8.422568730921187
8.517186902787993
5.8782846586444775
2.192669081090416
4.2511123517432
2.28151691601946
2.8039030298903644
6.372405836494807
1.917929453793687
7.147176377830923
4.107157015156661
4.010666900918459
3.6493698170010465
3.7107327259085974
3.122752187648712
4.901952236139464
5.447797055698309
4.960718818330198
6.742996045576799
5.767112172842368
4.832995208674111
8.895197429379886
6.316654144694369
1.8607144543567506
3.222821678488788
8.718855693355936
2.350297612553935
2.112137031514232
4.726399419661995
2.752598008085448
12.149636110118571
1.7469549977943426
3.2771661628698237
5.1861516296266235
2.9721798027725876
9.488368721420521
5.154018203663814
3.0520704346799232
3.2424732647665944
4.4229839299826414
3.4296896677987947
5.74802820062855
4.442258996015594
4.448419315230538
4.431159244044052
4.734170392504348
3.512127284935868
1.7012585024594575
1.4453641243564808
12.196886252066136
6.5278433580979565
6.542024333444446
6.116598100253985
5.978898018148456
3.3948366576439337
3.442818395039467
4.865153798089391
4.403549203742737
4.140853945801255
5.720277745371615
6.200385279296166
7.4328595164956734
2.8179177899742176
3.102230962707294
5.153229009000276
5.526172212733846
2.456415449069857
5.129533775611021
4.765426469542116
4.741954249823846
3.0413970779258164
2.231467490334924
8.539649948252034
5.429523988263787
3.8371815894624066
6.027571554062182
3.282603254282011
2.3001042949573685
3.955671265356827
4.011981857164962
5.556939417657568
3.72969239137626
4.2746681137122495
2.315566956928049
3.863336385156053
4.8806711695483225
4.976001079605236
3.4149125436210133
3.7341983973165154
3.1766621172129863
2.6795918793925617
2.637465088386204
3.2609764280217175
5.620167692511364
3.3007941516280392
3.7456415497328934
3.5578834742918675
4.529554926920183
5.734196096424214
4.767741534969277
6.321775532157598
2.893093754503375
4.058418518410915
7.700562629754746
1.7446750682017496
6.394074987595561
2.512829669785736
3.263313197857577
9.130183037679569
6.168843496792413
6.565377304197098
9.361625041257694
3.0169477600780588
2.5606874745861345
5.188517045531855
3.594019788023093
7.839002690839922
4.196310062416133
4.219600796849927
4.349789854911844
1.9978630890086886
10.259942649621127
10.77990145695687
5.863929787010662
5.837469616420698
5.954797704917133
5.949666602258081
5.866161578214091
5.837491777047274
17.268457446930643
20.33208928942407
4.373862308000499
2.3909893161141262
4.7511313082617574
4.413799531414494
4.459634822738629
5.459605823669481
2.5277804525630634
2.4183179295386914
2.659764056294337
5.192585121551291
7.217251932873393
7.233854586280393
4.123564847229768
1.9558336828764136
7.384797364135138
5.939299778264965
4.4654105462981075
4.951827116238664
4.588769894968811
7.593340044106715
3.9752040688558634
2.3365414076859503
6.898953421440009
2.50422151927384
6.833800013828032
6.737161018935669
8.85096806700299
3.1217942552276767
1.4260584940128513
12.891710092978132
7.095521380852592
4.380463080919055
2.460159083158297
5.462728391186218
9.33063324114795
3.470773812959674
3.433122776486143
4.375147415567765
6.017254214073967
2.256459118656347
4.6518683226441695
3.179087946043729
4.995642766987826
4.9311176290850405
3.0776146423912016
6.157300418823487
6.379663870041013
3.564296622159421
4.481333405759134
4.042350681397478
3.5110505626399924
3.7498150191963067
4.048130844581055
4.6985710317654386
4.615464338951283
3.385506937613517
2.5264426360044983
1.5639920180955493
1.627979782724242
2.6079650061693544
6.161962432304139
2.9642266281425123
3.722758825225701
6.768310117731047
4.813567667247403
4.959816540257204
1.0054721473456958
1.3591756101863586
1.595671687738058
5.964532291131418
6.993316589074592
8.088482219123886
4.150088932083138
5.226074014735448
5.310329972113213
3.114743973374863
3.7492351451545827
4.3302290600969755
3.8491544531969053
4.575009053555954
3.0667956845525413
7.207880682524972
3.1532147148361482
5.399661185728558
2.7186066849522748
2.584026067797385
9.30535905424434
3.9236482994162043
5.528603393782998
5.775092667748366
4.573570377595394
2.866282941433647
3.940247893871607
4.089146932963192
3.9973186845816397
6.319834936749542
5.189512819477525
9.194333710830175
2.312759018614844
4.212275007085228
3.5215883639124894
3.7240169176101063
7.8725426364848845
2.094271992425652
1.8181053418090354
4.829290944405896
3.375708592818359
2.079623392146364
12.894689125413677
4.840350295335657
10.671744987479087
2.0508871197794574
3.3248773024724207
3.194482383543173
3.085254344907345
6.0182063765293465
4.778820878589111
2.4060367820823254
5.85328003405116
2.6060009462335314
6.001560974277048
5.38475122128625
5.598610345309748
4.9768246789377
4.583671858766996
6.205511275488533
3.7211099113462844
4.786761450498702
5.0866146635323775
10.446808680708022
4.1372598883529985
2.933179418320441
3.872124660420057
3.2814561283203387
5.888338314211127
4.813309913641614
4.540912205501438
4.73968674177067
3.287924911886327
3.404854173683365
3.3069575226382004
3.750763821664642
5.3408944374322855
5.814850875462892
4.559428688215617
3.5468504194025265
4.27013996090489
3.94400727051928
5.89556993785804
3.904626756235329
3.2993165788918737
5.146870813463572
4.664234644186464
5.141270860983362
4.567571675607629
2.757620419034939
6.4921595114209865
4.093622477393989
1.7398198089552608
8.716261997489038
4.13020783452772
8.712715677416192
1.8662068718254559
7.8055511726794045
2.1820722585849444
4.799086414933877
3.7332321180150188
6.184610693185593
2.428711781103345
2.9484614440553125
3.5123922464214488
6.0934825531868935
2.661601804603818
6.736087314692321
3.438935383289925
4.7208891593385385
4.226141541062375
4.828707502319597
1.655011367113832
8.35324141124287
8.04673477466748
2.6237843544969053
2.6387436193799116
2.6413063417645177
1.9636472354925845
2.5027532222928603
2.3074509863473347
2.2180949900579123
6.03743995219883
1.2241193380996886
13.926950685984517
12.104079416586035
6.052531999891129
6.1049394052061565
4.342377162066581
4.631289361403575
2.322963133387222
5.1443925513052715
7.11998724287135
5.542771709274589
8.266975909153222
2.3353104537037184
3.9182502928251255
5.095167121599781
3.4341403300166493
2.7566652577385296
3.2259133433900806
5.9312565108059365
4.834900926352277
2.984717725857107
3.7000688212820156
2.9829667987161006
7.261917324446261
7.233960627248999
4.933910366533682
1.7158202928304307
2.8133285552340226
2.2556218161505313
6.748610873275614
3.0484673682967722
4.393873212004677
4.472730496847441
3.878494333568353
8.50806245491886
5.513019062982785
3.114570595661889
4.645834347615484
8.285683534495005
5.519982345529282
1.537620823552584
1.7317026768921977
2.8770039962844804
2.8310702869210163
9.173251324667024
7.13447005154637
6.8558501039449995
3.0688411844446906
6.564159890546164
4.244342077865108
5.324696215218141
5.47589055293978
4.3763993963684635
0.8572016904231997
2.9052387625449057
6.529090096725854
2.1819308586050754
2.3501572191109186
4.384221942719509
4.250926838532893
3.6355932637117387
2.8442341328140857
4.795214230195389
3.4624167512121033
4.305477590687055
3.453595597263709
4.314752543505597
4.0461164945963946
5.915749182256928
4.11971275675404
4.11971275675404
