0
8.459611921134679
4.032633660441346
4.83984995480018
4.334868493977871
4.01637791097707
2.9148481340104846
3.585381017903192
5.495420757517645
4.082813970141156
2.933503113993147
1.8402003814631964
2.9716062355886654
4.148477024288335
5.050414121397389
3.440796171156603
3.2654547745033766
3.2898226808181907
5.451567866427516
4.770225075945591
4.735822905951427
3.9336950851359873
3.631855715439316
4.323020452621245
3.0588808450777183
12.357746214441274
4.959502269077739
2.1382933732142666
2.391946705608321
12.874592669435565
4.152785147532791
5.7980090196401655
2.452592755482278
3.879607178092792
3.3240467793456085
2.6337654963809807
4.415647727054845
4.690702218746956
5.869874863678075
6.5370837511507185
3.217628831847237
1.9440685284750778
3.88219469173663
3.8384427892452258
2.573798814211138
4.01656349826866
2.774801387962956
7.3253379359474975
7.273856392030977
6.6062925605283285
8.053997854587964
2.8680271785476354
2.9229645332546275
8.608840005178346
5.123844139932935
9.371259072180274
6.117767224349853
4.1907004872316875
6.522545783221766
5.326448091560006
6.518831164648565
3.249709692955413
3.1940687663409966
4.379828315929187
2.057620243471801
2.8511492914497865
6.485217781327985
8.050594250507618
7.355180925175644
4.151380230009115
3.5334036792228316
7.957215702370064
1.7979412939830586
2.883504523923147
3.227983026667173
4.954680503400999
3.139077406210808
3.1343688860702326
3.043467279983686
2.861573544312392
4.049037441946334
2.684517758762774
3.625128533071683
5.163673904127253
3.1516971047845352
3.7621403998111003
4.211057712172822
1.8716121733619167
3.2985904434268813
3.257473778288621
4.816172985850711
5.0233988316295335
2.6675079069999588
4.2114847481207285
6.86699135498735
3.4462925833127667
1.7559769187415097
7.2165077909913515
8.13370406771049
2.677543225576201
9.196404982434466
5.196333104936344
2.4705711956246126
3.203095410652934
3.619627261976819
5.053843360422006
7.242941844728576
13.030589334214783
9.953666118432245
2.243119732868502
4.111474098681624
3.587110992888236
3.6677818811129224
4.478895510562413
3.18136645645501
3.073134941440572
3.3287456830651414
4.993789328055463
2.576958075865371
1.9742900026141177
4.544676452873229
4.361374228282784
7.12809768337525
12.230440644295374
11.65972538970202
4.6373975203184346
4.853220260269876
6.889436269362312
7.197840113963448
4.0303398488348545
2.9081841783637232
3.5471131024365805
6.329398943703495
1.842582104063525
1.8261842377958266
6.105018250651499
3.767849219588037
3.317420023449128
2.034874184723573
5.096011102485009
3.4164369066982703
3.530423488149653
3.699945604594465
3.0215053963921052
2.777867226634037
6.840037140300854
4.286141562519269
3.1621699603233187
4.413864924458228
2.3312034018096996
5.8701875845570965
5.51554672026476
5.895730904692226
6.325955842326993
4.301479791737849
1.9968165023024327
4.140263174923432
5.491370223029255
2.8744954897710904
2.9107408262457555
4.647928548971207
4.39690687846156
4.052354261333803
4.451546234808284
6.130111686659842
3.0699802072869655
5.928130918366101
3.024464789673295
2.4762403135034114
2.289309366464473
6.106268078355375
2.5372135516135597
2.1200534715808446
6.750202015046478
1.389650342772373
6.486989295868147
7.808659504498762
1.95097551903673
5.059760758284169
6.020338867579551
6.250426284553801
4.687800011734467
1.7385163841713611
17.307222205021343
10.282800377314427
3.242223222583961
3.788311797358926
2.783950314226654
4.5291594842843095
5.4998932410180075
4.360074827494737
4.130556897870877
2.936652507894563
1.781626211409376
2.833310012529747
6.710580800818587
5.3649332466681985
8.169803219895797
7.880428786803155
4.70418177074445
5.391851939818639
4.77834766070835
3.7766333803097814
3.4049561535771846
2.0501264773773347
3.9931047656584897
2.890061305332514
3.7977222339865238
7.930487404799534
5.898690462200756
5.583104746516616
2.9987163439460116
3.3949996934647046
3.773966307302966
3.842448413575372
3.66087785037171
3.5833782202818116
3.5660821514682715
2.442324342954289
2.7508261039545445
2.903439813426855
2.7822418274307132
4.124475447520913
3.57828335555609
4.035946488595001
1.9238614396845315
3.528240460584023
3.932269321830418
4.568478982953153
4.209230929489448
9.595626875302807
8.674127673060255
5.953741803029245
1.6153813964498087
3.224391825565824
3.082906926606128
6.736237799232403
3.8103716963364924
2.6212933381491097
5.676089203277503
5.885672726893288
3.4433459572087
5.142352040202809
5.454415376141
5.285883982433703
3.4038693766778345
1.6135779792097062
3.1751798936299553
3.3473445196899556
3.4814001640772396
3.469024555430302
5.502206346235285
3.332828237386874
4.424620329106819
4.61663413577054
4.624392497487303
13.483040873467967
1.1047393568135613
1.6493103845262516
3.9791694803717426
1.6785460737465279
3.673991615048948
4.364522253692209
3.9149802958423536
3.9903311759033446
7.255604595485475
5.47938302640372
6.063692381065688
3.8384756354980065
4.708556166900488
2.418289209218117
6.687533768593841
3.222286813047349
3.757507639120665
2.8458084761124747
5.077083345564701
19.57223420679269
6.28743759274878
4.284328245296824
3.4403734859792245
2.189202083031981
6.205825165867068
6.633370103423072
7.2217054776672915
5.992477303946359
3.3954841137766847
7.087001957789768
5.0136744385501775
3.375681575637255
2.7654932024828285
2.0940942693046853
9.647780433388176
6.979478992378291
8.331881431468885
8.727641874113589
2.3820211291023368
2.4673897388041546
6.357534399207206
3.970102835580295
3.184816076086693
7.190884774840287
1.6101759385084287
6.831297966034641
3.6741480086355813
4.699027671042946
1.0120159762488157
1.9510640912883224
1.5104830210410258
1.0474971899008234
4.7980298074644905
5.441618735667794
5.440603149974562
3.9123447265293527
12.604388759842013
5.5262335375232885
3.08762954901169
8.192301043928575
4.47346476680872
3.9667050334335645
8.792950690756225
7.610123834891551
3.461965679707814
5.36725507492529
4.269091564197863
2.6147098454105593
4.557965029311886
3.5159011526466197
6.9369488258252705
2.063850397562827
3.7028761965621255
6.24049716921721
4.79288126127174
5.083395877378774
2.672150765192804
5.918851463969878
1.7139082391341718
3.7315712511630497
4.30112989752659
3.566507136663445
11.252317187489346
6.91161527511132
3.5444549512976122
7.183981335974877
7.009748460695069
3.392044561785931
3.975606214256488
4.178939415079517
4.169259754327671
3.4845777169530257
3.034499639963939
5.018917856081104
4.222165037976276
2.9277528002721422
5.923582764770629
5.1468624005204235
3.4443839055910463
2.8202661375040146
2.1040629651050287
2.0243197377842073
8.217493260277916
4.322067886894514
10.794213231519562
0.9823349667016669
8.67727077106488
7.757565925947829
8.118611152153164
1.6884156656672735
1.9618913514071321
1.4567251394590377
1.099303692196571
2.0134030672685377
5.149227333245895
5.724691098999187
3.505090693136703
2.2885997270860745
2.432730582839491
7.271411958730985
3.21368926631171
5.600768282751809
5.494577442407776
2.346581552917698
3.8459829182818357
2.706061570956493
3.3758183988513935
2.611909509255233
4.443488146384293
2.1332090703575117
2.229101559802075
6.154427357380028
5.577569255710617
3.5535324278482556
3.8635153212608366
2.4129130773267233
8.3377175156661
7.970271619491333
8.323596486488626
3.623182616175191
4.950833946448368
3.421845098442317
1.738128283041695
1.7704166391825125
8.352958945936141
6.378139582375029
4.366719303786181
3.575207791950751
5.093488489370662
4.705631753975764
2.8835833514677653
3.1625963629449436
3.6352134116729102
3.1464619553226076
2.814115231030145
3.0004091217673476
9.843137791515026
6.784057831692686
3.7388779818868967
2.05341869530433
1.444731759766371
9.259140254350346
11.137118693611082
2.3482279617489317
2.8714302937979688
4.994721023386981
3.370183487105968
3.070701357744543
5.725477083772616
5.314876015786638
5.890973661800518
6.054488600029684
4.7937443372696125
4.473452099371687
4.403800391314969
3.161218262896336
5.498632615341813
4.150951084441188
5.082588791522053
6.1237558705409985
6.723319896457143
8.709170387432286
2.485855653949461
2.6065512483534143
6.17314047277468
1.8498932962970809
2.426230794644744
10.539405686719139
8.955197904755845
2.998015667364843
3.446612670288725
2.2458245154393883
2.4091623714536694
6.841554308213378
3.0418517682504516
5.045952994808309
4.334884248188199
2.698789749346664
2.301853699748286
3.3564387823906308
3.1538228952271954
4.342253496569814
4.61043581255111
3.70568569424813
3.7844883898197508
4.7993789433561025
3.5638900540121954
4.81553415133685
3.6458948406704166
8.210068869764761
3.1211670008591508
3.3179025746769124
3.1328045900029777
3.2140976598244557
2.477009806803402
1.8751805135606388
2.9052995746765435
5.014670807932265
5.13595715165242
1.8625806564364884
6.3618558485241055
4.620652064482249
5.7786537481531735
5.768153347405311
5.713855787534905
3.8024106781443447
1.3484942566057767
10.028882687794285
5.390300068369559
2.038914645696028
3.043880086496046
3.017836096944032
9.03391941260961
9.02295845990017
2.5994476858559925
4.194616952569827
5.3846851175852155
2.5015947082197676
4.971583301806018
3.9380829618343425
3.392132701434128
3.2395030482592113
1.8755585219834194
9.033693358216478
5.728709893410967
3.411308143154116
5.2006713300548215
4.714054793316804
5.20322580617472
3.7258929082705357
3.4101146005638534
3.534837719448164
4.546693399966362
4.760347781078728
6.038317948779479
2.6851319997301264
2.8057415448914287
4.505414196876376
3.5799865599863554
1.8125073166891037
3.5386119367661957
3.0371680447703966
2.8577180162405917
2.0387465301514593
2.7758058690362386
6.555124984732179
6.67758742788961
5.737944194282086
4.804541490856346
3.143753229365479
4.497600496814191
2.2600924572225507
5.9492884887251885
5.866048394991582
5.168273554115769
7.941615978142785
6.314285132121745
6.123578650915216
2.9805743966225418
3.639095159058069
1.4470727798823355
7.0848118560308455
2.032996024809054
2.4413757458489846
3.1118408879550254
3.7979732272945426
3.9839952795424263
3.6004546402255255
4.21571594285854
4.238192478406538
4.319932525101706
5.146015080147964
3.761138045807741
7.563864230678901
5.124249952581723
3.2134830822701854
4.337869139740557
5.527108906923032
4.281930327710935
1.9745403623291362
4.062140770792851
5.04102222687241
4.646509439087762
4.738354162387713
3.6297712076317605
3.3381314067381234
3.0267319721433736
5.959252040335798
3.1173248687198156
4.059564664704688
4.16870362086049
4.045032383778487
4.7471570561185965
8.228589698870204
3.4347456003872465
3.1851205445442132
2.341316629568676
4.5790640348006395
5.186796718822776
9.056719463671255
1.7218190740335575
2.512383755020568
2.497851703745724
6.882940726810514
4.157553677922843
6.833829146561104
5.633431227665725
2.6816076671288958
2.7560375041949667
7.9039652582910636
5.396950252828339
4.105359220632534
4.514892787887101
2.602630051231374
4.165616949599042
8.101912065444989
1.4281172370206925
10.412282649036909
1.406747089318077
10.021182243826878
13.368812901125736
13.16861832371301
16.427464050487597
6.711813803749463
3.62127468181823
4.560259330095187
3.8961111547260905
6.858959779562247
3.3710005958946776
1.280685371451077
5.094946641935717
3.0779051638255206
5.159849358857474
3.0493599086052265
3.196821691968442
4.089808212253137
4.229138879376928
3.065789509089936
2.2186975629956627
4.930622754698184
4.986334307203106
5.362718648445123
3.600824706745658
6.93549980968019
2.3769355259759406
2.2473123217398636
2.4517975874286795
7.914893707307938
1.5123785730728219
5.184162439108585
2.209457188897263
4.53108222599476
7.6539235032387225
4.099717871601756
3.365653998392998
2.7134359042468854
4.0389935775403005
4.709557186665297
3.9406507141708054
5.578461627461546
3.0157839500417714
5.148332609555608
3.0351804556138235
5.779872826157378
4.632358610361949
4.464547499799293
5.818761388234343
2.625561486763609
1.1071728767761009
14.088820542683631
1.4764832868564033
1.51067386504364
1.8892782551313876
7.438851932480035
3.166605682250483
3.515184912661552
2.792533481013976
10.967043791638014
7.928580227942493
1.9642170978444689
3.2493481878775503
5.267983410565702
4.733947552632258
3.5612494750453774
5.481193142806768
3.14661932083383
3.314026614861009
7.461320895230953
3.7615241051193307
6.515844375689452
2.752751093504276
9.085190733284806
1.823670564910434
4.881028917466935
5.70259694820365
3.761399898719478
2.921659972824958
9.78851271334357
1.504219316522554
4.018457829637958
4.9832016792328355
4.584548094319618
2.308792686407138
8.763065745222384
11.730258168733762
4.3702690205942805
3.4349165313415493
3.314761244776489
3.3189195059538936
4.342690578960464
3.688634646808585
4.128708687946668
3.7682658170507195
3.5989203868330244
4.732703530509288
3.6047348662083842
2.9673943982857094
3.042308170797827
5.438470176441377
5.123815956761391
3.7271225354371813
4.142858698815704
4.473458306118581
5.026737619805451
2.090239034260176
7.358212160742971
2.454832253419677
2.5596067894333587
7.621043978358958
9.448914341322705
1.6338115522801862
2.4909736373050246
2.4009874667339726
14.479877798062514
4.031475988593819
2.4310220292529072
3.1729023367759623
3.472966790068426
13.296497466981242
3.3166839121140557
4.068067365447712
1.2732529200980949
6.181028305279006
3.517733664170515
4.101394084543398
3.984768155348877
4.258552211520994
5.692194634289034
4.0227326914286925
3.9185645078325404
6.623212617457125
2.5984897998300744
2.969223754708661
8.983074831501012
5.199496341974068
3.798100466751402
3.4789336580745838
5.159711764572629
2.752089546457124
4.6692364082208275
3.7403769121461
6.766257347135719
6.870479071787051
3.6963711864157975
4.741072128254139
14.909608091850794
5.5099334446375225
3.9928159412457616
7.443447225886257
13.958358419799115
2.2168561475120425
2.10445033736148
2.6857313256931294
2.286271247322272
5.788331996523194
1.6395918487760193
5.883804339691352
3.883030345839667
3.2372951251885547
5.407958823142916
5.408420890172523
6.104868825431678
2.676546310977341
6.110230758448525
3.524608666204002
3.9981604452558663
3.9677241962953795
2.4711640782791062
2.7977587201342815
6.022131658604119
5.841841335910255
6.869787851086332
6.813963831489449
3.2825911091644087
4.506214485139539
18.121360794861367
2.0937076378700907
3.7419218806585435
3.718243863932188
2.494309456298777
4.9711868617248385
3.371639963204126
5.183421864350533
2.0402846530234267
2.1912912938328644
7.913494057978052
5.76472732146363
5.802634430033241
5.469583556751832
2.892959485276105
2.5157544354127555
8.907285060610764
11.208618811605227
1.9474761467770239
1.5085917624818632
1.3141410020973892
4.6796285216757205
3.513614804183229
2.953386316350629
3.890115431977133
6.561364553691936
4.138451081816679
4.010086293768999
4.0758134823797345
5.37569888700178
3.730941897937156
5.024250334485206
3.0048894834000737
3.9376899004902777
2.229199514841209
5.115400709199
3.746644836046538
9.514585383043825
3.478163999206605
2.503970193434769
4.982407471924668
6.7840097700023305
4.339338175780814
6.8584502167739645
3.7817788729912944
5.9468813250765855
4.278794905587888
7.27253726211764
2.8329713615299448
5.127309225845246
4.890536884290257
3.1396042789621244
4.081497879555919
5.297408171380745
1.5805418117328667
2.5955946258081006
6.536376264936794
2.5510832848482456
2.970010433532516
2.7239526228591084
4.775046290460358
1.2650659534952104
7.043814148128211
10.079059575966008
9.15374876054488
6.1119549931679975
5.696853182521445
2.720955170785158
3.9645641992012983
2.2492599756462566
4.303854818844548
4.572491359880525
4.581202109030754
3.2014961979518195
3.0255622567419596
3.0212901794989757
5.43348987488446
8.770415457419956
1.5820642450282076
3.373280478744067
4.626003372471487
4.208422220293478
4.989662975202181
2.904237596455157
3.203203287072021
5.389581967891775
2.9140341745827048
2.528454760747507
4.774609461595393
5.701707622309606
8.443547109543763
5.764344645197316
5.873686822104819
4.907667298021401
5.935048109906906
3.9037432842644852
7.076283712419515
5.207173055686575
4.867880319506521
4.400839206473448
10.01280980611601
8.018413339520983
5.463607808564088
8.994163046367234
3.6601774072926063
8.168121424623173
7.1203539125527655
2.4931402926579644
4.9838158972907785
1.4993367562965816
6.492835289637718
2.4951908283999855
3.937788019907598
3.5805100607390057
3.62921244537235
2.7437776795080095
3.4915490493922725
5.270770372252468
3.5809161426342846
2.766934481589086
5.811559972257087
3.2777223449101345
3.4630583713221204
7.265122305491574
8.115938373598272
4.776131242287137
5.619650179609873
10.539907633540915
2.4011370057862433
4.516666673781642
5.446618935053233
2.1492456911427853
4.422041185002149
3.9525264643845603
3.5223169353170225
3.3366933557609353
2.937418786366575
7.463286843098221
6.114913358284337
3.8563433438240513
3.6820155389372973
6.774596160418407
3.777096203000424
6.962877851259088
1.3051246380600623
9.229834603065354
2.0310447759143537
1.9177976793567406
7.930532208831207
4.923095343333439
4.041508815879992
3.285964831391497
4.476400668827767
4.057651399268602
18.082167462229545
0.8577457964807174
8.262699744882223
6.708379229477444
7.103536391216332
3.2815834487757445
4.200500928323989
2.977533371285093
5.39050834014055
5.68401460890421
1.9032787007255167
11.23619699099128
2.1467021336277012
2.0257835256849086
3.07343127307697
4.647983447519271
5.604102302012203
1.2412786020962032
1.1593996545245957
1.1488065976352304
1.430620169484449
1.4049851377673257
1.4616793485485309
4.9205371599522
6.305481355296446
6.714856148887957
5.305689775553699
3.0549752088754625
2.611705086237475
5.5985789781983195
8.284975042879882
1.533798169410224
2.889512082842714
4.053090569079364
5.118750725671007
5.110722236803352
5.179704010138506
5.719909867249113
4.602187690516008
2.2283594220379435
2.834550049543438
5.893678593683869
3.1565397099190724
5.503978413616234
6.592382153294449
4.459767018234468
4.019831207661212
8.846190068306237
5.43346037999647
3.7207137657760607
3.8885975489384617
2.1081026853006515
5.948509395568242
2.848584296541248
2.9580918949686263
5.61195838756779
4.3508555852371895
4.29444873489397
4.501175538167013
3.5614361931318825
2.652818032557871
4.035239271813006
2.9193306451529604
2.642694575345349
4.903003208790712
5.628416070158908
5.446930171032903
2.971978442068071
3.9894466292733
3.988528214924182
3.685519949814264
7.084823388910162
5.2738207345525945
9.50833341819828
14.746380333079045
3.505829392211501
7.406452112540069
4.118926491410952
8.075380090746535
8.483260899136841
1.6978014024477477
9.636552005407145
7.240754550037247
2.799946886247884
4.8509188831464884
5.619524588211767
2.64099961028442
8.356832565689361
5.034533014747073
6.781935404487535
10.554620907895764
10.145958759303175
6.923241058949043
6.288400282531248
5.461304113536237
1.5528167976330667
2.594652456216698
2.0404085274710804
4.508313978212393
4.3468526260777365
2.77415444429373
6.587128055102928
5.952907620103164
3.0733942881469245
4.049950020279662
3.0631791127741836
9.556248467260499
2.67062916984238
6.736470448312589
3.293254904917536
6.26467130147096
6.44377581161946
5.643739894778925
5.171312619783805
4.922355289962108
3.6436824782081927
2.6101188005226272
7.546012645424503
3.432094188488207
5.533403645817358
3.4279849848184565
2.944809288909385
4.356885431360026
2.834378540886295
6.507472416384678
5.80207541181222
3.569350252598288
5.314841775994946
10.544163910677966
1.6030200924901923
10.910185618604043
4.828235002028239
8.411041022865986
5.846192310608594
5.777546249194913
4.104899447663869
5.180879151617863
3.0243639113360197
3.809124350308935
2.707574397893323
8.243691060866938
4.141368864274624
4.211115088101254
1.9607244612256491
4.821189836675694
6.428037013481016
7.930469798249268
8.065583713964623
1.6669079996013385
1.4487104857803474
10.918747531388421
4.2367850025772755
4.10106598107829
5.0237823848731304
3.029846275132869
3.33102428633128
3.833032486415395
4.573184523793117
8.28616009146999
4.421416930598637
5.696192861355449
4.532311665427323
4.56604439837458
3.4354398488814493
3.1187198361164135
5.660203852723443
3.4117305211075255
5.176817916592429
4.001746163324871
4.820273837761054
9.706532564084771
6.605864875893133
4.54766248333514
3.2838935101611093
3.502343865706806
6.064390859768692
7.5060628568088745
2.849609829795404
10.388464659448545
2.7803581704718914
11.420297812119562
2.1676652489277184
1.9657599005418234
4.752253249419413
2.542364794738573
4.440648287555538
12.809681572065003
3.789699296043003
3.135998953410972
3.646877302924342
3.1302081738174157
2.9680667219556653
5.489684175862245
5.211477823222801
2.7060068157599395
4.724735569257467
3.9864391866000375
2.9120217583796086
1.9287400197919333
8.412389730755242
8.84368462206205
1.828926468050694
8.980779845117148
2.7001411248634835
2.819134890984237
2.65120388593525
4.215507700281836
9.832066781393033
8.672015592085685
8.464687302543416
2.2312998998377225
2.3851156536511007
6.304324973992061
1.9609106286376332
7.3607630765118754
1.6839972375127716
4.241617047048988
3.420973977835504
3.3834066083111325
4.774218369296575
3.844621240651124
2.732721338532965
2.9650725225491406
1.2937014293872464
3.57418717459768
5.2436615222764535
4.256674381904004
4.858469536457881
5.367273717791687
4.504958258514703
3.0989752336605054
3.6857399259044725
5.235827584780366
2.9630642178756235
11.505102540186206
1.2845151263276404
1.2580991875491472
2.39040482415272
5.153253889559688
10.018676910063405
7.163022893130787
4.123930471563367
2.7003555233456527
11.15431601106656
2.3114188230987307
3.4568009392404266
2.722788043396086
5.125520124826969
3.546537214770344
2.5683419570664525
2.845395555384921
4.390822209112689
4.155277704729154
6.223990870816013
5.38592462038358
4.00665222488451
8.859513047658059
3.8809695950859107
4.815795678951079
4.9667606655894225
4.900843784729038
4.847497505140683
1.389407365190359
12.39297019996973
2.3110687597518553
9.031378496140794
2.8093670800753494
4.003816802857786
1.8951148141575753
3.6735906984832316
5.448915339926422
5.92553695602195
6.557868666073372
3.6234407827326343
3.4197203998769976
4.3360253175549675
3.9158966913964535
3.9698783358337084
7.8587176488704005
6.396290292662792
2.9487673246125268
4.391277105816445
2.571902211349011
1.9665296990540442
1.980358814995922
3.583018113565015
2.670846003127558
4.65098456019153
3.6506021904659365
2.349233238323628
7.425934559654882
7.863015817319525
1.8021329335780263
7.9216410526420065
6.921120920231047
5.885100665423781
1.979231102013513
8.20423031804863
10.902902620208744
7.435444756823305
4.944110751175205
9.759358868512297
9.413426031622187
4.749770978370532
1.9303871377392035
5.877557171390423
3.8825514867590285
3.9833588360011984
2.4015233373369593
2.23940732174228
2.9230205250961045
2.037234375256827
7.957504642069084
2.8572379469876164
6.222854818799067
5.959925345267628
4.89538936601382
2.0073152818069904
11.523470637647215
3.742492539634547
2.1998421598068867
3.021414097941468
2.044870759572771
10.24584983582261
2.621592291085368
3.374195352979616
6.967483729227158
5.826632367827843
3.215000706735573
4.421436043941335
7.326029849053411
2.6089687922855007
4.773893333808909
10.774133964239871
10.698639723142525
3.3463409949617513
4.6860726634045085
5.713863036381398
5.624636190723904
7.289649583108605
6.495189015409231
6.724874200162046
2.5893168964072824
6.518113529150967
2.5179728798991228
8.12319855177355
1.7675182351706138
8.549762807300214
2.54627041400658
5.634393970216446
3.2981291235002734
5.690941011161648
3.2712376677517225
6.894976972241755
9.5411985674079
4.5040935460885
5.789771073159154
6.076833097164342
2.8161702752187416
2.5088497917840042
4.313249053642547
3.7368122372917716
4.1056167970059745
6.109094642417272
3.0752803725714
2.4958925396269347
3.431646842652483
4.221313318849117
7.59684434017838
9.152813672709623
2.911477914555961
4.952500861847983
5.741362533143059
5.001831573093526
2.7909942821153932
4.312323170871384
2.8435222334780925
2.1598555663216907
7.446712315116518
5.9727695836239
1.8893356220686335
3.8107305778746916
3.1810182966746137
5.2503889333550315
3.784245189877219
3.1842464567756354
4.762531386123985
6.821210584918344
3.744169169571392
3.410938582242321
1.9533064147294243
1.5678718246479741
6.670075367671281
6.971973772678472
1.6215010599235233
9.66847395560702
2.1612534453643497
2.631964967543152
2.8983488081725177
2.8983488081725177
2.8983488081725177
2.8983488081725177
2.877741726594212
2.8228746351690313
2.8228746351690313
2.8228746351690313
2.7957191583962624
2.7957191583962624
2.828065239908478
2.844032559808492
2.844032559808492
2.8208125076111563
2.84688526516326
2.84688526516326
2.8423052007970977
2.8284576858933885
2.8079384708512647
2.8079384708512647
2.8079384708512647
2.8079384708512647
2.9057041358767934
2.901493748692549
2.9205577032269106
2.920037002784995
2.9288322592523954
2.9658949332279403
2.8828544896364137
2.9420147560785774
2.9420147560785774
4.253997051841647
2.4750610447696055
3.1007124141112197
4.574913225878445
1.6134478299023287
2.854148891361633
5.338464057599452
3.351890256199479
5.0172931854690725
8.598571050036844
7.168671686071982
3.4450683023883784
4.255617024116753
3.088246672514929
2.4310893813117374
3.764519913224144
4.282627838169467
4.428832597235668
2.7715436404849103
5.016152338961986
3.4810689692655123
7.510266205686538
5.818610976642104
3.296007882027333
4.203906570026359
4.489093542824542
7.834630935602571
6.714865509626616
1.9406819288762949
5.565136357402047
4.275647406679762
6.17235953217981
2.2405151592265993
5.397475005385545
2.1145511575733287
5.388469928086144
4.380625508255256
6.165165408201236
3.474208786242746
4.6816768915077445
2.0639470902337136
4.509225136142002
3.615672723382104
3.2937735006544155
5.613512492956424
8.746072200462386
1.4687765111490352
4.022627960620877
4.000064898956655
3.134439904497331
2.4820526192395795
9.04436167222522
2.5339416436604782
4.027674752096232
7.326327156419097
11.438418564873615
11.438418564873615
9.776513265742286
6.155728018931889
6.243752395316362
5.141644661640641
4.895170680335026
3.363289111974845
7.713784702173689
2.041708318304646
2.2150326898880075
1.4260673655386822
4.4623821560380454
3.7957254187126024
5.765295508424991
3.7139778040403577
3.847997053181931
3.494487357978406
6.459680131699545
8.636287794597003
10.594672223898788
2.509488215491572
2.416339217984759
2.7479009150897657
2.551599424206741
7.014660619452446
1.6687184605980827
1.8350351921977581
7.012745217083093
1.6737346814820542
2.0340318533450272
1.9343364816122006
1.7944932461843965
3.790742793022927
3.8864928155848246
4.626211613533946
2.4204054704127547
4.939710357052242
5.535361267546462
3.8859043002956657
2.6211734075434014
2.61988456274143
2.6547472683577222
5.543941295460824
5.251660532413585
3.9185404636252557
2.8091599735590718
4.531035665263336
3.4922551099236463
4.476651406476943
6.3330886316328625
3.5972946980029303
4.781087670939831
2.720754682932227
3.8081929172353353
1.7448175407322162
5.322409685898544
3.156163032372895
4.171056423841429
3.9972728116581084
4.728878005246751
2.14449123376993
7.204551848906765
7.789683544232865
3.512125422599583
4.443034573427882
4.661356436425071
3.685428620385557
6.961484199076738
3.203098445291256
2.323067540898827
11.172170144068389
8.203980190885453
3.480371378222181
2.974980370985906
6.237867671392497
8.83460131122937
2.725257000237172
1.6373627676432985
1.3277366444035754
1.1594409099840215
1.5716339996859572
1.918037081657224
5.281759129185987
4.0785142814690944
2.907484319921239
8.828600641833676
5.918792437543845
3.6713581270246634
4.537333178008376
3.9984718550663763
2.2174824642473
2.169672551988468
2.828483504061726
2.968384728257196
2.5293834737790584
1.9071038413332972
9.707745165272776
4.058115600259431
4.12560108152084
3.457061652016428
2.6661492737079535
5.7737719184331455
6.646565790275873
5.745301722987101
3.4966118256858127
4.311892366017843
4.1021144354044665
4.976757454534932
7.328630833138392
3.2677493580600383
12.165877055198283
3.793459650640151
3.286088779515234
3.680367626106947
5.1152142129761495
8.330626859871726
5.58482522184403
2.595066814281846
2.812574412846066
3.3806077342300385
4.68318707393247
2.129622110515627
3.42082341528664
1.8525050289965255
1.5789582766093997
6.998269672995142
3.934983647426119
3.605649532385707
5.778723465491683
3.649719054692578
2.771512929296582
4.729860486032842
4.321913045974871
4.007897692032196
8.640177731631793
6.815483572861204
9.802610649262043
11.274949215604588
1.6039530093203347
6.3339332665726875
4.736377451378577
4.559638676616915
1.5911301379572522
4.5251917379465665
5.746208196050206
4.218227218265944
5.185493746087073
6.278800432209802
4.749668671440297
2.888074931930532
4.704786490572209
2.2539306484866524
2.0508342624972773
2.0947238620364126
2.5464500720502414
4.20120486624492
3.1383872585336765
8.482187982071125
2.6927520927469986
6.115093553298804
3.350966949674769
4.637276592240365
3.984026322736483
5.5388116647267305
3.098679975232585
2.9079833257346492
7.811929967404951
12.6018510027498
1.5301373593553171
2.504257847124991
3.576367088790725
4.579184148809302
3.294452622845064
7.245882984471811
5.486022667311272
4.826080978472536
5.397805184132407
5.095053936223683
7.174877888861566
4.555445967540319
4.571358971151715
4.531224340807856
3.178832849306651
6.307250806138859
4.847761868941647
2.3060872425485512
2.7194868426571053
3.4445208307406174
3.447770593448472
4.059597831914365
7.582681342985818
3.419585525282998
4.432580442829196
6.304418799890549
5.324162993296411
8.638002618068677
5.000707024320433
5.054224683709032
2.7435149844064544
1.960718917748091
1.9801155952380463
2.74953869376684
6.435681999652168
1.4733243669808398
4.195366340109203
8.892397099607816
9.26462559127333
3.6637598509985296
1.9454134801033982
6.906627783200554
3.3980607182634293
3.69614656843272
4.949605725766855
4.411911121937395
3.127188811261708
3.206574302181868
3.6422583324117515
2.608793013560151
1.5922568868570564
4.901017439480959
4.012492808708305
1.8947403912215552
2.5847846593661457
3.7794338248995345
3.1589581173764874
6.611243843436395
9.536272031852375
3.698232701273553
4.200944453808483
4.748197895622123
1.55631886381795
1.354160259408588
13.78013628933245
2.9554427082996324
4.1241981063095166
4.167318385093026
4.660521192639396
2.80783764441619
5.21816575244779
1.8827628706317718
1.6950535474524926
2.2936290414096097
2.3187664500634777
2.2503552242236773
2.1451727852312716
6.246015239967726
3.288639115291917
3.002064260656556
7.0880914508548125
4.00003779848874
4.000429254829493
5.120916016215468
5.059043016865719
3.2073883305169435
3.3605733879876647
12.030005786293636
1.3934716614782203
1.471486054834632
5.709193123771231
8.637540014471076
10.795451327447827
2.891835656732256
5.729913240467893
8.323437224584554
3.713412835288538
8.655450203578106
2.1476009013803976
2.954876720471855
3.0670132985620704
6.473808538552874
3.5131125946470987
2.4063234757543084
3.73104867088278
3.728768966616725
4.727904517961961
6.896082093193379
7.067253373419912
6.285885046127572
7.319294658949549
2.3947544603297892
2.832106097194017
4.259771161244724
5.664489922446226
3.366399074182015
4.304548658560287
4.269451754135047
4.051343202989077
2.758316571605638
3.1679700970889235
4.618425157840978
5.6569846451570776
6.416202964449126
3.2423853452992097
4.363090968366295
2.767972003311474
3.584063942114614
2.941180864595172
5.040784068463742
7.446372422792654
5.316991222465893
2.8860515271154625
6.776809756857891
6.142615755873586
4.184626928490654
4.91369364548383
4.262814920519026
5.480278147843018
10.286017914954698
8.779047955824804
8.672482365173867
5.266752032948369
5.2611749932896545
3.540722084940887
5.727149000280313
6.110279153348434
7.821574842957301
8.50375945386329
10.453985139536451
2.998023005148637
5.778291064046819
7.942159151156354
7.28744294992426
3.6659745038871896
3.6852395527263395
3.5691676079398
3.5691051390341015
3.5571141416263763
3.551201804143993
4.483634840018544
4.565140564746918
3.989810898774102
6.0083765949601595
3.285949273658712
4.557676401628383
3.625187435595541
2.3967123322848236
4.801883525760164
7.532759034466573
1.9330957572283396
4.356176998629243
4.192661991825867
4.550241588132973
6.372330069479611
3.30644068289275
4.441087731865786
3.35124559100702
2.017058522760685
2.4025040080258386
2.911471739630173
2.341776401684194
2.88467362062253
5.146479205824049
2.9973759522210672
3.5481047091153366
2.866377662448289
4.400684091083516
2.781705801864172
3.776779942646708
4.800575180125828
2.6927472305922797
3.336542959948391
3.0607663215015886
5.607506989287052
4.754524190950283
1.3976488026701057
8.527930042166378
2.3362106817552384
2.763908378374808
3.9811684234354923
5.1295396495903125
3.874768971084387
3.570064185716562
6.05914846853781
10.233705948577237
1.902782922450879
6.826533281625708
6.891682591720772
8.10814127962611
3.959022778578565
3.1143031831077943
2.91569207597049
2.548740182592711
4.844836896473171
2.807557518602527
6.33644898587167
3.9481031954876302
6.302055642465487
2.7144113546090076
2.8656155730059036
2.8234555625547326
6.3672440835592425
2.3602433098049986
4.893859240846998
3.88578318839039
4.385442373101332
4.428480725697942
4.207627072240622
4.8352903247438555
4.388226287816942
4.141032584274871
4.525442559510824
4.57035857768324
4.30323292898938
7.634925861915243
10.156962646234497
3.0349191482879774
2.4507895093737546
2.9057275153521873
3.2838361613500737
3.664163322188264
2.2966981926350196
7.449083240987663
2.4816528682873984
4.503516879499402
3.8353337796201648
3.8875559113179063
1.0750359692002585
5.326476816869537
6.059675484210653
3.5823620670900573
5.883575863805321
4.99973351131172
2.4335221793103243
2.65825534106553
3.0132805253394013
2.5108934710115642
4.013491051411735
3.1750491558939173
2.2977657070175184
1.6964167694258838
13.276218291394253
1.4193008308155324
4.045352670576046
4.047008251770366
4.474770752013141
2.177445985343697
1.7241263768083006
4.262731535940205
4.201385509689768
2.7527971162739022
2.71782751495321
6.627933917080961
4.360942937805837
4.111515207342285
3.792713504151269
4.723539570911718
5.3177154261296655
3.065938284941649
6.623731622302362
1.3800449924418374
8.339723968991173
3.385808903281222
3.9490927791876826
3.5401819596222013
2.513865778653742
2.061572900989727
3.7764770276243764
6.28147930348776
3.5661960047503762
6.522878562918034
5.641096979236992
3.9034461084715026
7.696600925954794
8.941143419423327
2.901355653307324
5.667058018380681
8.754168425937136
7.6659378241622
3.930901313081251
2.8467958185982445
3.4938749627825945
5.32418462786505
2.947098903760819
3.4369829552015454
4.685400499192868
3.2012564808931954
3.078221172959036
4.3582978534283425
3.183199982180136
3.9941754310774704
2.6572605257964237
5.479658389661575
4.769266619569434
6.950235035850494
5.467703636530024
2.5810550187609183
2.8006914512831824
2.685842706408497
2.8817623101711725
1.794547300674487
2.3578424653648202
2.8165671396567418
1.6774953062187634
9.90211753691075
4.665212317686911
2.7789395033415047
2.300146724020437
4.545452808533947
4.199772217863668
8.266972741221137
7.803446567883181
2.2089875850672693
16.567796060147646
7.868397380430253
4.364686702328895
4.214965956270175
4.153657252992857
5.645851800821007
5.315010200948243
2.169448788947131
16.754039162670388
2.62232486562699
2.6314282929587782
2.6626953403339617
2.768018369109142
6.295686920601751
6.080570116160656
6.051288202478843
2.9233699774378903
1.6838967330335497
9.816433408564151
14.257941851050678
8.130887483090582
3.69897527014657
10.933248041935054
15.16799978583673
2.648815546049193
2.8051549265384548
2.701464148286921
3.402575537531441
2.700768545324764
4.714643995051596
3.5045867597239995
3.926085759526978
7.8614710923513895
5.431646080502426
7.298007897608375
4.552291857989321
3.436477111612011
3.9148939278224297
2.8027422757318923
1.934306935958171
6.008163884924601
6.0007652761586865
5.616202837533649
3.327657523874241
1.6048531126658505
6.803767199911477
3.3329057066020393
4.811936026913883
4.045475643895134
3.7316297652732486
4.073025514846546
2.0605924995799483
2.3380429067302573
4.99682712900866
2.703553385413978
3.497061833394824
4.674515436446099
3.650411228392961
4.1252543877788295
2.690928025015355
5.371898525853047
4.349723967892817
3.7601988018967774
3.70604907710122
5.445056736953995
2.31691515775119
2.7970104053008438
3.5902214233469407
3.682937062930353
5.22571986458271
4.366071822945499
3.0378567554278577
4.246598942004537
6.362826268871634
7.918636184714449
7.650679164555394
7.529009251021368
2.552617923539022
2.2373798629498016
5.523091138951811
6.36631808352835
4.957165424891305
3.558947549106028
9.799074322963408
7.968507773357128
2.8338928969965442
3.9803775379018687
3.9803775379018687
