0
54.565376971786975
53.81378057042572
53.33108001213261
55.7305890993365
55.9746882333703
54.80859889170292
53.93662077350007
53.68806622022876
55.39453485903192
57.28179210149966
56.33333736634992
56.513797869274235
56.04147538580126
63.87369584591109
54.46848732462873
60.24860277085331
61.45248492329004
58.098020605585724
56.40165086853201
62.590582467135576
48.90606723917904
51.66800392117632
54.446378547528504
55.92009885336291
55.03639797936512
56.60847946777096
58.74198261487448
56.03789465277725
53.43496384084643
51.659592599880526
55.58361254064309
55.281408443556124
52.25376207568979
50.00995646100014
54.64027952218289
59.08062725178605
54.494953477096324
54.608407948233086
50.94119754539931
55.67801182851539
57.53974321689431
49.86595987797928
46.73676247058291
55.86077762610423
58.41312041079174
58.44465823893797
60.226180804303965
55.21045040494172
53.42536697628545
55.320490082122554
50.11829433330712
52.00661409843915
58.22318584339214
53.4410369930024
53.39024318470232
53.864578388858284
51.325254321758926
55.94027369121491
52.098078286333525
52.64247874473998
53.33707253840847
51.84145235813853
55.81753662626569
55.25204360796458
55.3191058472838
56.954074287164055
59.25372567544563
54.75809707279325
58.16986089737663
52.667570730500564
56.01507815075047
54.273530504425196
53.802125928724976
55.39846738788789
54.845160317287636
50.69158149451505
55.65193676138704
54.7318781118106
51.845034820389216
53.33403112529122
52.81717923719647
52.93654657210625
56.96220140286388
56.58458448340545
55.37694511031713
56.526976290810516
52.33237270874366
53.632346981319145
54.16094592776451
53.397687247496634
54.42854856878296
53.76741220224871
53.03335267475631
59.208198850266236
57.023901776665056
55.299903628069835
50.64304556638495
56.812888754402124
58.57277090411024
53.485031426367335
53.32894894641469
53.85744803246927
50.468909928276595
63.848293719736084
49.6343160088075
55.593998900255734
55.204472129965374
54.042921646022094
49.93797004352626
47.99474837663118
53.44329530468645
55.390502183959704
53.85048120885015
54.64908861280139
54.28655426571687
53.82591605864116
60.37356952684456
59.77702524594216
60.84725021416754
56.09137132514185
53.45605385860272
55.79145355687923
55.272388968355216
53.531869883413506
55.46924941942716
57.50250293019959
51.074750518438535
57.37068383527204
58.15778979027886
57.13408790416745
54.76121952442207
60.17937383501929
52.825194125427366
51.178741007575525
53.882610219057966
51.25033833322071
54.71155693084906
53.83708233752869
58.59371983694617
56.390383755360965
55.44844742079967
54.88224825457246
53.81078372213456
56.50513230581785
57.13324867753311
52.03959580419674
53.460263028031825
54.246625037887085
54.45315429843635
55.28270135032324
54.70835670595121
51.049927382000014
49.42659143231696
55.61686928737624
54.81836417608469
58.13679727330541
56.756557128827396
56.17049661179824
55.62767881996284
55.33398824271026
56.832185975005274
58.28007637074118
51.89209277524565
55.06637360999484
56.08043062833689
50.074568085419294
60.223190761808084
55.69241376698321
55.88003263175883
55.39690647860058
53.525012899463185
57.3558433027841
51.805837860409326
57.13426151619809
58.026125709384665
56.190667225220295
54.302265617203815
50.495295208494476
52.7011984832762
56.21355583120164
55.239979482921086
51.31951591817154
50.33174757264446
56.50722104992127
52.84029664342066
51.24704749717723
57.620526591755706
54.08938051684671
52.75818001783129
53.23374105855554
55.344507673435864
58.95764344044129
46.42688674156783
54.56946271128019
54.071645240590115
50.436718280657566
49.13257727623187
50.61115652894462
51.59980181472872
55.014291434829765
56.614707763687555
57.70052117561277
53.137289295623056
52.673237761018385
53.99992444191838
56.61534615872611
53.54437446721208
54.304171650192465
59.587710645753376
54.66148890469671
57.37744286622029
57.117372108076985
57.66903519841642
57.64396267810488
54.80438652522689
54.01892715683193
54.86576367617354
53.4629781258899
57.57933364182746
58.83443165458883
58.04934058406441
53.47876799795099
56.30617738123374
57.859138054131165
55.12155967387022
52.35999373239131
53.40133080205228
54.32186163971378
54.41027313399169
54.15098018131663
53.56704940547324
52.85959472282145
53.38986762834591
56.34455028597757
57.96762751488297
53.02980115866305
51.31131122968615
53.91144756600492
54.53019014202992
57.33877492109578
55.437720920406974
56.348678190906504
53.218333147475924
57.84424182551154
57.04916005460831
58.94202360130222
58.835926273950236
56.24638897957
56.61940834384302
52.735618876071506
55.081113454808595
52.34692093646463
50.47334076294743
60.480565294133655
57.26745869239484
56.5054386243892
55.90714925085061
54.67522658634018
54.62720517422206
47.71623165347299
51.431598774607934
55.370937491796774
55.99662806334738
52.561547325613894
56.362678259283975
54.412675764475836
54.95395891919479
55.45863376171826
56.855998116098085
54.72276892437123
58.94585508205358
56.97307608178245
54.123599457440385
54.47317425280236
55.25281355465489
49.59165725601385
56.68399096954067
48.84847886462037
55.08405852245738
58.693894161758294
56.21057402663226
55.12924228709561
62.78416254893026
56.634519071698136
56.44768260029525
53.39237884273544
55.923195416505514
54.97361090186358
51.96816945717356
52.35534029017419
52.37843181304777
52.863356055289835
54.5808119623005
54.387609210537256
53.70872247137357
57.19076459148455
57.1428843822988
57.64378718783886
55.67851129992915
53.84058395387175
53.059686754760996
52.806934737657976
55.42607406711367
56.518138059194605
55.306778402756265
57.35099466441919
56.76285924179486
56.31126508654064
51.38598017651022
53.78790733715663
53.73004788365099
58.00340507894437
57.3216205974546
56.879255598254346
52.07539836977902
44.473302500277484
53.33126029230299
52.137452416490966
51.35314164783014
48.63258466659216
57.0186346904409
57.24802674374177
53.34988873935889
54.297117663212546
55.06316665516947
53.13433042793459
53.87300171651667
54.20471307038885
50.74753493666842
54.47520221982946
56.07948645446774
55.7143122928349
55.29064063999288
58.76938153388741
50.915259809705965
54.51134098158521
54.78844096091791
59.25360411318067
56.060185940387576
56.13693704218952
55.214347942875584
57.021266747166166
56.85919602888569
57.04560941979805
57.68221800950741
57.31332765429865
59.24307159355955
59.27051074060576
59.31138074942065
58.67618147765727
59.08740327473047
52.88929625368658
57.66139670545885
56.88608320608093
50.73591078642414
55.324993446571476
55.03146240620008
55.57061101805136
55.22308473038059
55.06294163153848
55.95140702928964
53.14104106618834
56.57346461729924
53.43375107971962
53.63731734183594
52.55190771844839
50.505212430083084
56.10979192461431
55.45397874635891
51.190319677050944
53.30111878109803
52.71693682186548
58.283350092699955
56.41592283202692
52.28669358690827
52.92875701163366
51.107365094940306
54.776609630407954
54.28583559780896
53.85992293037567
57.608133918657856
52.76534059865829
60.50821989877604
50.731150807989664
56.29454628558514
58.72531292433844
58.2384942819162
53.930450240439434
59.25833522828316
59.446391607193526
58.53217461604917
61.04867445097002
52.155835910366555
50.876869304904965
55.61195300915538
49.74752174117428
54.65228352312378
55.122211341507004
54.55297256348295
50.42009473526708
54.392974588999714
54.26808162185947
57.523754387549296
57.174579836842824
53.13118024352414
50.762637111395506
52.0647060974515
57.01940406649204
55.65242212203961
56.561749218173375
57.84868554147176
57.410816278876084
54.48356130067288
54.83523269326138
56.362089935578034
55.27783390846029
57.32292861537698
50.57198021872968
52.82851167460786
58.27397406272668
55.879326424931165
56.76862974882321
57.34656275790563
56.66949233595882
55.282489093863525
54.038458028962275
52.23377910955161
57.856848370308924
57.46608777490741
53.77477630870345
52.476353607503206
51.965360693551276
54.71244391694708
52.03841891101399
55.44822868085435
57.33843947666271
47.22564663307374
50.23941932542909
55.84447552692008
54.09350716441404
50.54509467151551
60.65896399075106
57.250346865849366
57.6643202998604
56.32361258635182
55.349429292054474
55.77167302219754
58.897527914062515
56.38298797822062
56.296152383940374
51.41822057834162
56.85560567433704
62.475350098084306
61.84592239676071
55.146802544155626
53.940258340150734
57.80662453342727
56.44022637159203
60.19939332289349
58.84134365816617
54.0262560898768
54.320721563063614
56.41501647842985
57.60979278029954
54.401554460825366
55.90547378672798
60.00903222617863
59.324512325796945
56.77668647694591
54.01842234785617
56.44583611532164
58.65395982669297
63.1357598134169
49.91784840721583
57.80527487526872
52.15191192200264
55.36291113681571
56.60812421718717
53.90015764877155
51.10204535505732
57.574502757747645
52.63153882153422
52.25869754918538
55.49855522285678
60.684069836981834
58.76469680063059
58.02706142020042
59.01822293726348
60.57914878896435
58.00978920521799
53.998800647065664
55.10531122191968
55.98994151491086
52.78086477095101
55.82042811496751
57.41956702716189
52.820343774620056
53.80007100876303
54.50418237452472
57.19174314008108
50.62805860567893
55.87062851437887
46.77753730058343
62.28928621488283
57.05373765759711
60.51781903534199
53.03373634194655
55.48194393535114
57.78853859157574
50.989208587945306
55.50454381090089
56.63831578908094
57.01695062343027
57.7360870522336
58.04515616400745
52.758640693653
50.45785620803107
51.10101518829313
52.847359886889706
58.12593004080553
55.80741457010703
52.014733287539855
59.24045829557165
54.33792562385504
52.890721970282854
54.5911588172439
59.66890798352035
61.75157970461841
45.68693696903216
50.74514609659568
52.456711513144796
54.88988998576632
54.84769568539964
55.303227178539544
56.37733613648079
56.0998893404866
51.66085300735072
56.61937451665377
56.6416588470245
56.086553396429835
52.0013838773493
58.396282443553275
58.65974322008392
52.1270276945642
57.16828902036673
57.83529729041012
51.20134391715061
50.00514655741625
50.83427453762212
50.296763810607
55.497366308143626
54.84137146595708
52.41673436996391
53.2277840044958
54.94206251105337
51.54968090779773
53.83799902546036
53.38037062690991
58.59920740630152
58.46380884169329
52.87488020116596
57.95875067780545
56.89404353975344
55.24116369009121
58.07168494600778
51.5296787161825
58.72125790969916
51.86863339676766
56.03148352397002
52.82293025707082
55.74824797457812
58.21983566254009
58.25938300424326
61.16620242352599
51.079549543551956
52.798892320142976
60.53269185419208
52.73054567427724
49.011142168815034
57.300923727740724
55.11249487671977
55.15789874911942
55.75681063510326
55.90205059883977
58.16506746774326
57.14782724799177
53.14314505012234
54.964851838481145
56.15446357940981
51.05088468075029
53.043332658210346
52.036138704213066
55.96339088271518
55.19560618516609
54.84090279099193
53.45407956595597
53.838046797982216
56.348451213705324
54.85793394081842
54.31532925655093
53.78578669696658
52.56136264041248
51.10115065734532
56.95543622232956
58.141734730363204
54.228955998062354
56.36200466286561
53.17161757840938
52.46423800790881
53.567705703313194
54.87303908061767
54.306331717636404
53.503528569025676
52.454361987332284
57.40045218769714
57.92734789795696
58.47750143206813
55.17241605742976
59.848323990505044
55.410101206236334
56.400984559202584
53.59123397756495
56.725486384867615
53.90819906618816
55.341773896994965
48.25760293484065
51.18815333860744
56.48703626009303
55.76806724619301
58.13304010535392
53.55820741074908
56.27752169731467
56.625891817612406
55.56113245157474
49.64829753956641
58.47937254303295
59.10330354626637
57.03371890617169
54.060498536883436
49.589666084786025
52.204085397579156
51.6143688877286
51.96412250764357
53.75698467073098
53.37787232995459
50.41126733607954
59.57677651787225
50.60604571914956
55.15622730118127
54.733888605873275
58.61103331253717
50.52782960682366
53.73347092803776
58.79279797553479
58.85962236238682
57.211632409058616
57.875681999821225
52.3823166363032
59.10141357396066
57.32895377501763
54.910599287566306
48.42330002872489
52.704236001048685
52.22895482382798
58.43101489708015
52.64451153749725
56.917029885422615
54.74134520195389
49.9369494980416
53.644970898408644
51.939408291815106
56.59886309466513
53.14293143851548
56.04701714370523
55.08077517410611
58.84561584134105
54.92654207646824
54.311856982029575
52.36771537676866
53.45974413230888
59.565259825697574
57.97214392780787
55.09336067778639
53.48674407144752
56.195996261399934
53.485792080846004
53.819648682953655
55.933239094157216
53.595477132771386
52.37780469063883
57.69512827207795
53.478546204253604
51.75250528839084
50.25045333849661
57.66920600375227
55.525700388318015
57.14529288201365
52.550158987817845
54.36689657721714
55.96244687739009
53.98429958565667
57.337625739499366
51.32012858733308
60.584134413354214
59.21608665855305
59.728328892966054
51.19374532235381
52.7219504120628
53.73199117851433
56.44022018699613
63.62588621577132
52.89930507959467
55.60503811583032
54.82999211332305
51.104845788274204
56.68104102480929
59.712602511719346
57.42229045691105
50.51561280280782
54.8471482533601
55.615170091083
53.33029447601912
53.79702731204238
55.17017493511699
57.220338220991486
56.9994657554137
55.564989081982745
53.449134569266086
53.58988746156406
49.635361965611
54.43685901330733
51.438937006722426
54.04602031627893
55.20994835792942
52.03760788695345
51.37702064161331
55.77029646127495
53.4756097788381
53.84913211502778
48.23915631990976
49.94502995404434
51.534563852927796
49.21591336773916
61.54920717824624
55.49355243822887
54.42020734730032
56.098921436496276
54.976660711898994
50.640144053529376
56.20026776746058
52.10438961676656
62.024648910601584
60.394545981277545
57.494803324486796
57.79152567604701
52.78663834636247
59.6408832671053
59.249093497727024
58.38861508048795
56.09366630793377
48.54558583726171
47.52015479486825
61.95841723494233
60.58043473269814
50.53872463039286
57.68761469198936
57.78013448127379
53.79631832467423
59.081071138316254
59.28004699285135
54.92250193848281
54.56177735563376
53.9123600646561
53.80891153770046
55.6579139908407
52.65971589865712
58.284172211093825
54.41443811943029
58.45448387156833
56.48690907121437
54.606257070538234
55.473816402665044
55.78954261272369
64.32621361671055
52.92912678196095
56.00656846193199
57.00599245291633
56.57914816538827
53.6337930832417
57.389653050186915
51.16620541615816
51.45612818154289
52.82710077495651
59.72084982805402
59.492640794855056
51.75038942043197
51.02395767440102
58.9970645508817
57.77671984624402
58.70110921275071
55.597473295863104
55.24709340234918
56.182896127209915
52.59959414926461
53.84564552865807
52.33223957921577
57.32458044815665
54.73097920760757
53.08500766721659
53.070599017420925
53.005413420841016
52.40718874888834
58.65157686407141
52.79855458391044
55.2062470999747
55.47485170977331
57.0022509482694
51.87299473309017
57.05821581475964
54.20089814498185
50.84154437791726
52.80220152577211
49.37619235414495
58.371037406476155
54.8692555154658
52.63246124874532
50.60531383425174
55.34102980401683
60.56732071499982
58.26144473383088
56.22556149458338
57.81843280914261
57.26132640729301
52.45472557262319
57.67387508372627
53.64376073990685
53.225961202355485
54.03089507557151
55.72612552779505
56.36923356597709
53.687939804445
53.11675403594725
51.51281883455661
58.2642779904252
57.78781548252267
54.292742810490566
51.9126086494999
51.853675748364246
52.054886071630854
50.60866761500042
55.37377754874248
53.32349004215755
52.87297581896216
55.47789532131414
51.065353070109694
57.50972363168528
51.34577670097105
57.192006158338636
56.16617633361335
58.38945572171974
54.83484386539204
53.59139073907318
51.02564168418908
54.63386826442504
59.445364551880466
52.47114914685968
56.06930563458547
55.17573703381103
56.18546218861485
57.006464592383956
54.807632099124476
59.01414006772437
61.61019338401945
57.083956234553845
48.66600990026751
49.63772761355261
52.58234006896698
57.44799226127128
58.84067380082527
55.744985347764505
56.36549467652352
53.56983544170891
51.05773666208414
51.0865278966238
57.29274053298652
57.65417681040262
51.30733813119667
55.52939700869305
50.58369052087788
50.664630050498786
53.155641055823324
55.470035759085334
57.42797810265883
54.95138375430839
51.249199138427514
59.93295538252861
48.871904002102184
60.20820296877645
52.23322796304928
52.67870015384606
52.33387681313261
52.6040354017693
52.67197667343191
54.23214557163386
53.024144964496614
57.28594563835275
53.91256494080217
52.46228691620579
54.2640618089134
54.29962142179085
54.29962142179085
54.29962142179085
53.859634042853614
53.711941985647634
54.34108558695705
54.25432744190103
54.7790839236563
54.256461825057926
51.612910582593415
55.62398334143946
58.183575527852845
58.47300733316174
53.676668421534494
49.55449985040374
58.3824765910819
56.86929564075502
50.89036564231136
60.61206627212952
54.70800575639064
52.82860832781289
57.34265074617086
54.2256031557377
53.380428183345124
56.25450883936731
55.251582857318176
49.54100298623086
50.6040786481223
55.2684659794279
59.694383544420965
58.86296879889918
57.67207508040638
59.12779387258414
58.12168795514114
55.04278244838986
51.305151277824365
50.36074922663504
52.644880081194664
57.98710887496169
55.76632306299353
54.25158694835122
52.551950834798724
47.79653304446871
55.814884243190505
57.220305953785385
56.83082815253325
54.5214352624711
47.36515827295773
56.67738479631724
57.230640518490745
56.2870009474765
57.30893440395273
52.41164252032977
52.40138903413668
57.39834157587278
54.64772491770883
55.671798448645234
54.258657639366135
51.839177505299816
56.428598996762005
54.200049697102905
52.99067561781807
54.39315998558258
55.84208031607224
58.50612595974571
56.53007593720214
56.26919110608622
56.9311574896634
53.197779293762586
54.091577766703985
52.98743277080712
53.178218335597485
56.26290137000784
56.275614250340624
44.958115411867375
63.708066877359336
61.684843941383384
55.75574848181711
52.02216268947193
57.21288328431003
57.81011486092154
53.4675450945312
52.90274011237245
55.093125659645274
53.890348465768795
60.24200376303203
53.17706821533756
52.801797550921826
53.684096364862114
57.95028671554311
57.27799866883372
50.77320773295456
52.226447543600834
54.92526874716765
54.79279879747686
59.093423979783005
54.52194453982766
56.88116263445087
62.1301306868106
61.95962716454418
63.16254177663091
53.38377943681782
59.29068713588451
52.88995304494877
57.29905797690171
55.223529083296285
51.45988066931744
53.84396347702655
55.64225148940354
53.797313120642436
53.76242489662955
55.366599077211546
52.20379055013399
52.84597960068388
60.855471313398155
52.25923403942046
51.963360406348514
54.47770977230011
49.218330206583815
51.723180892180956
57.56774448210653
52.54622450811569
53.94900039989647
52.888826058628965
54.42410679174026
54.22719065114428
53.2627671407871
56.06473822994971
54.804770661042696
51.668327596639266
54.46985596589893
52.07563403594423
52.54356320659146
53.825703405904505
54.801054118669356
54.216966196431876
52.2069319725023
55.59033474052883
60.69297660079428
57.99247318973076
54.42323687117241
56.654472461836015
53.60043471884639
53.81200627265647
54.45363239660492
52.621977695761416
50.594821099476846
58.158517403117045
56.10920444077932
56.40579616865247
56.09366871302324
53.2735786413
56.130218960649124
55.40764353448747
54.15874590860912
55.990970565634754
53.37591367414737
55.54714221991128
57.99946384204125
56.96881931014988
54.87852037585634
54.58288800729934
51.282221198763565
57.39727151767926
55.42940874459792
52.22112491652106
51.3601938499129
57.287912500273585
59.41039403121577
55.182087196326954
53.25620299819971
52.17885012119013
57.38713817307795
55.41153384185787
52.011837771533365
50.68563756194551
51.34526167171425
53.141609105337395
55.40496795993225
55.70720094219124
55.67513064129452
52.74044863441688
52.2449327525704
53.949333709361014
52.24162451446314
50.16609410516697
49.56483520754438
47.768207591153796
59.213043802143375
55.639766694013744
53.59516457929943
56.007143189972204
57.8413659085769
58.40009328926026
55.71626408006912
60.886991154106866
54.776085136650856
62.01845250113842
48.86192541693228
47.590169103734944
53.503821267957264
50.407009026921415
52.23570083274689
57.48783285915333
52.51741917195295
53.73961157882196
58.50031135756365
47.837718279195144
45.58924644099883
50.44556276007423
51.713594801243204
53.458017871970576
49.568306499612724
52.62885553518583
49.06423504293859
55.60803188672212
61.00343563775809
50.612228631891014
53.3623099835912
50.22591043397637
49.30425563220221
51.28635345479939
54.068826250806396
53.86343385592407
53.057134262529736
54.18279757423995
52.67947049331925
53.313708401112606
57.23702882111054
52.76683627076199
52.80975858965417
52.21278200448071
60.00559219200552
51.012334782992546
50.47785630534092
58.61035366905178
57.54141066386516
52.33013141484521
54.75299778732915
56.76944908950291
54.643118626128896
57.241186995873136
56.96858455312892
53.49612571254581
58.50070823459652
50.94432521015366
50.588208855585165
52.408610747341044
55.18479486014426
54.43477854766249
53.909578314157585
57.01689789026417
53.33728455831142
57.492484469951805
56.46411808361897
54.1507673432932
53.738022313309415
55.92573689967544
53.89761221539311
53.06351403646071
56.86219745152388
55.465852949095286
56.49571252423143
55.37700761659754
51.25743463690557
56.17747239316679
58.71227407168757
56.68376377321294
55.72408856715608
56.068688959932544
54.34846957631419
50.00968728919046
49.593040082603856
54.61452410975017
57.45870566437588
57.010166354576015
59.728742819857175
58.487978232184936
53.89929652268248
55.15252194159957
53.11471301900681
59.07033961832186
59.002292212720135
57.53022765870681
56.98079990644227
58.490874927608786
56.51994058973676
57.94190609543211
56.787503465642125
57.14731148948062
57.54138591211772
58.61365741179916
55.904518703928915
56.10147924936934
55.78592467250447
55.58559641932488
57.98869937120299
56.871630703630274
55.90196479961075
57.582124867416645
54.722051300440384
55.164105570457956
54.6977117114922
54.173025071508405
53.20224991211362
56.832174198085674
53.64088906502003
54.030072433633805
56.19230776512993
58.34426790093709
53.18440768738524
57.584552622962974
53.61005527132262
53.74027394085815
60.45933248882317
48.948700560797164
51.24598979305842
63.799918802346355
54.60807588478563
55.19008634682122
57.491743657293874
55.85451831499906
55.16196348114201
57.60600962949551
53.8626851141296
54.54289025730149
62.25439936544485
54.51861432148806
56.71615284611334
55.87671410446179
52.78640692058005
58.11358841893309
61.823557313023656
51.74317278107188
52.570623010847875
54.58056713553288
53.31933331234002
56.98576832414844
51.68468281735443
53.2290978811918
54.04066623897401
53.76186782089506
57.872098849387704
48.28074634451317
60.90304107998119
59.37452872101996
50.77468310921896
54.46871857748542
53.990833233239066
55.913530069994145
54.18804441411325
52.87133126842296
53.136248143141046
53.268675280490356
53.110290310764775
59.31627301063356
51.59648851516514
57.89807922106338
53.65136221372114
53.32917866580812
54.02769875110932
53.069808895330716
53.72726742920274
53.7810013206058
56.250609873447765
56.259314503356414
51.90869791297867
52.13956512499843
55.35324336421357
55.88483880604182
49.883130924487844
48.9293727872997
63.116977916094925
53.15907677887665
57.450739400143895
57.845355635273144
57.870114595373046
50.54656024361494
58.63906188287931
56.7724974568995
54.10857560646626
57.075992862609475
54.96434561680849
53.40696833703246
52.78787241369673
54.24224173925245
51.24419009269263
52.606818711532995
53.668566283130154
52.203026549797556
54.04557257283738
54.03391851323439
52.4466265453423
54.04733558699952
61.538160777765974
60.21953815434894
56.280137558887176
58.814843185365085
53.77719991012431
54.13136539843945
56.320527382676445
57.1097752811152
57.94812008699438
55.03797428055011
50.27719819840415
53.69289317026485
55.930875482474555
54.46561355202037
54.85780357137393
53.85011893158489
54.3551091132235
55.938498375606905
58.55112359226756
59.493945087403866
51.536671603744885
51.737501663836674
55.094380961457624
54.41563685840682
57.16202472470483
50.61412322036423
49.26189893719377
48.36738873581091
49.58297991191978
56.069548955427635
55.304023793411424
55.42354036051954
54.52039713029874
52.87573388431406
53.277693904502996
54.502680304936895
52.22186429521401
53.22181785169955
52.829340529209325
51.87897091932215
56.81355051496862
53.850784403842724
55.65224279094043
58.23954561397932
53.93118753004661
59.22311599683612
56.93816050361203
58.112924544518705
55.688295162282856
54.85997587541693
52.40684545828236
53.465415633840976
57.84968342914481
58.79991576928686
57.664832186148914
55.9485630175041
56.649669960458695
54.50379293450259
54.659756008608774
59.23707580381798
53.55472777129965
51.18182731332086
51.26703640762696
55.623692620655895
55.4515130549846
52.792207159238885
53.93128780601727
53.78541641322659
53.70473479949289
59.10648006713934
56.183579300241554
56.05849962342001
53.83383676450228
53.34255023862191
54.784280691618186
53.764648123201454
55.95236738613132
46.36521472141116
52.22870143700724
54.28277975498658
54.44511729013502
53.49301537926794
52.39015922976724
55.77571812280852
54.14569052873766
55.76990328941376
52.272175142420835
52.94361864926872
58.502362700990936
53.501309188730495
52.95584575003347
52.75471554395471
52.75471554395471
58.666182712076115
51.54893745386296
54.44102924775572
58.974427662187054
57.225909866579265
54.165181635847695
56.07148763387918
54.513815393847274
54.7055798670121
59.01811995521415
55.16198834013097
57.69994737232106
58.032967336550854
56.071707732949974
53.269397267537975
51.77825786481416
49.53522007747496
54.09687372008491
51.19450342858927
58.59586854387137
59.29544747060775
61.1574258824116
56.39869425377545
59.3436304623511
59.77261274271856
59.45100020266791
59.196048870029514
59.223932479955096
57.92034352602033
57.8289441317659
53.26189519258258
52.880135180095394
55.99778983166399
55.171621244495235
55.775496819888716
53.990309185635034
55.40538800025902
50.69823122677543
52.69249477000175
51.14717827697899
52.10111095409694
52.063827192646905
55.34444328271973
52.55435912319263
51.252042353656734
56.6403296233545
56.236821678527946
54.28874671187733
53.971123627457736
56.089577797970826
53.8310012190269
51.26798934677939
58.67313422519161
54.53005062459623
50.12685025760632
53.33428778154621
59.6658014944151
59.689485583232525
55.807245566573464
55.61089799540196
56.79442696599233
53.304107415591474
57.4789991704504
55.0514261446716
54.15846755355999
58.57832690204116
53.51967888613007
60.01921721943339
56.29275617311159
54.68973870342454
52.172805998615985
50.92409291206872
57.87924777557359
54.499796479522246
59.29951763880632
49.4431756136102
53.52949416593318
53.97124816075247
56.52901565853028
57.012506743010064
58.465939895218675
55.78769401128053
59.83698484070815
53.69942870387555
51.49018742210156
57.61243830824153
52.843450714704744
55.69707308787234
58.8459054959571
58.913453626536615
54.78250045144442
55.44330062911757
57.29761989054778
55.366416163837364
55.323285931267655
57.15940101154492
53.8393759503558
52.51444171262671
52.234626297695904
54.94232346864347
58.020898423688834
53.40255783973635
55.1534404431013
56.668021400942024
53.12218006480249
51.377306672221216
60.123325006131324
56.977113742853675
51.746100392647435
51.03349571713096
52.73425729145051
58.78255995348525
51.06118784251016
54.92233772906494
54.142525232561404
53.25202069489139
56.02171501418543
50.97899325697298
52.77855195682901
50.802403920838685
62.90179088976566
49.50867064099196
48.87889943398204
48.385870967132355
47.81152401365076
48.53024425104273
48.2849265600612
48.25263163644339
57.96151888945622
52.263492885371626
56.58424178223024
55.5881596896696
53.764870937024
54.300251652444864
50.564920985550565
56.31887414468687
51.796495086739085
50.08285685478361
50.26643016835787
50.24735367736221
50.511016169996495
50.53889335965516
60.99702410246867
55.227657341593094
55.71720750313276
47.03691387153936
46.59020130452775
59.08324170063278
58.61775746841105
51.79413236639198
57.069487021500784
55.03039167165423
55.86969741478476
54.38397763032201
55.37625556624942
56.74732683614582
57.75087996553229
56.15659926058859
57.02634866390927
56.31000014640122
54.85641268165446
55.980017328517036
54.98502706388034
61.973572401814856
55.21012738872357
57.26624283186421
61.32738424307221
58.255760529427306
59.6264175378392
55.654253119266734
55.97065219479342
54.04372471379153
54.55332332919988
59.50675424972058
60.12655277506868
54.33795861271139
54.1660024591757
56.82866961675896
56.8787161235693
50.10211365918436
50.80853237797085
52.811586840015885
47.28854846717487
50.24881662544284
49.13491612762452
48.730676385616995
50.932573064176765
53.359197843986095
53.7112869133471
50.960360912322464
49.88220920397176
51.419715213642235
48.3942825093816
50.68861273171794
57.557488966077564
59.15288161128375
53.11924578496372
55.67363752349885
53.17551994890376
53.11069307312289
55.404298597409834
53.10686153269579
52.71047253177309
52.739088650585884
53.81441951771791
52.80817383002293
56.140202533433744
55.746788543381115
55.583995900192704
50.811815000730334
49.94669395612159
52.92075849011222
54.52746348787949
55.42728778372694
54.47344983908211
57.956001261926666
50.84581875989143
55.72080213743475
53.18631552409449
57.11110771470994
55.939000514665345
53.928094209446705
53.47583935933874
55.3679840013583
57.945727027651934
52.247044501645824
53.11129925721459
50.47786018669238
53.940105400504095
54.97218056331565
53.99240185661012
53.414671697621
53.414671697621
52.76765130975328
52.688151780589955
53.12845428618121
53.1360192908394
53.1360192908394
53.1360192908394
55.32187491202681
53.69101588406232
55.89659939698973
54.592342683524805
54.96239354347256
57.197676057273156
60.084381506329215
54.53676316625718
55.64137285201036
54.489191592057395
52.433413590222834
60.54242021048253
59.914559510582606
60.07595816486959
62.780715073035864
45.37284877474872
58.75436541083931
47.95836771603988
53.71908088955778
55.2688170501392
56.57226487535122
55.52065476389081
52.92504300596996
58.30012964282712
53.67639595204844
52.365283513814795
57.41575412824736
51.168835489960394
52.63140170774473
53.6994955506873
49.31435930070252
55.760536730312054
54.34994213230353
56.560173369337114
54.82363154486365
56.31286812312784
50.10328231292265
52.024101621926306
55.9109114047458
58.39681717744562
56.88735785516367
56.83857033019343
56.747040598492426
57.836384955874294
55.105026978804915
54.11212906679191
57.25598769227202
55.13002088406398
55.21364325705584
50.34324224219236
52.93152659592489
53.698407459499855
58.63669285991154
55.10940891832233
56.223345085294405
55.89442739948838
54.233289878712675
50.10506387663566
51.34251075131914
60.532019220593334
48.62378835602848
59.170026950372886
55.726928545980236
53.53781430959427
53.62586712631481
52.938011146579385
58.73617672270369
54.34237883657482
51.641669606708284
53.562088393628386
52.3372053068772
49.15191066555974
56.65168219569566
55.59912751784715
53.309627899321036
52.881687851671536
53.95500699484625
55.53567207808524
54.95287690044774
53.817868478465954
52.06972169403301
55.26527808429881
56.31840544687656
55.88591457640733
52.23113770912725
57.198725068578746
53.706523533239796
54.84070043882179
55.374330291988066
57.62205855685674
59.08033207035216
53.151230884091284
54.403699938092416
60.579338324365786
60.786031752152105
51.551454215918014
62.6799650185529
55.807747237526954
61.33698077549659
55.65642212405958
58.49475785598914
50.169406826478586
51.167572606621945
51.32820042509412
52.62938858068095
49.907382855176294
50.364410684852835
56.27534636914303
54.50921662139176
51.686904260963566
59.18983307496766
53.817808807650465
56.13388781374377
55.20032826516129
54.47396535898715
58.07309842272054
57.47711733919985
50.12153902134391
50.766511099107156
55.67478284324277
52.99565091320824
53.05974876297369
51.495096662887136
53.991532454700746
55.782781237798936
55.684123385449645
55.66993232322924
53.55129592146119
54.39723861162584
54.749070063616585
50.42066477785993
59.43091214166234
55.72057570903217
55.54677752308972
55.48752575351028
56.6191997920957
56.81803638961566
56.62183671186407
55.3895273430764
53.8104729082109
54.24376888844066
54.29325186813984
59.27689256094277
50.910464992403156
52.0121486711797
55.206171574125825
51.585824684682095
55.53438537620193
51.362684034992846
56.475345429010794
58.03389989195258
50.23677086581072
56.560494154789716
53.26082420304312
56.28404953922705
59.29268602051912
50.357769893873446
54.07268922595112
48.86484202828424
52.85778932195403
64.33824381424964
49.45664008152318
56.081161412452424
52.3343136690135
52.567559164794126
58.047627849189396
51.49302888562342
52.54426953015886
51.74290205903618
54.428353964040504
58.2845281900608
57.938358184833376
54.44184624985405
54.08463818176444
52.800875059668776
52.400826064956654
52.4003240582454
54.016434028071096
51.167420539857574
56.61261749152507
53.773700846955315
58.70789128572262
52.674581296804185
58.23730382186457
60.33051795730163
57.53376356995809
50.583942582672236
51.17219076314733
51.30831456000088
52.10493839573618
54.30882079361832
53.43902196394424
51.329405707607826
59.17286185190307
58.12981372955588
58.382829049447786
55.633331306825625
58.821787521065886
57.912555857166886
55.659685333844834
55.54789951292014
54.31983017807193
55.76113806037976
57.77859160818856
52.63598281845243
57.68963107017699
52.59383703559906
52.2380220087455
58.28110664143489
57.09610209951083
59.178735613009145
53.11268869798191
52.57412765195894
52.42590749072344
54.037181057636964
53.11744210046973
55.237779176084146
54.438952360000066
54.91977928340137
57.06349970488545
56.977669873029356
56.78255928441032
55.053973952168505
52.40825364230249
50.69215724415688
56.640764356289104
54.7475372390561
56.70505385524578
57.345145565298196
56.27971560326108
54.85165661512875
54.40714792234735
56.18340611802675
54.01689526586353
55.093911890263705
55.28410185040822
54.199236671727064
50.25959502276692
57.538129606858575
54.361226457984365
54.966188572967795
55.02966686070254
47.63156271160233
56.27233307739836
57.195268245570226
52.787313612872886
62.07564849311147
58.04116578196937
58.06185384982168
54.86780120844591
57.26738307894827
52.74623303681357
50.81168980297614
47.48777313054812
62.62882609294076
48.821367289382735
61.92589580716637
53.50276897364125
59.91075802141382
49.700510572777915
61.41958706881903
51.397920362422035
63.15926415794987
60.04603391629736
60.19767231736834
53.02030907552842
50.41358186139945
54.70652649640049
56.18840854631742
58.78165128467035
52.66936552171549
55.954593178301785
55.541854410950954
53.853076720438764
56.14346868874175
58.14920147973044
57.36403900160249
52.499481229366886
52.86854579738866
55.5156230252323
56.75128475646168
58.984868922453295
59.35148577436432
59.18471847437741
58.843839205422945
57.36019972481581
53.88798564487861
53.89022549308173
55.93255019872595
59.246638689508025
56.606413234020614
55.509520662195825
55.41906512260612
52.54717966542888
53.750365975516175
56.03415426987612
57.115370656522586
55.43355237935831
53.572400245746714
51.59829415074353
54.99657095189536
55.35983189754805
53.770606898061814
54.90122329865867
58.545553421627325
51.64130061176145
55.273921784699446
59.00836899314274
54.77314126041313
54.517450203149515
57.176469046582056
55.29271272368902
49.8584051816521
50.63793063474769
62.49170766179268
62.52300964133331
50.82764307664871
57.62462629050818
55.85251939430749
53.125522528911276
54.99486590994408
48.33488642892806
55.84800229661847
53.29981812185799
57.39800736511398
55.255247507084725
55.34432512734391
52.456748061141
52.94660782121506
54.76809012117416
54.60003741837226
55.966663585041324
54.22303101106279
53.08020645132821
56.70294705627955
56.131626738793535
54.80902702057067
53.3168712998907
53.833249266841236
58.91578164153788
52.554301035229635
51.822936495331916
56.15200484746342
53.56880515681714
58.65874078062685
58.137389027424454
56.17068916012539
55.14692201416188
55.83786702025867
53.57068438257727
52.76849488045455
57.14768289192987
56.02776408213356
51.69231371329964
57.35234968173549
51.93853060730626
52.77031021937747
52.94987223226223
54.48015340372971
54.31647772156398
57.85311197726428
53.90497368054211
55.03948618124609
53.553892558612084
51.583717515788344
