0
22.817065574036526
21.505086571407944
21.267999497353927
17.247541960668723
24.287331593986682
22.397645239989266
20.847072429672433
21.451863275917724
25.108678089796403
17.57646872149865
22.3643372227953
16.882811632170448
16.74941510553679
19.140391317851442
16.693679663519976
24.94102792926157
15.529587180386516
22.95864383379695
15.31105812494872
31.150877740284656
13.15669413017521
18.82036773490597
22.664953491271383
16.919481337441155
15.720887746416924
18.488201419483197
18.28569645803455
18.189397306083567
22.026756560343422
17.596617809303083
20.423436588968865
17.656970434082606
16.591742581648514
26.7085085159272
24.63864336828792
26.975317824493622
12.803182649607118
24.085020559337597
22.02696750913904
26.754596266692243
25.296547889907064
23.075013610649552
31.73471077938887
18.125061416475173
21.70866248163174
23.73965742267712
27.694795441698165
20.8861671910023
31.707016912239077
35.40285620172753
19.160506951343663
20.802052734080245
17.50383853124853
17.372374124976982
18.497248225486178
19.034057723591932
19.607988727642013
16.61033194698755
17.421192599350505
24.925498092124993
20.482614705393498
28.896548764789184
28.722738657842353
27.48819325232103
28.723724484903972
20.4626488325038
17.010222342181248
23.409051098736505
17.169956480132374
21.720861191121184
34.42809739816167
24.894454657481212
33.45585501658694
25.663396410001234
25.146945345210565
26.274995893382737
20.70285738768338
20.821589798761668
15.70136566017756
13.127978318121185
18.708090447211607
19.26823885398267
28.185933370913006
28.885291943380302
28.736105070947794
22.027814776252008
24.833206703803892
24.13556516089565
24.386936371282843
24.946386056793013
23.66999727813545
24.026916391094332
26.27985974935641
25.65718949203477
20.441152779865742
19.820153757835264
15.609917544156957
16.669408251293312
18.938410430228036
15.408960730079132
18.56276088763488
16.02090060306225
17.007743794984137
21.17564222115806
18.379281055995225
18.94439138849857
36.010579293082465
16.796290467879675
11.534403631960124
10.32412301773139
16.806608957594477
18.623300136065037
17.933314460781627
19.68448495358335
20.52227688355445
22.069219014107876
14.925471779200908
13.977427475360578
21.478159347923636
18.16609111984471
19.79570035880916
20.23936102052305
22.276835967626685
28.41689155960942
27.841991936611077
24.203649844733835
25.625638501187186
24.38495689491249
25.787083129678397
22.276512029437903
27.232837437699256
21.34439273308571
22.3244537985976
23.329918430931517
28.143829405019336
19.28604820624454
20.67155219330112
18.659263108013096
17.817922758485192
16.05313094326407
24.808040255551788
23.725715202169223
21.308058871190426
19.373612838410075
26.62402367103692
28.74820857612044
23.043943393403907
26.100407497112617
31.084513157821238
27.578116170126016
21.133555210224213
25.42026614097919
24.54127706202562
25.375644894411657
23.412185038682562
21.72070168038704
20.100712765890076
18.23572871965463
26.155675444341938
29.933014355197802
17.788253560615107
25.269009242247567
24.93372569435308
20.885807999780578
13.556428725191374
18.803333665227736
19.5066529854986
17.133938066711753
16.061152797458817
15.98542298732101
23.43061759781042
28.42233859338172
26.313312694739892
24.142353188074335
22.662648692277948
28.22168101714766
30.211080089657873
21.927610502290847
17.163110987393747
21.438244606382913
21.278521534384975
22.645341168963157
17.814726651766122
24.390382121347717
23.18708967773405
23.48808284398878
22.009368206623492
30.763536297102636
30.25997477052622
34.94389211078007
12.572284609829547
17.32391745965949
26.652441305317144
16.420453241623424
16.384279813092107
22.187141961124325
20.12118312007632
24.16592806915918
24.668112521744252
27.392870232993573
24.82265378604693
29.397968199188558
30.076440801295544
30.941605467946335
24.89382663702199
31.48130357710043
25.103023256501437
34.26209625058181
35.7739349166827
20.814643558574137
28.955989504183847
27.229353815635896
29.614619112098897
25.65412741262519
29.484261489994648
17.836257046919258
19.988194454263446
21.625869732796808
26.663686765183176
23.29664167748001
22.402507653945076
18.32985618373041
16.976305114252913
14.17633520460571
16.622936184996973
13.438815367654522
14.055992465937681
14.560018554975123
13.132650254460179
18.133386332714796
25.89947884040752
28.147300155240224
24.306746180154715
31.099475599436534
28.67327839733225
19.567613358178836
24.49955651007793
18.884657757312134
20.684349171509364
15.360512777285846
22.145469598791426
14.691713354279889
22.467349517365186
22.885647793483056
30.39350543399064
27.25818944353175
26.46515292646569
25.4021340327827
34.58915900681081
17.07168401629118
28.728439415540976
21.625845222222225
26.73756031397151
11.91566346788989
12.146050760892054
12.466518345981488
29.23403482774334
22.58847848579235
19.830164883284926
17.339777186772032
19.289572100315777
19.49325958925228
16.028575635800163
20.627648728345903
30.951791648805724
23.314620278444572
22.181516547411928
25.035619897391527
27.550613781503447
25.67876000302615
22.74992171590616
28.145065343226598
33.533177895281725
35.61885234011882
34.26314140584761
24.241662910265816
26.271692506922584
22.682024936394697
36.488985071859375
24.330179220459204
27.691091778173416
13.745414313147206
23.796758337843993
17.808840878824444
18.545203884658452
18.026425879254983
20.732850130510517
15.259352868281129
17.362284980105137
25.321289694525255
15.184428946529668
20.829433484308087
26.63005357597121
20.05255415269843
18.274730815023016
21.974712044207934
14.770281059899055
20.28964374349181
16.421099892377804
17.68087701958864
15.434795785722283
15.227607837902664
26.863323885727226
22.557402930928138
20.175468473621322
13.935969766035985
17.825277321898856
33.575352200428554
13.008270094569218
11.051175802795388
24.899429033616638
21.224997113389115
16.370081466219986
23.766469225263595
24.289748448322186
28.938877593622625
23.770349022336198
30.62342174161152
22.296276474453784
35.264028663541445
29.826429657474918
29.447281167969994
35.03720530031624
10.461630810876668
14.670922464057469
21.533615181145308
24.35649171448995
21.402165443085565
16.579247473437174
15.052051183674557
25.12733879773508
32.051297647966294
34.79290361553792
22.509671777433443
15.143775368764546
16.286084657496122
15.039085418703952
12.027908183717496
18.3439028864717
19.772535437421407
21.208018762847875
16.43487790272969
16.653610125109882
21.966874670107813
15.123514721079674
22.20716681688295
29.6977627860447
21.612457679013197
22.957093054069816
20.807197970003266
22.85999655661122
27.603906377802303
19.72758142266391
30.41625438284737
27.295591608403505
24.216145768083738
35.90272033465708
36.68952135930001
36.03590457717486
31.202412182112962
20.127534340478743
25.694784593973232
22.950779210514973
21.040704405012683
20.713459651732844
20.036708652600815
28.973607683148376
22.657181207305495
19.936419131960083
17.431701429809454
14.06357310753528
32.155429880616076
17.47523005185016
35.97068011923431
34.883071471897125
36.26069915488244
35.933439692975554
17.009647409619195
20.621733593265223
19.03100214018814
26.37903339484963
32.96051467806159
24.748773258981583
30.204709501236383
28.89832493168418
32.72497807988908
28.50069646079309
30.365700209530864
16.375852382212656
29.433311097194835
13.634297039104235
14.62247645147661
20.29746270748483
23.938815109969294
36.649949463688195
11.015423513212363
20.440186470326093
23.119224503144245
19.14433084693584
16.387332818324918
30.572773703995793
25.367821790252655
20.300352595130377
19.243252652990183
23.479571458160322
27.434947666762618
9.645089425130282
28.319534218605412
28.456772657111834
27.530682148987054
28.59809261301931
25.021571066254374
20.306398755599357
19.222566238267685
19.354201537691363
19.960686957453056
17.39967142011042
17.804508250375452
24.173553533972488
21.994455792098822
28.37665255691591
20.295925968601974
26.096330373609394
26.341813675381022
28.149659832318147
30.64314485230622
33.5454019939897
31.03858271788426
33.526518607511505
34.82675239453901
14.255393287711042
24.762363290151274
12.580012970573
33.19655684448281
21.06003051220509
16.084562118204477
16.738676832440646
17.74913465867069
19.856496000005347
26.612970910333118
22.591468100452087
20.38538193075811
16.841591491205126
28.501122226316717
31.380620127120824
18.98848010978376
12.005096843465617
8.526526478500518
15.915557543201729
13.847615542060655
23.634327249097954
26.766211486299113
22.33989672209072
28.775119270027787
25.941986154951927
28.817597209484937
18.211757659115783
19.843271007198766
18.245113747197735
19.966520410723252
14.184883418388097
19.20461757961972
17.84235057065207
25.041554601588324
25.30700967894684
34.70218558209708
27.125057276732107
30.45601519094011
29.142211426425582
31.941569259836992
26.49067727222106
34.81045530627381
24.107945481082925
21.929283067258144
23.123006904564033
26.83945683147543
31.3340102424859
13.459876061396045
14.207305109241085
25.303851404730935
33.91999715404977
28.098423657083718
29.27624054408463
29.73330470262728
38.59793694711449
13.435111768518757
13.773813101646327
11.729018101259603
20.34120087178586
21.018395500834465
20.203594871813475
16.809311084975402
16.482679229493534
35.34790886873912
33.923205557472365
25.714934932811662
15.612177420774483
25.807196212490535
15.468932971646367
18.17230279861416
25.334004671409943
29.729677478896065
24.66534449240041
21.252661328720905
16.837320842911822
15.964821181810533
24.699628642428088
16.37416078109613
14.929562345486504
18.70862802960558
23.785351273465526
28.273865099168
27.755600878168472
26.479215070163278
31.177527989729967
21.375934339761642
30.619004233407885
25.492161362473368
25.50702245278797
28.652834587703527
23.776100968609544
24.21180571283513
18.208415656237506
19.887603491854374
20.288270596141864
20.79388516930162
29.485907116530473
32.64198358842301
25.663630307537183
24.790650914366722
22.13941998788141
27.877097222731425
18.330947320689585
23.537766487294494
24.33260485761928
26.968331755486876
26.941102376786816
27.656288842717142
23.88210091808388
19.70177493340349
29.0993936653566
17.616729951552365
16.439737040246204
22.223410586511413
20.776569294802275
18.74649927030721
25.805839788683038
19.37760364915661
25.287839999299994
24.891691571782292
33.23050350123482
27.76096572299366
31.03705019055454
21.907984288953614
26.784434332690104
31.551413245516763
27.230227595094593
26.323602067197527
18.419300605651994
21.599372141656993
26.324476812712852
16.35420114062164
18.14259024429083
22.626957693951212
33.59347606484014
27.71379608932468
17.51125234477033
19.167885379825762
16.8475613211765
17.330636927872398
15.884703014290814
16.215373877340507
16.25609940959393
18.307489470621192
15.724392648390138
18.7562298942275
14.688371993953456
16.599722590941997
19.351824750001754
33.96815652023792
30.755053541265514
30.90764323408701
30.56550066717281
30.029903690971963
33.10638529500609
24.513974043787577
22.066637313179704
31.20682460988007
23.077241228205757
23.955878087284322
25.9544629968402
26.455348111023486
27.446388861670673
27.00152266264774
33.78550018660762
15.35614992350971
17.1331435446484
25.646481286182382
18.017187245814924
15.278080129170597
33.771943184244215
23.88462842767606
23.203480968186636
29.282468143517246
25.93070233571858
21.913618153504192
24.649862037165217
21.11977993868643
30.929649205997354
31.90101189984197
34.31797521921328
34.722304886943846
27.792834642809197
26.08777291175741
17.90819649478613
25.288804095537746
27.1108726057436
33.43396417238947
22.289513875746636
22.032226421519823
30.223501494970115
17.18538994311397
35.778948242451534
14.113163726808738
10.814400648448594
19.170668810902725
16.11848779959705
32.23297287117162
22.1502545402331
20.728535047852077
18.934156365506865
19.31150295948704
17.40979514357246
22.860702093466752
29.87767042823538
28.915599915736706
22.159677423057143
15.88474922554041
35.35306192918748
27.947528057211812
16.58184208085278
27.558594277465495
24.89287358968734
11.207431001940671
10.810529109079816
18.42129964671657
14.799443972004772
26.948150789078216
18.346624888360868
11.387863654472964
25.660087754446607
17.854108560019352
24.612956610876818
33.429454045295714
29.39806929788856
35.04857059439232
33.971970605979116
24.24148713801225
28.027112442202
18.39230140417919
16.139576181737255
17.0570627058701
15.621243679481625
15.091081568094603
19.657166107673433
21.020264074511445
17.22426127754468
28.550298703799232
19.461593779613057
29.389129361101247
20.20027667216922
26.22205150438825
23.75221013123536
26.92764118969861
32.49636465160145
13.400890326958258
19.805196101197414
20.769549343261808
25.570385389128855
20.69192315240997
29.038486985011797
12.799834994936825
14.632893911636673
10.547066686123491
31.258320200572044
35.78149892095576
36.17329279255624
14.164973800774362
16.182594373516224
17.142178594557997
25.229431058409475
27.122700449030734
26.664775584666828
26.445848380757553
20.65355481406754
19.565261473947853
16.177980905124535
25.508451353567533
28.00644726563613
24.63779676971138
24.423926171844244
31.539397980994156
22.73571316534425
22.352659800397873
23.027785006137947
29.0170771299711
24.88888925649451
22.902381774533815
26.23387909300409
25.53017536051984
17.764194625066775
18.242453073573934
26.32592778935307
26.51354640713236
18.262261483576168
22.482006226193175
24.00462187919902
16.776780442165926
27.713771167734567
14.059961803338904
22.9545128893131
20.454836403942938
28.67922904760971
16.03442504810932
16.115052945955956
21.362208169306573
21.102095062682753
15.8428205443244
33.75157920743781
26.348300745725314
10.416993070395327
10.58382936094446
24.36859771689959
16.445409534608654
13.823882601407952
22.080636517583745
15.06652102932577
20.25000592690115
20.214911960866804
14.687402525642133
10.066510661056594
9.00890991789833
18.390200718034496
15.830041187358534
27.124602268210502
26.320505453559733
26.173734412074708
25.510999583350014
26.501870107087594
15.902504866509531
19.27274224238073
19.88212354999411
23.876418756284114
17.195988009025108
20.508765708955696
15.600449683245955
26.416925161678755
10.813436111979946
21.484189303020052
16.55609893224255
36.42339947741687
34.27164363891692
11.194442925239136
17.56618319833637
16.695894359530598
22.597494569274012
19.886691536021868
29.05200719182174
20.30472099578298
19.797514580535946
23.64507428012708
14.78177885568356
19.582051478602494
15.89287867676839
21.555748056826232
18.80466490977105
14.879039444367184
27.139549686142253
26.020835486283257
29.43062862254016
27.696487087567075
16.298791998892707
17.951617263803232
16.386712539065055
17.59853172945239
28.921502311489128
25.88724076278199
25.557172245071662
23.97014386243505
30.501271482305626
23.108515029511523
30.223610990143733
28.687269853415433
25.8678045658131
24.938737983314912
20.005296672734925
18.598529328526325
29.67052653832223
27.640004683853693
28.430710196510535
27.264104001993026
24.592208200952893
32.55570751583232
34.249539950581195
36.29177217918055
29.051060999660546
23.310668705944263
28.023748709900904
29.124467219205453
28.785907359745103
29.016555464731827
26.611230815405907
10.48624820288513
37.796501945296335
21.832038433717074
27.45306016105725
20.05435459899135
24.615278822748472
22.281714237855756
20.34775613281084
34.28403822370985
22.659644582334668
32.344230801566326
23.526631875741863
27.351416335299632
26.233874092128072
34.411322085344906
31.384724436043232
30.19358028701823
30.08057230911906
21.263933053450614
30.256317989389892
32.00612485012873
27.884889890717773
29.645048016626546
32.86770316353124
24.61007157752982
23.711228995450213
26.58500251798719
10.984331364924653
18.71618262261283
19.927257252876604
21.669795977417753
17.056177607772486
18.195841961503326
19.49867978184073
17.464735334257075
18.10349414215723
18.191976107042663
19.65193552010828
16.111305072181445
17.284905486887816
14.829365630395293
23.203982781651515
19.89761312416521
19.673222963148785
19.62347411927689
26.05057208142159
16.845548798330928
20.350513103884477
21.81252028357483
17.644729121065726
21.093060519274633
29.3798988541613
31.02944593546709
31.106491595879106
23.571012189893832
21.445219531217035
13.716526036489622
18.209536715054888
19.449828402201266
24.539707441764214
33.75484107623246
33.84055241200945
31.19116713509081
26.432233112569236
29.254681594606804
20.228544944609215
22.76296510369619
25.254207565702867
22.01865860922101
26.52995709181857
32.17401536942224
28.381854798732018
20.336198597590073
29.881113429337514
19.92620167287429
28.60768397991011
26.25709179315569
23.720885230871808
17.080070805729093
19.33745621892088
23.16888658090402
19.143467137805253
18.551867928713538
30.48367917103537
35.25386211593718
32.48103863079603
35.14034341940578
21.33455326608387
11.299332698426483
11.041698690458828
11.115816460275452
22.149451668472828
22.82578885462545
22.932168738381584
26.492770355375715
17.93302211254209
25.47108306211924
18.58416901343776
18.58416901343776
18.58416901343776
18.344080061666553
18.252685625554136
17.761538076377402
19.4177675460119
23.09394851076638
24.50310917923816
28.035507546617964
22.583179062958674
17.80364017384242
19.886871388106833
17.687915102411406
15.30290332369106
21.772447266650175
16.66925113974416
21.943470612672012
14.47726645573644
23.090422744179563
18.602536968677374
19.560131795339327
25.41354131345637
26.288993831782086
22.907216156963873
31.92395428277457
17.013676864610304
19.718673701081748
25.16297631638562
33.38247930214642
34.08652527185303
33.3871876110241
31.37652687975842
32.94701353440977
21.17863673458298
25.304499414266697
24.841784084478892
27.014473417120435
31.703442257719708
20.059758608410675
15.810050934646751
26.067650571573804
28.07994211309907
29.144871044920205
29.25812836377779
17.79552789947419
34.95204830841278
28.835173603298035
29.35980847310939
18.996490695635895
29.43696986341448
32.654079749485696
15.923015196935708
15.759901664565904
21.21601835194723
18.207790291951564
18.807411333254134
17.01804282015479
16.427289106504688
17.046641474533015
26.60090055506742
31.331000847053662
25.489850149771442
33.3376900419648
35.50514704849836
41.89323738393454
19.531984494514678
21.38986849927922
16.39576755272667
20.38738785740136
17.06684982113446
18.517770370610826
17.03633334762687
31.07609495248342
37.710371332476214
23.141006431815395
21.140221111910254
20.463021368764004
18.646639487048574
17.36214005998721
19.93834866590215
21.344530407407447
23.13593677428719
17.985423269177815
22.63794102756256
19.645090635276233
20.38086806433026
19.587883060525055
18.058688682312713
35.54055940778398
31.79930548755207
28.591146841020123
27.798170344868456
25.72035992486605
28.133326973865056
26.26396048468881
22.380280513971613
29.452645459559164
31.311625369636182
30.235599806613823
24.516658157812596
18.75569714750809
20.551313572975296
18.562185601024556
17.88068166186934
26.93524507676585
25.412693486076126
14.829883198782456
23.249371186931842
10.069484251319679
11.367952492832725
13.729391013025856
14.898432457121046
22.481550436614572
31.560648883497446
13.294983185102556
10.805967613182473
14.986500424530194
9.488685813693861
7.888737002350178
17.888625879326018
31.391495370929345
30.484156214858476
30.9021354869935
30.903612158219154
22.731678002855276
16.021251987600174
24.1040575402966
22.637495221663354
19.22527163161121
18.46334780296698
22.936415374029412
22.32163475883083
23.667394348575918
18.019270358469715
22.376362766911598
17.765314079252686
22.26148540831674
17.359837701506624
13.92609570336987
23.97460613622479
12.70574412543657
22.975312347655883
14.926499522403157
14.302284527966888
19.41169612750996
17.685400639565902
30.653648382237503
26.923053637050874
35.948813069873125
28.017679977115748
24.485188664831934
31.751707595736242
21.153489466830575
22.42868384823272
21.055196569198884
28.903613519239467
31.288716082858713
32.15976807337141
27.766291737505007
26.840885264663385
20.309483073528966
18.120176159887034
35.36152912079753
23.97323010993362
21.777261408448688
20.334017195522886
21.931372226039976
14.167201197763513
12.919162426785944
21.39214515986714
16.01695214442983
15.634063196511885
12.968159744001225
21.80802914012142
16.406396026256175
15.784297066267909
20.50010704870517
18.335646982716952
16.37352894200098
16.02646026458709
19.09659580035202
19.856719309533673
26.17151106052971
32.663003773772665
27.60067887857824
27.0811883245028
28.31700205948549
11.366740672428532
26.135369222139623
31.557611315183294
12.848165785269869
18.58947083646469
24.509020035085726
6.56535430929371
14.779966188456049
21.021735066429663
28.70650934893124
27.06663463061829
28.056854317713796
23.2767358498474
20.96682053527674
25.658738130053425
22.386197833873485
22.22281431582065
29.128834393960833
20.597915679582282
28.68892815426246
22.12615583500988
24.426810656961287
24.698869961463295
23.395113177315093
26.331944738455647
24.119691961580106
32.12215203929302
28.186050687054212
27.807858950467264
17.051704048227187
24.928461409493767
28.720840549708438
30.185713573343573
38.43218617099326
24.000077026043037
18.91313738195851
17.669114690293824
25.570240650067802
28.18581144623875
22.243482060073404
31.877228806203792
19.83889777666729
18.1924150237478
27.489225257221243
24.71571161096353
15.484937399586787
19.686939692505227
16.468359671816827
16.37618983452295
18.677218135138414
13.439517384090651
21.70608603925521
36.0165605441033
20.064802624109713
14.408431689467466
24.815405564741386
23.904724414188507
27.322886405927814
25.955364660456816
22.504428108893016
20.60643986422731
27.64842902380134
23.024029931777832
32.70898442345746
28.892574835327682
29.931836913601508
19.90171600898449
19.98587193481059
13.91588746664774
17.542357198948498
16.21922967851243
22.064728044804152
17.811933865176837
17.40893056133044
20.83675208794151
20.140377347797994
18.62671657718236
40.328484016865225
30.325230184329648
32.40330123506638
29.24576476482415
29.590021337632
19.48467782216902
29.50773597590484
18.762495992702334
28.41694742206129
21.436052718315317
24.356051775008957
25.323184996891623
25.82082558375911
26.86778978711096
24.953728332684616
28.812461639190996
19.48896336780735
16.361599583256695
33.13054863501174
27.2849288182233
24.027881930497713
15.38200446156249
11.858882754208484
22.505369739476723
15.020568189308296
15.91400374024845
21.251272622432555
35.2909468199048
26.276280246339713
26.56744596654985
20.762017193047814
16.451089254007655
22.860932635812507
20.35666159562239
22.513429509844677
20.381544321014736
20.791525820461672
20.58635330504204
31.580566670107338
30.69636509208038
28.856247261305864
22.845716715958197
17.79663631295066
33.27406140854846
23.01530515615655
28.360204603091518
30.465844442625354
23.767152715286187
30.93185830115518
21.928861256189247
16.1418550785519
19.454213096972072
14.947474324512331
20.622688409720514
32.81875966082494
28.15882206389557
31.06155973530733
17.499221439113985
21.02759089777112
30.084180334564753
26.62722417166769
21.718673252636005
19.398543825887284
19.688321458920093
24.72772821397592
25.54832429948031
24.476520251414133
25.340852305795167
24.116859483314812
23.01813239559643
21.2515089860011
18.863356627288212
25.751207749413165
14.565300488197762
18.06451224321908
16.109200657238876
28.960006878679838
29.993711804571397
21.51600628423652
20.685587307001438
26.8420469539067
29.681163600855847
25.732745567437554
21.856704194030215
31.827892344915217
28.133079376741396
28.48909059117445
23.013494506022276
29.32169117471298
26.75678891924749
23.161277520993455
27.05905214210907
24.616879266481646
19.343294650674416
15.842555804785716
19.226029772103313
22.378490878668856
19.535013939575087
18.857143588551306
27.03091542257753
21.288251824192066
40.748845547221165
42.98708941985033
32.282123948205566
29.367757854261082
31.49800109688757
28.6035890838992
23.64171123463434
22.29838405979214
20.54193836218232
21.149697532663712
21.08976037106725
16.17752425643311
33.87886857276135
37.80735777757728
28.556001498188817
28.81119932462086
27.27998928399774
29.805522695916004
29.718931736965672
26.34199876680282
21.898049520514753
26.011643152437625
20.2204147539853
16.67506690155638
25.825158748727194
18.9716515686889
20.056723715922207
6.200224455487647
11.076845206468581
21.608450748361573
20.742033439133266
21.8902789605097
14.512824465382769
18.07568113503013
26.453536195264714
28.05987807758044
27.98970042288522
27.44068251874768
20.383709609263068
23.424058920859583
20.851853296479938
24.187457278402995
19.521521641755758
17.212526305960267
18.83743343260593
18.238647881325942
15.901684626092992
19.6672883784649
17.0328906549577
20.84771066463929
20.105917619692455
21.107220407499483
16.9872899375045
11.374690769461992
16.257173725105062
17.29492118536738
14.386770283466232
25.228126955922498
25.722216705977832
31.31756117132289
7.986176757365786
26.173453642080826
14.208193256436592
16.531548681935316
31.815057728264506
28.130292633096627
28.97841300258995
9.510090467232134
18.302214761310303
19.29592685106725
18.81930251337511
13.500829651355822
28.258443971034897
29.195294718548936
24.855206772070026
42.06306377168764
4.40376429836818
18.29041545387669
8.090792559018368
18.342753653759956
18.115501644671465
16.301279027286853
22.93754424392685
30.28912257449414
30.47043423555199
24.973001691759944
25.205569107143774
25.130902267419383
24.014822763972344
26.145710754868183
23.09891572583004
23.35122789932279
23.96675350974693
28.493135268250125
24.402055958275938
23.45253716440249
25.571354809608707
23.076727981621975
15.740748470430393
24.31160458844191
22.4507859231751
10.832410235897399
20.817512500301333
21.70319294867922
20.74011261673758
20.810293204420972
21.20752322737231
15.352114066578661
18.604433158763896
18.23768640014526
16.960120501839206
12.472206981260436
22.445876370475766
21.582939886425905
23.203451907904206
18.269860897355994
22.611982934489397
30.727517018511552
24.7454861975429
25.74900750186867
25.74900750186867
31.120418132618383
14.730489324233746
20.281984529079033
15.332914784487881
17.459660250004486
18.653730764451748
19.567057443082977
15.88912364423639
23.768644712857583
20.18529534535529
21.483180892073403
12.24985814423006
14.260202569852868
15.960079102732522
16.55312612679557
18.17640093015779
21.65386768325018
18.801240153498487
25.335529691477362
19.506981853392382
32.659498025101385
16.02056043190588
21.490174081738434
27.22514559153433
23.795023465941004
24.72262736956768
24.94989999308873
25.102435338574256
25.099331165272062
25.85255730402563
24.257828512666038
23.331832141724902
30.1109837705611
26.207655176319406
24.786543674330556
28.527022791176456
19.65384888172079
21.20189980976448
17.40339562089791
19.6377227692015
18.710165242267813
22.405215650347976
13.77418601884478
22.392821433941705
17.005235976377165
30.58193250109211
20.076061388870936
19.675059356475884
21.122538749860205
18.325936652153075
14.62463892919467
13.774869912987324
18.756980951424367
18.704309120901616
19.408930841958945
22.89571965187184
23.318172437782803
32.01899983151784
30.377308516391963
29.67472109625264
32.67507385573936
30.085844203690794
26.094901829522133
27.25579039930217
25.506640784712637
23.729212273233077
23.7305595226615
19.438116044695864
21.795908257330566
25.415430693676285
14.93464389203783
17.714151247090015
23.692522764790258
20.041017447093374
16.350599744484633
20.667491090838176
16.13599148519048
21.97145207794851
31.785049227754524
32.001080843428966
32.53076827360404
30.316188719835214
28.877156447224774
31.593581326537695
33.53237624012833
31.265690215023664
34.31096393841999
21.88897073964588
37.276230856589926
36.47362360706781
27.06738213569222
24.961250360172972
25.106676921374145
33.137456860951154
37.91036061254347
29.600413394879148
26.73170185317919
25.920617380382556
25.581946344403118
20.617115232802846
38.257714607354764
32.04136442445437
30.562639192218413
34.22574176144942
32.17050665521156
16.288337873907505
21.52900826594382
12.165060365053082
25.57451707088479
28.46343942146886
17.685132794553212
14.39179171290437
16.208342412607717
26.779520016373684
26.499689427615685
21.093979820260316
26.94927069297583
31.70498007816823
31.611994958372627
24.30369667880934
22.02196234026858
30.780950193601534
30.040882773026542
30.08745149943299
31.633418904981756
30.152103301326385
29.7854572148871
29.468667977338832
26.19635116714374
31.352992625619688
29.088343969401315
28.09835031135663
27.701394401668278
25.042282408298764
28.38307550789289
24.68297473063279
26.86819803953258
24.79806479920412
21.88552870582723
21.83123761780465
22.601528827416782
22.00805132283632
17.054341364381187
19.316259306638976
20.107705351268557
15.422697322178683
14.026481600468289
21.864267533730505
18.876747984321717
20.798801914214632
21.944309228801945
30.911432413026326
33.343798372690586
21.696397929280884
27.356714824458315
25.662946931588486
27.510958653187842
24.361191894749332
29.652728638223866
24.928063382116495
29.691474205090444
18.65562459426325
22.979079997277104
17.723243721624897
18.219994261203663
25.200092450059245
23.83380453439045
29.827850278855692
27.63931083899362
16.52180364419361
25.77709975018076
24.71142906826314
22.973064192873693
26.00094416944428
25.881423149568164
31.874020157677638
26.889064359205634
23.081474549907167
23.92022016037024
22.84349560003091
22.251769813090764
24.825467073752534
29.73117238167745
29.321967474174237
22.981868758234054
32.32808908174485
15.735787726513033
29.09769843799394
22.874166973042804
24.90905650360526
28.25423146529116
19.60148136287462
20.89934950883518
17.42726128658969
31.873874584299493
34.11889660616772
14.913788051082443
21.520752650249843
21.3891672504494
26.662931706390175
13.790926064737146
21.343284634944805
14.020061576402185
21.93519732022719
32.87267695280926
32.83483023913265
21.219597878522816
20.134800310323524
17.161804323507393
20.853847245493945
21.55294243811507
17.918481917855946
16.534018675729413
16.097954613620583
19.60962362003768
17.257991961911838
27.487828607448304
18.143326380649473
18.843770993976154
26.098397122556545
24.63595429650658
36.23669209237933
28.612254826800157
21.793189812688556
24.15438035573821
24.47512184974215
27.80332373648575
26.927843030739826
24.355247628588703
19.423687488403576
28.95033961250652
28.610669324979455
28.610669324979455
32.152928645297415
32.42040904626436
31.529270117565904
31.62327712619926
31.62327712619926
31.62327712619926
27.629929664530877
23.37452119417663
24.906302344609575
21.72533012849091
25.27799795972946
23.487836684668295
30.449216905336836
27.67902098534193
23.71193048070363
28.502235692068634
21.92813796160232
23.672110018414294
24.477220245423517
23.833634010473386
23.186570938344374
24.025418989738583
24.810609258885975
33.32164358191857
18.70587146395992
14.702025615238991
21.310730060417416
31.784552453693543
23.94573143817615
26.623625569484613
30.61550932117271
16.085101107887287
14.668693085303156
18.723808594796814
28.310899554634
29.21715532888398
26.839679335648842
27.713125349801288
25.04249863728649
33.4972296125445
33.31315127368604
29.75634955666684
29.17051999902506
21.788479471019585
24.94938027747097
24.20439071819501
21.60876414306684
22.48516400965804
22.804983854875058
23.08362815348891
28.2430223324854
28.31711022884114
28.50691444202664
32.56118534149926
32.68528186726647
25.839588499680815
24.26325486740113
25.72130945700368
28.44592764917004
28.163205848440207
22.186575676267083
29.322709914956235
25.04434108899192
21.328222541390165
32.03897324694062
21.563876399007754
17.990839776225123
15.686850153020686
17.128174048719906
21.539447267202686
27.52200770207551
12.547460260444018
23.85062046181254
16.702357845928187
27.420682359724083
13.845135766596377
14.418899484711464
24.962467958807643
23.778588015245155
23.58839528579087
25.928068359670238
29.38059802197469
27.746213157599218
28.97914877939778
31.359248484796975
23.56342499745502
28.33799245988932
27.099427596065674
16.94211704041163
38.14401210863813
13.77977685824644
32.05615578163012
25.123198595480066
15.273630887878783
18.36758000947082
15.7620063155711
21.096438142032135
17.459299931430436
18.890944387122975
19.291248860336683
20.20665015528093
19.370382190778226
18.76913676024059
20.608035785312996
22.749873937301295
21.39453607638367
20.855014779556235
15.731005148870043
16.024257266010196
17.41779088184695
21.960590442969302
16.07523544862435
20.264451157628937
35.10497454728263
30.431760497161452
30.981755375695666
15.825344270850973
20.7065899259132
32.49847272267825
28.464175607882595
21.631726300928626
34.07681284740177
34.08571494728903
24.025623800818916
30.607590657131624
30.332161754216223
27.67608040591096
28.893467379457327
34.509281973806566
29.62191099301329
29.535282729390158
29.051939363753533
28.987472237881985
20.43497089477353
20.038531915904773
31.106473122766637
24.438395151421844
25.315105864438554
11.19554081508044
18.91623383514029
30.46460228848649
29.416823802155143
36.18417280565628
35.51298749969658
36.48937085622187
25.200337089208
26.15796385704524
26.147959875377147
30.194428425816994
16.310499212860947
22.936828108933607
26.538447847391783
29.05551702442786
18.867372789848083
24.43417663734409
20.539917062394313
33.26131607634747
11.12236891402181
30.25457774939763
25.43026366964795
26.28939005668824
28.246169243612755
16.48335150358291
18.978596654080015
12.572279710958714
18.921996922202336
23.912094073857947
12.44687618396024
18.11069001038873
31.08121964080343
37.85545614680031
29.83554276516574
23.116567200188168
29.960140903123726
18.14470069367872
23.35286118138376
21.963214806845794
33.19998686038881
24.042354651866475
20.83780983294534
19.501709512523394
15.74596133861296
16.416742735781195
12.241548114644283
15.26873364739797
16.242896165028164
20.819101919572592
20.391976860157488
18.904442211577038
40.845195621757775
40.98561739920354
37.354431515461485
22.705843359210668
27.40303476556977
24.352309117067218
27.842858645979703
25.5621302507365
25.168457267436338
19.63413829184285
24.447689439983666
25.785268424565967
26.115776787297882
25.25194547702579
17.05656964956778
20.225663489532785
16.58735780159647
17.827900616777402
20.512274538139895
20.33063419639434
15.993440554733363
26.0369273237093
23.985872691385406
31.249769005244943
25.904791568156675
35.24430812915323
24.836694657950357
14.982822757714391
21.107067707379247
16.204094638684065
20.88991604181978
21.967981957029906
18.79905502399435
19.832489438986396
18.958415538696435
17.48843510111715
17.225079768160537
17.643612771380084
19.957793106760782
16.674367974818026
23.508154256935942
20.43815756840334
28.420457530549324
20.10957785644902
22.689567584032684
33.54237263133609
32.67506350335976
25.888375977790226
29.95616160186153
25.634256306105744
27.448043957347597
27.245065856968708
23.468280066849964
20.447340456346943
28.88359730948467
23.777152088060607
18.66976356770033
16.649795825757902
16.92909091783671
15.054907739804811
21.868438553559773
15.065519979186117
21.19675377118847
31.629692452626465
31.090845591098496
34.67054064917004
22.666665067206903
22.714772001474564
23.897602035600702
25.41484472800484
26.943027484054763
30.419863973828996
17.74828687723445
28.683718318844093
23.02712263111112
35.58803336705242
29.67467985485378
18.077424804514767
32.19780563321605
10.728068857184866
15.890326815416167
17.966759573341616
18.939693904380782
12.034480344473508
23.50044579174117
27.947549380306086
20.467557275680424
26.577002616903744
27.70145074724216
27.877589612040165
28.23240207407904
29.411338711570032
22.678033127890792
22.21431559636413
27.132777791979308
25.330724541441057
30.21240657961247
28.739318629145952
32.501968228744026
17.639114945333187
30.19702405069736
25.937640306620004
27.462898076786317
27.85677177172211
30.014087665647985
30.281728580661547
21.191161056797537
22.254310813924473
23.434948043119388
19.456669276773297
18.481695394421
24.858518008512277
18.642047020623373
21.113768423662506
16.746303374603936
22.380491317261875
19.842204191941462
15.345244580366707
18.03426113229894
22.542822406822566
22.14063875493437
34.24352688762453
20.838994798406127
15.727658506528137
27.18449050895804
32.38210645913061
25.871920257147995
35.058468542671854
16.026779856558917
20.204573478643823
19.047059640178816
19.713064363688336
18.62991595096971
17.443318908739997
26.49606660030907
22.40681305786359
25.12214356550613
19.166700500004435
15.533104136654897
21.42222109806997
26.029113716087696
24.415264015663613
28.556205551118143
25.711422208909966
27.44028143292299
29.730774142548047
20.421180306055383
22.360060470857192
31.733978648878463
24.194004095861263
29.817737315225415
32.68725127785879
31.637665854279998
29.40562245574191
30.261108053331032
27.44114361973506
22.270681687154934
22.876284587905335
22.06068606029817
22.4188755818659
17.997863157301822
19.3143038941248
20.61657316508173
23.391604306097104
29.37231937933998
21.390922750411445
14.750615650655275
21.595362758758476
26.83824390422016
26.899912858562505
28.77897872211444
24.38366434382818
30.91976500504811
25.78503930466633
25.304517489054373
33.07429553962744
34.84429349519959
24.651002808280204
31.764468685184838
30.996191678843296
15.209580683624246
28.785271218900796
