0
1.8087067050904333
1.762195265916276
1.71307101442322
2.2133331164721572
0.6210265990137233
0.4994140797813888
1.577897864655206
1.6464695458464693
1.8988401093621028
1.7819912535236553
2.482244742029805
0.7961051637640263
0.9051230111975868
1.6045132643427822
2.1135807658398544
2.3898567012020084
0.8844430834865382
1.055791991015334
1.8928961160145936
1.5898467534514216
0.9622157559616058
1.4723201242631125
0.2755563528872567
1.1981654415027534
1.1205663369073844
2.5101575793443147
1.7587819168438599
1.2731007209673368
1.7062236887862987
1.2917709796245935
0.8693632067749243
0.9767024457136574
1.2376548526134417
1.630526272096381
1.7432881352987815
1.491291823697181
1.626248636979262
2.6314451116284174
1.5374514284589955
1.1610574540443472
1.50592638019522
2.523346712959228
1.9847223806591108
1.1457759993497976
1.4556463665437973
1.1445441359621122
2.0633628241018904
1.5017533701474852
0.7662443223044331
0.5388840578471169
2.686681283391186
2.3345045470264942
2.059889861899913
0.9036395069545118
0.904027509164542
0.9955654479005347
1.8808361302787986
0.8362204221500895
1.2018452558971422
1.698646884648582
1.87017586204287
0.3494398434629413
1.386409544255409
1.3295910029254023
1.264632487854771
1.1516920039874663
0.9574312480559485
0.8268497964133792
2.35043633368698
0.546625374707407
0.9738844012878252
1.1981335934045911
1.492002656064382
1.5739675033179017
1.7094495070671138
0.961428946341789
1.922986899209385
1.9447997043372336
1.8630555143914924
2.2409434851858316
1.4786444388549431
1.504720881738465
1.9857091516470633
1.82676582113155
0.25088535211583496
2.626512078352927
1.308142335744745
1.5649212281141927
1.2418237542547057
1.1800620843548193
1.6864981199908324
0.6601703446930959
0.8357961533094039
1.8608495696501057
1.2241793682755968
1.136365865855332
1.2974380346146797
1.5089476213311699
1.47142748165994
1.2020209076107082
0.8215939228104261
0.8136147571207897
0.9350199484425875
1.1119617601295455
1.1549059840667861
1.5479914175678184
1.9346095242489059
1.0166275319984432
0.8738439464215834
1.7231031165352169
1.3705121496432418
1.8811909885985645
1.978547132397386
0.49607252316549505
0.8415727153025786
1.2832882486749002
1.3365085553871103
1.3532925628364998
1.2784812596777995
1.2565537035647671
1.134697633122862
2.2221588124166085
1.8185969922904497
0.8775645080219369
1.7970289927609977
1.54334202884755
0.8005981299953822
1.6844035765567456
2.077149166025223
1.8143533160394056
1.885601370285194
1.0356240939036279
1.8882605926896612
1.296950633791578
2.16760389760696
1.6708378229482372
1.0557028617851207
2.1678117401458277
1.3385167780974028
1.4319442860087264
2.124472839006908
1.2374169560778314
1.2362153304153531
1.6470261240114974
0.9927390439419417
1.798573326343164
1.070607475096711
1.7271426994713275
0.19561068117409217
2.797182627491502
0.6618044750725923
1.1731174355590583
1.6615215092847158
2.046968621178354
1.2110724455648367
1.2527603840218433
0.9143509056195822
2.3617291780455583
0.7082250670723939
1.035857315214095
1.8929768054282832
1.6075418790446492
2.164583164757805
1.8214143347256584
0.8847914649864278
1.6888234077896205
1.1307044756118176
1.4275703904338932
1.551142899724379
1.7042213887787871
1.1718083520623268
1.3229707327398863
1.1719277778161845
1.3695213604841938
0.9741019444810037
1.666160127116324
1.203761132452338
2.2802325745361838
2.7109255165425163
2.2802213151601483
2.112318656115722
0.9129908706414999
1.1819150332986446
1.4642526422300408
1.1783679612439812
1.80369793203544
0.89139074806566
1.4845766705908119
1.3719528549820144
1.019383800281085
1.9064700662473826
0.8143278821422949
2.2328731567195925
1.2045263626816713
1.1008322205089653
1.2907177280662534
-0.10007736909809808
1.7257604653563414
1.4898285737404946
0.9803074698237088
0.5249301845379462
0.15508436321889957
1.0434572471528454
0.777896472003394
0.35978538393120557
0.6999075454149009
2.041106340653882
2.0577883135282824
1.9381702887147934
1.6807160614628218
1.917148129537147
1.966656060464129
1.503209400185501
1.2013314816001321
1.576176523570898
1.3292278149570624
2.1507299061370326
1.3867354852918812
1.5108058166124427
1.4573701289055754
1.4755084018042888
1.3062516950630556
0.74202731528526
1.148598824429227
0.4581604895784513
1.6679932733036062
1.2912565074080369
1.196092384139297
2.0461086337372962
0.5943445153615602
1.2550883418190126
1.6415491792729437
2.128700041327427
1.8542076054802696
1.7802658399047941
1.087982071741815
1.183718161607532
1.0864219047743857
0.931287210252775
1.315825744551902
1.43711940174998
1.387199462708664
1.380915051915449
1.3937420699306433
1.5386760124480576
1.8725356208233184
1.9213455901593464
0.8298460041756037
1.7574396126188336
1.014867499604483
1.1659160275651268
1.394869729126727
1.3150521816429166
2.271966871109766
1.702637344364768
2.0859291770915793
0.6149066048464178
2.0453583604734558
0.8296337725387037
2.1251098372218795
0.26114776574096543
2.029748731272442
1.547098229611102
1.0595271763513086
1.6154278527407235
0.6367370538943363
1.8000274021760168
1.700897056685998
1.0410884224368806
1.2553139793359884
1.574958652321519
1.0171957000775185
1.7734410479117162
1.655166270199726
1.5222482735648963
1.3646663251926165
1.3608399765828918
2.092817091837445
1.7473779190907477
1.7389472032613809
2.620461347030297
1.0872714159035244
1.620200678166413
0.5030181192909376
0.4379565794246609
0.7094650280221347
1.0425836764910514
1.7335653805354125
2.431166556026037
0.571952528297518
2.1435848076310005
1.6767847070193165
1.1905424940267757
1.7703186700601967
1.7886147859740067
1.524489234334715
1.2620839203901946
1.2025941808286233
1.2091535398458657
0.3721389791579256
0.5343731895592928
0.5510159710819895
2.1445992382671237
2.1635917758985497
0.7489622879550188
0.8669759421864824
1.7847506821581498
1.587565154520637
0.570380358920762
0.8668061864808599
1.0815257005423982
1.0106478758436228
1.763917072120082
1.1684837419542622
1.59870891509249
0.8874531916163992
1.235855463970182
0.6269507080355563
1.4732867402946594
1.6170158099391456
1.3650735997068346
1.4711369730431008
1.415365126121424
1.5502001349025738
1.104062373391259
1.6417562757856645
1.06790562233403
1.559913398947586
1.3841888452475357
1.3743024239527744
1.257949593386594
1.4177929052660807
1.1730324359004616
2.444584358915497
1.242391376302229
2.1748085427334845
2.060577213202251
0.6444905871302065
1.5594708828794714
1.6762765259965142
1.2483996866592586
2.014242983827191
2.050890201723916
1.6181161737631495
1.1900261123513534
1.2228274594901776
0.8566991761397775
1.3329924299113227
1.08313746429521
0.9457176114393047
2.163846957691521
0.35508761819156387
2.399135860607341
1.7568616708061011
1.2134559593093552
1.2720254951768082
1.6975670758982155
1.7209091790716111
1.651827800701861
2.424305199985326
1.3608415854712248
1.3969436437365517
1.3873516942639237
1.3775584957896325
2.0593845677296603
2.230198691765015
0.7254988933559897
2.0475777839812954
1.700044657715964
1.1565894223204174
0.9098698491720055
1.2601013170622737
1.522766047506656
1.4357343210269808
1.5141716673874128
2.4895026442322545
0.7313703799869236
1.7307651897664986
0.3407609478110965
0.80822304043172
2.000368274277327
0.13769598959141935
2.8374526429884233
1.6251818409486753
1.9625010080967427
1.3821542362167671
0.6659933503250467
0.7126803881066593
2.266929482292803
1.8810161497464957
1.690931176863241
1.6546643470553428
1.27915336968325
1.8832752097620884
2.2038369290184483
0.6194988207196991
0.9621807135687662
0.877194227978869
0.9690176933021349
0.45588603749837914
2.8546018157301187
0.323103915597092
0.6530269076956456
1.2789788582489736
1.535910425371787
1.2568676866503552
2.512317971865162
0.7787154128830709
1.6921418050290074
1.518138533540349
1.674801829202507
1.5622867203817612
1.0127550332146789
1.7357356136830377
1.722806844892461
1.6485165483337798
0.6055435371816643
1.1042872669340509
1.7098871895521117
1.524088032604635
0.975981701505849
0.42135296407694667
0.49601088780277336
1.363860032488238
1.2687081714060573
1.6483555568181074
1.276172584603083
2.285332314723178
2.080795449625805
0.46879396618339464
2.121145680073928
1.2202806723622586
1.2470087272401809
1.70196279784827
1.0608616261125503
1.3329110529091577
1.4897623770019859
1.7744466326097008
1.2524232133725288
1.888743134374181
0.8595459182706571
1.5898443394691157
1.095192170108741
1.7647866092897784
1.413552998218985
1.3680485595567669
1.4132007297706797
0.8840347534856371
1.6007141179117796
1.7693985028083112
0.9358970923536494
0.6628135337230845
1.8978575574225647
1.8525098354053264
0.36993461768213837
1.3491104247140373
1.1586548303688173
1.0895612691102252
1.5577401724363367
0.8997159975371574
1.7771972167176942
1.7105937046480482
1.5120609940615317
1.0777860981047491
1.7132611555377215
0.6594695302562218
2.500592907278469
2.5214108248967873
1.9937461841459612
1.289979196501731
1.6345010339174773
0.7193862841698402
0.930378232675459
2.0920718889510503
0.6215910541326084
1.9039041697155095
1.3470978923723271
0.8557560097026449
0.6772391436292842
1.695644838443216
1.4664063689178137
2.0649650867207807
2.0598725776129276
1.2011458173662266
1.5021160098843196
1.2530477689956887
0.9719817428750367
0.8228358377415412
1.133864076446705
1.608703570335262
1.5451868936975377
1.5100197715272479
0.8626643636681793
1.6536390186446153
1.1507511550569862
0.9724109285978578
0.5557466940491346
1.4260566573184825
1.3913064325436375
1.080484019738555
1.3914239867635148
1.868303239419741
1.4490606070874643
1.743871236145425
1.8239867646543395
0.3703828187120343
2.104758924585186
1.2304602159625506
2.1183693243654877
1.4800266929816241
1.8123454152729943
2.56103706921714
2.6111236559204722
2.5607781876631575
1.2598198345895908
1.1440645179570534
1.2679363661306156
2.608231273384334
2.811833053075656
0.4254597490308337
1.5926764508710722
0.9186560234529049
1.5768296056639755
1.4116927988778458
2.165671547777176
0.6821833077458906
1.449903426556646
0.832920018307313
2.246398041347109
1.996292993099599
0.9268060152548729
2.3777742210385004
1.9043218539114117
1.241655852111273
1.3816713002772438
1.1443709980939099
0.8822761821535701
1.693694499213503
0.9817430049394595
1.3272649221957251
1.3031283238946045
0.7249567102521156
1.0522409315318255
2.1153466825594234
1.6661402183799627
1.417450272835186
2.35634269999217
1.0905776999529335
1.4308267431244512
0.8727776951401328
2.0086701155344717
1.4857588955932728
0.9754962850666484
1.0477591527416827
1.04595752667888
0.31481571227923516
1.8241194304718484
1.2064027045255756
0.7361628918664656
1.269354092673042
0.43190344707744815
2.391462796184422
2.4253750223879607
2.2843515238685477
1.4332097259376086
1.7650473357046264
1.708459228796649
0.9950283723494876
0.8197146162345464
0.6259059056308592
1.1904763779042478
1.5636319624320552
1.5922638127705977
1.8104897750182778
0.912937726412084
1.0948933497004731
1.5539211638777746
1.5363668895336366
1.4438008236729705
1.1980806315866461
1.7932865527227848
1.8076344701711866
1.7328328491177898
1.7644379679764208
2.064537733963104
1.704778301371987
1.4960991024819037
1.5841085561284114
2.0992201139891873
0.7050075283387356
1.9523611781413543
1.5183998055215184
0.960895612835168
1.4417523456005212
1.9319731638411195
0.9950836584776891
0.6722706873561333
1.1465721862171747
2.284067068384356
2.1411561539486716
0.6745728126017302
1.7801482163424447
0.8587647142523773
2.0009776094688285
2.030354028515753
1.2931445109096307
1.6602020725091564
0.6714581217575363
2.169477036679463
1.830282340512623
2.437144301972736
2.4649534688979102
1.4021514348323174
1.190659437293197
0.8860305062011777
1.5473662297348796
1.2616998963956734
1.6401746504404797
1.6000954405250367
1.8798142540913712
1.532836979365864
1.6193399410608642
0.7760389277325467
1.7723137447245156
1.7645295864634192
0.743271132361965
0.5512561445645424
2.121177542696973
1.8167189208815278
1.027146525106246
1.2825429700965
0.647876170395174
2.159610690980157
1.9685348575905182
0.9080743959590689
1.1435266773438484
1.3549789930353549
1.3265543988398063
0.2900383550819139
1.060968461071672
1.731200873006292
1.5591955063161265
1.4010218332592825
1.0417449210665373
1.082798634917432
1.7467737235419472
1.590524868477406
1.352347796886131
2.205175461357655
0.28850647086762604
1.1683617055662865
1.7450871907349805
1.8768425070259327
1.0036057919993815
1.7486932233805712
1.354068502399157
1.2504615059749407
2.069365542799989
1.1597884822143907
1.385499323454962
1.2633204363104584
1.346355312459343
1.1934619754163165
1.823296299272742
0.49755691359013104
2.0598754209253727
1.074789841600319
1.5498709406444975
1.4735728189159598
1.620919414022147
1.7307592485134666
1.366152535001891
1.9765557956189668
1.0175460180055507
0.8401337454084021
0.859834988002207
1.0812333074385332
1.3420190311907534
1.0356237590366233
1.541555009213316
0.7968161600347117
1.845828918820831
1.1431650157459021
1.1117636350982472
1.012045672037479
0.10310555605814946
2.411056834875163
0.7164616687651814
1.447806584523976
1.1109314372721737
1.1161105942090146
1.6054942392260338
2.3369070140817696
1.7034107665385447
2.087502387940012
1.4104771720356961
1.9486450623605218
0.8435244516153396
1.339143122092102
1.3743890836130532
1.4692053407121344
0.767097703940215
2.0537974922084006
0.8747584700600064
1.0924088299572083
1.4078216318069985
1.1225305454364718
1.3188209567222977
0.629858564246655
1.901730164862599
1.9825630382743096
1.185803498083254
1.4759885500483838
1.2903755437807891
1.6999753688285881
1.9383493182892313
2.0829910696205753
1.941086183212607
0.6428296775052484
2.002033552327272
0.9084971888491551
1.7818395510095015
0.4601828875358448
1.0122486997259397
1.4094660014829117
1.7509256394916635
1.5281582231890047
1.148296787456604
1.9842641869986555
1.2851342956080702
1.0398723179028502
0.9881405025446586
1.0933827286293105
1.5100142394485443
1.4752072513638892
1.394727850458878
2.214031501683774
0.9984672714143862
1.0082950786633809
0.32821373866647385
0.2611168983305629
0.5738089278821962
1.7550261238673763
1.4598723518142847
1.5633515636916557
1.788254510410192
2.466691614572162
2.4103241047804898
1.6219813487875934
2.173632825743465
1.0608848160179474
1.8442476922679916
1.631465847682341
1.2630476571259919
1.4930529477601797
0.6309961702522062
1.8117526277445337
1.0445650505155377
1.802972372141514
1.8606745444102546
1.0797702215941398
1.3805779504287046
1.7793974725546737
1.5125584188863812
0.360807048357229
2.499400199630483
2.320032268258843
1.2501249189658514
1.9623486395274592
2.0032847168076566
0.6451551448606843
2.3019892192057556
1.8687864389464186
1.8715470704769277
1.5787597156663935
0.9061989218415368
1.7343263376657077
1.0049844004360013
1.424373308426197
1.1298471234992098
0.6530415307807997
2.1505735734347287
1.7713278860325872
1.8048098670489783
1.5578076634989642
1.2919672458888745
0.584880452955025
0.020725636665180843
2.603546953630709
0.2198047593436675
1.537454062099592
1.7814504953501358
0.950282261192427
1.6920441383258211
1.587021277567992
1.1971899599215214
0.5434067648255939
1.2562411339819974
1.087548712575614
1.4008229746447316
1.569112926353262
1.5496826544126434
0.8736583559713794
1.824222350289208
1.6030536789321974
1.1727679868672143
1.6795603504506207
1.2203784795457966
1.146903189348127
1.1525451021236164
1.1828270880881402
1.4563724774731663
1.2829034083198918
1.4127469937132207
1.156856235146823
1.5250285748637984
0.9136141804826162
2.1812268901260135
1.47062574155854
1.6002067703914353
1.2293322258705317
2.3118157082199957
1.622903374527806
1.5311932955987517
1.6514017290649514
2.008077351889376
1.3405250214166948
1.3990541731406752
1.9564500528974607
0.6449588271114545
1.674899737634253
1.7137134373066978
2.147903470176666
1.6771017414056053
0.9005414861348906
1.4909987879341096
1.7476207574730196
2.71208179091948
1.9893200877681871
1.355173077884439
2.1084234962280446
0.39260118379146247
1.0557949721688216
1.037265377751016
1.1280653004143835
1.949399985983789
1.4447221079155497
0.34511319415551994
0.9780536190870743
1.5741380892295727
1.2072425588264504
1.0545621907669618
1.3876643841697742
1.4890309986174886
1.1094626420509843
1.3632339647264742
0.9452688112940826
1.745798765369434
2.2272924972765082
2.138769945632481
1.304185275742393
1.4736254648135716
1.6309634103289092
1.071122835353013
1.8568859717984938
0.9515266399223304
1.7364480065184975
1.9748520930512252
1.5092214422666625
1.533120534418469
1.3565435065318454
1.729739774368418
1.5505417407449218
1.3036856714735023
1.632300905881926
1.2783402762530207
0.6194458120077125
1.6760812678769443
1.1203249427104376
1.8645839714770547
1.8964266261484717
1.5016859371064886
1.2204259533442194
1.3766917158557517
1.4040297901973295
1.450760325440881
1.2615612686549018
1.5161617767560551
2.2533484885551225
1.8812433164766806
1.596066089520306
1.5507813575073328
1.3164092452048801
1.521173952111012
2.0837423386753184
1.9875129138208436
0.21707449770362158
0.9281042450846881
1.1647199688557874
1.4765513160525987
1.7956794521440465
1.7740230816956208
1.7629837978464509
2.404671026593948
0.5308384323319717
2.271212636045999
0.36838665236808915
1.8334061984034329
1.8814422180184796
1.852997356443322
1.852997356443322
1.852997356443322
1.806298887024425
1.8120543798509783
1.7074007355855876
1.530118510335317
1.1841266180812575
1.9859331565757594
1.744958174002604
1.1272064977706038
1.052713486612793
1.5080543316589163
0.739236861335113
0.7601898347036767
2.015785041979785
1.5181530550373932
1.885397865908212
0.7740353316059514
1.4922928922034033
1.498038238340749
1.0123955283317727
1.70611634365528
1.7374317509729038
1.7857813095278243
1.5293445110019692
1.581227622697974
1.7086430372065644
0.7920583503921991
1.1725922358259986
1.0991292557087977
1.1361147278346173
1.3224509312634425
1.686884112355465
1.6830517387740933
2.026565942105767
2.075892418747695
1.979692811894568
0.9429817602394049
2.0442852185392
0.720197380904897
1.1693662317902855
1.2914487041111893
1.6134329526914246
1.5199510820043363
1.4967596008727428
0.7383683251512977
0.5812185557934552
2.0605829148941446
1.6132795844689114
1.0217429020381217
1.4061854052799092
1.4088228700228724
1.429150746666977
1.170200755416307
1.3839920385733457
0.9387507934995546
2.418772705643994
2.600745026755124
0.6582436648945584
0.3010174527781147
0.8083112474330073
1.3417697054711972
1.8571466883524361
1.2328628519095817
1.265886007883055
1.880250836400753
0.7121745575475192
1.96296492831241
1.11232480707831
1.6842110147022762
1.6442374370397776
1.602613377419911
1.452816224876766
1.9048483454554455
0.8797869493567172
1.4076455360841382
2.7939835259828425
0.3546635625597726
0.6301645085530123
0.8717152053708281
1.3748030808897114
2.3756223054059404
2.0596319651708725
1.8546170171218113
0.7684528135172879
0.8912041447443264
2.0299427604607945
2.252919518179679
0.5213030071134922
1.059644877417367
2.4648499952905105
1.9203548107922936
2.030381674878307
0.7927072340995859
1.830979733747232
1.203794789607115
1.6977977357888383
1.3547799449048605
1.857722793499048
1.5533091498026188
0.7451797188613805
0.4811909434870104
1.2813965562318614
1.765505588481612
0.9616299128920689
1.5915240334272618
0.8293762013379092
2.0802666475965865
0.6315262649455273
0.6520255624097566
0.5770816770444069
1.5992708013346455
1.078481571362618
1.044651762873916
2.0364823367268747
1.6054122612794541
1.8008820542543986
1.382737219695775
1.8475504648555867
1.6167212788968488
1.6807915858041864
1.9078765934814699
1.5608930899747344
1.8094484681744334
1.7100098023119166
1.5626360246360187
1.328155122661604
1.5108294813269878
1.2611299223280759
1.5323976725459598
1.9980578949255947
2.0181427426332226
2.148919131022162
0.5854905760575941
0.7273397065733868
0.8141728817166738
1.8340355653144886
1.3012067476826739
0.8992252477500147
1.9158665811680324
1.0900977476340752
2.0658143553946613
2.0115031963810543
1.8973188781088712
0.9095294909756504
1.0703857864899864
1.911803966257365
1.4618732468002016
1.015064090449952
1.6025090550830687
1.209827595967665
1.8690273898263676
1.216195923050851
1.4557188981443736
1.868359199235221
0.9787278028658231
1.5200174729641993
1.2088221127949288
0.5907610657610909
2.0471949101782667
0.9834785955408076
1.1035340137033511
1.820831787986708
1.7284651057784457
1.7427825736747524
1.7198276236784786
1.093793398489726
1.5147942894831299
0.9544095778977506
1.4651324068622458
1.2624336130139955
0.8691201282863802
1.544439818178475
1.8009671770291686
0.6780772891645757
0.7646084074291106
1.1153774347431167
1.2843415206106996
1.4886472009486926
1.4510736656578187
0.8701386665599733
1.3812877123451959
1.7152478512025175
1.0164004165833171
1.1020495432630073
0.30347028625556455
0.7317878959344706
2.2541998193070882
0.8920019575168827
0.8824376369725119
2.2511998747382904
0.9712991388946977
1.5031768515829982
2.353167511865741
2.430570493424757
1.4954267909723764
0.8080465023818199
1.6523888120886765
1.6419531504630838
1.6160982944654911
2.101501494411749
1.539399562461081
1.250035027563376
2.257839413685569
0.4220585633526188
1.2664924984128858
2.130785571659264
1.8842718838472046
1.8022362055533059
2.2759880792219107
1.9893992491283734
2.0054510057092965
1.9909176513174087
1.5689050260871826
1.5110686239672557
2.3873737924130594
0.5901724732979637
1.7114931942726812
1.9358260977295432
0.822006563775425
0.6932970741296559
2.1340289558418037
0.8409203720720458
1.5026647721504858
0.8656428311731765
0.8084849836201315
0.3676108833136914
2.3473307621570547
0.6978929742141723
0.6333981762412056
1.1004004379802488
1.7532956861731268
1.4840105290087355
1.3809319786548835
1.5491897528342726
1.6904869855511055
1.6688489352778364
1.7063645648258898
1.8715811433353662
0.9955580171289286
1.3893195533564149
1.104071391531408
1.0652515435805359
0.8964419583959382
1.6465066659548693
1.3340892926713401
1.7072932455341023
1.3072826518798042
1.3904431634457073
1.033249270306389
1.54492193681064
1.122307517006973
1.865929837943751
1.34373672295654
1.6537673118109182
1.498562260029535
1.3289414607283088
1.4899941168328277
1.2940382006013653
1.592983936893632
0.9221139835221577
1.9091720238020722
2.1659323785410884
1.7807546259384408
1.3626414086233438
1.2673439023545388
1.7115156890664456
1.3238668228600432
1.4242257281115593
0.6821050776208065
1.680877557046601
1.919134580613945
1.675168597208046
1.0594374181191881
1.4964482932649006
2.0715059650282006
2.1386471146747805
2.6086496398216403
2.251253325576761
2.637025188951126
1.1024445725357321
1.2436036320111246
1.1797699691017711
0.9982985108823018
0.932848221395289
0.8706923823613255
1.924179039052951
1.1891975704336208
1.2959562930262
1.2526032499653021
1.0699422539947803
1.071487529757298
1.0081793829312993
1.035501424902041
1.259437306902705
1.6913015319541327
0.9405773844874535
1.8636187472389096
2.0631518760412573
0.9730979184475298
1.9045954266275953
2.2425360088911788
2.3880744413516215
0.5540403613383377
1.125997091513609
1.6214085032372996
1.9363943172160931
1.0125324433778888
0.6816782027974919
1.5331726954001916
1.4016971655353445
1.5389034852824088
1.5317255037922066
1.4154831942628054
1.5874776852765968
1.7886085013881485
1.4361052915674706
1.6267774078246335
1.1839923354627508
0.6605751519358186
2.16585280620856
2.207898509701852
2.0284905393105404
1.2168301261565502
1.6830893071518465
1.6947420087834177
1.4104746381242839
1.6629054954405433
1.2523226467489244
1.4963595469854873
1.1131728647383008
1.4820613400135176
0.9692379169042453
1.6328714757749268
1.8207465089872006
1.6078946578314253
1.1313412169100372
1.4436909786185268
1.1496188136454266
1.3442689018720482
1.5059233357354695
1.0958109330521075
1.735609365023434
0.857490849655064
1.1099528018112144
1.9721451436894544
0.9909638620488623
0.9307191570286968
1.541699224100649
1.3643706462557104
2.364558143958926
0.43950861440384487
2.1880339126823114
1.4626550406038246
1.309571879713695
1.409220973840041
1.3892357341302868
1.340811276755325
1.7850881839615622
1.0886147739978616
0.9200054319224577
1.0706807487748098
1.439228858159531
2.0349189734375104
1.5347047009274577
1.2051129453339466
1.5303508283920755
1.4802458538840566
1.2722020876296003
1.9441118625034364
2.1129319686779886
1.0144659199666517
1.8924633347536293
1.4984523159421475
1.4354752142613671
1.4773147616087305
1.34610423325832
1.8606898911848684
1.6492425891214413
1.3791045728888602
1.9495515902018363
2.208842445136793
1.9043213517545328
1.9110344465409292
1.9256918753499612
0.1672707909114043
0.7588316669537011
1.2843502477290527
0.7736566915311409
1.855929706761105
1.4495523883603345
1.74731672069463
2.1242407298481094
2.5243047577961435
2.758103103774065
2.04697223931728
1.8565598236259522
1.109873687063477
0.9578873769146798
1.49531422493509
2.38366540840695
0.7679742952031038
1.147867115728955
1.7602018974574292
1.0582901706247576
1.9120645098163334
1.156180328710417
1.2281201544441893
0.7994874785764386
1.330403861729907
1.3889059950509937
1.4146562786004193
0.8513216205176096
1.3751785926838545
1.5869431428477307
1.281231271183203
1.5558648815673761
1.211352858574644
0.9967552035193925
0.6061293531655066
1.4771744378896268
1.235368100481881
1.9407395764408184
2.1734762870598257
2.3100055178631953
1.0169660519566872
2.1497048922582374
0.224089298221756
0.9385581616339248
1.3369750285324875
1.5038862032823088
1.7326207399732776
0.9736862247178573
1.0911492977822534
2.2712491625148576
1.391699660842725
1.6079078170816463
1.7651308398555252
1.1822958783604447
1.7213433779761638
0.5840751860075232
1.7803974230761515
1.3876609121353851
1.2683676150068717
1.0366919424824472
1.314480337571702
1.332911948262234
1.01463535204471
0.9888355241312047
1.5525355144904096
1.3285454107686718
1.589299151145343
1.8557870235097262
1.7670467017569642
1.0168412596527046
0.7633867875927541
1.1275225444597659
0.9933609868623678
1.497810674730282
0.5859133026301077
1.0800959363841298
2.068285092078851
1.6530092205736282
1.7415061828466076
1.416525129639687
1.5237401470102205
1.7711024121656205
2.080879382695862
1.7095631352244973
2.466253724192597
1.3260168610953171
2.118545441351493
1.8981891307476917
1.1393686309166946
1.1427425676509202
1.2606550267387997
1.3261943904718891
1.8341008053159131
1.9641751680004358
2.287289329569594
1.1724309498331913
1.3319991156238504
2.0045178498186065
0.8861287566912862
0.8922529397361187
0.8922529397361187
1.8605766814796931
1.2311663237496677
1.0281626902938297
1.1622687760975887
1.3552851762739913
0.4671258426748482
0.5066529526200393
2.1497450161396765
1.4175955447865602
0.47656675969103035
0.7279197070225375
2.147602380190877
2.296702260564055
1.8825392588398875
1.0855273419941054
0.2616384236759309
2.621823540568768
0.5623138097310943
1.7906551634001773
0.9241719291806834
1.5862254917861507
1.5895747021248319
1.4171689786833646
1.1043318830343707
1.4970722735903752
1.1286619463361702
1.1844472021393637
1.2000984617911377
1.1796890851391657
1.2242705046202291
1.05134285510082
1.110709259229673
1.803080287028631
0.8134971483569209
0.9807473105019318
1.4157162910936496
1.122415206689655
2.039135274532639
0.9129453597890085
0.31119774671543887
0.4403034622386705
1.4594903941672983
1.626440300671939
1.1382825675315564
1.1168393662311416
0.6591656175207701
2.9643569138007453
1.8092540916694313
1.87596904538691
1.2489198057724327
0.4416224215413629
1.5494023122049292
2.2444767596184727
2.123560472381528
2.2679912230467525
0.2872957835846007
0.8093245684153284
1.632602234498876
1.5006722799714003
1.4699520771398462
1.4462722760656845
1.550071535557897
2.0458136226861625
2.063429859640426
2.11017271972359
1.5958604014357172
1.286909462991331
1.52258795712761
1.4460649474389249
1.4235255444713313
1.2683503968101342
1.1733823645540407
1.1817272653624737
0.894722997423061
1.1195599450593388
0.8364542528367223
1.4927509014141678
1.560807544115768
2.1401626874332287
2.182600972310894
2.253056932269193
2.0396195735002625
2.0061829835580567
1.2827227800404957
1.5047900768697937
1.9646454738539583
1.1329853980401674
1.1670581791688597
1.3414234657886681
1.4509693577842944
1.6266000064198753
2.072685927313519
1.0727985254453922
1.2075194544035721
1.2241677870426126
1.0083185894138842
1.1149402183698667
0.8374730431508125
0.8581904666494281
2.772355240535083
0.7921925066929711
0.9819963846460037
1.0253131436409026
1.5258852206522355
0.5695551104362339
0.9091989106826343
1.8634762542406174
1.9016842172034842
1.1741363167052172
1.2634402480821263
1.8850377259810625
1.0662608640971
1.251312624485807
0.8714075907297505
1.0607783756176088
1.3090021633491862
1.9757426494874173
2.005625270405442
1.9849358047689285
1.6766555783144328
1.391562034811306
1.4974655217110457
1.698597079111553
1.666511048248765
1.4339843815875217
1.4922338503812178
1.5132175952942235
1.5019559441003911
1.572157292365781
0.753665348431821
2.101823444334112
2.134144536172331
2.1149424620375314
1.2227872783727525
1.6806322145868187
1.2614138551128773
1.7524901628348177
1.3015183797855092
1.3430867217330464
1.3668732595178141
1.399733520542149
1.4531878962415612
1.5441535026970492
1.2357721429079072
1.2211058912274193
1.86430661092542
1.7448599092797141
1.8833931590679052
1.0973886360279885
0.6738082021965989
2.4217535896260673
1.249521573816401
1.089767220015576
1.4401949116615471
0.9136343344954277
1.1195903253299606
1.3432192051521814
2.2458855304492937
1.7316483356862749
1.7727210841534724
1.1672152678499372
0.8896327786568311
2.2206885872018187
0.7161117237667288
1.448072771271271
1.3535560709858905
1.067155133157754
0.7644305511560623
0.19571729088263934
2.099604495252591
1.739766275459943
0.9817848917598186
0.6907232901361088
2.177032225855218
2.07760040444701
1.7313137475011817
1.3714821017062886
2.179719771643086
2.512512082784612
1.4411498425446514
1.4698754484180898
0.7274190791161483
1.8718680043304599
0.8570191883458923
0.6794382505173603
1.0177611506765885
1.7251886145813013
2.366696706730337
0.9163091396524469
1.0141006075857302
1.8556872905051225
0.6004789144600594
0.49935146150956
0.9717982745533568
1.08049525661837
1.2666792586806972
1.7771122710922727
1.1494262182720982
1.6160918957322687
1.1775041256125973
1.035896262974649
1.9424558922002442
1.2076981270836902
1.7029913561584038
1.0346276060812452
1.0903779001342386
2.110103432190486
-0.013555111514781665
0.09524573559160435
1.3349251478707622
1.3655166255432507
0.4704155294244052
0.8437911509047544
0.5946677657942622
1.5694450932273607
1.8357248781722115
0.8997821273454752
0.6189445112451888
1.0308867528863874
1.5817644837514435
1.7010596853883861
1.6986383626940866
2.413551519163486
0.33037804532022325
1.9905362964460067
1.3392324479986437
1.6951208515496798
1.2109030584305573
1.1642115996297866
1.6863433126142753
0.9805108770126256
0.9699720834664887
0.9699720834664887
1.2113195417994609
1.2174022807292801
1.13601545256098
1.1296162189358137
1.1296162189358137
1.1296162189358137
1.076551396145608
1.462579372707617
0.8791111512001332
1.8248666643475495
2.4309322036920213
1.8806904165553435
1.5100259598043706
1.0457476120022204
0.8935348996727608
0.931246664264057
0.7141352460840845
1.6325206082846266
1.5740096312440892
1.525787324124606
2.189926074670019
0.1240944727125334
2.8896192965390353
0.875047918126129
1.4018600244237047
2.334461350897088
2.1182795047583842
1.19756316315423
1.7820854341720898
1.5822290896012172
1.693127870957062
2.129805281014678
1.0007206213022588
1.735400908852988
1.0151804878184658
1.2488681367648593
1.336071877184425
0.9612482217565419
1.2282151812709299
2.013633791829423
1.5446344123270326
1.0466367702603407
1.037628647290767
1.0693071097585358
0.7456475020023929
1.0622849393886575
1.1486508935168724
1.2407249678919967
1.253034479557479
1.3044863238673199
2.133457491642096
2.1923547241992707
1.089946438425502
1.7176331326575909
1.7128516061118058
1.2735307779768275
1.2026683003007785
1.1219713281808172
0.3681420604331596
0.720288380645572
1.8207786686213716
1.5874965895643869
2.1266670350846155
1.7250137840432103
2.090963693021042
0.629164808781633
1.7681019938409268
0.9895033552800588
1.5534556248972315
1.212563994076057
1.596568360561214
0.7018454236491272
0.9761275409282953
1.9084700895112516
1.5400921207919562
1.096965491161334
1.5922821013971662
1.8688459689542438
1.7596902949010191
0.9971719850210264
1.9085567059386839
1.3236602712853955
1.2036758995593133
1.5116226096122074
1.4438726326994982
2.1075274811103566
1.8281107105498724
1.9844945832419838
1.0807679177132008
1.801625108608004
2.130230681168332
0.990472314421497
1.6368327001434264
1.004114765595986
0.9220029990644208
2.3139405688106405
1.8338809530437727
1.2978153585808117
1.8493527898970008
1.0683019857048963
1.0336044681337178
0.9739256864541571
2.2424977624560474
1.5488298808259604
1.2475475720763822
1.2106549032091156
1.5607721459764763
1.2168981516016641
1.4459287435520154
1.302749332817753
1.5979640859626048
0.556948769554578
1.2049097742755364
1.4172744820385366
1.898411861477683
1.633049623366988
1.1770927553686774
0.8178185046908025
1.9271418719993116
2.630594465827883
0.4473748808166276
1.4550446359427291
1.4974530340807588
1.012218427279056
1.6319661152370533
1.1950097722215103
2.0305936841288723
2.066963016843331
1.9262146690296509
1.0658368080542369
1.3825000585798002
1.3522810771347438
1.3456183320859563
1.7212159366050237
1.7662167154450883
1.9630691527948823
0.9043563911426615
2.0296270408462926
0.9590124746257517
1.2918311038415735
1.5169137641789903
1.41436771784641
2.1040451247787244
2.2378247097613286
1.6374665732074831
2.0647302684886997
2.2296740366091283
2.259741699258775
1.1859620069907961
1.6707444653271863
1.6425070466805596
0.854047927257754
0.5291926020332764
1.2420149775695846
1.0657953208318682
1.5885559404931253
0.9104352776553568
1.6387380325966574
1.4808299276414296
0.9992168136075175
0.623864323863901
1.267122089665631
1.6386872171963598
0.7685840508601727
1.6271802117425662
1.534661243887778
2.3988777750689048
0.944557360726999
1.636389799082956
1.0867177715215
1.2749031441023748
1.121942204371662
1.699673275028559
1.6972218827151144
2.126673317361571
1.886024258490876
1.7468801981142223
1.2959762426198957
1.6415261976845388
1.3923324381701154
1.0630771683699953
1.7672309947487912
1.2684253213019219
2.3068691142812994
2.2537780209316787
1.9136485267475871
1.6602475199353817
1.0176082061644907
1.8037829015282336
1.4291521770254243
2.120133831373243
1.5082577823431478
1.5250237617059998
1.560323037273451
1.6227152832840717
1.5042608420204435
1.233606128718611
1.7567218075573976
0.9833569346227781
1.4711526401821344
1.7929991155086575
1.8386014901604455
1.2946651650429817
1.6307401802334183
1.808331992049353
1.0635431872797594
1.2152752985459438
1.5244564942976688
1.0488731979491512
1.1002102941593992
1.582149892485816
1.3206178579256147
1.9025495913761241
2.08254340847342
0.42258859390481723
0.924524920823273
1.4474594657260202
1.9023618135340115
1.1897629372307255
0.7413108330219704
1.597080185203698
1.4595218214741803
1.3554226229497777
1.4157210177803292
1.9179204305193973
1.4588209499750278
1.3563764061339372
1.0396119212057133
0.37194813075270095
2.349347017203327
0.5005047013538771
2.0884514757162385
1.6743708166109295
2.301161972930497
2.5459688153324502
2.4427069214774324
1.8978009300503182
1.48629709728833
1.484322598072137
1.9848591916989131
1.858018874932833
1.0047687390181113
2.114979669047964
1.3685351902744256
1.5489614280459634
1.8560119126722567
2.2985073660715507
1.8956625658951576
1.7392892912771385
1.0527362573033299
2.0023388526292956
0.7573027049813041
2.126965005937353
1.500163698786219
1.6889574109630037
1.8291576894636894
2.0408740673507992
1.1369305848468123
1.7327101104715887
1.3590817486467446
1.9476045723961473
0.2683319213848625
2.0072901914413075
1.7319733949481404
1.1550241583650445
1.4468174434858008
1.1659639691483281
0.8883271749425999
1.8490197630622849
1.3604770190773479
1.4401718426218517
0.6252764248465635
2.4622345909519936
0.6152428086964082
1.6876207485339045
1.7688336170523384
1.3116947737277735
0.9688015352582066
1.8764382842236438
0.6520856003741119
1.0730267885861182
1.7242316629328163
1.84849051956517
1.5096538308077794
1.4233123556848122
1.921253117946184
0.8102016977557628
2.0524437749354805
2.08630651585573
1.7780693962474026
1.95535058181323
1.9297869113738444
1.0363052819756131
1.036350879431636
1.063474182603337
1.5271042567686277
1.1014893222324047
1.137154635499668
0.7063424158908623
1.6471621809146917
1.1023627865473005
1.830455647502432
1.3838731838205045
1.2346899619147136
1.1238003829151468
1.173562605171211
1.2218294691930014
0.8098939225421702
1.7790749021562835
1.9609393136255904
1.9263411797933527
1.2564369452248598
2.1752259762595862
1.0028013972555598
2.0907407914159872
0.7137751450773757
0.37825681362588454
1.4863841714825463
1.6192154495937352
1.0996104880563407
1.4190392329284378
1.451419066739337
0.8725309498697807
0.3054975683270152
1.7796793260927457
1.2190670040218174
1.4773005384096876
2.293596180322937
0.6417405871207436
1.6413410184927828
0.4316546124145735
0.5734160080071923
0.885079752239574
1.4752725466014365
1.7205382801718105
1.6263467835365517
1.4027474157418098
1.687985758014908
1.8742378475509311
1.1565031018889955
1.255487542508573
1.3372468989611876
2.168934612213892
1.7852654968567503
2.5648368313744587
1.4969012050922432
1.2159791072684956
1.5188692424580588
2.696170014264295
2.4454541489025368
0.9089441472838423
0.6892887262074897
1.867367335556822
1.3886143082132685
1.4901253416866236
1.645093107955019
1.499412331046151
1.6488027317570264
0.9230419844823728
1.4430467945336438
1.6669571463524067
1.4566409519221606
1.2263817320973627
1.0793309094179295
1.5811808026382743
1.455378611936953
0.8948596456443578
1.643046486889085
1.9688497542533199
1.0605122885219864
0.9313612191681351
