0
10.742741247788082
10.163657817852524
10.949207896571242
10.598254077157627
10.544455998726455
10.910287099808615
11.769528888384757
11.000709698958364
12.307702367968572
12.564030422841334
11.92534401636781
12.63819058297751
13.477085909210597
9.195125582076956
8.044216631131478
11.061442410487956
8.032716336351315
7.792459497895795
8.217598524691324
9.105190123427784
8.94685211609155
11.288268833662444
11.352210176324421
11.42443126469465
11.062271135111036
10.739896439870826
10.364411722510562
12.58895830828669
10.348945538703074
10.539940286461302
10.58522382154617
10.616093267721272
10.081340802568702
14.779828680580684
8.835339898345842
14.647030148803363
10.712737247245267
12.41123162261662
9.678325707448773
11.528744763663331
11.233465979552243
8.671949921728901
9.824013097493172
8.981862042564423
10.330057535115902
9.40887922914331
9.40887922914331
9.436678963840222
9.394518790461964
9.444953313351283
12.098491227855655
14.144909808449357
11.283532561259332
12.214150247546993
9.885349513832448
11.013445622683689
9.191699289119523
10.478883783192558
8.64753015272683
8.812499657896566
10.352295568020049
10.996111790650502
11.285619678784968
13.10118487544908
11.69372676142057
11.063072645953943
12.08969669299762
10.953883049946985
10.243507128371578
10.135410663206326
12.713461478735734
10.550852366265069
11.45544581483119
10.118204331315084
11.42701831298533
10.679375614181245
11.361565549653866
12.089884611695672
12.186617892242358
10.41759207621027
10.196956083162261
12.314786844447887
11.24996577420866
11.261876898195208
12.077117411009587
12.80491937798668
8.17636513910145
13.546532720983544
9.904466921774713
10.77568222546148
9.788926349177864
10.148571950406735
10.404276602147728
8.49361126658711
8.936645300197437
11.309479196427061
10.435124546673851
10.349246253176087
10.194156627931854
12.262658079506219
10.635035703704139
9.61950458279845
9.566303832000315
9.690477761151591
13.570313170919198
13.193760242748807
12.846671313879964
11.131663497530113
9.93134883701762
10.77941590539876
9.277559948402581
10.069728186799308
9.8327577908296
8.587192009150884
8.756837010678545
11.142170179157784
8.388722309337927
13.080883869505021
12.913485921058028
9.439906237429154
8.96883199000901
11.933547801402833
13.648170812342892
13.036920305975078
9.145697998779905
9.478022492074816
12.496410812851844
9.27380539708499
9.481172845145252
9.138975311375892
11.943091280308344
12.078658222406762
10.293199167435759
13.110524600682698
13.440221434566036
11.658541486849892
12.274341537023657
12.695638187362155
11.879321769530902
10.90158111450454
9.94055575301706
11.306542588836058
12.007143128306776
12.9350620893358
11.5035511854107
8.909337519471016
10.729003122218721
10.599070105979935
9.821878471273129
10.167616010449944
9.17582154900065
13.565788403367826
10.42406554854759
13.104516986390555
11.435458241492332
12.136247961822638
11.925547790720978
12.671821780812508
9.619338040778832
9.078831001703286
10.623011496204066
13.543330330191141
12.226373553295504
11.302770079252834
9.493221695593574
15.585565574733934
15.02798706315148
10.68715548460539
10.303411727137508
7.930918102987442
9.05497085861488
10.225732977350857
13.619037156520408
10.714978207304542
10.795938830091742
12.499160069000968
12.986269317042217
14.673699140921464
8.952470201507348
12.541226963702636
14.207380897455787
9.273063403810829
11.040717698359504
12.988289267329069
12.744963648089366
13.777950709696697
8.202039885706697
8.684093339652119
11.677499827009848
7.464512308571
12.511105932150082
10.912259043214679
10.485414578116844
11.212034096248018
11.789676238182295
10.90985609070292
7.487520860677619
7.937771774604532
12.287689222971341
11.49941148584312
11.839076235354355
8.340471398376392
8.105588337408095
9.28147414834689
8.80932237747994
9.712000543334284
10.446622481318549
8.556728552384074
8.556728552384074
8.38108304304919
10.577090422979218
9.48532528181339
9.023200867878796
8.870729067077555
10.996214233123313
12.396993790787437
8.053664350789449
11.968800824178407
11.799740125131772
11.010716670890426
10.087663841786567
9.837387319553038
9.421620114158408
10.89361014394348
10.43843156337833
10.659534807755126
12.937845852312858
11.66578650539327
11.993928541954421
11.410135259641148
13.538833786461039
12.00668763516061
10.278664357541057
11.40113287555234
10.894746361227385
10.485624302617568
8.861993142931608
8.895524711634224
11.485764463262147
11.618675441700303
11.234168450981272
13.040695562255594
11.013576759897713
11.10455572055605
8.886956456860116
9.860443259496956
10.63177336195871
8.860870077379559
8.545144813602004
11.621995171863881
11.927473076680466
12.132627094073749
12.25834537142118
13.48570864180994
10.093851299943692
8.155168106059461
7.766402611322904
10.941855558305907
11.537591025998886
8.431302602399073
8.125796085806348
8.623419628271455
8.438526187752176
9.54942248052948
12.324726925457753
9.463029113963925
8.51689987323738
9.8008379652872
8.48212837531312
8.538268134850972
9.101233881941816
9.860680434017988
9.819933625486911
10.92417606588361
11.012834621338932
12.024732664723434
12.42397007778091
11.887687524482109
11.969822158652072
9.306291656306662
12.31252869763211
9.183187923179892
8.581901473854156
11.087581134756155
11.677792858395513
9.818467044146022
10.80937624729637
13.232257530253285
12.87685163456999
13.284969842106106
9.725335019871759
11.230474161357545
9.407803031163525
10.985645549532327
10.374089871610254
10.8585576874756
10.347089310233091
9.556260612844913
9.78939732320443
10.656201256804318
10.530811459486076
11.342530685149974
11.345614026308828
10.914581662253594
11.084442149006003
10.281905802515587
9.43695018534197
9.921252144468376
11.694339531507143
10.496386580648709
9.710665738933898
10.804352580099538
12.172603293071175
10.791616806864363
13.368765023609818
12.743508254780245
13.09745415498606
10.73872406510859
9.962876475090967
12.628807513776017
9.128443441430178
13.237330998307435
11.33655495773056
12.865089276854729
10.994385956379078
15.095275366739305
14.429657021693277
15.111889955547335
8.581184285075187
10.948024960916486
12.917626637343092
11.578198340680908
11.247892795255208
14.697614072594128
12.017481232193717
10.526099754606179
12.628771891489285
13.424728679490638
12.869369125246662
8.949228451886318
8.991299241743697
8.956872616532065
10.323228043128287
12.424267356154933
13.109507337726672
10.425612310166125
12.921449629205423
10.089198894722164
11.77792836570703
11.824789331987267
10.436873250875731
10.163122025899558
10.059884172905756
9.610497728322152
9.287460322370476
10.808452284030075
13.757702286114744
9.441924786946775
8.052303213876595
9.44599337398176
9.44599337398176
8.751094776702098
13.02249393683368
11.017666404693045
10.085191222132499
10.19665280783598
10.777107099310015
11.254539762766996
11.947325385128012
9.736996527032499
9.397891362982383
12.173551804174853
12.11045972285021
12.548925890683588
13.372720770098566
13.890325663442693
15.422915280963696
16.53151888934708
13.028763867623457
10.272266853582964
9.508147128600122
11.602439152308518
11.667950737365405
11.834168376238747
10.698476226698666
11.087357875120002
13.876176646802792
11.454720588915535
10.701618360864055
12.097539564521332
9.696900915442225
10.807647012402608
7.099939699422636
12.928652941605609
9.701845654547341
13.397638618667663
12.857679444001352
14.595447883261517
11.608963470479551
15.157121804415384
10.24511666145504
10.721361463341175
11.629230879376983
11.920892530015449
11.878551242476886
11.672789208001149
7.992635016898906
7.937230508199325
7.8217454877205945
7.395806239376589
7.654924265201539
7.978450671923361
8.525139785343887
8.773997202437295
10.551600341710088
8.955046243260082
13.709443910458159
12.53219511087925
13.62689398035182
8.72355476537863
7.86402546782521
10.14642657037684
10.788710348300967
11.166787034438102
12.739323860214727
9.218184945905497
9.678635528352872
9.707339149755581
9.634484454851432
9.031875722523965
12.101326355125535
10.453874123288783
9.890583274821338
13.515920132622966
12.019691940386883
10.88834827242344
10.759530587095274
11.444391666294942
10.038104932163355
9.308760120943452
10.018962269121074
10.767773119625074
10.859220590578312
11.024786812923356
11.199693579046182
10.484387978496027
10.418755613688448
12.946003854066298
10.90181095076175
9.715456917850656
9.422068920845863
11.900272644582872
9.875985139266978
11.356522491056587
11.056476743837678
11.409829083706757
11.809758443175413
12.6137971353594
11.790675701197657
11.772549248481434
10.32051830128789
11.640303150286302
9.862083711481217
7.3788784816136594
10.321292012686541
10.226850878762315
9.427467502453842
9.461869358158475
9.053222091932234
9.768935947142378
9.627613154861535
9.006099957386386
13.73298686616396
16.12175127739109
12.434028859224842
10.639982458648534
10.759424729547112
7.7652038790927636
7.972240716008318
9.373272248211595
10.763560598165888
11.081684522037678
13.132231197804467
10.843439359702321
9.988933008997678
11.044069637289754
11.672705457485016
9.857019361728387
9.857019361728387
9.857019361728387
12.430639656856126
14.211453008307993
14.242037522276387
11.501101611039635
11.630293614246899
11.257491543486111
13.509011344907087
9.181177680647576
8.077461278262593
6.918684853504125
9.891740459420424
10.525658793355419
11.05898511610816
11.316858493932779
9.410027594326916
10.197442290994982
10.719159174078493
12.87887028237078
9.353211800591863
14.204050397726796
13.957351830053646
13.79095490621204
14.801710492694816
16.40534225380753
12.859151485690871
10.40285726000877
13.503141979262116
9.344832810264856
14.108375165421208
13.898719895970931
7.459981948752456
12.031206569473115
11.679461080919058
10.977236356895299
10.680962467458258
9.550973519410716
13.471852411513911
13.889193868592029
11.221925863185929
8.794940392323413
11.191397227207904
9.56228427600866
10.381036815453177
10.485341566451119
9.945352534696282
8.519818887435475
9.553806360900712
10.287612158612836
13.49984643660807
13.13620675901078
9.628012727102194
13.519509629915339
10.972268843536341
10.89606235550534
8.926087787114271
8.990920951431189
10.530042003595817
10.87212813889248
9.40187017255966
11.313369428990898
10.652232928614692
9.34698306112421
10.65051403547197
10.64596162424973
10.07697352917227
11.291095271322224
13.368300202145283
17.16305357881996
14.360987329657837
14.127570846912963
13.057667087958716
15.267667659386747
9.789330821847171
9.315073019476623
10.803654246514828
12.051934992163657
12.199970010320941
9.432570997091954
11.283789808721888
10.826161028264558
8.266249395540179
10.173296854483274
10.69528903710695
10.02262091131789
10.23709949669842
8.368410903382987
12.053169470346297
10.686494249539706
10.375784394444171
11.33519320020809
9.769654444639222
10.828676498509077
9.857340142124118
10.646426437078718
10.6516161220484
10.081215592374267
12.887620197061807
11.142980046852019
12.345936270356315
13.372851307389977
9.396938440513598
8.79354486194117
11.645899441720715
10.102377214365257
11.793901723632974
12.146528409467974
9.41573014506345
10.2263685418228
10.62174804507825
11.65496880115322
15.317712169686523
8.057501333744314
14.90195352636958
7.415907183949971
11.177803980532387
10.214974006103818
10.078204531779688
11.050207165034031
8.87222751935382
10.701710725526194
12.096670948727773
14.083382318554149
10.114047387418978
10.3145953786863
9.7014812057673
14.48928768116297
10.308039457496193
11.497725087106115
7.940968376057344
7.940968376057344
8.770759754819101
9.363233152706067
9.062918356191041
12.416620037475385
11.69835383314023
9.966378384681503
10.34852189605283
14.060021083758595
10.203390390538996
11.925916624641793
12.1558123189621
9.951762981533824
12.219163633426746
9.740509286241938
11.27611876739263
9.196006681334037
9.737442532334107
9.345133797396253
8.518557759434636
8.755155994218345
10.291525212296316
11.472997342003346
12.869835929112787
9.219099680151084
9.935082594763037
9.413788905562456
12.48725041490709
9.799355601509511
10.040372161745418
6.306075698085338
9.355386992720165
9.809016710847198
9.456379838897826
9.247641143219012
13.23754329597339
9.07589886519957
10.486777677598385
9.407902832437173
13.59196897065979
9.161455042458376
9.180023382558595
15.395167716323533
9.532164980146826
11.347713854841428
12.410393425865772
7.366986000345799
8.02248028909089
9.440883481157057
8.352162055623817
8.636335135933484
11.552012910657593
10.430971033139404
10.387399805091466
10.172946846544846
8.671161531284197
9.812050374248429
10.291641092857459
7.935099122047999
9.941222916731244
9.806798552815083
9.60608406707362
11.506019738482868
11.876030761283161
10.96204729316202
11.103834872783457
14.376480138905416
14.166888941503203
14.201755475461455
8.480102597384638
9.970671597390064
11.801784067859254
13.135273917298138
13.312828288901324
14.037879575174289
15.194883089696795
14.206230998461441
14.436259541315746
11.555023207763075
11.4838063634834
8.551633369600287
13.043049724452235
9.192901761185126
7.987613301024124
11.22580080584063
12.372351763965694
15.380333972562449
11.739370534638473
10.752215782157686
12.863223495220103
10.14494407125747
9.851526325116035
13.439995913123997
11.977047805255422
13.881556953185125
10.127009536315477
9.01062279812135
12.657486413490421
9.017489035895181
9.10808436489036
9.20217777978117
8.823668284619792
10.132255346389314
12.329949617150511
14.83993400917236
11.87968001945759
8.763347756941556
10.82418767711923
13.050617980142746
11.190321085508605
14.25446054357798
8.682149336785328
12.200565913849042
7.512572542532971
9.668198603740201
9.271109450484063
10.789698249821052
11.775894094583238
11.144723030055683
14.251227469248455
15.796209014409683
11.131804646259418
14.29917073248134
9.401124459939439
8.689691735595709
8.72287914211106
13.552409963718679
10.09093374149353
10.171953219791588
10.124454485982179
10.987141344499205
11.232693323310851
11.573537313521355
12.67300623716726
10.77577651983421
13.721605876194708
12.34314413295309
11.515719001155762
8.857380389250839
17.44986251750118
8.910066119967432
8.960963440482066
12.233983693131616
8.266577311048584
8.635649484627924
9.257918729952019
9.223470529801533
10.970027359862108
9.01033599083371
9.833466861258998
9.292468847758649
12.615393083225584
11.822798926617107
10.862696817521446
8.849402794974745
9.741227737277972
12.416757267775369
9.029656292647308
12.086296486950184
11.257368072670266
9.101429459514378
8.869846032373218
9.190838103734203
10.546711413001876
11.021251188186804
11.266974646821774
10.852844557930561
11.49618083043648
11.371617164042869
12.874053355268403
11.15084637853387
9.64259205010517
12.574831578197104
15.418743590760005
13.249733925353146
12.484269596865817
13.830868828953571
8.131375897529667
13.645181746291433
9.686463422730537
11.757201171562308
12.300197384195894
9.480246221846297
9.35422202736274
10.195209039056351
12.421346912120814
12.020914805968433
9.08392850673479
9.542880016497232
11.274011934892666
9.677861250978058
9.949421777230764
13.090590896056625
11.880387605780442
11.121697502418744
11.512436711771384
11.321173360757564
12.756611659286508
8.62719381772953
11.29086605270128
13.148809799470135
11.739406289141517
11.93067976768429
12.348533402497404
12.213987409456537
13.018242635682473
10.227204070072911
9.78086514745183
10.519295071604354
10.645770024968408
10.70437093614961
10.164624926178977
12.779244850027116
12.657713154979
12.186502974848242
11.518143533904706
11.879451298041898
11.91531928580878
9.994856272625187
13.225073005351756
11.8431668266013
11.561613254367696
11.706824990294821
12.133034922502338
11.175298765445232
11.351722362144379
11.161012140969197
11.307099659075668
11.096420258083862
10.680069019305714
9.418989401865836
11.117411275666218
11.265039897519362
11.944844582087136
10.627138362719151
10.426331203314444
10.312452986722535
12.383166335216284
11.879066727691612
9.70223434768639
11.454179022981586
10.100869495396319
10.78773907263554
12.012943340489857
11.616398054472771
11.739534365822022
9.207556187203819
9.258226428226697
12.901324349470883
9.43904302150341
11.524738039391409
10.443706383271632
13.571739147959379
7.769155998015557
9.245654379841412
10.007458610480574
10.035379070383977
9.431324627461667
11.391611373766365
10.984272767830996
11.787454433674258
10.91402037021304
11.363626316843984
11.062107577836244
10.832919579839885
10.167679141533323
14.330690597491438
11.699638121232317
12.661859950618533
9.927164724409598
12.051034716020737
12.497655566564022
11.349409485315412
11.619734396489289
9.97121701784495
10.998012141433604
10.452185181130023
10.431595152350576
9.737462183523077
7.650183899269823
12.504190536259859
9.890890255343107
9.836747105524681
12.318258848365014
14.304365397090788
8.415442431163145
11.91669687870928
11.064608631300176
11.631883204082811
10.47041302586762
9.252425047454867
8.791297768435438
9.512224642786213
9.894116048326437
10.543467248887824
9.742829508724538
10.381737010822837
15.42016153293891
9.160757081373404
10.544108349906487
11.32667601520554
10.706987493616136
10.550793824805872
12.4217113792696
12.138228773339728
10.047769931010992
12.460541418945494
12.803590481091137
11.34906110642349
10.619330022624913
10.782316912341214
9.672147324791956
10.222854434440192
9.875644559042927
9.684887214436065
11.182181135378478
11.918288173292106
10.738922968344921
12.190040002284102
11.564180658130853
12.07356786451105
10.048558462383124
9.472808098997076
9.767587567991049
10.309198916769434
9.49023716828515
14.6710751872858
6.941697745750386
12.595160936420656
8.320480228156102
11.071158593796262
12.873489605214859
12.356013054898463
10.070760491282583
10.40587943630082
10.71061471245665
12.006115499291026
10.392605285935463
10.708570982202158
13.34793603943101
8.386331889365637
12.241834890058541
11.820746876796631
12.83209649632722
9.507589021874306
10.119635290054022
11.322735169132233
12.413721831649672
9.057467128919939
9.400188642065864
8.916831725022334
10.315931805042528
10.38142272589742
11.442793193865825
10.096649586920591
9.366300703358982
13.838634902564694
10.842485186595646
10.715208636021279
10.612545434853248
9.68801927459422
11.168457371503306
10.96900576860359
8.768953131336303
11.895716364442391
12.361149893620539
8.530868422471478
8.061160112878063
6.688550223638889
6.290126475801571
9.724584448512797
12.142197843203899
9.229366374289079
11.558332164912942
10.766569410481397
9.210476641296543
11.156708732940043
12.119218596823144
9.237060464412572
8.758996484724603
9.305530182391173
9.165567082840962
12.639003610918907
8.437403204055629
8.186975048837818
8.078781758944961
12.032871333367195
11.383523315877893
9.59596810011254
10.503827446445476
11.83505388027245
11.857438770433522
12.496001615654091
13.119048089916221
11.354813367145505
9.59164607296949
7.954337914408031
10.168129304344035
10.363458155380979
9.816700373158799
9.653871694783321
9.42926871840061
9.77937029199554
9.994877755599282
8.123234646246747
9.850417858054122
9.679693018721576
9.933774393964983
10.305953867172207
10.52754010142846
9.331343586031755
7.888764227454269
9.131863883775242
9.197219145930276
9.94077472633457
8.02947269902033
11.832092411597316
13.495126169468335
14.147034664332951
14.966941321509536
10.968076099562367
11.37786826865129
8.068407615547923
7.900155735715914
11.94318994984366
10.80401091246006
10.79464687336917
8.179848535114607
12.474359249866302
8.581226422566864
15.872992065384835
15.983972631471214
15.949379624528342
9.931707487091455
9.13700817023125
7.517427292304844
15.047436870621564
12.819830971212964
10.920656353789658
10.392720626823031
11.168726620514034
8.969348431734993
10.806821833039752
9.765472652234548
10.179756586289992
9.355686949482493
10.187996451666436
10.263353376297413
10.516225319023974
10.571983997568546
9.006494883459439
9.707779028591734
12.487431201582542
8.809093730559306
11.035317816508623
11.160426811858109
7.7593200062978065
10.476521724326993
14.215662832045412
13.305306181527264
12.121551995091128
11.631921250114159
10.739933192883505
10.189386780599387
11.212018952895178
13.066843781588412
13.066009249527834
13.066009249527834
13.137895372929394
13.164461981225134
13.21960768447626
13.316686063059029
8.44569233630921
8.647686542040079
10.346557087032295
13.090905776217541
9.862617545035688
10.810579611487949
12.603082121245407
11.275214329512075
9.290880909156362
11.22124585296919
13.479582986408355
9.754706677291614
10.680554574270689
9.076289244193367
6.981748360329161
8.735306833003149
10.611351327084217
10.674475931665055
14.710086257696375
12.623987557026645
14.363036070341197
10.457935305483181
8.723077704565002
9.165812626718616
9.664948810275256
8.533674501557558
10.463970314482152
9.759786200988996
8.133733489332633
9.311024884193518
11.125987578432154
8.82794127398488
15.191100449202912
10.13830424295772
10.359969614135977
8.793995398228994
9.308188895632977
9.428276541448817
9.439657636694886
12.574899800413421
12.876533452370339
10.49218829308754
7.607790140408476
10.730984174345487
8.42659247437736
7.118830632290635
10.162386976442702
9.354016652208722
13.138076103928594
12.386970898869313
10.164676182979575
11.195624867064042
12.721483293554641
11.358499513430319
12.599482556528638
14.06691776082404
10.976322044741067
10.685052231519725
10.73351888593443
12.382649377094383
7.519621334382807
11.996435983888011
7.125405324977683
12.301127932457865
12.444278370271755
11.428476276079033
8.134343787610591
10.733440379229904
10.670215189309316
12.206575860272052
11.946714145841382
9.412917786036951
8.082566843394126
9.864856941240587
10.888989143344872
11.072397324501251
11.751745142743546
11.569594186137522
11.427001841978681
12.619148487439967
10.296557161516176
10.087828279888726
12.452957473555731
14.261788324904813
10.502173549662299
10.835608918276748
11.450816222933542
10.25259956930483
10.209358987618941
11.313254138228773
13.734001883463753
9.389111468343698
10.734220031140268
11.563808207085277
11.49138257080136
11.762190676985547
8.65763242140293
9.894361297067217
11.593838008302857
9.68737929148777
10.106168152098334
15.190219938702676
12.756214452376875
14.650738939802705
10.266061313627727
11.27385773480473
8.96984277962421
13.304556536595882
8.816556698830073
8.327852484428956
14.946586276129596
11.088664796367581
13.349362834089202
11.620713886100354
10.23417167222017
8.59736067921616
12.016820159537811
8.372579858239602
12.136259378288223
9.401319668103168
10.108663408818984
9.409613203763676
9.532603177693625
11.758572631732767
11.139894038828107
9.25024554577875
10.614310814307066
10.965577973530388
11.303648247846946
10.897993702921164
13.439216440776912
13.650926365652845
11.126945690090748
10.677570736305908
10.815454511668529
10.488893681393474
9.246904919121588
12.031170463344703
10.74764157377396
11.02343219305491
7.7370446029481394
9.218947059574333
11.10685194860514
8.900319114559883
10.350186935525258
12.409911034412946
11.760747329580514
8.973574211365788
9.358310489362175
9.498059590860745
9.746402506809837
13.299236382726829
13.350835450579483
8.562650888281182
10.537022260251895
13.686745441833201
9.4617032526858
9.647062392950494
7.9945058608136845
12.696558435912564
10.855646302977492
9.404863183101098
9.339128047186618
11.808349234140433
9.644845564460562
10.156313265411114
12.373282139053499
12.302683831221561
9.722848620877977
8.680264213626431
8.509282251991852
8.62292285795435
8.62292285795435
8.62292285795435
8.62292285795435
8.62292285795435
8.62292285795435
8.62292285795435
8.62292285795435
8.62292285795435
8.294156289380021
11.130483477894554
9.675768141368707
14.077847434007456
12.248161299345478
12.813457270877354
10.3024981457448
14.262764223414427
10.404150189708563
10.23750054480146
10.41528888874573
10.6543386281762
10.04061864320734
8.82124894224291
8.97223638361934
10.109868285415962
10.385181911028393
9.606230340264043
16.791783414214635
15.101876589284203
11.431576975480247
8.222427494473237
11.221188683871073
8.21228774190953
9.852239824880112
11.443787983191143
11.457617542491644
12.782302025235968
12.57346240867755
13.863478620435473
10.885697763666334
9.943653908104507
14.79821112694194
10.141054854940878
12.161899716470742
9.136658716660886
10.53718814297935
14.387638336076092
9.20367911891237
8.890684843637679
11.361942413486812
12.396649319274447
9.701382795078407
12.852654200091571
10.086057189943357
12.692676845180308
11.10476041656889
16.335129234381046
6.9136460926737
7.016085684030729
14.063551924102875
11.701176209008278
10.830831205893002
12.025020868499228
9.484508248825458
10.758320846875925
15.55147312185414
11.290218454658119
12.491403018016712
12.310784502093405
12.72187889447676
11.940405241498798
10.666221023593645
11.858916612339192
11.887022491665656
12.428696921496398
13.103307924371954
10.435774921442697
9.27160078520638
9.152461342271256
8.767555335322518
10.131764256271884
11.035902701558843
10.789499943754029
10.773709076743321
9.789738869639084
17.05565970768337
11.545791959898496
13.004607170084704
11.299308946456405
10.518806230086307
13.638021884973664
7.372255746592521
10.257747631114519
11.47003886224655
9.344371513302713
11.050959988822497
8.680356544137528
11.03475564768628
11.069100479207133
11.396462815459536
12.066348982876336
10.716553437220574
11.94126905798094
9.745574077526529
10.579499320490962
8.196675344686076
12.325712630050507
6.803439953661194
9.21851303027252
12.240578309258906
13.53539952799763
10.794683045082401
15.292920875839034
11.225296930330975
11.192467963477554
10.73649177265531
9.827619842354089
10.351260845082383
11.014353316362383
12.069637414238322
14.139017674372525
13.113027950096809
12.341161263881627
10.493294968251988
12.466866507660486
15.144073244098037
14.557894581732793
11.243537078934379
10.933943919283962
10.247203535382125
10.677228848760123
10.252802828054795
13.40311499861741
12.198286564008562
10.250495751434418
10.464386505258059
11.266208808484253
9.3759022382945
11.227226302319618
7.705764855092802
7.689019485353302
7.608841392109374
7.805236978384587
13.354862246165073
14.530666859604503
10.227962431650756
9.525501851272928
12.418364892865169
13.020697985017502
10.721002485651592
10.908611556015899
11.406615968910687
9.9293358679952
10.556410124865394
9.00162063765307
8.895100199761295
9.35023150485496
12.046307575027694
10.932076773174373
12.353533676726371
13.76678878647858
10.632309642643028
12.695422326464593
10.71599121708179
12.838732787405496
9.816586755926554
9.110848430757397
8.939913635791417
13.710910550577095
9.084723675333077
10.85898946694955
13.157564454542921
11.981565911827047
11.982777851710388
11.42769276866471
10.3600019934992
7.44288185628109
9.145893757856289
11.984145978080162
7.82190696627026
8.035069524363173
13.231951045293442
14.103400838602617
12.919204415189043
13.317605153484928
12.195032822855174
8.965035163527158
9.124520511792747
9.636434884867391
12.161103699066125
8.470649989285622
11.907267930049908
10.665662847032953
12.951198653454023
8.83149805240566
9.6274672284765
12.268119822086021
14.794753190789327
12.371746634268723
15.165263424892863
14.684770414782179
14.58613867927873
8.89805639598241
8.659081038374037
8.259422099126116
10.119005431357037
11.57905363412084
11.311864097406733
12.033622622532702
8.813850124142151
9.653927044409196
12.34655103994196
11.672019919847983
9.24002521570097
11.390621598219328
13.133121432633844
12.029816525215375
11.097104522961711
14.449588355558904
11.037772495187754
8.787165589681049
7.0027887102309085
7.493018023432912
9.206965153889671
9.133416373061586
14.298795206505027
11.456289032959004
14.699289613869356
12.196510705186517
12.828725996391947
9.09159175958849
12.150685948528363
9.131660938102772
10.976198046824402
9.987803630063013
11.627013458176759
10.048131545427745
9.705456364298552
13.231315625902065
11.557007921284793
10.987770449264644
12.77790649969474
9.191281365775763
12.385607101534843
12.656398325216303
10.19588694830412
9.900023476789562
10.141641384214136
9.33552738986074
9.300544697473212
12.790529211855336
9.525357391353982
10.483664297356393
10.9363062439686
9.613092500242685
11.196472511894434
11.383136947579219
13.140840480593896
13.123244934498578
12.461983263512286
10.913485162823815
8.669821872446732
10.392199737142057
10.202583738757381
14.514296161214972
11.401033681599241
10.820308668094551
11.76475564948733
11.176212989859204
11.69581051578934
11.293047592383473
9.70206985257051
8.932332869695845
9.420867672773799
11.75728207377697
10.690349629243592
9.147329491376166
10.712519331810103
8.720830363805197
11.752523406531964
8.571030667075977
11.850867833455537
12.131516644919671
9.486417730480529
10.785584060782336
8.587698357688168
8.594635447888429
10.33760589413218
8.596851191889332
7.560876984252665
11.362626577561516
10.879305603640807
11.146084896113404
9.771682788794651
10.290610307581904
10.790289367326022
10.703237461407044
9.741844617249802
10.020920390463111
6.962687851912522
12.00261603334283
11.312346567981116
12.27823811440764
9.918526524952714
9.5147169968524
11.826784344035612
10.425274864031802
9.297085922495533
12.194738651506071
13.980215361357724
6.2538394467308
7.996962931251029
11.600954178557323
11.244898842047522
10.014315053729828
9.520405897800867
7.332480131884595
10.065250434064675
9.724195432532943
11.287677461040776
12.367308976445214
8.15516785395708
7.694924551744614
9.541622027468465
8.661148708705108
9.833337205904717
11.037352437871194
7.714522274811642
8.67031719873574
15.643146411937362
14.047812296266637
9.875477071889295
12.101518087414727
8.713574914105033
8.576919728526276
11.30393078125437
14.323810943145924
11.954937916399237
12.44439401689903
9.257815990789538
10.533256897020328
11.118790246807526
8.851441248360173
13.390292047559424
11.517468213451009
12.419905063453594
12.100748494303703
11.917165923103388
11.997766284861099
10.856483274607166
9.16929527567971
10.232223165804298
12.897370283020145
12.28690425456292
9.850143175188277
11.539026885943024
11.30169355234823
10.251611539901587
11.200657060583179
12.171179358733989
10.958850352470627
11.10658115202047
9.34026360484987
11.462137982179126
11.516312141981784
10.100020684038169
11.7145956128979
12.21943465202475
9.000934978776604
10.01011657880351
9.359465768999268
13.928311572431111
11.553281776485937
13.233201142527554
12.496834776124391
12.706838078434473
13.569492797170977
11.249905095830924
9.098280214984142
14.2550270393977
7.983249867844123
10.991565964708109
9.995698687753372
10.139234538203828
12.198554026358627
13.00853273266449
11.06559146821008
11.410825577929153
11.889891685255815
8.502611467543332
11.938062216090461
8.679135275093214
8.541251577577588
9.24645772839407
10.104365604267146
8.603794253116165
10.886710992096663
11.87590185103454
12.433760630807273
11.514974877826317
10.354435816948461
11.058253643113844
11.817986603492498
10.838717650228993
11.145269710158775
11.312943076419328
12.248596862627064
10.8733430208318
12.580631366449136
9.626115936509434
9.271482460189556
10.754253338167478
12.889488751835152
12.03299144491384
12.762037503555367
11.319211794476619
12.848990320337805
12.355154089748583
10.127496986827587
15.959661093640639
13.237726419659511
14.13864988387038
12.73845277177726
13.091541439247003
11.486223760257898
13.665765144359918
14.348054073696611
14.21296607767497
11.498235476522447
9.465478859807806
12.572051013499049
9.810320407728241
9.98354120569612
10.555367487547892
10.020980688933024
9.415253926890607
9.002148168039081
11.143693178791308
10.10839402347329
9.403452703455516
10.85859465425915
15.816743978423903
12.455502262684625
13.524039044157092
11.207981572393676
10.009104332560357
10.714475413746271
9.813048123732834
9.148396670580937
9.643846046794655
13.251241949182106
14.214350118202988
12.55486935705739
9.090116463012446
9.846361250683712
9.771498088793715
17.15986611157849
11.740588061412193
11.641568478825912
11.970244841531045
10.593877828509848
7.303960699519489
10.921127080391159
11.548123542349643
10.61651569729181
9.835974157998592
11.056437383874584
8.992762791476007
7.86455606284666
8.04411688812524
12.406602371721386
9.945866578507092
13.940938275080143
12.024057525493335
11.473030720059954
12.062359478708355
11.236918031674461
11.383012838214121
11.853354307441153
12.50652066671656
14.169856228063496
8.477327343318564
12.456823374079148
11.179561015034329
10.524345337507164
12.53174836400719
9.673417254439993
11.131159846697969
13.041145091539953
12.715174200892095
12.360992081578429
9.93354695237248
8.92617340682507
10.1392022029728
9.153274424670732
9.552310450310214
8.54730620798092
9.306392272575804
13.513633166709
7.2918729783754
7.312226972602107
15.341921487457507
8.154402757050963
10.03062301990087
10.324535071435415
9.51381475678363
9.794906656724843
7.160054098738888
7.457892511973799
7.312687056095239
7.260224772743109
7.260224772743109
7.268224069131984
7.268224069131984
7.247391647969946
7.247391647969946
7.285760141838943
7.316021812351513
7.357105542964905
7.37301065847305
7.37301065847305
7.384158009680407
7.367574081588134
7.390965099069439
7.390965099069439
7.372837529614922
7.344150442418919
7.398138633908374
7.778034366592558
7.271730631074087
7.98822796333674
9.701825334257459
9.169251812013023
7.966342868699455
12.059006228819769
10.083383658987565
10.424825325211412
11.375716174661138
10.723939468178392
8.009655894696285
10.262377064393565
11.137961909078957
10.74244170165935
9.263387097465642
10.250881819111923
9.54193593013136
9.991575541633354
12.221154710442235
12.143241335744626
12.885007675012032
12.728184276912906
13.127776547809693
8.622741953997977
10.904299710765594
12.184373168932048
12.418619050165692
8.867332339287916
12.076789376882074
10.49067685625177
11.752352296483949
11.127162203630053
9.292448634504916
8.701728919367715
9.247012465200385
12.07272411086538
9.255190429737224
10.933287373208088
10.114148007694801
10.044733076619979
10.507549600616118
10.104858536785093
11.903244375176321
7.375291901564195
8.6928446199934
9.58260695281758
9.956286416255548
9.719588046926946
9.602632174549852
9.930063922198737
10.050059749848558
10.610564448229788
11.037948772166684
13.490637977073506
12.895168513733974
9.71427989100415
8.958873209331628
12.440233409174652
10.059924210454263
10.52723207744653
9.34078814514807
9.484014323590799
11.408899106566311
12.972353706271232
10.785014435273128
12.49118186353045
11.647591246038267
8.09468495544292
11.240967867903265
9.796128645102208
10.856465685829876
8.705706373888777
11.274065368019937
10.05839236220108
13.56312454620082
9.658026309336728
11.785928825685977
8.508985956664946
13.410986064841824
16.183288181145105
12.201055214398169
10.855125609816701
9.749682928533971
11.772556116260041
12.040719791476054
17.82864547355347
16.85807069005439
12.675570155931126
9.61655340325257
10.950995471117658
6.5847520493989204
7.888699376887992
11.042607385893291
8.38564883668811
12.251116995056915
11.35869005440507
12.558208027106364
10.798639604538382
9.154425213150553
12.58185734468526
13.813318556728722
8.755296984550847
8.454581447627382
11.40289947857302
8.97993303332041
12.274017832269957
10.985576415453203
13.900279761524352
13.819318986417695
14.628550131330254
14.141007819650069
10.142013803024629
10.8196577430015
11.89615920858878
15.491735928587588
13.884895571928846
9.286618826089667
9.4112321021979
11.87120967257341
10.079986091661485
12.600365972259846
9.022982897272634
9.503752880238348
11.036678429332571
11.227583383778871
12.47686627933852
10.735185896342973
10.184811408225398
9.642615583547302
12.32477287762165
11.438067530030322
11.298524500189211
12.501260768399998
9.522425189519222
10.191004243911632
12.225955931851287
13.119710678966792
13.677252347245906
9.442698098017077
11.461252988682553
12.803404622709175
12.478837644035421
8.847428907562314
9.501202936956348
14.32995642779393
14.143117041453243
12.779841997086448
9.48728138484268
13.224879704644845
10.514623120167553
9.959744758410176
11.869875712529666
14.225076497359396
10.158658520079912
9.606787074289011
10.73626643855881
7.956847705724518
7.555838454025286
9.88270184897737
11.027544870610633
10.865309944272653
12.304509514802561
15.06459824332803
10.300378453343287
13.846949013835086
12.422130363761875
12.503565024533966
10.044688955913829
9.758289859928306
9.947169130660667
13.957660888149913
9.84100224048904
10.863748629415404
7.897254628120619
8.007569106389878
9.744236283688732
11.923304231306444
8.87335878942804
9.959224484220599
10.267185127497758
11.228931965793548
8.741581702709317
9.659083765283247
12.848384408683652
11.422336555980225
12.531550377617709
10.945654192883502
13.674937517522428
13.601975220964968
7.3165289618972285
10.606599680274147
11.347972122658113
12.04743138920511
10.741558256198287
10.359839084113828
9.500494641996507
10.12100529546462
9.526550571619858
9.33110161988613
9.531076909235106
8.906550392178422
8.263401364417858
9.301384836064807
11.007070611827778
9.77367827286188
12.539859858089413
13.476596109726438
14.74505119937318
10.447410846946209
