0
-1.1226068338776054
-1.1198187645209596
-1.5300400979245514
-1.8673061228986116
-1.8660294986948358
-1.9986043063834442
-1.9715450444471017
-1.7883575187064342
-1.781381796572526
-1.700801043623937
-1.6962588140177532
-1.7703246137765074
-1.6854608845051362
-1.8667328328653328
-1.718008528865143
-1.0793183432191016
-0.8662699775938715
-0.8344623138367545
-0.8961111575065632
-0.5676547014703921
-1.2651460807398027
-1.30257264980119
-1.4214592582656913
-1.4309046250598154
-1.2532239404536987
-1.8194756104782668
-1.2523084171730383
-1.5969098027047957
-1.7733820045207902
-1.5628335381569578
-1.973526360713121
-1.6688324467947537
-1.980678768146229
-2.2059410132563335
-1.7392935607147193
-2.5927870090906815
-1.5455440657465864
-2.342339672411264
-2.6314019107599886
-2.1782650062606232
-2.0372256643539957
-1.8055260702216969
-1.9211037946957206
-1.8189192367624085
-1.5080712058277124
-1.712368943228738
-1.712368943228738
-1.7104672654714823
-1.677733132739576
-1.6605116267152389
-1.9296370194293855
-1.975490804710614
-2.061050395494019
-2.068048032652905
-2.263852885650836
-1.5799058382080409
-1.9569786409363117
-2.3305786379866995
-2.394803903628429
-2.5374372880233373
-1.906734080763225
-1.3817717609852862
-2.2736616849802913
-2.2506568024471445
-1.0414286235642576
-1.3458091342613896
-1.9574133926787867
-2.367043866020093
-1.718241526168378
-1.749090281623758
-1.8946825266290557
-1.3136312594205513
-1.8486894105279923
-1.4496594909858969
-1.403069470231546
-2.0782915965560207
-1.9087628220846904
-1.9649336616751836
-2.0135169038691867
-1.8671906858167608
-1.5603021281157115
-2.0976927580947105
-1.9255156108210423
-1.7148019835645216
-1.4538480214066898
-1.4157109179322458
-1.9544516926999507
-1.9700003255075509
-1.8831505170323375
-1.7940231267383744
-1.6206253529842876
-1.6673761186624505
-1.4846198603771068
-1.734813539123552
-1.5209405092301451
-1.6481450583886017
-1.6785927676792454
-1.883615342164708
-1.691502447162543
-1.525808908667611
-1.6531548039881236
-2.1227738785935957
-1.2861968753130057
-1.1575762125750315
-2.392066624474035
-2.3341561838155305
-2.7093705536930517
-3.0090005641818593
-2.32007872195932
-2.615504911137365
-2.045639018255441
-2.179611452532807
-2.3097231529150024
-1.9502571460723979
-2.0731693412918357
-1.9023148596711668
-1.8220746926121092
-1.9897561554604577
-1.830727564461904
-1.6029837968125138
-1.4693730918278027
-1.6150380924073344
-1.770466452987336
-2.102362352193132
-1.8335732014379538
-2.536640723164604
-2.621147542052569
-2.090376481598436
-2.1368173263681296
-1.9307409730337861
-2.116326225654855
-2.12788343093344
-1.6279578415827776
-1.612501624647317
-1.6994758973184492
-1.5799280090064687
-1.7794350239266388
-1.60324314579595
-1.4226548784266952
-1.3357077067204635
-1.7231648863003066
-1.690834627788816
-1.8922068552080489
-1.9032405327287965
-1.957528863444667
-1.6876958166501481
-1.9630698616745548
-1.3752616971135079
-1.2166513823892953
-1.8755607462676132
-1.8929138647895623
-2.047026918312854
-1.8005999078984336
-1.8161155393149524
-2.037088419703818
-1.8980042298146629
-1.8816221946417189
-1.814980826083169
-1.7088158810489713
-1.509197772301886
-1.7135941895461257
-2.208287186656222
-1.790014106154334
-1.8481176409470077
-1.8847432586944506
-1.919681193556785
-2.0247607023197403
-1.7706477020943125
-1.9163018384476216
-1.8909139592146993
-1.2414414837294514
-1.54104327868548
-1.7702952442776352
-1.5397178734146861
-1.5080623140247222
-2.2310971256679797
-2.5898648078221473
-1.8783353379775445
-2.128511073654976
-1.9674618954977174
-2.0294999926391712
-1.418238949191645
-2.476133110051412
-2.7614671829852893
-2.909516824130073
-2.61853858262467
-1.8042750837249564
-1.668232520508542
-2.1720420005743692
-1.4663990291960656
-2.3584399137484042
-1.5859876639024104
-2.2740745191834186
-2.421191714292268
-2.1130509189686286
-1.555392879974148
-1.4006433902672477
-1.710911658403893
-1.8042096100081366
-1.8688423102595062
-2.1364942026938545
-1.7120895154894782
-1.8075118458462505
-2.146083686101818
-1.6212989150448391
-1.7057668950624914
-1.7088047879704107
-1.7469645782711225
-1.7469645782711225
-1.9619388078768452
-1.8088971307704003
-1.9288083762752481
-1.7115266543497538
-1.8029616260711605
-2.0220411700578826
-2.3614000693241524
-1.6348838798301266
-2.1410531719218073
-2.004761667432188
-1.7125774841512746
-1.7259634482688548
-1.9820536812354133
-1.6576103181201514
-2.030662813057926
-2.0297510000294965
-2.046559086924326
-2.010768996767987
-2.870259755008675
-3.13337426959677
-2.8534990453094293
-2.171429904364306
-2.1394069969891993
-2.1325450420078242
-1.7182784347197526
-2.012638742200904
-2.1537360155834486
-1.6552756576383234
-1.6124479435524195
-1.8221407652465054
-1.941859688011739
-1.8125494441151448
-2.1508437104377465
-1.9952516789472838
-2.011813779966231
-1.7595752093150492
-1.7805651161224292
-2.041303901909107
-1.8390993705789092
-2.015548310428035
-0.09066975090076981
0.05020438453546597
0.047050112036961134
-0.64080371605574
-0.9819730935358582
-0.8685917680495557
-1.067161816893761
-1.117672595031819
-1.3558543445574647
-1.011699708539589
-1.5716184679766796
-1.4539001967821
-1.3293353500634264
-1.701179903059719
-1.46940302493905
-2.2369876542849942
-1.8427385711776558
-1.9901975188656882
-1.5480107068215134
-1.79077314329464
-1.979060820919024
-1.7203963393072144
-1.433179737533336
-2.032038173214608
-1.9376615626635896
-1.8927929814112205
-1.0549985658066914
-1.1685080858470702
-1.5659869894347
-1.6596464522370116
-1.8672831292954735
-1.989543613051878
-1.7486833102201735
-1.2941459849897128
-1.8559389252178737
-2.444386729131164
-1.763710108673397
-1.836447993191853
-2.2983111055222007
-1.9249180486341488
-2.102448586198624
-1.8965093617098203
-1.9061376563272745
-1.8595451830707963
-2.2046049960509766
-1.8051100383409975
-1.632808714516079
-1.752078078366699
-1.814313840697416
-1.3967939811543255
-1.5385942773889412
-2.014030402191333
-2.080173485959843
-1.6216067704928736
-1.629319785749569
-0.9616403233434189
-1.187204227116421
-1.0717232386443802
-1.125509859975153
-0.5915361353190973
-1.7969701435495098
-1.9005826875743845
-1.6701297037147218
-1.3474203036397232
-1.9837527073169348
-2.2141101265032517
-1.816919916401718
-2.0939400635116145
-2.1751592199432457
-1.5050529988760573
-1.9564365005915823
-1.968644461986871
-1.2634995159469862
-2.1080785642466426
-1.9104223094949988
-1.8760913396200822
-2.366915520523787
-2.1572960690075385
-2.0267813337993315
-1.493352573346607
-1.9271983317382642
-1.7453423761517723
-2.378974297329915
-1.4288211970484168
-1.8793735414928612
-1.8014294999988842
-1.9506336537470843
-2.200295941306479
-2.3037311584895486
-1.9179398636254608
-1.9749832669157856
-2.122627813800368
-1.411439567899431
-1.9282112696733578
-1.1959908421878387
-0.7489922706551896
-1.6478384129710029
-2.0937379290097344
-1.7930896200614412
-1.6542117049098974
-2.038058405676285
-3.1467914663568215
-3.2640221959537015
-3.279103453231275
-2.618169147759872
-2.172141999038198
-2.2016285011158607
-2.0305005391550064
-2.5057635549770176
-2.6938426488005556
-1.9855594519601776
-1.9855594519601776
-1.6864825644006873
-2.1521462619798992
-1.9771576113526708
-1.930921065590496
-1.0611414435609148
-1.781526188540622
-2.1798521840311365
-1.988361300923485
-1.9390631259993627
-1.998788425575785
-2.2426992964151884
-1.9279996269735835
-2.2106558935374845
-2.0566978837038286
-2.246750476228094
-2.0968597177273813
-2.3291642431481625
-2.050399513842614
-1.8278359718648722
-2.0654627044936205
-1.0907906210858085
-0.6384904340871976
-0.6722396101376482
-2.736625954555866
-1.9803695794269205
-2.1785162534570364
-1.2062717122396516
-1.5099192494489517
-1.9289629495042637
-1.1932309021523864
-1.8701161749088195
-1.6686572296390898
-1.8703206591465333
-0.37951883380307866
-0.7569993933065671
-1.143456068472714
-1.4018190407475493
-2.1333527888247645
-2.077574600216678
-1.8747160215880239
-1.9058906481816884
-2.117214954690885
-2.2221439588522895
-1.970886136272651
-2.2343828238005337
-1.7989223317574483
-1.7666384524938596
-1.9897775682682939
-1.9373375306001905
-1.6514628937654112
-1.7766673269066573
-1.8653827163871881
-1.9324326319558756
-2.0008060009111617
-1.950615053678845
-2.138462963146991
-2.174505250895272
-2.353659856150927
-1.8175241494079224
-1.7003567776165653
-1.9587959844368066
-1.8649082591346566
-1.9506479091377076
-2.093986647652675
-1.686339844443363
-1.6878119809459313
-1.4600830548130732
-2.00442562611515
-1.7808722666514762
-1.7676798329753423
-1.659463711277136
-1.905320709280173
-1.7870715480908599
-1.949821536784028
-2.1609651643934034
-2.097873253027337
-1.8435502464024147
-1.740122541632623
-1.8861491597766005
-1.4760203441462596
-1.339977634157678
-1.4025410179068194
-1.5246004086881493
-1.9174803381740675
-2.086919813878687
-1.8830063749544974
-2.2299807041011728
-1.9755393596366728
-2.113820131932187
-2.3342550814424095
-2.075912632852628
-2.42139586235153
-2.7094039121083235
-2.7308047614319855
-2.7342999984470393
-1.9538519714455955
-2.0309689442114713
-2.0120692266698748
-2.0881389976417197
-1.9860683538338333
-1.975110926569759
-1.9950886274027073
-1.8800453204948844
-1.8517627767777727
-1.36348112275042
-1.9565688813990316
-1.8130985160343578
-1.3678728027039297
-2.2965736315522585
-1.2083118499097008
-2.674631184580055
-1.707275312226706
-2.5412615586918395
-1.2782746898028778
-1.49076853704791
-0.9720933225416769
-1.4176601897654462
-1.7565540251863343
-2.1654873704102013
-1.9826252118318106
-2.1194518094222716
-1.711936232459211
-2.0046841556217547
-2.16441770770834
-2.0193281204951212
-3.1880818404942897
-0.859695251330967
-0.859695251330967
-0.859695251330967
-1.3824188011704857
-1.8371651895571182
-1.42450853223448
-2.136378979470731
-2.0345082456172707
-2.135385347831758
-1.9750598484164168
-1.8136530210900992
-1.6666012725345354
-1.7532326792567143
-1.8445905713619821
-2.0158574225641197
-2.086833919612912
-2.1029169706856883
-1.9378260267271135
-2.010409759231895
-2.0567409876379346
-2.1984246784002885
-1.374980395961549
-2.2334635339266313
-2.3379311225904686
-2.282311043943217
-3.065631052419279
-3.7712610901553973
-2.09222670260763
-2.012857326328454
-1.8013937111243852
-2.1791903682127556
-1.9892512752906462
-1.9557573411174416
-1.5890905188190743
-1.7906112205744784
-2.0983999010980194
-2.034621931081025
-2.0738872166463844
-1.2268384986496559
-1.7268150870896062
-1.915583373627975
-2.0848244298463308
-1.7484347318031652
-2.2270448840060206
-2.1883399494596505
-2.9356016957569833
-2.821929364491784
-1.5196657633919086
-1.414165880086392
-1.5414572709410956
-2.034090463790931
-2.0797627593871755
-2.2543262364310133
-2.1378862061487447
-1.8585789768951881
-2.0403646348617537
-1.7678624724665577
-1.8150239107306523
-1.9764279284051764
-1.2050133916570127
-2.2490769704460813
-1.9370590295466825
-1.9867805940564847
-2.096777681756395
-1.8453924532431403
-2.060491115425292
-2.036312258571994
-1.5539453276684814
-1.8426288613445765
-2.2326148705618425
-2.0567099392570873
-1.9593506481368979
-1.9382121721173495
-1.800382488429472
-2.2993936847038827
-1.823424791011472
-2.227212963072822
-2.0109015387773757
-1.9043492505415751
-1.9168833453539296
-2.252647422345179
0.35386744768248896
-1.948680715253393
-1.8459897044964797
-1.6131329488094202
-1.399501010561628
-1.6405672242954825
-1.1078752068022366
-1.0543676153759987
-2.056246607253296
-1.7705613718913311
-2.0843393523537053
-1.5319000720349925
-1.716389092569888
-2.4051501352930718
-1.9773454076469652
-2.2065435467572354
-1.9088432168582539
-1.4510201960585802
-3.0296269575206636
-3.3838391999007493
-3.0227736849366758
-1.645301755985211
-2.0191341711845796
-1.7115543329190805
-1.8680803109143083
-1.6895348062960764
-1.7352380888882841
-1.7795364839573202
-2.117325513397382
-1.4843069525218908
-1.2530285874858116
-1.7617755378980493
-1.9092410430098519
-1.6385038235059004
-3.2271987302198353
-1.49514447229994
-1.83363818710231
-1.9192068687231925
-1.8954791953988956
-1.9106986066331344
-1.5540181907902642
-1.732805977919176
-2.3083017823965073
-1.3120434476923344
-2.0601646817318713
-2.286738565451696
-2.3797917081438014
-2.053901102346381
-2.503738707124899
-2.5029111811461315
-3.5116082556108794
-3.5116082556108794
-3.6325536082317473
-2.2008991020020674
-2.121540114292603
-1.6084769160558048
-2.014441562873471
-1.8279380297168026
-2.0469346044075385
-1.8677130877957522
-2.4138998571822117
-1.5140468954178172
-1.5374465745592063
-1.714712333308528
-2.22449584982308
-2.2635434854939813
-1.7139238674620965
-1.9368258099244382
-1.5281098143247949
-1.5710218900356652
-1.2420174306904526
-1.693470553874754
-1.6159947470174407
-1.8905742229072187
-2.167397336256865
-1.8864520596281102
-2.0143248563041314
-1.872087178294049
-1.9746317847402226
-1.412636399394635
-1.824413126725252
-1.9089596588905515
-1.651152473272212
-2.141672899290901
-2.2049356015193915
-1.9949779668556307
-2.4900111136585314
-1.9467740874152224
-1.1341914460339693
-1.7479081134128012
-2.41041821450108
-3.45762192902472
-1.513979062832507
-0.5850157784180354
-1.1579257641356184
-1.2692547703657966
-1.507221990177063
-1.8010347980179944
-1.8320713669936664
-1.7376622251165514
-1.5165786114028903
-1.6755700081264122
-1.7997089747406714
-1.3963361517808037
-1.496974971648765
-1.498561413499299
-1.5180014306526777
-1.8298489633168302
-1.79649847660132
-1.5043098132017327
-1.7186267748025907
-1.897324154359885
-1.8947155722498845
-2.0428343940959253
-1.7046235524128281
-2.2036263624743486
-1.7213667976653377
-2.2614913234274794
-1.933532250444722
-1.3614455516333857
-1.5520115657517304
-2.001908079618877
-1.950446191675925
-1.7543075277202416
-2.1605840925435715
-2.578937769252929
-2.115964014762653
-2.1776424723650223
-1.8399551603005746
-0.13104716300897482
-0.40740943316314737
-1.9581381956433679
-1.3362011670496645
-1.2371843745975748
-1.483227117397372
-2.859977055152291
-2.6576237467972406
-2.617240855813678
-1.6658607916074248
-1.585916822255319
-1.1096278982331866
-2.2572435425275192
-1.6801512384892698
-2.124982080275452
-2.032581352550301
-1.8211032689057822
-1.7938506844850897
-2.0424439204819342
-1.6122660900176204
-1.669536096591999
-1.442818861395473
-1.5541628041494238
-1.233572018677421
-1.3706334967898568
-2.287922667888164
-1.6567087878744358
-1.953309522856391
-1.7186253930772377
-1.7422151105992134
-1.8977158191544636
-1.7234994252184463
-1.5828921638963798
-2.46592525643696
-1.8762982868879536
-1.8028598172827885
-1.93479234131033
-2.416023496293551
-1.3696642368615568
-1.7834531631099064
-1.8880923540839791
-2.431437252150526
-1.728130573533434
-1.7738538696602981
-2.0030423794532486
-2.6184113373809534
-3.0700768061183963
-2.251012499410563
-2.9766763467744615
-2.998829282444112
-1.315014638265193
-2.286986259579104
-1.3291590512754476
-2.1146364870070746
-1.622585792114581
-1.5013749950160744
-0.8762330353440753
-2.258546356608937
-1.6635937819370905
-1.370581151683119
-1.0289370613145437
-2.2640156986318964
-1.9761511271496603
-2.248625078094099
-1.7615967103856547
-1.8618990692178432
-1.6615090958421965
-1.9243092765532481
-1.4247267873552345
-1.7803090388925624
-1.1642815933035127
-1.2681382621307786
-1.1428932057018044
-0.9996404690527987
-1.0917879650439404
-1.1341379507456915
-0.6500768875243061
-1.4448386964806914
-1.8178486448954578
-2.0289410601456073
-1.8221756174866504
-1.5805017926671718
-1.9229943461747687
-1.8286735767949027
-1.9221992187086707
-1.1904703059051929
-0.4199296377419714
-0.07687091031894716
-2.2489313956769053
-1.7638223456864912
-2.1892436758852543
-2.042034699539679
-2.0429549828232854
-1.9254318465526488
-2.086566676863949
-1.6152291576477642
-2.0370425964275896
-1.7626619990487244
-2.167850422571431
-2.000336044553898
-1.6008785303355808
-3.0882928305587596
-2.857194748884904
-2.4222652434630345
-1.6773636156284741
-2.0141653000737527
-1.7765589888856435
-2.360696409448711
-2.4392854143948033
-0.9099359928601601
-1.8194925313330046
-1.6767276272348086
-1.9551271504039935
-1.4925744003736916
-0.5237129764798352
-0.7438407944675929
-1.6019031542779087
-1.6852005956328882
-2.2704995696826167
-2.3344534313083534
-1.605554946507573
0.0984030991002948
-2.265495431340462
-1.913047317872591
-1.491720712318099
-1.938090838305175
-1.9796817724920865
-1.7684355976825967
-2.6210511042342644
-3.1587936047428142
-2.52351787360137
-1.6192306582583769
-1.777912306418308
-1.066661331866221
-2.3025947304684125
-2.1578270240194186
-1.9703831041857807
-1.9702097467503932
-2.2678450554112763
-2.153876650414461
-2.013041684701358
-2.345185751493829
-3.1552219024683827
-1.6880184262006435
-1.8422854321937006
-1.8312445165556164
-2.2391707346626433
-2.0587128578362175
-2.054076302845949
-1.80829242031619
-2.3656601972320614
-1.8780344821863522
-2.033529812403357
-1.836274688057899
-1.8638511413342338
-1.952876374102842
-1.9664769757533356
-1.845270235703121
-1.5762973282386794
-1.242771027220325
-2.146970959365116
-1.9525205840709325
-1.6236730615487667
-0.9398567237681087
-1.8169516311336202
-2.254683378027319
-1.6097469111709894
-2.0194433619684466
-1.4198536212548205
-1.9195744240540698
-1.4449933758443325
-0.9880376862054628
-0.0721848369574929
-1.9571754283903604
-2.1358475209843153
-2.136322169297161
-1.9108707281165216
-2.0246323175367835
-1.437477472082375
-1.7785814626801562
-1.9885550896284747
-2.176847146376341
-2.406454662983755
-1.9290900795872332
-1.7245708378696865
-2.2131327721795286
-1.7915106787634791
-2.1536825820708816
-2.085499220840059
-2.3320588974914567
-2.2197137941930216
-1.7989943664837729
-3.087497057658335
-3.3758266584989403
-1.4133311549048408
-1.539734472862996
-2.761048169079447
-2.9349096421333742
-3.067922662171203
-1.8078464607225384
-1.5244429885091508
-1.810862637244795
-2.0656197463620387
-1.6058053189442154
-1.3743764986492517
-1.8318069357092666
-1.741310047265521
-1.2895968760690744
-1.7514949566831135
-1.3943506691910428
-1.2342937677119237
-1.7331877742178194
-1.5684973672724314
-1.902639730287979
-1.3566786524042371
-1.878019211852192
-1.9166368350227965
-2.1657777382904357
-1.8511330191785043
-2.0178551689969098
-1.633771036595452
-1.9220768591867452
-1.6782254437278943
-1.374963246503673
-1.6842173516315446
-2.814973236615479
-2.8046225536267992
-3.201544982002925
-3.446565370528176
-2.846060849235763
-2.3168871338595936
-2.1827099896716184
-1.9988810198889548
-1.6224685571211461
-1.6575185739571592
-0.9868497390104707
-1.112325611237957
-1.1834281370624071
-2.2515946754160394
-2.3152386065122847
-1.5503320535513812
-1.6357701731613257
-1.9745131522046708
-2.1112432111874444
-1.9857650133229925
-1.779394465475158
-1.667849593313621
-2.059386248553376
-1.7322389553057245
-1.5310734264857024
-2.076047273228583
-2.01177955240091
-1.9132142263368075
-2.251196287861784
-2.0281376479662376
-2.2086636506637447
-1.4409220452990208
-1.43128441723642
-1.9026316332658046
-1.8017448715667153
-1.8188919688053422
-1.705291085961749
-2.137381332196182
-1.6245024323302186
-1.9872534138889577
-1.5367394112769306
-1.6011315301667997
-1.8436976592621694
-1.7156295407764073
-1.9085498019841847
-1.631503264821579
-1.985016155334874
-1.8599116118673964
-1.7735471077049507
-1.8979862681064206
-2.4522272978562865
-2.1119031656377407
-2.0013940377122887
-1.700514322103804
-2.0807029083952537
-1.715664505536694
-1.5826728171040298
-2.3507264079112775
-1.1931775876568134
-1.1300284619533627
-1.3095174454104752
-1.2315968299958602
-1.7305972626018131
-1.9157219188926342
-1.8784429620232976
-1.5426770759736603
-1.445016456364611
-1.5885840134694023
-1.9408511343456736
-2.0736284934512126
-2.2118355290662284
-2.122049609325659
-1.7591025225778643
-1.9768149411138451
-2.051888148871229
-1.9750990926364431
-1.907466784686342
-1.9329528770288482
-1.8437305263449697
-1.9520216932557681
-1.6716454360650805
-1.6893419727605263
-1.6658797550353426
-1.1049142396742462
-1.567151998235409
-1.5838508092149697
-1.9265311371847318
-1.8188336635922486
-2.472419678215555
-1.9992943600898156
-2.1638997213626907
-1.9591409011534882
-1.7314968920401959
-1.4616780252045112
-2.149391013434102
-1.813094510914979
-1.080864997895796
-1.0375730189726662
-0.9806497170283236
-0.9862858510893207
-1.030967149232268
-1.0262318099328194
-3.470992918207091
-3.5082810684319674
-3.4566690491212886
-2.38663576703092
-1.4013328955657052
-1.585953993720347
-1.8139952683742553
-1.962257702036651
-1.9268466796072734
-1.6762546572152677
-1.49978942594309
-1.7079610578657893
-2.1378009139927636
-2.2701077586225593
-1.9015957799031091
-2.2126355892919136
-2.112054558414644
-1.5892213160909914
-1.6768900384517633
-1.583867584547299
-1.4388879688004774
-1.482239801244779
-1.9427710022669846
-1.933269950386541
-3.0504650087913086
-2.9433074388219476
-3.3716964485604515
-3.0750457699122946
-2.1850010740925967
-1.2285183034794782
-1.9053979083815302
-2.3145701396994323
-1.9880918287223037
-2.839716213945241
-2.140190774605479
-2.129401492959104
-1.2946830312897308
-1.1458794074507608
-1.1420712340965364
-1.0943139772734627
-0.9361449388337665
-0.9995306558505396
-1.986582170183764
-1.8054516722014777
-1.972056589835064
-2.039801086697705
-1.5823380395115971
-1.1448515884872266
-1.4556653687289354
-2.573027343260928
-2.7297072924305525
-1.4634573857594229
-2.4045607288522994
-1.2888434864063958
-2.218943801152658
-2.002629927519712
-2.1269342061420673
-2.303527681452929
-0.9142053578429344
-2.1620432194689805
-2.2012627098885216
-2.206048084499888
-2.206048084499888
-2.205972622681588
-2.2114358707668327
-2.217098063377503
-2.269495579369089
-2.699944636231444
-2.6919268378835017
-1.900081307911707
-2.2135347531998524
-2.232800802659417
-2.5005990848112982
-2.2918229884844408
-2.249557023753537
-2.26092453016733
-1.784266177955329
-2.3300089456042783
-2.1574519377959853
-1.9744979058815568
-1.75926592198224
-1.8374733807482673
-1.5284707301110374
-1.7274644690139778
-1.661735055691823
-2.2851499247453955
-2.136235413753897
-2.297177963852442
-1.469467198404259
-1.811155931793357
-1.6239349481650975
-2.3895449018608588
-2.604929396783562
-1.3911702417248641
-1.4865127787572785
-1.6132507633059507
-2.210223988657068
-1.0194484901052767
-2.002427551959732
-2.007647789059767
-1.9792217944470638
-2.008054980882304
-1.9271786586127868
-1.5063936543383647
-1.4509656370527653
-1.696802092578253
-1.9163601290362662
-1.9176664937638686
-1.5816554924560746
-2.2745520046115746
-2.321472757835892
-1.6103363878401273
-1.4052932968847374
-1.6468445597380084
-2.0449498742703116
-1.722294476836584
-1.6237324903218735
-2.84809810128561
-3.18949692045398
-2.392521740687621
-1.7805348096350218
-1.533991041203669
-1.1353786365838152
-1.717647576997389
-0.7110426993493351
-0.7294301933687848
-2.0731076534815815
-1.5279588907379213
-1.917250247888268
-1.2044480489838638
-2.0532634957993956
-1.8702053690597493
-1.721991147244718
-1.4551070847151866
-1.0521087307641532
-0.9784327108548609
-0.09527655363447274
-0.6232692440737008
-2.077788166983908
-1.4190488167130346
-1.8303410986789537
-1.3759467290546972
-1.7240362897053219
-1.4713156499147475
-3.2539028248259396
-3.5725436396269408
-3.758768890176552
-2.7953483882257837
-2.8647553219378388
-2.869664831596053
-2.3941043709392025
-2.076796753990481
-2.0411634637689064
-2.0831532907447614
-1.9280629902408906
-1.9072774864417852
-2.0839780028976502
-2.4992334698417475
-1.410737932387741
-1.428300422011358
-2.1684821831918684
-2.149582381333526
-2.1657695529616356
-1.1789699373414326
-0.9219714632887763
-0.822150238599257
-2.2306976975299775
-1.9020981681186888
-1.7809198897286196
-1.9466634465080799
-2.081842183985142
-1.6253783272180717
-1.8405979267679955
-1.7321548772063107
-1.6941496129647293
-2.130038450023162
-2.0188616460548316
-1.2529228236906509
-1.8045019630917523
-1.730398679439895
-1.7240917366141393
-1.76069256869838
-1.9753789098527408
-1.602992833916477
-1.0155440428947724
-2.0340611704462845
-2.130099444415739
-2.0962465372542383
-1.7938457893750348
-2.3096899313858414
-1.547069766733865
-1.6096531629752437
-1.233956881007338
-1.5518982296527855
-2.021362012389897
-2.0532663285927963
-1.945685601106812
-1.7922866173547605
-1.6018130028457838
-1.6729049173312147
-1.552722079366137
-1.4365729282231945
-1.3102696827135
-2.0437037258310933
-1.795576374917115
-1.8767766900305065
-2.1532893103829798
-1.9416324206135784
-1.9462150565433916
-1.7633888916150886
-1.8073257221466834
-1.8346244524347264
-1.6555049996564708
-1.8617938363423636
-1.1993167853160287
-1.4117701906363536
-1.4234412655046342
-1.4335004194401377
-1.7087637618579763
-1.7931963459530287
-1.5111698190514298
-1.9208059481901534
-2.024017081778361
-1.39775307220658
-1.9534327237647287
-1.1973581186349442
-0.6798161620541742
-0.9658215587156185
-1.4205621874022172
-1.4094382227550168
-1.404383595438316
-2.6957351738950766
-2.7980649807118785
-2.4525118184937442
-2.458603506782431
-1.3200359891598754
-2.12195098869709
-2.0903181594465523
-2.0786978191077625
-2.0786978191077625
-2.0786978191077625
-2.0786978191077625
-2.0786978191077625
-2.0786978191077625
-2.0786978191077625
-2.0786978191077625
-2.0786978191077625
-2.2125046795580205
-2.259032621997856
-1.7822567465292851
-2.0404036533359275
-1.9668443841790078
-1.8158975009529426
-2.128494011246998
-2.0548462094344013
-2.141025888403749
-2.2974857223065577
-1.9548829107551784
-1.6984892354694197
-1.6807337539611897
-2.024185954986829
-2.1235238761068893
-2.0668952099837163
-1.0323397815757527
-1.017105321866696
-2.267359017509209
-2.96610554972764
-2.0163917326784366
-1.6034867223409905
-1.6309541505998957
-1.752107431098126
-1.695962337654773
-2.136469619023427
-2.152330767184709
-1.9934566029005256
-1.9649077848391263
-1.8906442807378692
-2.3273606500702084
-2.5818520779606677
-2.6504064574782515
-1.4628690277490832
-1.786698785787939
-1.8747234160746038
-1.7786856478963784
-1.8453376686235456
-1.3597752299962218
-1.8116377436013027
-2.005839659461828
-2.094850870550093
-2.6128393933535534
-1.439637387402756
-2.523612389134749
-2.3313025123108884
-1.7939761600143582
-2.255642732905894
-1.2002179177853896
-1.2463143706812212
-2.0938206914232182
-2.777314878678992
-3.4288259607315474
-3.4188049639966747
-2.1393518351293555
-2.2441619599353726
-2.137052671552253
-1.7044091343711
-2.570108292706646
-1.5413885245686394
-1.6659782479492529
-1.9189710640892308
-1.482460114944447
-2.1044741536989258
-2.05600026648852
-2.3368228374244895
-1.5856360913130763
-1.7419862422704606
-1.880062994799455
-1.6785612831764298
-1.9455076949841568
-1.7035176936607737
-2.177888181233035
-2.0060337366704712
-1.9746215864024748
-2.063779389949735
-2.1082315699041416
-1.7238107591653133
-1.803070142689906
-2.176223599876805
-1.511315859114828
-1.3385455787257563
-1.6634391216275963
-0.9331255645227615
-1.5225089258805307
-1.1980693619189537
-0.8551286707256703
-2.16623462466535
-1.5610141851116108
-1.1652291262664263
-1.3220400214527324
-1.376437883718953
-1.19224018808505
-0.6827744374232804
-3.5277391441800776
-2.6505045488183216
-1.6423356902750532
-1.9963604580524745
-1.167924308293275
-1.6131306231676459
-1.3844412631514142
-2.015241563590687
-2.25484713600784
-1.9006166568902112
-0.563292448021052
-0.5473264282669983
-1.1988955354797246
-1.9731985758140402
-1.9611579475956982
-2.067321779593463
-2.101207846340299
-2.182285633242998
-1.8204490753683127
-2.0453967159420356
-1.7590734728220698
-1.6461710470858266
-1.9522572299193153
-2.0491610239718763
-1.0660547770741384
-2.029086267982194
-1.8613855549900382
-1.7170609410475912
-1.6340317170706515
-2.0464580299249806
-2.079808488981261
-2.0416618673007054
-2.077434485073246
-1.774213533668676
-1.9359137480106485
-1.2609955233855341
-1.4627284125968096
-1.7628209221305722
-1.729000072899439
-1.7571397805187807
-1.9533613340951723
-2.1106743228890954
-2.20356961154105
-2.3817580663624636
-2.0393699492251964
-2.2559238774525205
-2.0840894345406253
-1.6579856704145004
-1.7237669013168897
-2.0940479237785126
-2.0361276314010355
-2.0140018472352055
-2.3910725791911163
-1.980949957928178
-1.0146519036379613
-1.8168754055089347
-1.979000033430132
-2.1823200878069646
-2.1326222539646285
-1.7434171832324525
-1.780286041597154
-1.8826016252495403
-1.9984132798309102
-1.8649950119963188
-2.0230180347157956
-1.9154327489958802
-1.7939331087318577
-1.850032952491193
-1.8918471423188439
-2.208369888348317
-2.076956761157983
-1.3534043736203325
-1.8691893761680887
-1.411776349811376
-1.8086987101372272
-1.9088175322545717
-1.311537019084919
-1.2922726425922297
-2.18608790379517
-2.110193514865376
-2.2556492595973565
-1.337539096932312
-1.2728102094972429
-1.980590634939669
-2.196009578436977
-2.055344497461384
-2.147741851580772
-2.0482287780812842
-2.9241734453793584
-3.4212016204127123
-3.9481456899204357
-3.1680141537300206
-2.8315458941527885
-1.8802123836231517
-2.0030679503415496
-2.277962206733655
-2.179927903552727
-2.17561443207744
-2.335860826772784
-1.6568012175667377
-1.7641628089400185
-1.9013941261850176
-1.9354509454622177
-1.4091397413654674
-1.759937066044705
-1.4911037928352007
-1.6135983400007434
-1.7312419842158873
-1.8586738813923698
-1.8223454974756437
-1.233495031092424
-2.0214739585519395
-2.642459197146049
-2.7434879224801447
-2.640211529376019
-2.2639259491997117
-2.2150248262824808
-1.939913906819069
-1.456005074090226
-1.8469161902303404
-1.1555519922900925
-1.1931603757400784
-1.78989923912021
-1.9427442458429183
-2.1893627301923004
-1.3669546811848774
-1.482862776415413
-1.6189582314084905
-1.3090154624326757
-1.5910551885727873
-1.8853415554889996
-1.8073619588023795
-2.1872980331824845
-1.7789208485907864
-1.833191551128102
-2.7466553908848033
-2.066096524675194
-2.014918419910527
-0.8554514365442843
-1.8997630303956756
-2.308692683713548
-1.9536962422852593
-1.669156629266872
-1.939928948054109
-1.6337137374762043
-1.6418744563879928
-0.8359776663250078
-0.8471425099374897
-1.7761374382969484
-1.8791457592751242
-1.8327904962888155
-1.6942542320218619
-1.826258248209419
-1.1975993042151227
-1.6427599567851108
-1.7363279695957745
-1.7509605474474543
-1.5270020406823772
-1.8535661912010717
-1.9790394954120296
-1.8555563681816647
-2.1465869138224623
-1.729048858579874
-1.3021054621323418
-1.607275278882566
-1.578457395764691
-1.6034568232459012
-1.7575924225877821
-1.4297800253092197
-1.699115839489723
-1.9791565427853166
-1.1808993653970776
-1.287319903333604
-1.5616484967346937
-1.1105408414384246
-1.2081816477321219
-1.763341118214675
-1.6165125004868124
-1.7414195061110356
-1.5282804900706708
-2.796255902387638
-3.3829941286594107
-2.917473941901987
-3.185413730112734
-2.712623157922142
-2.0720668047696607
-1.535407325296146
-1.4537388893028793
-1.5538743157423733
-1.8403284892662617
-1.7728926052777034
-1.6038763427043616
-1.722215120106001
-1.9035752586162853
-1.6394339671104143
-1.8516461624645664
-1.8437706334294532
-2.1796976518946276
-2.3094061852690766
-1.9172255329177657
-2.1551328795304134
-2.1420755523959563
-2.4871996027202643
-2.3159026486600247
-2.085252440330325
-1.7504652452379417
-2.1391106982131896
-1.5646224058279847
-1.7791141328253355
-1.545135425804048
-2.263409431888625
-1.9830781685190375
-1.5912997153837354
-1.2442804364268272
-1.9043445574522972
-2.4840076692106443
-1.1920730644343798
-1.438941388210387
-1.3686492113183915
-1.2871330107960846
-1.7665088569615235
-1.7241534190109755
-1.470898052874865
-1.851773001914435
-1.8551838377922265
-2.0488636354815006
-2.1736175803097955
-2.1408799773581526
-1.8091293081614848
-1.6474674600847383
-1.4346019931399951
-2.0518488612386347
-1.438203941112829
-2.086574027823709
-1.9160414714015521
-2.1318796146892147
-1.8613203856523377
-1.7642404508050837
-2.428618580398443
-1.1663904511369836
-2.4121890678526237
-2.5295764769078204
-2.399126703795782
-2.3574934295794097
-1.826393118927696
-1.9806699846589695
-2.044109330882624
-1.908499552515173
-1.5889364234684242
-1.4148724973469082
-1.9166971656842013
-1.8476755913630147
-1.8874009248872445
-2.208647883361147
-2.048060715691276
-2.108987621410655
-2.458261253672756
-3.1988352793521524
-3.2874104260941723
-1.1939741481124262
-1.9778719574055559
-1.9858186046946302
-1.7330933098478623
-1.954363091766313
-1.966941911555526
-1.9015825368577266
-1.523526813721324
-1.7243445044188332
-1.9933411526936287
-2.323570903857632
-2.3368354966575917
-2.3265152540103893
-1.7218984145298786
-2.1056456495003872
-2.27649017777583
-1.3792118194222363
-3.2981144735084365
-1.7165211986210211
-1.5153689649527597
-1.327387847417358
-1.1861747984196345
-2.2097940563642213
-2.2808325254469626
-1.8632956256556328
-2.095502728862822
-2.005211256697874
-1.282690662237904
-2.1491545320240504
-1.5633658758287639
-1.7401945738153177
-1.8857988304814302
-2.123324131297054
-1.856676321930852
-1.744527533318793
-1.410271563887448
-1.8847849324438894
-1.7437010045160166
-1.8458045783186392
-1.8336365641855008
-1.9295404702883805
-2.1221564294049475
-1.9914641585906683
-1.859930214151434
-1.8023309873248718
-2.385075187793502
-1.8629477681399464
-1.2564501566010309
-1.8430250812676028
-1.8408013151056268
-2.169519844585513
-2.084778360046954
-2.1875400383694457
-1.9536711358197123
-1.9620562923683404
-1.8012878309010427
-2.3358372342444524
-1.830854783875867
-1.6421261434316643
-1.3882870530494713
-1.9259795848578802
-2.1314408024107805
-2.2244590994263445
-2.3294460358872984
-2.083196770537782
-1.984070592535938
-1.9806465584744932
-2.0738283010594105
-1.9436277064874203
-1.897174971239442
-1.7325978587922475
-1.6671225562168874
-1.76367235548327
-1.9374501872241083
-1.2303356279540325
-3.2929182861971893
-1.9180149435134246
-2.1851339506936216
-1.2580882697369802
-2.73093512232756
-2.8259846763236878
-3.6041471174251343
-3.1795280425276897
-2.6702775024862486
-1.172475727417512
-2.015516039974233
-2.5054693902045457
-2.2947836662162917
-1.7886799902699861
-2.006588737672761
-1.8068166903608502
-2.000013747546541
-2.2097294874838362
-1.717028794014205
-2.3604887226845
-2.3415682523927086
-2.146882937418848
-2.306426083877979
-2.112234140324035
-1.6212065383010115
-1.272318580513143
-1.0470082828526537
-1.9001132246003511
-1.569703731967928
-2.84576091544431
-2.8924057794575204
-2.679547113835066
-1.89073036494948
-1.2228945625385632
-1.5962741253863388
-0.7965988796455356
-1.1409322529148564
-0.5956674255057871
-2.592423867193006
-2.2169077071678776
-1.5440985065823343
-2.172836050272259
-1.7832794403794376
-1.6279652752656126
-1.9111239347134243
-0.9824875384468517
-1.515230248182043
-1.9989330462508583
-1.527845119412887
-1.7202279186440927
-2.0402825844100225
-2.2081385087145042
-2.0388425596523425
-2.281695495272192
-1.867676689024119
-1.6554568393488867
-1.235701294285066
-1.2674533937449233
-2.0754751933491464
-1.2469596307129587
-1.7368492802117457
-2.001972450468002
-2.003341350794831
-1.8363330164989946
-1.9854596816257455
-1.9193149621314622
-1.8472752610882541
-1.8597147419987092
-1.5858209929190692
-1.6153372240170394
-1.588388541340962
-1.5742222910636732
-1.3913301582458701
-1.4023559997616732
-1.4023559997616732
-1.3969573157961386
-1.3969573157961386
-1.3888344795252583
-1.3888344795252583
-1.396320885313718
-1.3904735802961008
-1.3994444161580173
-1.3817430694867983
-1.3817430694867983
-1.3291742464524607
-1.3244142584707972
-1.3140175302952566
-1.3140175302952566
-1.3269419816294954
-1.3347271750822616
-1.344727406512132
-1.4401590148537553
-1.5044155163503106
-1.6482437230439329
-1.6427294460929898
-1.6177514955990726
-1.7609657398257303
-1.9800719694519684
-1.8863769855086372
-1.9162394891264287
-2.129715271375787
-1.8442416324531044
-2.1949398110087066
-3.2137301872596833
-3.1164111735187223
-3.281013094112394
-3.2906944279555295
-3.9965024959555517
-3.908672986455312
-4.038232166227407
-3.304940483770313
-3.3413790320530157
-3.4709840971328862
-3.480575321033688
-3.384142153051562
-1.7516459543585994
-2.091497104725019
-1.6582637096445574
-1.971125830594473
-2.1473653507255346
-1.745114837179763
-1.481536150278835
-1.6473015821961798
-1.5943612369250377
-1.3167902537133604
-1.280031313257985
-1.900114812452623
-2.25642289092243
-1.0791332152051032
-1.6280882048669636
-1.819774973075101
-1.8864630997371452
-1.6176546463896215
-2.039597796734104
-1.0427903057540242
-1.8128600582593144
-1.5396623181412943
-2.2913794709785127
-1.8483079275517869
-1.8286990689004974
-2.1642219160181786
-2.0270836310200337
-1.7801135582257093
-1.686386320876975
-1.6132827355634352
-2.0498082727321014
-1.8638473872467571
-1.5139694857308694
-1.33277255676182
-2.1233083386165945
-2.0327704292755855
-1.2914590848342204
-1.3979199757778702
-1.6333064954143612
-0.7589851723710374
-3.662514480669269
-3.905697095528147
-3.840369920242425
-3.643194389354912
-1.1094706429076453
-2.0125779437433318
-1.902693606559317
-3.438685311792805
-3.4920006209491135
-2.408648042637586
-0.7880486635995916
-2.443107715695391
-1.8752787933851147
-1.6769349815824988
-1.3698318524084376
-0.45985049835611214
-0.8822900924624614
-1.667094447219573
-1.151254945775826
-2.084564279748663
-1.883998948171779
-2.049619220235181
-2.3463108186945694
-1.9743264718395395
-1.1230848563862341
-2.1295139866052795
-1.950179860256037
-1.67704056725226
-1.0562132003055231
-1.928522121617092
-1.8078062103488735
-1.7876698451789061
-1.6595413591798125
-1.8018254704830567
-1.7329340198408965
-2.0539823878300467
-2.6395325131391547
-2.5384813190649167
-1.9921035793957536
-1.8247574950433685
-1.6928706667074842
-2.084642428601982
-2.0039698579501737
-2.159567471508193
-2.2291303984077238
-2.3060484444854734
-2.202658740398169
-2.1534793156305603
-1.8479883235319627
-1.7631990999525364
-1.9320459415468554
-2.217327654793495
-1.6235497560472631
-2.2918853518271307
-1.8787616734578745
-1.9038696860179551
-2.014888176329641
-2.5581514083409536
-1.9451145976198156
-2.2941560874442484
-2.2077569793625353
-2.1553311103637927
-1.9772085206954635
-1.7654612221370358
-1.5321204041994312
-1.3610805635149588
-1.2737968809779863
-1.125479862601279
-1.378468404045656
-2.0149918435065577
-2.3974607195841653
-2.4310894607315303
-1.7478600525188166
-1.5574879955688252
-1.2943354669840959
-2.0095440985538637
-1.9225521677204782
-2.0264514609089237
-2.0015452763656216
-0.5228986735217408
-0.05790310554888748
-1.9129919173113996
-1.9554205265415558
-2.238784821838327
-1.40692664626102
-3.273173491933757
-2.0083996080806
-2.5725845015574023
-2.0246313907448292
-2.0054454972844287
-1.674060633405337
-1.6931478515217055
-1.67299438293468
-1.0977896886439282
-1.2838937199317568
-1.5965166732076246
-1.9010214879130731
-1.9063211492066514
-2.0170632549317893
-2.124341260423114
-1.64698841190835
-2.3127444118385148
-2.0799928607979465
-1.5763534153978158
-2.47348765316346
-2.5348379747999052
-2.460715879926014
-1.2483621989231704
-1.2635655018385195
-1.6205894007904809
-1.8540994265704867
-1.7403655108314167
-1.9208708254452087
-1.8445444209168023
-1.9124767282117678
-1.8008764782196738
-1.8313485686847129
-2.86276784916791
-3.6563704618099475
-3.549237984858393
-2.866511039769209
-2.3286938653658167
-1.9810133778209813
-2.245814858215202
-2.3043162835921325
-2.0249970817090475
-2.094724401118458
-2.1509970346448566
-2.0943681041767874
-2.0463728907736525
-1.5666492561637722
-1.5533412085566243
-2.858884605817292
-3.167337368997337
-3.203218326740489
-2.308398945115255
-2.519068305023375
-1.809902006072659
-1.5485845136915362
-1.2604192336573563
-1.8554644417280755
-2.1345900600543755
-2.3078778853373993
-2.1357730751452872
-2.2060207132886798
-2.0701036443363736
