0
0.031167237255385737
0.028910551360192285
0.0687904808668583
0.06837890060075598
0.06810921145513353
0.09308743712008005
0.13929984574819915
0.05524905547698921
0.05742169419792964
0.0374654765131641
0.0707148191857757
0.01832061098262291
0.03313306523588092
0.08287565741735277
0.03724726931825822
0.06780893211021978
0.1228114624637326
0.12368788790744363
0.0726467719146797
0.08004765115370692
0.0551564086186073
0.19362887493215108
0.16468210455007148
0.1920481363734444
0.15219321264901933
0.1278016204630909
0.06888376120611914
0.0628630201773794
0.07257370349716374
0.05707145600405123
0.03013827660279481
0.029924746214801474
0.14025528081458596
0.0608038659267244
0.07924071537153574
0.04764926965964481
0.12053732855421057
0.3029430188636939
0.16266113616133998
0.02407926455009482
0.06121868846005048
0.10070906583125608
0.06809313816688355
0.12459578671289862
0.126641054172456
0.12298330663918972
0.12298330663918972
0.1251652108420379
0.12350909390960566
0.13867530562345312
0.027599865145285948
0.04511516931412511
0.16443287109380655
0.11770961092659331
0.18613000169335606
0.038377013923063794
0.0662714495752731
0.07079908766581448
0.07608418958417353
0.12770753104437296
0.031876766029065896
0.15842371983639056
0.33424337808981824
0.3589891794547919
0.7013219331406636
0.04041013077988189
0.043962412428127394
0.06302237993999954
0.05454837138105789
0.030075366223563063
0.470450749519343
0.05137076046164801
0.3946407731830914
0.13836938025394235
0.45660557656254197
0.053182581571426066
0.07272403306202616
0.08289874075502467
0.14901809557797244
0.1372937222934952
0.07207784834511792
0.10133984610674326
0.06258158532379954
0.035584899749404125
0.04193884897165351
0.06093087478200285
0.07168252581591018
0.03736481084917926
0.06140272803830773
0.060777467976713545
0.0702499661329897
0.08822351432380841
0.11214989665289493
0.06157421486609276
0.0610992129752057
0.03487938502507013
0.08177498428916169
0.07138119339402733
0.2548875660286887
0.28069075205107114
0.15251066444564704
0.10308761085130866
0.13657215468944953
0.0988485836037743
0.05514519974198213
0.06354974246086866
0.072057814733183
0.06031837057359501
0.09574613714220467
0.06553923867247172
0.031165685498132784
0.023179832022721066
0.14325499525876878
0.12107511056140075
0.07104949409056384
0.08994147097014889
0.1382756199044314
0.3422246123717236
0.19572745122238408
0.25137762600016994
0.08593567576379754
0.06364593139136278
0.043240000055670046
0.10455875788710485
0.014995839767865749
0.4458527545943858
0.06572031514554241
0.040850182783558744
0.0229530850633111
0.017181058066481215
0.5144136229875798
0.4746218661471236
0.3677008103883005
0.5609610366741926
0.5140209145436259
0.7377564885086858
0.4509455214435585
0.13215523121667516
0.23751998349634715
0.4709284596448689
0.1165790566982998
0.32169743005928747
0.1577093613083002
0.11537929029648276
0.307294103478611
0.25547769781155366
0.27505652811230397
0.16448676255920855
0.1721540247960252
0.030762884692641546
0.02224589273727941
0.37235941974071946
0.08300286115594865
0.07267237637106319
0.0448924261969776
0.14946869212727823
0.2236388319010861
0.8769831739815408
0.30210173277861796
0.07797187739402235
0.17290749352718157
0.06528007879116765
0.025592525645587085
0.07722764359637822
0.05820115632501814
0.032073723098315986
0.12008622109114855
0.13087119513463177
0.18448109805218493
0.3059927216643898
1.585483125675456
0.8025704755786782
0.8958617681306144
0.21302029822025115
0.18916280129621543
0.11814120587262983
0.04670664875261528
0.03723943523302856
0.05427435059811923
0.043979354107043345
0.13270531226024737
0.4292983185381027
0.11279055187132564
0.1481054730235628
0.12185292638140226
0.1878546656090333
0.057840331267357006
0.0521467181136247
0.02654680401082066
0.0709256303532062
0.07211547251134486
0.16838402292208005
0.08204567077008418
0.04521282128925349
0.07109707793840458
0.1123506421911198
0.5531194503073508
0.22218264430524565
0.08157528563454708
0.04403318627622836
0.02727133544792129
0.10632666634299313
0.04817612915493322
0.028133775718704318
0.03670945764376095
0.08463652616839432
0.034432813918742554
0.09305554055469945
0.09305554055469945
0.0498133302930327
0.12515202044907303
0.11665993766935463
0.07502229986288654
0.07749698734062105
0.051121157608995195
0.03898870384407187
0.07623946836156907
0.0710177536770232
0.07904160800559769
0.2035300972174186
0.14124316328290062
0.11896701226386448
0.118818698687518
0.07753271201772384
0.09700162152998441
0.11879077058149347
0.19142177396345053
0.1988205643755042
0.1597349946089427
0.18858952515758118
0.2413835710774692
0.1964649941313342
0.02406886487485552
0.070268598531397
0.02311971850542162
0.046197602683214996
0.06161832891845598
0.10534766159908779
0.09517961195690021
0.06196813281623689
0.07045664059689079
0.06094351487913096
0.09910021485883952
0.13227037264224917
0.08261649945314056
0.03531466486711576
0.09898572014294231
0.13295138088260086
0.041881289974526004
0.08975035198998638
0.10881752698939232
0.11743232596693032
0.16314165200676117
0.30123782828752854
0.4105052320973378
0.19348730944957263
0.1500279401436347
0.34165385482138594
0.1078952009988454
0.13364607251449484
0.1301132770446583
0.1230577236573801
0.06664892870429964
0.03759438877300423
0.08710122824548
0.06300159682182371
0.0668550566327096
0.17009055066695336
0.12688084546933578
0.027838569805313122
0.04212381298166742
0.0661234132038034
0.09994345979288702
0.05971430372995166
0.12991331787340377
0.04710631710016852
0.0578833774008222
0.017134595991204375
0.14903425027005437
0.08018225471171508
0.13256015133938212
0.06079958498088144
0.09930112508696289
0.048526743100197646
0.050962487379280594
0.22611937881781102
0.2081275400569442
0.03838267647324185
0.048217176455062495
0.07791935646440279
0.08024631357723717
0.08824195065855521
0.0812627517244732
0.15142860033303546
0.05602133146496893
0.11147704220487767
0.14371976773518816
0.5861347920965696
0.12938102559192405
0.07281161333839709
0.13310080071889357
0.019766411258775894
0.07752038654880516
0.19521400499110475
0.03102369029405939
0.025230311033785913
0.030037190575503036
0.028998827364205334
0.031186957625796142
0.0690853930071102
0.04192077209909356
0.0538647717724391
0.11205020453985971
0.027259263539593837
0.23187639305730343
0.04249169485921362
0.26576556077369035
0.16803789939527033
0.06855747782331521
0.07353684316176383
0.07883698573225868
0.05396999511313223
0.0295297365524563
0.0202288737415715
0.1044528412829617
0.014605871849074864
0.06093655216366983
0.05156264034395605
0.11689466097369314
0.0849625215815028
0.1193430113171421
0.11070719721192011
0.09572609971044184
0.03645635419419827
0.03869930066851136
0.13889832675731031
0.21870549595853836
0.22616332143428422
0.2114943088169612
0.10354877075895187
0.09166520622948253
0.04878915523845045
0.6480797489698862
0.07374071746772119
0.05098242421684163
0.07983566585906567
0.06456827670769792
0.02835857823780135
0.08271419744566003
0.06839895805650006
0.15664830887323963
0.09861854752197584
0.08790045212735366
0.07034452092209995
0.07432414152204535
0.05926171689092933
0.19310571833028412
0.20241210845518043
0.22955600868669773
0.12535060807804355
0.12535060807804355
0.18452735436396428
0.45913151408023556
0.41388412042543515
0.31246420282343235
0.1507106611004458
0.09836210700250458
0.1139036598743078
0.3198976990904529
0.6637769065382866
0.6126242363190885
0.06492679451360142
0.024718799758674356
0.02139176006840601
0.44526768225803737
0.2661002927289271
0.1362238944290941
0.09168362279963048
0.025507352930604466
0.056220101516953
0.05856373321543911
0.06253411512220557
0.04848515009464216
0.04316360033177629
0.039205421865709585
0.03318196252580235
0.056126290464678784
0.2159608859638624
0.1981683379988222
0.33248892048675766
0.07561103597496041
0.19044924492547924
0.11143681442926003
0.03379163649955791
0.09733885268508155
0.025591497967365665
0.017915820583745995
0.10987041671279339
0.011354121508875027
0.012268375245376759
0.8360749966048006
0.8732111540452678
1.8631064780066722
1.705305993108986
0.8205402537579801
0.4881219095843073
0.10282589971671989
0.09307663278991812
0.10565525811587999
0.09147983223052554
0.1785304066167605
0.1451650095120509
0.12359808172137256
0.11738142122401
0.1939660933908096
0.30959600334353565
0.04882403672757451
0.05284358027006508
0.10122471808561886
0.08248523943812255
0.07503030196045653
0.06343306660623287
0.24598496862365107
0.15944531536943227
0.14761912719225764
0.031888980426496204
0.03914632538592626
0.07979195549226845
0.09941085406177981
0.1385528386420273
0.03803846718971456
0.04110546985689801
0.031733044469334726
0.06474555787006837
0.03898470233277734
0.07228455124742815
0.07242702155264333
0.062175100191019766
0.0357718050566398
0.22631063243634586
0.07617519686260806
0.15690557039544242
0.15953023947838446
0.12342184620562656
0.10780220453315101
0.08276297923974889
0.0769937117191787
0.08256139074404596
0.0706438766191047
0.11578986355271491
0.08672985019904317
0.09148457223616553
0.2949915038739104
0.5628713084925445
0.5679445250031013
0.4330503917865706
0.0982997352812266
0.13465715276932824
0.3483858400478794
0.7586960215973101
0.14273942606832726
0.08742701026844471
0.26299246877353194
0.14342727013268086
0.1014559416235145
0.13320451299880479
0.46568549373763957
0.47144572221293635
0.06326937128982539
0.10905149759538964
0.07744315204587217
0.07671237443845688
0.23022945341268625
0.09354906095877204
0.5007475503971184
0.11791211412838987
0.0993870241112004
0.1999432900830926
0.3501289295297326
0.27142108620923516
0.10532078165765522
0.03898897766336821
0.16113999358523318
0.04254189622259837
0.043012531197388744
0.07959113103840877
0.2361488616251792
0.059744184615986975
0.059744184615986975
0.059744184615986975
0.06969735987290454
0.04243645732847547
0.04886829381772143
0.03677388203974343
0.03459440891481896
0.0763587015231612
0.023806642204379783
0.10472190411730159
0.4339602424377516
0.40061688513225546
0.055244708898779867
0.0809560358158197
0.088343182095621
0.09192837774536887
0.17717747946560436
0.08423939071888033
0.29319031438756327
0.04479789408923452
0.3311331501252973
0.09584594958006527
0.1691460522909109
0.26800914893349476
0.11011877047592804
0.07342666822054947
0.03410456483948412
0.465752726629458
0.07246408910374183
0.16677517150490165
0.8169639582131505
0.5910472037213326
0.022219790472770853
1.5795940263702228
0.029130250394923132
0.25694521152973354
0.04546743935467079
0.27621650629584027
0.12642616504396129
0.1940783356641039
0.08771551325472239
0.03234176643738129
0.13959187652362226
0.031542978337735575
0.03133648092921244
0.05384858102279874
0.08819882250425252
0.44316516846092685
0.04188612299758878
0.13825222408120705
0.26760510102022694
0.05648734427360835
0.17598031845618017
0.08858629811034094
0.08893778680615196
0.08958391102303855
0.16748640879299473
0.15003504910368068
0.09693555648021127
0.19867902912337834
0.07140959666568246
0.036848251460903925
0.09258487199755237
0.03762557189259689
0.07264450679868632
0.0725089027551034
0.020986637597521663
0.045196325562141246
0.036426893631311394
0.05366600673216736
0.07173417691023022
0.07023563901793943
0.07304044599638083
0.04034576624513125
0.11198416327412472
0.2687990365448534
0.09050581686710352
0.05099635229070104
0.08281030176949698
0.11275459331400797
0.031544918674791034
0.39006754444587094
0.056186582306391605
0.05820910906242137
0.39625597255484046
0.39757464474350285
0.5018905855050504
0.20777278133485763
0.029192241847675694
0.34148284653669514
0.04744828340359196
0.05020559020102563
0.06003759063554351
0.08281099343882474
0.1527685267023566
0.10633125520327581
0.05941457394499342
0.07381176452006603
0.0775424080729751
0.03825630767942022
0.01992632496150772
0.09363220452897932
0.1955474718176212
0.239460853159675
0.35105892664224514
0.4032723191165186
0.016672763004126286
0.12436895743211107
0.06530511887777261
0.06886790578698034
0.06768518310382401
0.10424380963475087
0.04861835028086573
0.06210290344800837
0.16781680083873068
0.06735086999731808
0.06767079208139433
0.02774951263606491
0.05016506765824434
0.0650912125166192
0.061871236636769474
0.154622009745437
0.052808363009850964
0.03634887375748692
0.028176422099796213
0.10267112645167659
0.07160286634889997
0.09773862139274736
0.027487884249970333
0.039359846411860515
0.10030972518538717
0.10030972518538717
0.12578184689966332
0.06293365874430126
0.06750064993196794
0.0850807144535059
0.05172635836385776
0.11284143003936341
0.0382420923885674
0.16667226380663433
0.05491435766070705
0.015484958055158688
0.015815872195425545
0.1312136415935857
0.03914909183836192
0.24379798787749762
0.037060047096632166
0.11765549161905015
0.2008962926216553
0.16638687937334948
0.4293276863796332
0.21860004165194608
0.1315108648043896
0.08255636930448078
0.012592051661998633
0.1890618260081355
0.037961843675306806
0.06282126758525175
0.0787767764683781
0.0932109418341172
0.10459534030715147
0.05979773860478085
0.05607840384470668
0.12184316310046005
0.10357579359619613
0.02992154336490424
0.06339412729528361
0.10662440894280031
0.08261807266692744
0.07543641211947741
0.24844009772229894
0.10266902604876937
0.06833209028897044
0.5523387350552185
0.1835124968382088
0.30294370659566167
0.032194189122348914
0.18767815246358985
0.09540718216338662
0.08499163283482307
0.05257012711886316
0.05727528487249187
0.041485852058804305
0.16340749359004408
0.12723621134535198
0.16249425818448238
0.39066532600991305
0.16960317285283866
0.07616614637281097
0.09204756277726386
0.10314113023935398
0.07394540384109678
0.10224238713758907
0.06484181839856647
0.09321382114557536
0.020158938073080716
0.9086036068537957
0.019090383545668162
0.04315171328503528
0.049921524436100345
0.07979201525971345
0.05639346494696584
0.020855189002579773
0.05136318206423916
0.05248992598511829
0.06965553770849361
0.06621136481050675
0.05128050204115345
0.09785322158786017
0.06820759029113459
0.08338777496580353
0.07510068129995574
0.08914780308654904
0.06707171001059113
0.07541487408405116
0.2623296067941162
1.40512444684515
0.2716669070855828
0.5755537079106913
0.12984652068186142
0.31219185286313933
0.027198143108966854
0.09488435628494953
0.05958005067318638
0.11077543692740743
0.0527755144187894
0.1693415851359572
0.23776280964028917
0.035482129233945
0.38348757362014574
0.07548741852525909
0.3193260298742561
0.06017254246421811
0.08975367409840228
0.03792260528109355
0.03846168887564798
0.035358177126105596
0.19811513304998277
0.03726984032456649
0.08443731128266382
0.040443975732984035
0.08849818753253971
0.07761511193810817
0.08435629087631569
0.05329290650811591
0.0562601935842416
0.01742580705076161
0.9868696822470517
1.566881947846172
2.614548662192857
0.024771673787338327
0.1064224804387387
0.11802609072809918
0.04313908751799504
0.016430058042409965
0.026667742144476526
0.0616197063635319
0.24597900953167762
0.06554480666766292
0.046986540098125605
0.20022030130991755
0.055280164010396586
0.44379021078634534
0.9022488919345312
0.19137956082562813
0.14438518838474315
0.03172505971933821
0.0071943769538692585
0.07670378123082462
0.05338079162423687
0.04453606730765351
0.15283533053495651
0.05672374773371621
0.13578747163996857
0.13510229012521913
0.061350802575657594
0.06290121527252836
0.07816875202344728
0.03747050413041265
0.03265425705243344
0.03875779172900969
0.03694310657115049
0.3047619894711172
0.3869065337273001
0.24215314180615194
0.08659995460222782
0.09783841841680553
0.049374422776202936
0.12655878614476526
0.07656290123551009
0.14647904774281253
0.10578970591703618
0.09303576468150407
0.07043094424743221
0.2784394381953343
0.07060786593102464
0.18636736280011945
0.051043617516155194
0.09965344841257452
0.05082608096061375
0.15238926120380925
0.049905027552643616
0.09500736678733931
0.05338955899920185
0.22007247761650367
0.031838909458919935
0.2536675201132358
0.15059293563444853
0.06073158795234855
0.11866341951985547
0.0937915076063321
0.0486579410199278
0.08519762269842106
0.1483818631554308
0.23763125830525125
0.14869194992388463
0.06176849461727628
0.028831530095110223
0.2545330035804235
0.046643163609263696
0.08237334412093887
0.05939789331497834
0.044509047400137204
0.08070365184574667
0.060808972375604016
0.043484460270130615
0.11069122114611292
0.05649460181232301
0.04888805472269838
0.15008648400753277
0.8522061531590552
0.01314501005884373
0.03841439273964437
0.03069521766255027
0.0664249095273765
0.10413393439759229
0.04666702197827614
0.08136380686472781
0.11732537915197128
0.1641791552253603
0.1352782642654814
1.0745341300670783
0.11210966647852587
0.059717360924221904
0.011342323674851518
0.11311001286166239
0.13252006456381574
0.24029929111617496
0.15526323085992635
0.06660491346539833
0.08241107509362705
0.054953922302141966
0.261185762186974
0.07901418907244437
0.10195689568527103
0.1651082301609094
0.07457839971232248
0.03596350407405992
0.036315185005104965
0.04810117922008763
0.053459936572559166
0.07513884226129926
0.048612666550483984
0.11905881249889308
0.26906979869112485
0.18846408159617228
0.28019864552149215
0.19776650770595755
0.031712146036262656
0.0939084994698221
0.0637870113411471
0.1074152800194615
0.014306748343078133
0.08841973872131914
0.03882897828035625
0.18281853971769155
0.06008629268732961
0.09534872484395028
0.05894266778366104
0.04531741998116325
0.06248121366150644
0.0637222212359556
0.04176880111512766
0.06033729064216674
0.46602137699782203
0.3570072545454106
0.3479638026162674
0.06681236104902506
0.08723270677132791
0.02295995823159293
0.1398484427184124
0.13593750467849314
0.018959804642027945
0.017261294868462205
0.23075180937358705
0.05364662026530966
0.09112911211641442
0.025756325659385338
0.27853351601337994
0.0660753411352391
0.09468220877728908
0.0690791560466975
0.10521059043462683
0.1397188412546919
0.15852144493652068
0.04333966827956955
0.06702569733965409
0.07284748175067565
0.20486698913107537
0.29606341065607444
0.03970262776191911
0.3601348363191144
0.07297083233962952
0.13307181334164175
0.072550107737469
0.06520374834089865
0.05866767995514062
0.0912754434416649
0.05327021402046332
0.0505189971489164
0.1132185223277351
0.0862199057425638
0.08798904781133739
0.277130296787237
0.0622947177191279
0.06757281272435506
0.03616754433648468
0.046001195120943354
0.06320756372618798
0.07233004387114582
0.13747981553237917
0.24720846531163185
0.1977910761354912
0.041060076456835626
1.0399117835070322
0.09620467622255285
0.04613472087443871
0.04691428378879535
0.5095853698244915
0.04967027598505502
0.013246548414500549
0.024642366544731672
0.07448538297831168
0.044780148613903836
0.07318316139884812
0.024022925693357924
0.05239833466892258
0.05611689806152888
0.09787088776341502
0.0661704228340213
0.15549242455147733
0.05722490692047068
0.03337147234673358
0.06173554758569989
0.18275847284741428
0.03187995525676871
0.07133380089145717
0.03519351031078073
0.28347262603765006
0.03294411876919706
0.06549642686559161
0.058687129697201815
0.06487363328123653
0.059208443258150514
0.14855656785482615
0.21997970734369862
0.20337660929733156
0.037969801993113825
0.15039789014060448
0.060995522784511834
0.05063656325337942
0.35770288737893147
0.016881052415610488
0.018988509063268294
0.04726680728207486
0.1951856715360112
0.08032108376714614
0.2096761913624185
0.46893905440484984
0.05505595784421962
0.05085799216877079
0.04272880343119467
0.11614764049106846
0.13030422593324964
0.2534250515884864
0.27298495874579887
0.173656250456614
0.12075129360627247
0.07953276919277127
0.04731743439111209
0.09427532897458689
0.05577648014607042
0.06411420949508596
0.05262405920170743
0.08487468099387435
0.02162953305692848
0.04795931641577971
0.12290319576500389
0.11629513826462316
0.061746585294833664
0.11378034917214187
0.049348859932865266
0.09138663798809375
0.11280709089158011
0.09547006154121218
0.11166709886626251
0.06916419380813914
0.2790489914777007
0.022461311134808565
0.00733163906611542
0.007866143263777407
0.007306602941205182
0.0689959856798312
0.018711307824723963
0.07645822972903865
0.07858986571253782
0.08570923228030244
0.05050094926295304
0.0659252616640068
0.10252656912227373
0.055018710657892905
0.21194384257135093
0.17808711041149158
0.08083372539386861
0.12935742850214535
0.24365140373230149
0.027841268963189142
0.05625565908605823
0.1118308563875341
0.12298923636115726
0.06700425292447396
0.06283446633812548
0.12376637415808145
0.1229819923032785
0.12824443915089787
0.09573746105761805
0.11663900703031563
0.17085884106780144
0.20025085012487684
0.04789914258526901
0.19452677929956524
0.013863760816672305
0.11571795482148366
0.06545791199588795
0.06469245425260375
0.06511174898008451
0.10872984640589167
0.06653763743844128
0.08559678201657038
0.16560424930464276
0.03889414875587841
0.01978356172570542
0.03173894986585097
0.11556218123461827
0.1165017761925229
0.08055235797542801
0.09511115003948323
0.09102770297472419
0.8542532859957037
0.350540410146254
0.037428736394293984
0.07624374722586127
0.013368678151752043
0.04511111652773473
0.13611834530530306
0.06890864151989698
0.09774241706746582
0.060491177209630397
0.03462523486630865
0.046078553467666254
0.04920871853945191
0.057456864197066464
0.1287723412382516
0.02908953080338186
0.15573829920538423
0.17777661618634935
0.13333700010285335
0.10313535005942966
0.07045411449201107
0.047251000017771626
0.38142236805000507
0.12141158672433314
0.28657396881161956
0.22699307080057565
0.0688542529395959
0.13195057331372834
0.036954313408972685
0.05463776040260186
0.08803179386223847
0.04367309990572826
0.11693951192316278
0.09438629988442916
0.13538279629736777
0.03250561735243373
0.036523788330083524
0.27113913067492074
0.2524862758624688
0.25518706833236426
0.25518706833236426
0.2566572442582942
0.2548120235127368
0.2513927299987695
0.24162440178259692
0.5988756981542301
1.8886900739746968
0.055352657836064294
0.09871561318565211
0.15339822044931706
0.19820872425736838
0.014348841677459841
0.02457970296573833
0.04736477180571428
0.040903343083300334
0.036598411628999544
0.18118462628771892
0.1292489455107566
0.10487502571426109
0.08462091156189086
0.23169217760419306
0.08011222370634109
0.06846610200284103
0.1450241420538019
0.3247059763343977
0.20465844955027349
0.9723258889276407
0.054189782460843376
0.05072021264572825
0.10531425542711235
0.07291030466718493
0.07339918014392635
0.1759752025624781
0.09766366163359634
0.07041473798148182
0.03283595214320953
0.15249048885377162
0.5874242834635418
0.05750723740769513
0.0509223112805843
0.1488399572454376
0.1094691892200389
0.11338131133070595
0.23933338121319736
0.11140092057412841
0.11042321970493768
0.03600625435649842
0.06380150263809624
0.05227652394812347
0.22013085138546293
0.17639205798402996
0.08928621615421148
0.0797153420838951
0.16424151787000177
0.12206738283955952
0.5236200755258346
0.12564199914602764
0.11845100469472879
0.09105542016013372
0.17946508162527305
0.25458907910070944
0.06176725342624903
0.041271491882185575
0.04049159454297381
0.07979905996310156
0.1626355175587907
0.03217647647671163
0.13931023689201244
0.03974442639425432
0.04380240689791015
0.059580463300439174
0.06523188955531563
0.22093945157986397
0.2111531831293077
0.29600274213812366
0.4500171254449087
0.07135323122892802
0.03960671614461105
0.12709553421670408
0.11861535221040902
0.046427536666034316
0.03658535308915346
1.065271515143716
1.1979017066331041
0.13189651072023478
0.44579067021976426
0.25926175976903365
1.1136594108601174
0.2906962376669146
0.22273151343948547
0.08679412089586434
0.1243277162710235
0.10790836142832214
0.0296455133150598
0.11028694184531922
0.03805747271994962
0.060695532037390164
0.09324379844990847
0.30709955436149117
0.3160016611672451
0.35948336504601586
0.04244695782020449
0.11330019449655641
0.13749020092973585
0.06034837690232851
0.071940979319045
0.30944271577676974
0.19489303845672198
0.1350992931968709
0.06519402110538845
0.0642709859968115
0.1238418495604704
0.02811030782981228
0.19391193854614025
0.049139388813485035
0.04354760401956101
0.04801138325918985
0.03291321932800565
0.028898179406456087
0.05579594786097367
0.062000767996516014
0.0471760867996281
0.11911456881042282
0.12163933293560597
0.3575541619184069
0.08841297548626327
0.11613117794699455
0.08941582641222871
0.06463409219751938
0.0850804235084646
0.1939807757096611
0.07672114953151209
0.07871257292940145
0.060523049531626606
0.10548704859391576
0.03835189193991782
0.033490409376622406
0.06420705574660182
0.0442153294826435
0.20716214164384675
0.16193509393600622
0.28877148114621437
0.023773586655485443
0.10937145667606184
0.051826869520073676
0.13170178176697755
0.040439722420856916
0.05218831518646073
0.0951789442806494
0.058876020513158205
0.034836716336880964
0.14374555842115774
0.1644149849587141
0.19948420591998675
0.2035552490813652
0.21546851941503908
0.039175686770646756
0.033602791409511515
0.056216888340747506
0.02353327112455816
0.0808960369305795
0.07412379951465566
0.03593632954274664
0.05044376437846674
0.019568139412106333
0.04056667836379945
0.21126048535774325
0.2100160226619725
0.09969429058716309
0.08132842915566676
0.05528378176694378
0.09899119806940046
0.08439140643300444
0.04653282006974441
0.07885019944242432
0.068748214992946
0.07430848671526682
0.07430848671526682
0.07430848671526682
0.07430848671526682
0.07430848671526682
0.07430848671526682
0.07430848671526682
0.07430848671526682
0.07430848671526682
0.08499135581422117
0.062258184981150634
0.08262802815392722
0.06722878775932213
0.09735741167134813
0.08538841800618119
0.06166808371915707
0.13460615267708895
0.0841822645147955
0.08295611070022112
0.08738399998813441
0.23022335085373077
0.10231645905810674
0.08824281828505465
0.10529192910687554
0.07922412779179644
0.26134769494705906
0.13846842894454156
0.3969589334253571
0.15411913676293293
0.23428782229081968
0.14528824299271742
0.07062783820956196
0.03731412387735296
0.06081266702204553
0.02782125293869871
0.05643410915621991
0.06426713860488274
0.05338145943309818
0.0858333086199507
0.10858872514925225
0.027101092686638677
0.06804373743412631
0.04897123083956926
0.1680745371548183
0.03302759451302859
0.060155274498483666
0.01584110922703825
0.37126738139793464
0.39408249898298214
0.020758593846095765
0.020198982651815973
0.0694510477081623
0.04368640143307461
0.22722845635597605
0.3268695669094346
0.09226474483045344
0.6483559066578265
0.0345622121146751
0.03451205019917491
0.18617290897024885
0.12144912018542886
0.1588435551378924
0.16657299760143982
0.09447202496691948
0.046115708405084076
0.12095374075711979
0.12063533128742818
0.215437618460001
0.15212205832559772
0.12194227527188516
0.21627001093626458
0.11539957381794912
0.5474488172386338
0.42030505322046785
0.1539488668180274
0.04189298878837863
0.07755663769827072
0.05359137559336928
0.05864726112961669
0.049762675968002906
0.154050443939688
0.11432527554896801
0.16200373370616733
0.2235016128454989
0.23240336490401978
0.02149380823386167
0.03989168662981211
0.04465886450993153
0.05823830079222546
0.10724806468369896
0.07135420085133642
0.05224020396606255
0.035397752997201756
0.03933451416890623
0.061504545485746895
0.0844174784411723
0.06685211444653333
0.047195206401634986
0.30339879099626427
0.2039886204485052
0.17863652231436403
0.09184220120911467
0.11558232324024488
0.05365835321893575
0.10937200457846051
0.04235276644894875
0.07621780781254946
0.11046871603122274
0.15927837083542795
0.20392027215327613
0.04420636844998006
0.04104734143212781
0.07695056599585112
0.03722984029660961
0.03438585149991152
0.06540151271146326
0.07572870217928174
0.05968802924700234
0.029315900336306593
0.10449228939956638
0.19206736237279126
0.19145197303818678
0.2049520696743051
0.0801418023481231
0.10038044475578374
0.04254495894634363
0.02732101381744236
0.1504057325607383
0.04351727837336452
0.05565166576932343
0.20134421538510683
0.3250573135825045
0.04467750512302689
0.06730376807828604
0.07118355635651918
0.03634327525152566
0.06426562016518661
0.2036015129666788
0.021502832319614574
0.3739034663689586
0.3664049085600113
0.24105806912872646
0.2923059299177361
0.3204692421536507
0.24721579502735538
0.11831482905901783
0.16712786708460806
0.05538559037335113
0.04898657498361911
0.06515911625334149
0.07545285575960055
0.05537635177468046
0.08156248437697258
0.0436356411335195
0.05391350301112185
0.4429748037751051
0.21328432381785395
0.045948898283868875
0.2839630257214161
0.22438260344331826
0.15951635224926047
0.03396811637447741
0.04036422394438121
0.25197962286267506
0.13433208415343803
0.04853144669595469
0.0989482939941913
0.06479354184403738
0.21759233723725202
0.0678344882094868
0.37083140982365836
0.04376304568281678
0.12252630539083605
0.03809653422749192
0.04214379067618489
0.075574032851418
0.16622334963682406
0.09811064969936738
0.07634754889423731
0.14464139699838882
0.11553267781669682
0.06989122474578262
0.051566640102751575
0.0731307312497001
0.04988697652813751
0.10233134703702217
0.027783067127532077
0.16619897175610387
0.1503721945997145
0.034869342888900874
0.13506328364107614
0.10162531210312978
0.09471345275893474
0.03649844311798483
0.030715398266821334
0.044934339576998016
0.2512239774265871
0.42010067628396264
0.04758666169225294
0.08674494525292874
0.10519974393588313
0.22742679814637948
0.1791752453044204
0.16907810605841556
0.12826083199223043
0.1359510620045868
0.053448887563610305
0.03297985384361612
0.13431075920172136
0.006707517931982593
0.1154848915288011
0.027454361787284973
0.028552630894812504
0.6612335668582395
0.017345896486323665
0.17399460721967266
0.12901886928535267
0.042300507251239336
0.04971926820578187
0.019042271893988768
0.07625783913492257
0.1642724826874031
0.3499638808722248
0.05430879301446787
0.03657861500320808
0.03282241084246965
0.046614656313337076
0.05187872608742858
0.027192477542204448
0.0295975571326171
0.05462858648898421
0.046052857946681146
0.03704668367892958
0.7175180285678232
0.14727997058333753
0.3064117200891391
0.04774707466073858
0.06256609844238382
0.03210653018281778
0.04394781556365331
0.036101927766098614
0.1562857413667092
0.06369499247081624
0.04450190167010271
0.17041612062908928
0.07802946096296506
0.08663823372879902
0.11598568387587709
0.030801552452894183
0.0722557872813106
0.04417118261513767
0.1045787774036327
0.05613910863292261
0.035684047306553154
0.07161037010310713
0.10431686074313297
0.0628128760918205
0.05238722014193629
0.08978374304515802
0.08512453433952778
0.03174661334014667
0.11392252602737993
0.36324969264816753
0.3375412418047174
0.042223359132093616
0.07662324177831893
0.04516385469413903
0.038106523659650816
0.08687003178165821
0.08168783048260167
0.021525004851324817
0.03686350696398145
0.43696003677884365
0.43064749236569705
0.3789266493584211
0.43823995674329536
0.19362039872618922
0.10175217526058752
0.09850240472735877
0.03738896135724295
0.19089757606624203
0.4127623901788285
0.34473333352735835
0.2866851329040352
0.34986905699814375
0.28673157800022697
0.2723486034270743
0.3630991178015951
0.08486879720392898
0.0727597748354862
0.07045274716513537
0.06194968095533013
0.047326165261260454
0.13025344241044892
0.2441822701220136
0.06797177381732064
0.6200337471700488
0.13876315084608312
0.3252573963733075
0.23982889711279223
0.28966575490001
0.05362806645655621
0.10712543416845433
0.0397931411564704
0.050264993059371856
0.05037862085820217
0.08280568890658778
0.0922223718591062
0.4273976573366431
0.7399689682772888
0.06677346857709561
0.050328049533265334
0.04188973618034164
0.07130589233800487
0.06320995709082936
0.025626044759726203
0.060343024923163166
0.4322879199692172
0.20806914322295847
0.12332639146071793
0.05120557695546515
0.11251401963664731
0.08991583070056651
0.06674626425718574
0.056627273192708306
0.06507401794128462
0.12992874817311148
0.07556548446094452
0.06841073633083807
0.1620860579331854
0.15876577464329203
0.02315327231050568
0.06783009235980644
0.064846563300705
0.08225677641535199
0.0821517444971258
0.04202761757945078
0.03911512452337753
0.02470634602217687
1.0970487368169204
0.4427552305443411
0.0602290603564687
0.04963889533531616
0.16967233432200438
0.15018276400507666
0.16523864758931253
0.16205138266028243
0.3556278698957579
0.06618570770486755
0.07881673644008408
0.12863779129443745
0.03587105040682034
0.0551918264672178
0.08028607060509256
0.08074703977266354
0.0657768270921688
0.1412907811562617
0.48457257069183524
0.40586191753490986
0.35301561942456094
0.07330876513346724
0.1033100161991034
0.0483598791380544
0.0627586115109254
0.06783972261683333
0.06153232726225869
0.06332842872973249
0.04634067199080212
0.12522997282866213
0.06785563694024371
0.3179235895212005
0.04951079764447009
0.04792960243429771
0.02051053613687287
0.025133963631335406
0.09702490813746031
0.032486834255151156
0.07075768078117094
0.08096095979865751
0.11722236467134782
0.10874020116913224
0.08157761895491832
0.04540444982911705
0.040561471844767556
0.04343188641875544
0.060981488435501
0.027404199945148925
0.034126325644121255
0.041333873597141704
0.1169056106200276
0.06539725211224734
0.20427670723782937
0.06155305217647652
0.05441714878748751
0.06408153663444772
0.10077998785925461
0.10904884228206355
0.11406379538447557
0.12861423202951183
0.1352710900381163
0.037157761036175636
0.18226582565221028
0.22138178270948014
0.2605279965576886
0.025643962152959825
0.026002182927666782
0.07411038896008092
0.06608971873663888
0.023306652910535106
0.08128148068292819
0.11281583680509683
0.09455075998718451
0.02369932814341027
0.09049419151180464
0.07226701862533037
0.0161097961499255
0.0813082136737982
0.045076717410054076
0.05436238002505021
0.220840912376061
0.6479012144172904
0.20982955791636643
0.06825743242991082
0.017207736110880396
0.05419920398088516
0.10032927727454348
0.04656703403304275
0.03057165514786301
0.07644448028462617
0.0457670529172966
0.05253674905252252
0.06531475684012855
0.09916776930610416
0.09808684913485562
0.09535651702779496
0.09318554611279965
0.09062573485291069
0.051041626304276215
0.05950722484555977
0.09953006776159952
0.060589077114202784
0.038618330698214826
0.36078631699423974
0.13172687277347875
0.05962320431134397
0.04803185443517284
0.11726226637044312
0.050611127881077335
0.2505396902847158
0.07353415580581708
0.18999659947345832
0.13734544607793578
0.09203224804043592
0.08194974649734253
0.06784815827435131
0.21381549174852568
0.014049431962815823
0.012389252891074079
0.03988839730022763
0.14881308700958096
0.1606862758300766
0.190452108826738
0.20940658490656605
0.09273746977082518
0.25019173268330197
0.46159665915875375
0.19118737505794728
0.12011490708936264
0.09548150656947377
0.09690136788067436
0.056227154736621814
0.3286578714375864
0.09967286065599529
0.10717611361327944
0.21080345004832987
0.16973373444479306
0.15036080092499204
0.2059340509665212
0.1470564402350512
0.10351635939192799
0.054188015675393705
0.03215409725012594
0.6153876453715119
0.26343219529083084
0.11829117849943917
0.13760745833161875
0.03595118199362674
0.03225132336762452
0.1312840907429773
0.1239884506118584
0.12757149027890707
0.15894622658033603
0.040266667957024035
0.052101835076455716
0.0683246057680525
0.031854777947150505
0.09663438598928074
0.05982213646906336
0.05523822542871162
0.2111436480195579
0.15129014785386632
0.06592988292292251
0.20647057449383036
0.1623655159933951
0.07073963461621277
0.10016569228268957
0.09809822690258957
0.10695677509988769
0.11283235735669032
0.11829170400798053
0.12085919314946932
0.12085919314946932
0.12287937911665109
0.12287937911665109
0.12403259473036969
0.12403259473036969
0.12173868716430171
0.12101724973535702
0.1214824779803075
0.1250953316945632
0.1250953316945632
0.11010710253913407
0.11209634276893053
0.11318126641694494
0.11318126641694494
0.11245236739167266
0.11245209793177396
0.10674303677053854
0.16994296814176865
0.12331749202313205
0.07159707180850386
0.1048161592298209
0.02289543095679753
0.021566160599067574
0.052085808931849865
0.05707238008398648
0.08340283236668727
0.03850978324123071
0.042500023746530294
0.07443410585446852
0.14935758189190643
0.1779400192327911
0.2089923010410098
0.36721819016989704
0.11766211792436859
0.09978362195476777
0.09181402872978003
0.04094519449896946
0.03698021300555959
0.040046543410935574
0.051846859120082696
0.03748843366970456
0.06301967436812393
0.4599658737006334
0.1845860497784943
0.2074352879214084
0.046876048005168564
0.14748921470688572
0.18877378467257902
0.033870056085336206
0.04992182416051214
0.09284980339554406
0.07069910415943871
0.04773003716740013
0.4314232545269103
0.12826567669925967
0.4334258697728463
0.0638674868771897
0.08614132948482658
0.06669884543350263
0.058436849099975256
0.04353074762221529
0.12924943507202344
0.23541374015619776
0.14356135342997675
0.2524452100593297
0.0774815553196732
0.01668188991621381
0.02340723985532554
0.32801310991410154
0.1745204037721421
0.1603383573269774
0.07496841862032201
0.03832761614913188
0.13723039980997356
0.3494931662514411
0.03553074236162756
0.15120531295849463
0.04686646551954407
0.04518813017870071
0.02692835110194608
0.05333813294365964
0.22501749957533054
0.13513556893651252
0.10216966405620403
0.21743008388475957
0.15000435146338167
0.0638110694311045
0.17834300013178625
0.062382674527368835
0.09210525973478284
0.08337588830908083
0.1719279379694904
0.08040470730143118
0.028266853233736556
0.06528548052488246
0.0828239598688204
0.04735969782758037
0.048206551788140053
0.08917865637724036
0.06510504622810799
0.054028562311883445
0.07487334026971613
0.20653482882711757
0.4200596886677469
0.2959830126216905
0.0524519318953909
0.35533966398358485
0.3210488495169199
0.138372816254812
0.5015169142902122
0.07420936026379268
0.5046824608743438
0.8173574849732617
0.07885379487399087
0.2003113225417919
0.07546400517746173
0.05898769589808618
0.05133710059456239
0.3080506017906151
0.20910342643506868
0.36162990021390823
0.064218635678996
0.12181711720127683
0.03765288323786351
0.06344641479681304
0.09442022592401325
0.06904106144061055
0.03489698101969686
0.039760198312434436
0.23369526227027157
0.26760981577575943
0.029820197571919817
0.27447843671373207
4.534420598356094
0.07606168357710948
0.14315540664088272
0.015833577829549212
0.05791142672140095
0.05328097685921747
0.04721136074238565
0.05566613129581718
0.03482993638529091
0.06425450348405616
0.03716955169785782
0.037786578566385946
0.08001521954531866
0.022687839372065362
0.07375570320806064
0.04653997881660742
0.019787873047524857
0.2544156152283168
0.07762203823271636
0.07870783386734255
0.04583621535926832
0.06796634003419036
0.06299785862248766
0.06560004071750902
0.09410857256146628
0.08336345931587291
0.06428284001044329
0.1770160562534089
0.3444577094374262
0.026898595022938614
0.024741875972485453
0.041521240381842024
0.040684512483655275
0.019841830750945616
0.07061559687058838
0.11285895710129369
0.0768622899636977
0.04999153410432253
0.029353019030330184
0.04386195102485848
0.14483308516278376
0.14228969341084438
0.13084527032773374
0.07857818925922493
0.10502327164381445
0.09117583268082086
0.21878502477876138
0.27559123718224643
0.09122533362755926
0.042458354011291964
0.07622176146556982
0.06308163595699359
0.13836301110023524
0.11864528491135178
0.115079727894672
0.10610821761350255
0.21715610095210355
0.20958630815579743
0.033125985314012764
0.033606246509880706
0.06051193824422273
0.0481056626751929
0.059869470117874184
0.03432435105680771
0.09303911132996613
0.4437054036469979
0.0744181844677071
0.0790266295499354
0.07077892463133253
0.1082987812878346
0.0948555708369023
0.07619690473369865
0.04819547444940386
0.16258787856674367
0.12905251053782088
0.18874514001873438
0.11771125265456955
0.0433706220357416
0.035009117434625064
0.06367707092717757
0.3397691359398198
0.10880962420001229
0.09413006674839343
0.07631694628903107
0.06494420130005882
0.0653188426867643
0.0824782498726208
0.17559021106416905
0.26874301368099207
0.24075905842296486
0.038593835399278395
0.04248811920607285
0.1264524817320517
0.08055756361094708
