0
0.36338367394732585
0.41654712236701774
0.5233777069886929
0.45157002707954574
0.6361427593233729
0.320348080664035
0.3353823125486905
0.3119975953092889
0.08560222863004872
0.1095529261512982
0.6103782512678976
0.17661521804261926
0.10472642185911371
0.3172433199642066
0.40965961638685394
0.1289849371910216
1.9676059903363243
2.0817155715293763
1.356595284772273
1.4233571990952212
1.2179404592412362
0.3294104703306912
0.3420682286149588
0.25402562297063935
0.8634735349091932
0.8648451623251467
0.47355724627618234
0.2092383354539251
0.259896221763002
0.418712440548286
0.22190336391079898
0.28590366976288734
0.3355109873527311
0.18118102285608612
0.19683845132158728
0.3866354095505132
0.19653877392646532
0.10039291932622989
0.44860368937289075
0.8385477136428268
0.602546637213189
0.4633040173403621
0.7017526013795402
0.6630134483211685
0.6147464013567395
1.0953695272822634
1.0953695272822634
1.1272763239379184
1.1501127141303593
1.0893140528981518
0.4053956527286575
0.5510391441101014
0.12085054559732879
0.08232731283152332
0.38839542446289
0.20717470146733377
0.4713471496912727
0.1389744987576794
0.1903228006665309
0.24341587854383037
0.4942862936844806
0.36117554852922934
0.21376812287684863
0.2473733570438433
0.32647979988698045
0.18647142534143038
0.12743730836945122
0.9635677943781252
0.5301065150766521
0.2091194916266371
0.3989360828689205
0.07119933551572144
0.33292051339593304
1.3734810689261632
0.15194629436214
0.39733133892194805
0.4153480261422814
0.47104891524839787
0.10355866529915152
0.16536721220484824
0.14399746170876812
0.1763114173498465
0.19061701499576797
0.29278718311708757
0.28426994883851925
0.3693471807287694
0.12301801425506736
0.23387831659374517
0.12696880671302976
0.4887350553600065
1.4225304397840994
0.6518313417186318
0.5759414604178374
0.5219153993961423
0.8894043415436106
0.8199437695116429
0.19602249067048663
0.2419977666749846
0.0700403917686417
0.0641240248044066
0.9351281355017648
0.07173117883037214
0.585281579943516
0.5030638959679347
0.47237100546795036
0.49519772211805
0.5208029318541753
0.12319063965868123
0.09857251019840316
0.11957289538801309
0.38912756912337215
0.5312886635305866
0.18132552596316395
0.2569392670767925
0.1914905117453025
0.2140249138186292
0.1267015536423186
0.5385492488773983
0.3641561136964407
0.5186036062323418
1.0547031766939927
0.6636653356737449
0.10709652663570192
0.21018079419448746
0.362427620583173
0.9349582281007454
0.5022521323230906
0.45763142362016246
0.6978416762693362
0.8929005819290667
0.08239417621356679
0.08084896543323938
0.11351239636908374
0.11672419955297565
0.11407270932985514
0.08736612223222288
0.37858576476925415
0.07374791882125961
0.31673550212544005
0.23950185861315904
0.6019181178774221
0.9804225980279988
0.15510654759972337
0.12199022104274969
0.22475219713304206
0.4552550449008305
0.42189243684938366
0.2161098540378037
0.6165235876945249
0.09384723901083443
0.09124052343039817
0.2904938242236836
0.1332624091821283
0.6851117628252016
0.12295177346567332
0.16416933110295628
0.23418365746521205
0.1541786951182555
0.23932959716436192
0.48042058259851483
0.7349701366005531
0.25769359045005397
0.17173065333921325
0.9028347693475011
0.6005214582816807
0.17400585455060041
0.15615034692474175
0.08224736148055885
0.11192430717279066
0.1955510446622558
0.30455684139717704
0.11149238107038041
0.11541687551351067
0.0850773778818179
0.07976334451473559
0.2981053135990967
0.2412026494009282
0.49222199583839804
0.6908383784705949
0.44733523138993386
0.06429209480955578
0.3816125840766171
0.0974020603935432
0.3755855903368978
0.2895775409173422
0.1977379474158955
0.6643550421588148
0.5145070772342142
0.33634603852403083
0.2557612048740026
0.19009369344944577
0.45414369426977647
0.3613361062866859
0.2720943729032345
0.27842412919886467
0.2165428287850369
0.298913036843454
0.39409881248719236
0.27927663586868107
0.18932926247153944
0.10256898829949071
0.21630646000030637
0.2618001247455847
0.25087101013757473
0.45328095333217205
1.2203983867508004
0.430610461306019
0.5702146109822799
0.5702146109822799
0.5501199983745292
0.3751078114183129
0.09369195886310085
0.4479495513592516
0.33845360564080296
0.16116002866085832
0.4208865420275832
0.3149757475326198
0.31510519871918313
0.3632785369204426
0.22920860899977585
0.7286036839055918
0.613658176040828
0.8786876658689302
0.7350209670000957
0.9995448378502627
0.8187255398800142
0.23430398161979574
0.38444774353839783
0.1867258118211532
0.18670403454431345
0.1506309421448189
0.29938880543611834
0.4566878906388642
0.20312202912298336
0.13288372881921542
0.2648465583519983
0.17055482277621592
0.19972803512239032
0.2229040661907235
0.18429915387137208
0.29072873920521497
0.26271065907915014
0.17928658036246567
0.26312984372717446
0.4569484292723567
0.5176059390497528
0.2460290959848089
0.17184544589835293
0.3119046402520138
0.8280664972702318
0.7619032556228585
0.741682257191931
1.0889236714137869
0.7639447530879954
1.0093143702689573
0.31691824476562525
0.33218410845294905
0.2619923946851538
0.18685372725954721
0.5329854366418394
0.5070868073625336
0.4873154591468961
0.44202773081236396
0.280017036152822
0.2740262680012488
0.19549619607793262
0.18956916831479056
0.21014770274261763
0.7685133562201758
0.5159400944758769
0.41386276648194065
0.27441929379680935
0.22383159227078456
0.22193604847608858
0.20909854587837373
0.15101547769117585
0.19942286567711706
0.2684525522830595
0.29587419516837066
0.08879089496460663
0.22389349952143803
0.4270311174095872
0.2941565031622301
0.40898296548366514
0.38170446018347687
0.2283163616044912
0.1527301294317427
0.2264279373508949
0.23957118523190069
0.6042197104738769
0.6323695137189497
0.6771719867923457
0.2674052151153009
1.1020297504418308
0.2165206031447333
0.11887657993001488
0.5387128636253558
0.5158483804584159
0.19246496245934266
0.44389382035122904
0.23251641447226598
0.2070421970561542
0.1420331272937034
0.08417441565264508
0.46236987841541694
0.5880555247848661
0.5217006118917652
0.5240005915818575
0.6418257419716391
0.37162516151784375
0.7586289178464914
0.1577163160142633
0.16682893869396823
0.42260434421310733
0.20791415558623616
0.33177700373533053
0.1048408588113606
0.27183130685838414
0.5654662669686181
0.35393196509106106
0.30752891228988244
0.5383668567394436
0.4708452281394139
0.3689703653236438
0.3458521849050311
0.7922310645044223
0.5775428833224465
0.9440247662581227
0.2141882475393955
0.6939669218055298
0.3033320313112381
0.2925112323067603
0.1563998150000633
0.6260212544567482
0.5258712428025778
0.9860384341291611
0.8986995711865
0.672775448653394
0.3773966933399594
0.6481858325589799
0.46513685657854337
0.8439353085005382
0.12387534963414694
0.23857593603432123
0.1808218224062094
0.22537948602636027
0.2932067357837738
0.35534315934925775
0.3402269419688355
0.32597399171870806
0.23416200451546879
0.2767449798999359
0.26101323227531315
0.26928206533109095
0.2893124985936336
0.21047436066238231
0.1279888078422816
0.7047107598626484
0.289354273093492
0.2696350556667902
0.2696350556667902
0.16413102483805514
0.3686849916844392
0.13942980488013784
0.25014444586757584
0.39494036657700465
0.38029758125917373
0.8434176700814251
0.4602575079312815
0.5827912727727645
0.5327312666061876
0.20314068340361188
0.22172752255535305
0.29696025398339587
0.23223712188095716
0.3697474988750306
0.2599199100190661
0.16168312518342517
0.1822834957380285
0.1760853835621573
0.20443791159967478
0.11731368506945819
0.20666400530315696
0.2539896597959722
0.11129100769388736
0.4875302243594721
0.14802841637082262
0.1376761170817231
0.6219954249066642
0.6780903277301803
0.3158303169642346
0.6122440960905564
0.8194833701207271
0.8485761070091086
0.16983944343913937
0.26583686221825475
0.24713772184884755
0.3020518784564236
0.5940928444433903
0.29733301261355477
0.10960181338869471
0.14911794937844847
0.3379862696885761
0.25169877292540105
0.5164250754223948
0.8788914335504981
0.13950697019239508
0.1378425489175057
0.11670402088802256
0.15515294841630628
0.18384377968238896
0.10845911946967038
0.06521300794407048
0.08723124712689563
0.37118496596209616
0.46774630879739404
0.08404239016225873
0.07523832802024676
0.36263974393979004
0.6948442277947612
0.48065769607965136
0.3218102851392498
0.4116211711144075
0.5740519974112711
0.35467069688744335
0.41079970246265296
0.10015674863865602
0.6981056460442755
0.5703198279073597
0.9130836515502889
0.04455502114836193
0.07505656854908069
0.06891120216834101
0.34857424507292206
0.10955596922754425
0.35407467108245205
0.3316214680175727
1.1277848502193026
1.7661479360488168
0.11827382874604843
0.0962883725799082
0.4583785795502435
0.45197967510561876
0.3474251357939878
0.2851481278221172
0.19075114683666183
0.1614275850207577
0.17882531998353035
0.1137274118984345
0.6490502156013388
0.5098143626754205
0.4828305562234828
0.1633739705515354
0.18228687082324616
0.13253069374790585
0.20544055515582232
0.1848233099533369
0.8139326609090417
0.3707223224928514
0.2873240714535727
0.40198948470405677
0.21912436375614328
0.6578393581051749
0.9743008056501674
0.5336794587889782
0.6779842311427876
0.25076195233730453
0.4717175914507071
0.349094529191998
0.6168759371638419
0.3313545417354737
0.38593862942872403
0.11855855289375816
0.1828602727800451
0.15484880604598789
0.2540192477915255
0.3947116881523536
0.19796657032640544
0.26528111869603327
0.23475055559420685
0.35291132572009176
0.2906843451198887
0.43848192531749297
0.4436879804157102
0.27960595502645874
0.661717279680332
0.14590974429268647
0.114359188494175
0.114359188494175
0.114359188494175
0.33659954013742305
0.1847528514844556
0.20170705875606723
0.0797717241072517
0.06471678087161284
0.13987992518743245
0.3152367794540795
0.5179420765482722
0.24351770806914208
0.643042325077105
0.8057379178086506
0.2173996641856633
0.21573172518175854
0.1883889625581907
0.29447162582204206
0.38084067121138454
0.508905373713092
0.0867419936023883
0.32692342857716067
0.4235175380375589
0.19689299777034266
0.26011673315822453
0.1432545685261488
0.10478037873780496
0.09897758763349744
0.1752394825627036
0.13321520500582135
0.7177916797677766
0.3074344688983584
0.26658425684230774
0.5600588433976602
0.18869765250552925
0.5911454348286406
0.14450181285931096
0.8138087563578397
0.17049905602340967
0.3064571367755725
0.7744561339719016
0.3239336646359753
0.8178350166889646
0.22175730725931453
0.40220434738440763
0.33098673312051047
0.6576692046221296
0.14194650645926732
0.40748160455464405
0.2994979406402477
0.38381028399842537
0.31609052871605875
0.28635399244990495
0.35698099931185545
0.3095755552663534
0.6000360016704994
0.7979638939589901
0.3238595772599963
0.2564166571916273
0.1208655410868736
0.19301653509630273
0.15889228721437365
0.28518842485353235
0.38458458097733544
0.3374354342789308
0.20639786992914705
0.21079688798170107
0.1980801291834451
0.10106189360029612
0.5569958089411621
0.13081530681063316
0.2188999163470764
0.22774310320539107
0.36541450320008056
0.1439588209349268
0.43424813336877155
0.20625140377566903
0.39592173957793925
1.605014285752358
0.9699938076174149
0.2759680663226585
0.3672348911265914
0.9994147312662603
0.27192510979645024
0.5723914434657423
0.3381247506863486
0.18431290596445182
0.10759920904205218
0.04756965689874914
0.5659394684548208
0.4293142102899222
0.3045359902277041
0.10982102233113393
0.14898961597333396
0.22362811358374007
0.27006770168599037
0.25795746307787537
0.2735512975559988
0.17982940028340852
0.1985922736629861
0.19664836938849287
0.16023078698992485
0.23206673150685236
0.2725308756323665
0.19302464293991792
0.5680377780560185
0.49415914282870316
0.567200592891682
0.4736127237870635
0.8261318351598543
0.6903710853146462
0.42557927780552524
0.33779605472798035
0.2002192875184987
0.20156310195740632
0.40313778323477495
1.4012069331118144
0.5771985160059906
1.1226868340671885
0.4268522792936117
0.691632732434503
0.35479714826587755
0.37739162698965967
0.3460893053943098
0.5392106206649652
0.16177895279656757
0.20556978028887635
0.4094359303166427
0.19730851138721398
0.9450473413209274
0.8936069870427987
0.4883851035272311
0.4883851035272311
0.2822612524311308
0.17792984769357917
0.33338809286995774
0.3444994891870908
0.11293234961230038
0.18353677557268916
0.6071541407822616
0.3557616257923791
0.47408083463297124
0.4771335560962012
0.4815210628317683
0.5449087495044853
0.3279724319832385
0.22565297586594135
0.10531777020778717
0.4646929416498328
0.24108048686999986
0.5157483177239715
0.6326753556183374
0.5493712953361817
0.7360618414882025
0.33038833855287547
0.1397472028085218
0.1896749068072463
0.28081352148747085
0.2550403680490646
0.17698330197602782
1.5186089556357496
0.4187203109499182
1.3435198348449482
0.654667492214535
0.6217138209424962
0.5363612856285367
0.05923765946900953
0.20388661424914656
0.39913861612257145
0.482181026987922
0.1812518051463033
0.3742334283829093
0.5917713821078362
0.12755382066095566
0.047660454828987245
0.28713473912520127
0.8204358181694335
0.19451078892699186
0.3990974478597208
0.30858256657473
1.6884792554498587
0.6357065018133681
1.0384234227805196
0.602801850691483
0.3315034884490011
0.44433223178769266
0.4892347497990077
0.5473512188645758
0.9090641708120452
0.44535861239559116
0.627184306798405
0.9176977827493756
0.5527560325905276
0.31358649526465504
0.2653368187947339
0.8644143378314613
0.05620230835223046
0.23027403128197466
0.45484911839273046
0.346863553071948
0.7821409567207263
0.6697678565858872
0.3527111577474932
0.9129957792913684
0.22687395421732076
0.5111247331749423
0.13088965183258855
1.3878310853680114
0.06747222346825696
0.2734329851584749
0.46724712413231484
0.21814104731006595
0.7373491374600264
0.3580093243346146
0.4305229970050063
0.30518634182492443
0.5968688361162365
0.35680632160171744
0.15572824997128323
0.33795220371769463
0.22627559985596699
0.14374651643131955
0.594531051069683
0.38031802518527524
0.13781239242970328
0.34626728252921835
0.23973846123574924
0.41309155077570664
0.3880453338453967
0.2958517747686483
1.472036899768339
0.599034052036856
0.4837910412437079
0.21021819758131952
0.4194181273685818
0.7933532443611969
1.2418675330183313
0.6169928955025312
1.0573033514573085
0.17571311079196372
0.21413269127264314
0.14903367019817138
0.16248957607716163
0.2136375106678958
0.1461520210752373
0.45193728245121184
0.27519113533377404
0.15843948664500296
0.610015584738948
0.3808224944784153
0.30253228350758204
0.35897949262601014
0.07206928837459188
0.3065403341434231
0.7380876803084172
0.1896781182911991
0.1608366867369608
0.26611903643611157
0.07392395155794902
0.23448274708852834
0.6471550394131952
1.0786896413369207
0.15448771998849223
0.5478472918283834
0.5857736586648554
0.5423221119890672
0.32040104659661006
0.14679807255189
0.06696552487469554
0.333889029154672
0.12787816077266664
0.6215468818735403
0.42624898734998745
0.36974743952112066
0.19825770512134594
0.553394761568355
0.7365411652062883
0.40611721996093886
0.4597648131649112
0.31179783712647074
1.1868525113364772
0.9415367489208957
0.4546529192113138
0.6551789684290646
0.768738961423625
0.43876419378326303
1.271169707187041
0.37854158919767117
0.12788710752869067
0.5108801833718416
0.40484406350026036
0.3753889787191269
0.3065467876584319
0.3020854540769206
0.35700553252171524
0.15581347101870144
0.3806526756946804
0.2508054907592291
1.61564392991777
0.2303469407169714
0.366734339245576
0.15103066817035132
0.5223022119614636
0.7244084987826497
0.25407815469956646
0.09255018269465465
0.10473287198655863
1.2736089289944306
0.38781056376047696
0.5360386348755519
0.10817913078123871
0.20143236157806663
0.5300009703619222
0.23656079120161722
0.21905369868625374
0.2388854877323772
0.2352247482665323
0.11913057883017371
0.16471376083509517
0.605378766634447
0.11396104936729234
0.25836329125151364
0.24206629215553915
0.2594918089350502
0.1484146239446387
0.24449091473501805
0.29909986013636
0.14390301774808614
0.2707189562082066
0.19541414033310472
0.408022987011406
0.43232002147909265
0.16171065735918885
0.47106037322021044
0.07203194533930933
1.311488028195018
1.428486379690265
2.3737180034011893
0.21479478363295645
0.2003819564054474
0.09536945197638715
0.45799352089407636
0.7962789025466979
0.3328524562303426
0.3123086125465733
0.4613378210711192
0.5995159239577701
0.4675492787806865
0.7362720098001742
1.0778076981281433
0.48105056414339253
0.19534315067114752
0.24394964188017998
0.08066425554055565
1.0976762809029008
0.6292120441778603
0.23888792552900084
0.1878394770719611
0.09165856064722523
1.8144534545658737
0.17037010222606536
0.38155871787397205
0.5488663338202405
0.43527831870473543
0.2707748703866752
1.5232684422787683
0.22495969760107717
0.1509169851331257
0.14531453172570635
0.6057978394199738
0.23910624255999305
0.4676520026668002
0.2569802984029967
0.8364051894977875
0.046666791706581494
0.301281828446907
0.2364345810101094
0.31141356038405527
0.6066328979493045
0.2066211908893545
0.16580843623209837
0.12843284225167145
0.5893061965169578
0.2988749405317862
0.2760359140309503
0.5903363148720309
0.5056628783494682
0.74398703314242
0.19785515625170716
0.7947703075201217
0.27594804387577027
0.20992836833584783
0.23028232083939057
0.18690760121708622
0.14213024784933426
0.41216394233508846
0.18980058134684227
0.17142940176403199
0.48035531857266034
0.20985333185550162
0.12986865198755443
0.44330851414328876
0.2395488995283476
0.33300263751754355
0.16541854003498893
0.19791591874697673
0.5098333415355979
0.5986116335592473
0.5831429596700614
0.9104044778993452
0.20260249678694928
0.5701648156505826
0.311613004564424
0.2721006782950795
0.16871531046882834
0.3186990161440166
0.12847047849378662
0.2712788578003197
1.081796946010836
0.567775933856117
0.7344265368528028
0.4675913383393038
0.7007264220018911
0.7456934589655133
0.8198491730373862
0.6031367858862174
0.4880318776508068
0.5915174207054648
0.6066750311521599
0.26941536670436234
0.09900948011080658
0.580026416563246
0.6339786189973297
0.6274835151363365
0.4199856641901367
0.12433599530960544
0.47108624632700313
0.5670924706794287
0.25565297237640994
0.21970319607374902
0.20035307949973635
0.45588850310328705
0.3065553393029686
0.6305785543078238
0.6747974099069199
0.8826057018859053
0.3906993079013202
0.22744477512141853
0.17673405976520765
0.24928120683269558
0.3941288664140206
0.7666563995393777
0.18244228077292532
0.313101214439715
0.2001866181699247
0.2806756959414027
0.5020766560076084
1.2013714313740609
0.10817664588560442
0.5326237380222659
0.4145872797549916
0.8201625469157944
0.5470850736943937
0.19087389371287086
0.15223064888662521
0.19165503266931957
0.2635853979073796
0.25955656266374166
0.1633478973460682
0.42976457030456583
0.21280935515124988
0.4126139914384144
0.4604390040346035
0.13688977383704057
0.2789221650651081
0.7298874343431518
0.31153605916542393
0.19413188247668065
0.24416063569778926
0.15868755493690911
0.5744288117597846
0.7162749468614065
0.4291301468536699
0.26714248548900793
0.20535789737844626
0.50145624734949
0.722354163009475
0.4887895316546473
0.10778474458150525
0.20842305409823683
0.06717853017927414
0.0642478086547091
0.47286632709342347
0.7066355230708424
0.13862437232809802
1.5444548047662063
0.2286904243113041
0.32238946115067296
0.1359454810465961
0.21245853271410517
0.527257351212129
0.5391822702410044
0.600460168057188
0.323479371336613
0.1879808826594643
0.380468605592576
0.7745178591134264
0.9983249005116978
0.14404222533492317
0.49891145147053867
0.23288688647405437
0.1836144675575347
0.2125083595807644
0.27796127114919095
0.14789156178924634
0.6766500477800915
0.6905717780641346
0.7416985185173829
0.06081582548226794
0.7003902093543694
0.16894100787684307
1.5110068786993682
0.28861247517419986
0.27890835912587997
0.569566099462152
0.2941167000239378
0.6140177737976995
0.2858643273592634
0.33076439794574514
0.5743318291113888
0.3245988845803727
0.6090535287781903
0.36376937728330094
0.25399596145979575
0.24062390549523174
0.23241641124149734
0.2661860621358829
0.4289310571145744
0.8742476479409237
0.6899973806675036
0.42207086911551694
1.7569189976619148
0.43918001673015195
0.43435562272116757
0.6125511565953865
0.5975922186253435
0.28966446756729347
0.5823714214726851
0.6598135847103556
0.1852856120121345
1.421928408637724
0.11642121850263125
0.1781388100287564
0.18498673481362066
0.3798157658107985
0.09915927323130085
0.698427085340929
0.9260471298196877
0.48562543751268544
0.4678279146252536
0.2089982799383711
0.5260317710053888
0.06803870583550724
0.29813671176310125
0.17849953468382407
0.6511857720173764
0.4323052854763739
0.6509015602327227
0.14065041251399846
0.32836265651905344
0.15111110168907604
0.19125093358745043
0.25950757312200035
0.11140856674711173
0.21457843053896972
0.0783020030780384
0.07725459415596451
0.05819033128926077
0.07334288944243705
0.8866270395006176
0.15547820984843472
0.18978114393342616
0.39587783819540756
1.0327336030641705
0.8562906847405902
0.32239223845135073
0.33480418471020806
0.09994130429867107
0.7503394283786956
0.22199174046970657
0.10144191784899553
0.1726596450010356
0.16979824867533985
0.168424035467957
0.26298072241772935
0.7330433426837587
0.20604512425655966
0.09244327329482817
0.09437802869792082
0.09437802869792082
0.09222585160352964
0.09015524697702312
0.08959615983220928
0.10117430097172027
0.6752445430093904
0.864909747288884
0.771254964871686
0.27805770474388747
0.3085527432579688
0.15053705228353392
0.12101957170515908
0.14921114099006305
0.17258844063892212
0.2403294252624138
0.3939429303465588
0.21623233519614682
0.24646409102724032
0.24863578199112274
0.1666178186310401
0.2641608546928596
0.425213746780847
0.3496360671220932
0.36621788717633125
0.21806595067985654
0.392942647771978
0.15601095256941844
0.5766631521617087
0.596937484916561
0.3261799548345602
0.1554371398791474
0.6967749268049631
0.4340176083385717
0.3680063486823132
0.3690760774183778
0.48243484778481255
0.1364863713990739
0.323083137175821
0.17579013666969007
0.20583822453651726
0.24401108266604943
0.31754637269453395
0.25700754933552494
0.3672121352946283
2.2838450156761945
2.2662278893535097
0.1877722213101586
0.1374159935495977
1.107251646196642
0.7035434035923884
0.6602730211832419
0.7966053588948321
0.16654080795017026
0.3542143626475462
0.13655097575683245
0.17644487079044033
0.16019954909153783
0.1766151045256921
0.5710438793265697
0.5551632556896482
0.7566255784748905
0.3966790838447381
0.5847054807606518
0.6028843400709955
0.5174355908932965
0.16469430792433717
0.5958473176371737
0.14339066836608685
0.35413134714987027
0.39974535947146994
0.27020916680205126
0.21785494619925336
0.31649068373291395
0.431817682505692
0.18629952372812464
0.06038483466440489
0.6431284219608777
0.4928152759283878
0.19905946426835322
0.248280362785374
0.25957822229225225
0.2682260995554419
0.20345906139877354
0.24455414857404312
0.18933313072267566
0.22731580869098605
0.19002223105164365
0.18377134007009535
0.18668397397278003
0.8515018448616533
0.6210391055298128
1.0532464172021088
0.6304572174170512
0.22237034846740655
0.6958396394499274
0.7649253566215392
0.34742721044819547
0.5988605828939353
0.42277786875406387
0.3838633732853941
0.6107184747268126
0.25335984732085376
0.1755830791277748
0.1194986272994136
0.19177681293686785
0.1713141323499355
0.07609864231978473
0.17035309010218852
0.15661543281167348
0.5374595453331217
0.2036332689659907
0.6363194615511878
0.5051725616839099
0.09714299284944339
0.07026534081330112
0.13350445129919455
0.17615369527411828
0.29588544384782467
0.2178206764994555
0.46835441710945974
0.47301022886419003
0.592247206368429
0.553304048471736
1.0532764251230402
0.6674718717017688
0.3047417929257081
0.24738321819316994
0.6010795235759976
0.12180248356733414
0.12423698548908685
0.7346150881106521
0.20155331757748216
0.11254574426612411
0.12158245468483178
0.20982469193249573
0.6243534403843238
0.7925654160601346
0.21029401188201585
0.19982539581950767
0.23723071726000325
0.2369047769920402
0.7947394068866199
0.3050973459870853
0.1798488810184855
0.29773197404465696
0.29537951341620466
0.32532850368973265
0.14086843399425858
0.4392498049305784
0.12695221000999496
0.29777961011989323
0.34783718082051573
0.03036559535999454
0.02265117722823636
0.022835237242404306
0.02533846198115686
0.20043211766581004
0.22682866089104675
0.42296020600404627
0.18931203366749189
0.450323629738591
0.2905690980768919
0.21156479354130409
1.1408485434454207
0.321586310772195
0.46519727520843307
0.11598857429771835
0.12212309972152044
1.0387046514640286
0.21891300002797973
0.3264386732600792
0.3887980616353072
0.31230669410837175
0.13311028540142278
0.40364373381121904
0.4246633094179415
0.4208638633308429
0.4208638633308429
0.4208638633308429
0.4208638633308429
0.4208638633308429
0.4208638633308429
0.4208638633308429
0.4208638633308429
0.4208638633308429
0.35401441131166395
0.41584386983676547
0.4302674212220151
1.5578080720173761
0.6278778914967145
0.3447644935189832
0.311359723459135
0.5234997484929654
0.48789626411658293
0.32478051097685634
0.13437779061236593
0.35146768526941446
0.9138062440233085
1.013628769914777
0.9926899491031469
0.7154158729486234
0.2122565456317579
0.25046164853182645
0.15535569300911797
0.07204004169047254
0.4082402943824191
0.22812380558349463
0.7554963987145847
0.1926064328438011
0.7368560234573432
0.6853190676636502
0.5159401075405583
0.5611686803257067
0.5743606249538497
0.6494213643470558
0.13947369874629445
0.4199973543928418
0.22773292117299254
0.3514091652441707
0.6934761669186312
0.5217096000855348
0.4055428362898316
1.055588218266536
0.08522849536548965
0.10458224899794202
0.32623878060213757
0.27209814443121244
0.5333779434121982
0.0826072619010733
0.20995809787455952
0.31798360074977106
0.5426284489914561
0.2807079748497815
0.33294110491308354
0.3610653682735924
0.22955736733636614
0.40078317209052866
0.1353890433114729
0.15428083074514157
0.3044916128565462
0.2604609684311197
0.2746943534013177
0.23858363795895662
0.1595938216417645
0.18575921100635834
0.3406342891449547
0.1747881910259549
0.7056599739189303
0.7762205961782995
0.9663330486091083
0.5995318704557362
0.3708809740984867
0.25768297251951583
0.210671377142701
0.25435222201284335
0.08376019201858086
0.4103355528056073
0.20707555394865745
0.07689120364251509
0.16221263433495925
0.17956644364514868
0.06950527674764392
0.059243757544579286
0.10655731204451797
0.6432895055822038
0.2112707322879971
0.20167880626006965
1.099280488748012
0.2671352363517178
0.24089032006469774
0.48855035238797045
0.3885990462778062
0.30781496959048205
1.1334965888785205
0.20863983566378017
0.2339182968822796
0.3013995206550632
0.7634578423905043
0.4131852110825349
0.2210647108968436
0.45199526178069804
0.3236080966884599
0.11996240833178745
0.2816584754465938
0.1669535796466106
0.2117707627480476
0.15854454172208293
0.057134310487929274
0.07457234532825287
1.0634883779779893
0.9561869224640624
0.5807639131252063
0.8758176635969551
0.4652323467976152
0.34927116029950517
0.2918197948465356
0.20235543931234512
0.034835677972758716
0.03307323703853974
0.39334633565017585
1.0333665917196784
0.9162119045562184
1.1964026180104395
2.022155345778287
0.15798039716819337
0.14445837672495515
1.515047921981715
1.3218688019643716
1.1551637388831095
0.7021623017495118
0.5304034942439813
0.5088144188628742
0.6787174238488546
0.6571740390100115
0.2467186620486008
0.18261497505649804
0.2283524179623854
0.2382685246522361
0.19339821947624786
0.16295797255492334
0.22208087098646032
0.19901341683150253
0.2649536043833572
0.7050610719673173
0.32350160658854854
0.2413066114829463
0.23493288424968267
0.16281661515996493
0.21854078763005214
1.703410440979411
0.6467797357891141
0.2565089967823707
0.37552371980413923
0.3543495325584226
0.20173375344259772
0.2398798241120636
0.19479138333925722
0.3806396834659114
0.21481978755047174
0.3644896370789564
0.24117312360427268
0.5274293337489141
0.35186031268678186
0.5071066329580352
0.657633971467075
0.6083621405145628
1.1631482199415177
0.7558134541461625
0.31237135092446594
0.3319396314080696
0.35132320716990334
0.12487391601516853
0.3218235533164988
0.5744208084209024
0.40873748321605663
0.5731849449303189
0.5089985547063713
0.22255391038007424
0.1787005532067242
0.19619970498021455
0.17755042406715527
0.3229383976239413
0.08349198099342746
0.0917160862147405
0.08781428432454402
0.43857048105594293
0.4429621571307937
0.31944937706267934
0.10065390635569503
0.26389198941197856
0.36016858258085116
0.1487848251825637
1.1330381076781175
0.7202332971205945
0.23491305396469137
0.7948094919429378
0.32996604250602873
0.4099178805351353
0.1148647341845259
0.14592050236385948
0.5161797395521676
0.7713913587179841
0.6563625172384582
1.1061759799993545
1.493231543775768
0.3911622045809452
0.18131574869294126
0.292592509202997
0.22837954611975497
0.4162460936719192
0.1706611297108425
0.1527175263275718
0.28680039619218284
0.364269922068215
0.25567029255991297
0.4017355387073895
0.29969700521432735
0.22410216007832973
0.1478956876358873
0.2263761172289162
0.1658760261401887
0.6070506189309973
0.49948800633871165
0.8672750537889764
0.6580606642615584
0.8719955192911278
0.6382304310357867
0.267340800506311
0.27806579976528806
0.39708163820242465
0.29124895127906864
0.21968559275863014
0.11739461491047357
0.1471543501100416
0.19362503968686462
0.14212220711664325
0.1394870449174408
0.19947481140664933
0.5819749865980842
0.18710721465756563
0.17792043671454516
1.1650513556841242
1.5218201194879812
0.9051982520734809
1.3834539389170273
0.4081814697801261
0.605539444031358
0.930591148637821
0.28270902723848884
0.1415714344998106
0.1460699811702591
0.34179047065106866
0.32868384584868776
0.3829356355077179
0.3447534668819636
0.3499158360072826
1.8297601713790999
0.11336748346124463
0.2014421828555577
0.18379235741062527
0.32191977822988616
0.6562102035421385
0.29673725245724986
0.2840167942672575
0.32478416135555166
0.29543315102923023
0.5903625436282984
0.4500245833786672
1.1833959199312756
0.7464142406438077
0.26205105960123365
0.27742858177806423
0.4132031587401093
0.21401002422633864
0.2248350563167613
0.30124840961599264
0.3278114271642112
0.15036620926760882
0.2450983606403801
0.3250247150821187
0.7263489967860142
0.359053255609173
0.4785907978019452
0.2726365654877301
0.19210302689211883
0.21272417824974446
0.24581984086910488
0.21318684166968213
0.7169363077304629
0.447166006478274
0.35487779734047437
0.14016908552992408
0.1406799534994487
0.15891085705772254
0.5504635288683484
0.4972436561387394
1.5699920508496161
2.6509883865440917
0.5373145827876767
0.19809359266913143
0.20235893756841078
0.41493667079927843
0.5893912725040811
0.640784899775754
0.19596568871257852
0.3576237125377075
0.9382915159239724
0.69680669113799
0.33281861013474784
0.295278451494709
0.27449265595771966
0.2535359872782967
0.17629998961014476
0.3928037256243079
0.28631150255252685
0.73893838309193
0.5296802330418171
0.23414739355778705
0.3865866674781204
0.4513224908657842
1.0560977559806732
0.48949206081047786
0.9954259936580843
0.8127646599266508
0.7270621303929746
0.21549761987512417
0.16834719110701268
0.2056041713462509
0.514245815322609
0.4544424331661404
1.4100987433610832
1.1496647551115746
2.834720881765044
0.255051255408915
0.37177638668721513
0.29207454463694066
0.08115933675250658
0.35820029908576434
0.14076094934853453
0.6671477338846785
0.48237402189283235
0.21695498492812723
0.192049929005426
0.24798790904276843
0.48548448106440883
0.5151278729564351
0.42634051048131283
0.560778931049189
0.11700897158604766
0.29873289772993417
0.07485195074205835
0.45369291802467293
0.11896520710537854
0.22220084235279625
0.16290450018685296
0.1349335498320284
0.22143200832407978
0.2746782350478101
0.230711740392492
0.22843402467521234
0.24834763676771296
0.2152239516175079
0.25422700262428694
0.1915370335112883
0.6213507600366766
0.3954049005378282
1.2156369852921978
0.05959967491452737
0.0709979451414744
0.0419179239560642
0.029418867483888538
0.2527369023253532
0.20532359708149153
2.405422516430333
0.08646133785463622
0.2377785585103978
0.26781829290075665
0.16625073548071997
0.4860465506130814
0.44311704533434565
0.5463304502478841
0.3161730376228871
0.5739606220052237
0.32435752566582116
0.33134474375683315
0.6185574126103264
0.3896109906370823
0.4009843007706343
0.29108640058054347
0.2194883155627785
0.24151041565788786
0.2957003920503907
1.2846766760242003
3.775185902200101
0.6703279549522386
0.8261597100636386
0.6431108622100935
0.36060744937707034
0.21266483615774193
0.2464871913538039
0.13382524151084335
0.15529676267511935
0.7614983679174052
0.49378946211821295
0.2574914875942473
0.21862171243531348
1.169626255314014
0.6699166233715779
1.272007479257531
0.8501607920550539
0.311791377632006
0.30499076660007274
0.3989721684008957
0.5358551581982208
0.2810310189160097
0.09367029996579612
0.2001960813932309
0.110272345858003
0.4824506424378472
0.5049717079451966
0.5762733432850553
0.1203278916313368
0.14197993985412888
0.49110077944145303
0.15180610905973105
0.20127299128005116
0.09873365428954783
1.085803584885311
0.8595466969325164
0.7586518694385949
0.27135101697631075
0.1886053731447676
0.22702272352810307
0.4092454066475791
0.33568050317423775
0.20774039572564607
0.37511608173405764
0.254239160143568
0.2117097347606868
0.17159181593415895
0.1127584868714634
0.28191909719452707
0.14032704124591258
0.4650315859720365
0.7361461841562712
0.2397654599140937
0.25047599310582114
0.32538414467844967
0.23653664443332095
0.2954050599700303
0.1316875897837825
0.19151160128344255
0.23026511465276414
0.29009561175990456
0.5934363356954642
0.8387417452014488
0.8526298685501941
0.5896830228947337
0.5455198126847179
0.3940968871856421
0.29481180233251053
0.3201121714070687
0.6402882475934635
0.8077490918791892
0.7400595883786799
0.23591196624739377
0.6446275433333101
0.4445439897625616
0.19362576419719985
0.2967145789025926
0.39290221492953387
0.6182314528639989
0.7837427507879593
0.11870534382856625
0.1174343321797683
0.6463954464865078
0.5659293333936909
0.8217816317575624
0.5766818042641784
0.47416160167002047
0.7787518518294427
0.7962546571553738
0.5094782237638554
0.4722312155490892
0.22844785981721036
0.32174696223220917
0.3690935252631252
0.5344411374478488
0.7168824472261319
0.897865211569552
0.7806265512358457
0.6181183372512838
1.5400024442901694
0.5389257959600874
0.1895820365085141
0.2804705247424417
0.23290512137553598
0.23733984805244887
1.1266289167000916
0.651765985194491
0.28610903782428504
0.17393211237280307
0.18331428906469635
0.12347273570363804
0.1315892018377382
0.11869082600878435
0.11966636343151851
0.11966636343151851
0.1184770302054912
0.1184770302054912
0.11971737711691652
0.11971737711691652
0.12004965901817906
0.12188153137099855
0.1216878289618656
0.12229304193962137
0.12229304193962137
0.1346842372402312
0.135438217340736
0.13613065470010308
0.13613065470010308
0.13502430733538723
0.13676360986065939
0.14086976872686843
0.14451792696579788
0.2303192465230756
0.3615299104205653
0.18937308597898805
0.6480450222995795
0.532729920358435
0.4845072452583463
0.24741020929644741
0.2464744251412855
0.41079844081526745
0.3104042757265368
0.19150543710518086
0.27544470727574666
0.36612700810529325
0.29675611047139244
0.09218177492766944
0.037235491890245616
0.03016835454337373
0.03383909160909202
0.04754902830119567
0.06151148497908594
0.049172313484406954
0.05983166443166899
0.08489036478392498
0.2643257619544749
1.1094220182225372
0.6568278705614742
0.3839844554396766
0.4388381751510215
0.06314409184927837
0.21047512942661364
0.5857557123665325
0.4125204368043881
0.26643219163360454
0.226796072575988
0.6201249201712626
0.4742348294898702
0.9795904308538758
0.8136045721303654
0.3078274565170614
0.16564725972037211
0.11296039815486224
0.24236241289478283
0.16622036892342468
0.3575092126094872
0.4135483397242278
0.2514607886936298
0.31180343327878707
0.15608275153919451
0.22662625284013688
0.3010826372719072
0.45856190956771575
0.436836076134024
0.39043587613855907
0.5170026907435171
0.38945041902211813
0.08219918490192595
0.6732046246945942
0.20577385993173083
0.4333820776318371
0.34734424529351515
0.17490070166643595
0.07942335908328804
0.345085275969136
0.16548009006575182
0.19134436761153553
0.15272941768253825
0.23454134242930041
0.48016322011675305
0.2084131973472738
0.2304019408340901
0.3447682670033914
0.599903556012451
0.3815780212140978
0.14379225010987826
0.20275387352871335
0.5116491020229869
0.13611700113488157
0.20916961211493565
0.5461350370076342
0.5021220701613794
0.4946151288362282
0.407776809405118
0.18294398778884383
0.23392591416890834
0.5679924989529838
0.137800586983636
0.10666787890632386
0.23460600946410654
0.44875787085851176
0.2536445593697473
1.0922347879434404
0.45980471629767333
0.719509106382913
0.4484524346842026
0.35452680293929334
2.1288477773662406
1.78959767339039
0.2893663144153581
0.20506173394804744
0.2660067052278875
0.17409269819239576
1.184063615718243
0.6491166636547038
0.26659188525755395
0.18419505181741946
0.20358305976638671
0.569545999889707
1.0142398572265974
1.0465314057502748
0.6757160198372052
0.5964840432802215
1.0593276818919213
0.8848730895311333
0.7823578199755004
0.13559033143729424
0.06719173295190292
0.4641853646560096
0.9921755502410551
0.21777634425269823
0.8446507430361022
0.4763875376200903
0.12962585152077877
0.26618694224946343
0.1606713983405668
1.0150659833159614
0.795079657331485
0.5791218670158674
0.671751126014272
0.7912291563164132
1.0554607396510813
1.2151181210642867
0.4902438104336655
0.13667839512307506
0.44835914054721393
0.6213935465863317
0.5325781809390273
0.19463026135616068
0.20469020827774936
0.21571189672102797
0.4164876989325422
0.28724559052647
0.05481538894950289
0.326876146614056
0.15277561531825595
0.1331589660212356
0.20403217810053542
0.15684257284255027
0.12923210575627808
0.2520864110082981
0.23868826298922893
0.31967058112727026
0.22609093321812415
0.35915839623296375
0.4505106265951926
0.5085017584544991
0.519966158036542
1.0391795329760403
1.123465842969694
0.3364056743543899
0.3418781666259656
0.3284374785328743
0.22469974688597527
0.279186831527416
0.6375571894437787
0.1155921163892426
0.5237346964125468
0.4509753367063413
0.07216766920912965
0.06560356182906599
0.06579366467642488
0.11277839582550916
0.22871544461611498
0.14602443604505483
0.2940275304347957
0.26845510787540083
0.24433343841107635
0.23244807052876212
0.3637306889949833
0.4193306807943307
0.5013933936376928
0.43126144795180527
0.25790895739222086
0.4377613584509726
0.18280112455343298
0.259267060063721
0.7903633061409753
0.21864200277396084
0.1058797971098565
1.0838639093412892
0.37071284929521353
0.22918125854910099
0.21841905859459937
0.3136625111807787
0.9042080517211365
0.49688068441163546
0.29646792458657234
0.18067278721636215
0.2854440044711956
0.2649962976249882
0.20292585102361688
0.1660246450128062
0.20288675670367656
0.24667378957817274
0.15660615219304516
0.3120734832796248
0.16728211666459497
0.1844057020283101
0.8940048309421161
0.09859504262882854
