0
-0.18688864386644138
-0.15335091635079987
-0.2339628329748538
0.17207811095998232
-0.2812378312948034
-0.39802254747056726
-0.17707505585819874
-0.77292846571892
-0.07240636563744354
-0.3218628124711985
-0.4527648378667532
0.08721799211576522
-0.14422879361082708
-0.4684462887498659
-0.9884574743619936
-0.187089552308252
-0.6894832201862618
-0.6993167918508639
-0.4341531619037385
-0.3415223845839887
-0.5776700252834671
0.06229979766979539
0.14269572393585017
0.26510643659528993
-0.024560459500001963
-0.08369112516559107
-0.252406530757179
-0.4003900479143203
-0.030528643002843373
-0.27933617407835165
-0.14397814822736996
-0.03695454868216204
-0.3429673498235879
-0.3694656958292261
-0.249220894251498
-0.5946230204403545
-0.35642336227995713
-0.3365842645350971
-0.7593773195649028
0.39847219141380624
0.4059444043066749
-0.9613507174111237
0.26759412678054845
-0.9558544770498757
-0.9743621913470054
-1.0149594365062522
-1.0149594365062522
-1.0171516515078904
-1.019135346495697
-0.9914365756853591
-0.24003292204718343
-0.006113547842633878
-0.5029810679397595
-0.7351186068367803
-0.41033386227955765
-0.22664083085538506
-0.3247131711949177
-0.11884806560303607
-0.8084077111585493
-0.5463247814067029
-0.06381594982551801
-0.3466685505704144
-0.7655341950975197
-0.1800417368773933
-0.17769259740743806
-0.3267643963476907
-0.12782672903485362
-0.920197467489918
-0.641886973810373
-0.5019135297440285
-0.1349182989134926
-0.5453806059044296
-0.12980025873289053
-0.5840386496932171
-0.4653156442551622
-0.15718809517006294
-0.15922710035587034
0.06553168465889753
-0.41619571788154563
-0.4921487918283665
-0.48184265183114466
-0.4892409924925459
-0.41942769462071405
-0.5573925821938744
-0.09852704846714017
-0.10924484966337754
-0.5464951482419771
-0.42914362571045694
-0.335557780058575
-0.5008395839143112
-0.4773755726965466
-0.08761482638963801
-0.20420298069328235
-0.6558160529700636
-0.6817783910999207
-0.30647506062273555
-0.08948326874115403
-0.3877289257249819
-0.11661673585328337
-0.11627816221029308
-0.43827466221232964
-0.42523003212332944
-0.5588801418360579
-0.2964500857049062
-0.08278400239390456
-0.13126123018435704
-0.22460805411777102
-0.37992882423047175
-0.5340100358308875
-0.4593115562465087
-0.26556864609815983
-0.3369014234966197
-0.3848320773140104
-0.6321197107013485
-0.28446868936114317
-0.17155388667765956
-0.4820130714088852
0.21762690334373466
-0.09498358691705897
-0.6056787316679115
-0.8492412327945493
-0.5199207914209365
-0.3645812182928802
-0.514740022184672
-0.2844799372067396
-0.3266190621049212
-0.11222837543263343
-0.06268067440054889
-0.2992277336209046
-0.4999153540707516
-0.07329140753408545
-0.0270212189706948
-0.012985998123794171
-0.20891310281870779
-0.37123895496366843
-0.2922242897644638
-0.620053046357044
-0.4573150760549987
-0.23823586277062328
-0.3051305401205607
-0.33489528360825505
-0.2057736196689199
-0.5102027052808106
-0.6054556513273175
-0.286866982361756
-0.2605530793864669
-0.14599579983145405
-0.33589691761658175
-0.0914700964776159
-0.43206243728630034
-0.38373260944049703
-0.3339509803188451
-0.4912039410665097
-0.1869312556979448
-0.5005402249209187
-0.17247169780660443
-0.13852650704132347
-0.4479546563015702
-0.5356081899125077
-0.09850561071004214
-0.18734488208996997
-0.47337884168583994
-0.44942910651604573
-0.01387801323187522
-0.13184571822002572
-0.40028222215887393
-0.33176153884457404
-0.1968570808565833
-0.23284132058814852
-0.658179511410788
-0.1004284211856713
-0.40678779708272444
-0.5369745843360152
-0.725618266683906
-0.7065547831834647
-0.35119562836128637
-0.39814966053162654
-0.24079574001763676
-0.6229385091128293
-0.49133545353742625
-0.36173780998684635
-0.07307938301445957
-0.4860788279706849
-0.03986712251239542
-0.6062371330533606
-0.41413670645895045
-0.46472671960092116
-0.3079061690498893
-0.42653766612278743
-0.6012880514431089
-0.3752750005775061
0.1862771285080048
-0.04478758161116903
-0.4260674960358662
-0.30681047113342064
-0.6307626846410871
-0.2018714511800945
-0.25034172033585567
-0.4026390469109247
-0.31322528056120186
-0.4850507988311053
-0.31199962583043395
-0.33620372210301125
-0.5075038641339783
-0.47386273841929955
-0.461235936481081
-0.2994566345281006
-0.316618436202999
-0.316618436202999
-0.3722838209691023
-0.057059317326210335
-0.45767385883269285
-0.26345956104668333
-0.33153314834019426
-0.34871714420601574
-0.15542512480013387
-0.45249681963278304
-0.3523454359311528
-0.46945649996520034
-0.4004347464235102
-0.5644200165798938
-0.6359736475875352
-0.7557686278763974
-0.9251107169139778
-0.7050841213087092
-0.6936587807511402
0.03594887338056656
-0.6634515338872543
-0.6629657234112961
-0.6602269051046769
-0.5324532002520124
-0.1988670168337001
-0.4510938238789836
-0.33440239637169145
-0.5838685691193627
-0.5927022809478734
-0.3866896215915002
-0.006390327454608952
-0.4901845010836567
-0.41974806112443025
-0.21323874754551367
-0.2169810259388779
-0.14189829805722765
-0.21022097115318433
-0.8326589414244646
-0.3926719037213582
-0.4417503110407547
-0.5467909104678393
-0.6235340928873467
-0.4813414731505905
-0.5031290771469531
-0.4911081853892836
-0.7816554605362763
-0.6835801329234461
-0.6967049949997046
-0.49001667897122336
-0.5736159693823801
-0.10654373863823212
-0.17401533304141908
-0.42629843018039876
-0.352586315176143
-0.44827067023646366
-0.4598123558052148
-0.20924840066732053
-0.7140955606095007
-0.24515784828211387
-0.3624733950555746
-0.23308138485655167
-0.5199371686664107
-0.4596974581999342
-0.32584252667177244
-0.5039050349715226
-0.43162267516937497
-0.4355328643076845
-0.32268983745516117
-0.5435866422117079
-0.6026630883387634
-0.36950071556367414
-0.3846433897198479
-0.370440612661774
0.044360805900010465
-0.6907737614016167
-0.5136202768131083
-0.36397395552676787
-0.5870877290203337
-0.2168254537877996
-0.3121602736368198
-0.39210669282945987
-0.3079555037128865
-0.1816844423504048
-0.302510543279089
0.03176935669642773
-0.7291598586327208
-0.48373005333425617
-0.3934706911177571
-0.2742120946280964
0.05198781175250328
-0.7689187373856797
0.010241689436623822
-0.16099811610742565
-0.4442279277929443
-0.4866247991594627
-0.34934817455867484
-0.3378280958964085
-0.8790841943713181
-0.9523212138054012
-0.9252071300355894
-0.8784343951117901
-0.26629577969128415
-0.4921190976101606
-0.20117312875993895
-0.43180211203128016
-0.4408488608749476
-0.247695071357887
-0.5054994739734362
-0.28930375525178775
-0.5348466756280644
-0.31319765301285585
-0.03922614868993242
-0.26069217177419646
-0.21595179407456783
-0.29548231723860746
-0.6702244046260446
-0.3050193969784062
-0.3157983890826505
-0.4743818181776269
-0.2762235397714281
-0.5212508665432298
-0.25366782298107404
-0.2099438153668604
-0.25242017670195366
-0.3153926080785491
-0.6367510131352913
-0.22860943473866885
-0.2573257075671918
-0.4545596991750934
-0.22402420705072185
-0.3293415722542356
0.00357310386741958
-0.521861983719275
-0.40272637808594947
-0.6135977360531032
-0.1275511478839453
-0.005894526603491506
-0.19940500102536846
-0.47927188011800886
-0.3941758466001747
-0.6146782266510707
-0.060319622782650774
0.08951009082457898
-0.2823246919630985
-0.3610215181505497
-0.3338203483550529
-0.46201355324624593
-0.39675451367856446
-0.4355447992568799
-0.2865139003551183
-0.6337881826790558
-0.5812088010187151
0.03496451883589744
0.03496451883589744
-0.34937803367320536
-0.638378860266875
-0.47100810681765964
-0.5939214717837796
-0.2668323679795698
-0.6207313133062788
-0.5091950222743673
-0.4874743723560697
-0.6095394113924906
-0.4259456575156347
-0.2948167712478994
-0.6182564075784188
-0.679958755935397
-0.29567739551286704
-0.44904248601136804
-0.32820728386436926
-0.32934546207938936
-0.3092735294819477
-0.506416961682395
0.11633675654315283
-0.40189874943282206
-0.12011796952456644
-0.0444005255144643
-0.2593361556277636
-1.0034466718472397
-0.453155514879489
-0.5551460184541253
-0.4539081074430446
-0.39207471435170754
-0.5377445965804588
0.05382631082682317
-0.5009272236835989
0.34768557495240415
-0.5663655418660241
-0.19232684383688942
0.024283296077805286
-0.01754561189030649
-0.6373823400129209
-0.3586528526937952
-0.59018104465089
-0.42666981154471645
-0.49591980289360527
-0.44001791816143127
-0.278503525816112
-0.40470957397499163
-0.3941339538535965
-0.4114674715695502
-0.3268170442955821
-0.36991487739104906
-0.5687269468030265
-0.4524592925925928
-0.5974475394632082
-0.5272269956035135
-0.12554146062393604
-0.20650161063137068
-0.5184035642270632
-0.6042479706511328
-0.07277010463695217
0.1579335048417601
-0.08041516783865534
-0.0306040723610322
-0.034129213385667996
-0.2977688363853668
-0.5990455401928209
-0.43447663542273746
-0.4292646308376987
-0.6241277098109994
-0.4635484619610439
-0.30373259006713943
-0.3599041333869794
-0.3107883385245128
-0.42481876692335385
-0.06624969293998945
-0.7600193059293012
-0.15112180379955348
-0.14390523133324448
-0.27801370624029237
-0.5757598779839431
-0.3274105830723074
-0.37988369824123724
-0.430055740415464
-0.40957380013168204
-0.40274389151085593
-0.134280887963054
-0.5668146227912021
-0.6940917215227477
-0.45668387608429967
-0.5169564494887104
-0.3347448149684674
0.15504017338246678
-0.5892442702815166
-0.5189789574525363
-0.4087072029775665
-0.43707481965648853
-0.4515503515042452
-0.4465054766091629
-0.42398760316827255
-0.531274208943244
-0.25048153633524534
0.15725650640072802
-0.1441249284607198
-0.760150844748982
-0.7390771018260558
-0.6178739500253364
-0.18029415136947322
-0.504017315561153
-0.46504565563912614
-0.33016123991399604
-0.22994811235414025
-0.2966160454690764
-0.5043095284556738
-0.17320748874083014
-0.3079489184703615
-0.6000448188060789
-0.31736120741787244
-0.5606569941669114
-0.3459678196031112
-0.4572075589815143
-0.2679031683835671
-0.38742947112219084
-0.39494421533367263
-0.05908761797098399
-0.6319687410722723
-0.7519921224927832
-0.30317876577889474
-0.5749902790880019
-0.6008363109217999
-0.6008363109217999
-0.6008363109217999
-0.27580807306443655
-0.16826267055782806
-0.4478858417278773
-0.38957730990077477
-0.40024364054770534
-0.5447199336721738
-0.2812313387962886
-0.34010152113745584
-0.25826489166324756
-0.14997511625402218
-0.46118203193487434
-0.44322435135411625
-0.5463680460080382
-0.5495971219283302
-0.6896182836130106
0.024958852857560686
0.011376720105198398
-0.7302307467269626
-0.21422660135395696
-0.66204226213021
-0.4084775384605894
-0.40461961675405766
-0.39600496263060997
-0.34604385686018413
-0.09573087761236249
-0.42032763640968523
-0.3864185294770503
-0.47701575412891434
-0.0975399804878504
-0.10989627942730631
-0.6028910979366537
0.2223921482453293
-0.857551174976362
-0.5313510388551984
-0.2982572527855442
-0.4103849639804843
0.08587540452154586
-0.10247825311901881
-0.06627008767014887
-0.15900338918887413
-0.4255676900829477
-0.3015160618880892
-0.315000612330542
-0.4872912124748848
-0.33730949269826194
-0.38311955812073406
-0.30854241176038366
-0.23763820585898293
-0.22481405674374028
-0.5226199533474277
-0.32204771129020326
-0.6578264276803243
-0.4838712335947476
-0.8247328316124165
0.22174955986850323
-0.07314497745625206
-0.5539314955550521
-0.40926845652544525
-0.2460047508152209
-0.2206660823891605
-0.259955584073975
-0.07767742910718241
0.24206054858892798
0.2561344736185957
-0.4248377290829599
-0.09950540728060091
-0.37025561067075624
0.18803591427268057
-0.24267617763986632
-0.2890526342816975
-0.42416829243319576
-0.17883323676540505
-0.41495767698576047
-0.29983163480852143
-0.514157338938292
-0.13885692665769037
-0.16303617336512738
-0.2690871246243657
-0.49047188372494954
-0.10870488765383889
-0.34060158166790755
-0.658966742856179
-0.5770608592358721
-0.532185011936678
-0.5939393339767111
-0.7858269397639546
-0.02886281272512377
-0.33945271140341887
-0.5697268829488232
-0.36714475556625825
-0.5533554092795294
-0.7182023309291947
-0.5396889211053167
-0.4174777087188777
-0.4304802259005655
-0.4567943438246749
-0.15561205361214428
-0.5514181731183647
-0.4229664731032715
-0.3503679221567108
-0.3499613808658557
-0.403179750128773
-0.3834220510406261
-0.3304053123599141
-0.4341412076785847
-0.5969970586215543
-0.7318532134898525
-0.8733938127017519
-0.8603674919641174
-0.5486969215524764
-0.4568227768945777
-0.10805318342734434
-0.5979134279623763
-0.9275115723980395
-0.7950115713351222
-0.5532540519341883
-0.5121884067041556
-0.7635792671768391
-0.6861149239052767
0.03125449173312897
-0.40840484820994294
-0.39548528631190605
-0.18692245671730967
-0.4125234521602311
-0.47015712499507484
-0.16995899161345115
-0.8694066304147121
-1.0407601687987011
0.04451996772954811
0.04451996772954811
0.0677895506229756
-0.7849814766130695
-0.8872307471598888
-0.4133002232794356
-0.4820701952711062
-0.23088096365685043
-0.6740894960749373
-0.3596540660467248
-0.6882122519588946
-0.07157913931275872
-0.1101185539101872
-0.3586014690760915
-0.47477088197004985
-0.0963232128729399
-0.4380455170477994
-0.14333276353554986
-0.4556543607195489
-0.4447685966325073
-0.5725108450981972
-0.4728320191253184
-0.40399683291967436
-0.7326135446768889
-0.16792873809712897
-0.40713454615377986
-0.514420835399201
-0.48797911573891717
-0.05500209990434354
-0.5259192982505241
0.19601979315150758
-0.4503448287919363
-0.2669552602566939
-0.42993604372897115
-0.44385443195397145
-0.6570449071519681
-0.46050294268406455
-0.1429580375976788
-0.7163903908281535
-0.11829628420304497
-0.7675267017719848
-1.174226700495915
-0.6957890951172615
-0.24280528906109416
-0.29201734287354786
0.05514029872504966
-0.14043720963966996
-0.3362104248404387
-0.4242895820461169
-0.4642892562320288
-0.8018221376599858
-0.7308001368115906
-0.6282337151277261
-0.260006798904258
-0.28162213801048613
-0.6157837359801727
-0.6337262973797567
-0.3648297224867623
-0.16868387302027926
-0.9998877121409873
-0.8344599040346258
-0.7485954181053601
-0.30673100632349226
-0.11278845859291455
-0.11946975261161684
-0.8717895059321007
0.4548305965392676
-1.6848377180489622
-1.6812516578342753
-1.3784258906529292
-1.0876732083458618
-0.5383295131535136
-0.3090899074727763
-0.5394820468865177
-0.2851782157099615
-0.3041229594390594
-0.5866899001689645
-0.16547726985385416
-0.29125961931453836
-0.6973602381663772
-0.6091557846351048
-0.23796245020241222
-0.585041406469167
-0.32242327336144005
-0.5788368518750975
0.11461185406375098
-0.013437920304561988
-0.11385459369414457
-0.6384513848366248
-0.22299737153461377
-0.6889020062719291
-0.09107129394666749
-0.23212908679755265
0.04499702181415932
-0.21105507107994706
-0.06154798246792416
-0.2996750760829658
-0.8165728980293362
0.0354254121199611
-0.7478883968362645
-0.3191509598125306
-0.42267888577521345
-0.33552420055318555
-0.4037745139448243
-0.7166310384539148
-1.0906799316473454
-0.6698309496245556
-0.7498067252544928
-0.06964337786673092
-0.47621640359661244
-0.3258406496710536
-0.4558420412953003
-0.633403207970062
-0.03741308073830682
-0.7970832407949892
-0.2757325617267461
-0.4789827604216152
-0.28167909374744615
-0.19024668345246493
-0.1231048533099879
-0.3752803930610108
0.14861072916853924
-0.35488971146478027
-0.26637738216389495
-0.2984449978735133
-0.2183520834881876
-0.3499258491303181
-0.35976475189237733
-0.03237337656290099
-0.8959480506675547
-1.3137251083184542
-0.003907141113134366
-1.6370560082246206
-0.661733537172147
-0.21746852248071408
-0.6422136736516806
0.12085473397272815
-0.1267110963403162
-0.5555446374868217
-0.22298988372071768
-0.2333569265944924
-0.4609615044409284
-0.45447321481737896
-0.336221630250064
-0.6291723531300712
-0.8453372824738397
-0.18561671272517333
-0.45372362940463057
-0.38090189917975664
-0.9940085522155563
-1.0118454114207012
-0.6479728058527708
-1.0576240040798774
-1.0204253021431455
-0.5445719058783578
-0.8240065659779534
-1.0014537299947908
0.1426329385140215
-0.5629762381713097
-0.2508852333137375
-0.5519245525275492
-0.19603363134350998
-0.18713979811853898
-0.16971752923609168
-0.15476599731387497
-0.46375075227667795
-0.48145243329310194
0.11315699325782673
0.02858195629696078
-0.6056506794718571
-0.3243841878514041
-0.3535616642801295
-0.5386725134711915
-0.1680911700823347
-0.5909956912359725
0.05115119918086842
-0.36268358600070616
-0.4648831092868168
-0.41595851970455516
-0.16624625443264968
-0.5124310446856837
-0.4645271125432483
-0.3297739932495627
-0.1168505145532091
-0.15868347909227937
-0.06968375574085436
-0.31161587381266487
-0.6088978993902716
-0.16197566398756152
-0.6206791211142559
-0.6772036251004062
0.0380417685462077
0.0012770087643507767
-0.30364560623727715
-0.251841382693039
-0.19467176713241185
-0.5831524533368801
-0.17920209382477714
-0.3205533171333767
0.303241112953754
-0.05702374718917757
-0.5751552744434947
-0.6288477032428407
-0.23849783757285903
0.4516157400943716
0.1481714403183258
0.008519992803619663
-0.32244143505698153
-0.23721965640518272
-0.2048725960261095
-0.25556826525798904
-0.473048428923819
-0.1728603946885058
-0.46849242391902945
-0.387206053124589
-0.7681646343781666
-0.030030366242822695
-0.2664228047101514
-0.26510336793268074
-0.35830211814568586
-0.2510900463202473
-0.20234823615156067
-0.4358901611265596
-0.21063473194082277
-0.2842270187305496
-0.8007118593573049
-0.6670466369954272
-0.09361443953969974
-0.5336710123219139
0.43532323248440863
0.38672231392630885
0.07894113268076114
0.07181591576852978
-0.47316493066637805
-0.2424261028011214
-0.6927482259614031
-0.45818944240575404
-0.34749785981673026
-0.13428300062147586
-0.14468020689332675
-0.6381253570994052
-0.19839771396737504
-0.528285500265271
-0.6710073836902617
-0.05743700404831233
-0.49320073981324125
-0.3547934451967147
-0.3606449778136861
-0.27047472761658203
-0.3226087914339731
-0.72409469355644
0.05912869532638633
-0.6112834128614246
-0.34419043975411306
-0.580147319984947
-0.0806555239593028
-0.005306344672553065
-0.0826871613585528
-0.5205168159116567
-0.2819799179780286
-0.6541415948708897
-0.5193202918758097
-0.6939614543392058
-0.65023750511575
-0.49228929344459094
-0.19781947174592532
-0.601766612445226
-0.42498436102753057
-0.25940636535587314
-0.34858266238583935
-0.3218528206648461
-0.13499893092239595
-0.23810344924749985
-0.28502340872630255
-0.10884732092010573
-0.7003577669983347
-0.7560213784669108
-0.6232434354017995
0.16543321262750965
-0.021772138073527333
0.15780870805644592
-0.8140455206016963
-0.3937242830545203
-0.2983731006855864
-0.1768684265422058
0.19013508128501377
-0.8094442766832733
-0.17777795485726886
-0.5430647637091853
-0.4271149545713081
0.2310298882822785
-0.24934173574099136
-0.4172005241349533
-0.9058118764966343
-0.7064101711559025
-0.9465979759983653
-0.7590608162698744
-0.5053026250147811
-0.42479867703206525
-0.2988582272349629
-0.6040405847397416
-0.42923281512824446
-0.3817627442128721
-0.2550574157157976
-0.5081016304673446
-0.21936120672698867
-0.4762854730674491
-0.12158488120205706
-0.5810669409784507
-0.43816146672651324
-0.306372430617191
-0.3475765842029557
-1.1525206012371372
-1.0511090884989107
-0.1256519110023227
-0.6769942175608394
-0.352780981657313
-0.3845234084508089
0.4177295885506417
-0.11831508255359217
-0.25009771458153496
-0.3592781137778691
-0.29415273955325616
-0.6255563976098004
-0.276308336808992
-0.29291372534121196
-0.3417202553847704
-0.40434205398426076
-0.3517761493820642
-0.3967093263460963
-0.5076945445988053
-0.03234833584326296
-0.550070959531518
-0.2761007369688027
-0.6385752466494836
-0.24837836578303135
-0.21258317762585144
-0.5617182513596851
-0.4298874412132408
-0.4866022015083829
-0.0018845260318138442
-0.6720422645432179
-0.20421540222785298
-0.15503149550264492
-0.045245533608439165
-0.5523287473414316
-0.15528895215239583
-0.6053480742386526
-0.5431681018603911
-0.44850608311783563
-0.43335481383217717
-0.35834421867895627
-0.2907370850170375
-0.22289332309990273
-0.806052934228716
-0.58575467729244
-0.3373655445383243
-0.680644257174459
-0.5124808317667751
-0.23642222418468217
-0.3632521653682083
-0.7862272691733274
-0.4751393010964169
-0.4947627852253661
-0.3374867573378908
-0.41675719751051
-0.3289484727248737
-0.27528698614636715
-0.16208805469722076
-0.12863793541962631
-0.30750858807693787
-0.1828069402673021
-0.008372820842478066
-0.531997259508253
-0.10695979447380424
-0.739693558067179
-0.7545270228977011
-0.3117821510021861
-0.5927063813115628
-0.4379549781521438
-0.47843503175114854
-0.4541403635341847
-0.34989668369010424
-0.583055830262388
-0.5926788095473036
-0.58485269416339
-0.6487532653985306
-0.33254009956769903
-0.2063986072804985
-0.4518890265750158
-0.4178490165803675
-0.4568118996232801
-0.40365784272115496
-0.7389061150014242
-0.36169823793151096
-0.5880190414112711
-0.03760114105913608
-0.3426021142939661
-0.28305975183418386
-0.2635541108624639
-0.010528868756082862
0.0885566661868894
0.07511932432951726
0.19187747504078062
0.20210748817649077
-0.25918924661610154
-0.2274455727159102
-0.17225015880593625
-0.19185095656111786
-0.5562948135689885
-0.5971677579637173
-0.6341614048538002
-0.22329495978847233
-0.11074358689172621
-0.22717654827354344
-0.09887430467224556
-0.2068397081343999
-0.36256591252293013
-0.11419996711232394
-0.5157613256929013
-0.302536442992334
-0.7508326039868413
-0.7546460258849667
-0.5054850043798248
-0.49591911494701496
-0.1900786682209805
-0.10001346355604243
-0.13675251265541652
-0.5008151433398883
-0.4066214716446692
-0.5056938504809128
-0.37110336892415074
-0.3061094685740062
-0.3763739326854051
-0.5860304990349265
-0.4765687622783795
-0.6949218693756608
-0.3530040204345884
-0.29262593888496474
-0.5783167468649072
-0.39021439693101123
-0.5855577925706266
-0.3809389791534952
-0.3798133530013154
-0.13977977086694923
-0.16238059459956636
-0.01122303896556547
-0.14505465025383024
-0.7758223215554297
-0.22731768584463247
-0.35183283524365283
-0.30645575701714395
-0.3887513470674062
-0.496629182641561
-0.2730287761739618
-0.25322531088712713
-0.25999326966852687
-0.49669586470723126
-0.0878385362696051
-0.38443512306317684
-0.5037503633039628
-0.7281900656213282
0.05755723700772883
-0.3368394999564215
-0.42785239162526345
-0.3374214063866982
-0.1331462363006556
-0.13291594534251538
-0.13291594534251538
-0.13460074592185564
-0.1305105776067586
-0.14345098918951446
-0.14587922419889884
-0.7043202459513797
-0.6041949293555198
-0.5492730368616283
-0.018645282764571374
-0.7216910213654876
-0.5996299581678345
-0.42220161834694264
-0.5623594502184714
-0.4901737499340413
-0.31305606388551105
-0.5328673541060622
-0.06548290993431671
-0.28719433363438684
0.026200725680158837
-0.31487697678782595
-0.21398738048992938
-0.4235186933636911
-0.3956927502327607
-0.6037762804923074
-0.6414561999464033
-0.0647989328510104
-0.16528470793813727
-0.656493520789832
-1.3737645001725112
-0.4312414670361773
-0.5330467454192153
0.08989917912038013
-0.21932388915477874
0.004203016167551641
-0.07859889702414598
-0.33858301529862245
-0.31343159806628135
-0.603932238368825
-0.16361255390677204
-0.21441810808945222
-0.6814130733517636
-0.5786542199397778
-0.4453040778682212
-0.35131663928234463
-0.5053323154522442
-0.45069136371237284
-0.5428426167666028
-0.6709008686120493
-0.46366686928788675
-0.8971947858304932
-0.9629477927947873
-0.578491643912699
-0.6604363857200334
-0.03537324711314518
-0.5306846289375423
-0.5222547422282595
-0.2826610104168486
-0.581392154464185
-0.5810955044750142
-0.449818336041967
-0.32297153212884566
-0.7636681148081713
-0.6975469197612488
-0.6518286484038537
-0.37343878776731576
-0.3068103993085592
-0.29359318761892333
-0.521508250919095
0.13792607263391743
-0.15987776708191945
-0.4883246627871143
-0.6292610298882817
0.010868580291336775
-0.050398849544432266
-0.5889501376860062
-0.5204566089789036
-0.35399630816178557
-0.21165150045344586
-0.43193915192705246
-0.22615203892447258
-0.24408903523163164
-0.23894631416621576
-0.500054938454354
-0.5855542626523398
-0.1508136780532848
-0.7092409453360458
-0.47981136424457177
-0.7260873208636232
-0.21884722650666633
-0.38478487079457235
-0.7516899752389798
-0.700500303295022
-0.753121119631254
-0.032286692826400516
-0.5550934737816334
-0.39748266553147193
-0.503615303039913
-0.6049198233242172
-0.015979590004401464
-0.054383106405328854
-0.09883271486595886
-0.7964104210653677
-0.18256607095672767
-0.5733368917462655
-0.40070113052508594
-0.3714371985284669
-0.33358361709973794
-0.09385637128470456
-0.06980177435689021
-0.5423419631681284
-0.12567154483517262
-0.48678961263535947
-0.6309249958811302
-0.20614285458823597
-0.26094317850254223
-0.391439571607275
-0.4259669574441607
-0.20042779506841357
0.04881734510660525
-0.39434874934047653
-0.7971315650917817
0.07725225012295285
-0.7104102878047118
-0.4485473526061584
-0.7274222272167182
-0.32556279057212634
-0.2323099579580579
-0.4719798630658003
-0.3491884103225065
-0.04715634733139337
-0.4868888202706616
-0.25896409046670177
-0.5445773930326288
-0.5609705791204986
-0.3862008975404485
0.02936896808564518
0.049332337196716744
-0.22080900932072298
-0.17366567171553987
-0.4956288094221624
-0.17257528713980236
-0.39577475145931834
-0.1884581777202679
-0.3959564910002971
0.006708763872932871
-0.6413103881462618
-0.29467910175557455
-0.6382635422823426
-0.482481958750428
-0.5946565342917427
-0.2681166924165812
-0.40128177192003617
-0.40052170018441663
-0.3760209912756743
-0.3862588824063088
-0.3649148065819249
-0.31966136741050394
-0.30515404949531844
-0.6868522259049266
-0.18009413728364237
-0.6187237527984704
0.03307656215297529
-0.09298966834585994
-0.4066645716033515
-0.4351295726341952
-0.7323083399185367
-0.10825040784024045
-0.1534572365645356
-0.30843501152039376
-0.4839479727775404
-0.496209116119239
-0.44611044530199395
-0.3214240538788694
-0.5532377384126935
-0.07100478690137427
-0.04414650536541468
-0.05101555820253257
-0.05101555820253257
-0.05101555820253257
-0.05101555820253257
-0.05101555820253257
-0.05101555820253257
-0.05101555820253257
-0.05101555820253257
-0.05101555820253257
-0.08145993619847988
0.032176508414690656
-0.269789477993255
-0.43387824239802963
-0.43300076735572207
-0.34161633364827565
-0.3751505737375677
-0.16884978749034274
-0.1144120178855824
-0.3088159523833021
-0.18378764206454867
0.23405123030438887
0.23292903747227656
0.5476400564781219
0.5372196570005531
0.4280809342773794
-0.6621199261687967
-0.5206312207548571
-0.18582396196020137
-0.36961252181329723
-0.39912328384918816
-0.19195099201682098
-0.027381100299253044
-0.4553046134088432
-0.6205550594345428
0.12148903594564898
0.12147181062656012
-0.1376517540594176
-0.30893880904381327
0.1978293552501608
-0.5700799000639959
-0.027936778113163398
-0.3963948970804436
-0.26193423114188424
-0.5449328120989848
-0.28111196765210844
-0.3305179547837053
-0.5069641995830967
-0.025563951361761282
-0.11692651088595474
-0.44785025501014475
-0.2108268820490594
-0.5129984678732638
-0.5884033632548805
-0.08889057056818743
-0.24184490544522835
-0.5003303946409929
-0.48577013080089654
-0.2321547203533231
-0.2629919999424334
-0.7081992878178321
-0.4116155282738066
-0.42662153718125
-0.3216457995799147
-0.2439981671047216
-0.294300399470721
-0.4791437801443128
-0.19569573256321598
-0.5827432267635427
-0.47895771210747096
-0.5255540058223332
-0.08918699665965399
-0.29925745730584574
-0.3228693417128702
-0.36042261948395005
-1.2558819002545
-0.3507245408243587
-0.46914583442698693
-0.2700904463139034
-0.2246254954059045
-0.3206677754136068
-0.37775376129061955
-0.331305202762988
-0.5171363342059455
-0.3240021322527098
-0.30443948938837134
-0.4338412923486156
-0.7997101680698478
-0.5257949400045551
-0.4110033815116284
-0.7161292427947973
-0.07444753706666318
-0.36606537998851796
-0.1837897409466219
-0.24203193530557732
-0.24016939819967129
-0.19213201914944064
-0.38111792850958887
-0.4765431305198005
-0.24142127475250946
-0.29525212036578236
-0.21771358603245355
-0.2783993815387501
-0.8329530328047096
-0.27598772705547603
-0.4778270152493097
-0.15689161303292917
-0.7007333953928938
-0.48076198485926125
-0.3196099840786724
-0.557477242939947
-0.02953306735201034
-0.32917978090665667
-0.44310580263751154
-0.5089903401422848
-0.5112665061840319
-0.5051118969638828
-0.292956925076625
-0.412264436504127
-0.6799909962220185
-0.1003599449155839
-0.09719868885939119
-0.42719694254624896
-0.5489061934829066
-0.24247101139470856
-0.0038456433245789247
-0.33246169038160794
-0.37041058514079733
-0.03636684856294999
-0.5712771187745691
-0.3697877968878847
-0.5114982648277518
-0.7230660955770603
-0.2796885232838963
-0.733835699101691
-0.4443952775259013
-0.566464077361707
-1.057519453290146
-0.3940354636476279
0.0705705377219157
-0.4308514604159125
-0.2548101695627874
-0.2590606912043267
-0.3415931321009478
-0.25703108653091583
-0.4661028231636846
-0.4618144038811588
-0.4725590822082933
-0.408238455402935
-0.5704446730002984
0.12277916166313964
0.004709933191030847
-0.08084344022250467
-0.218619554318554
-0.4886341594073763
-0.37347471915646113
-0.2448910930809648
-0.3294871646821081
-0.09866719129599648
0.3272507568963222
0.6092220222290757
0.48691964076589317
-0.9386244306005713
0.318859736619448
0.08934401479395948
-0.5407486898229761
-0.33320445771992274
-0.6433887090298012
-0.32304356809583107
-0.7880207654971184
-0.9731180851905107
-0.5174338516396562
-0.5070816044195715
-0.4763339239180575
-0.26638276306211245
-0.17532637461447692
-0.43719871446711933
-0.529277826901746
-0.17618043930860017
-0.37615127012291305
0.07445531906958075
0.09454511967624554
-0.6523602240938073
0.0629961588743851
-0.4578842714989058
-0.012205201998084338
-0.04738072214653312
-0.45049053202209893
-0.5460485882398504
-0.36699950004926657
-0.14420420756207
-0.5769559908122999
-0.03173839504822213
-0.5744552331146505
-0.28985017709862854
-0.42794052517552505
-0.20446249335570688
-0.8570816846055251
-1.097366450407981
-0.20833704411966175
-0.11692448024397407
-0.476724706614832
-0.5426980823370188
-0.23677332725742628
-0.2971377397685475
0.2068853016491098
-0.005831384143539786
-0.6152694896488369
-0.42972786571917343
-0.5597824136106305
-0.22621591729531246
-0.33621823878898544
-0.5275328298487821
-0.5164406102355897
-0.2740571418128739
0.15776604654331505
0.3370571638559913
0.22594748350010443
-0.13630406024514152
-0.2243395807737019
-0.6851845368816881
-0.3639681208206437
-0.43803620786248626
-0.7598871185684046
-0.45959321798435127
-0.39273350164776766
-0.19841218928728044
-0.08258074641259028
0.259045679076105
0.14477526100266824
-0.0335128627514885
-0.583594463783968
-0.43454903511529025
-0.07686795716197145
-0.17126186453107634
-0.5019439200085922
-0.45335890749503466
-0.10641050103887742
-0.05764491056693014
-0.6061472079688973
-0.4443079832315371
-0.46764119589172565
-0.34456220851648633
-0.09778879469584724
-0.32479798699266255
-0.26082889634472334
-0.8172151658364645
-0.8212622205321604
-0.7082867712696753
-0.5265740434807745
-0.43051296561560565
-1.3064268200742
-0.2637737730084587
-0.17025124612578285
-0.2534865151500631
-0.2966379707927467
-0.12331726802711224
0.5883246425009019
0.03235218718173723
0.07784863328834234
0.08309532267406039
0.14856552729086722
-0.4985839999402977
-0.21064447502213934
-0.43392985097038167
-0.19270694431028093
-0.7655548262269796
0.2693798103221052
0.6082304787285947
0.5056544623018805
0.49389262214828555
-0.7017033190027884
-0.6566637753103849
-0.6021382988448539
-0.5213363776564314
-0.02983195948924795
0.04098263191429027
-0.4964932304811078
-0.30501442830032116
-0.4399737633911926
0.3903763356717134
0.18514526116815921
-0.5237161463497952
-0.4299917605065952
-0.5725559319227178
-0.5859983656694762
-0.48573579811760853
-0.49679876252158184
-0.23939597840393198
-0.5182060254723848
-0.33827839161119805
-0.14297934881259486
-0.10235363876765259
-0.07949823863506468
-0.39247955246765626
-0.2899862680251742
-0.6598729745941847
-0.18919765049704376
-0.32116062467142553
-0.45329104180327534
-0.5664780691358886
-0.6464091269579708
-0.8380230022579903
-0.8039307658084136
0.456410382776893
0.4117838070203735
0.16322981644112303
-0.29956660881943364
-0.5103435275862546
0.009683846441718385
0.3640801739283967
-0.6884215237164004
-0.3677189087009212
0.0006282641013185031
0.392003536297433
0.2649399188851643
0.2038924832091798
-0.020435470574971838
-0.29888429198351524
-0.11237041101524174
-0.44135091610750726
-0.5408377379905086
0.16350684312396874
-0.10682567853130959
0.1038690130026746
0.015184875154307515
-0.4540018898539255
-0.283456262860601
-1.2346190635427652
-1.4330098776456694
0.19735816546699417
-0.5228799769918921
-0.41010394087070806
-0.5569344309074757
-0.6429360968658423
-0.6004071322708819
-0.6893280077865769
-0.4534597431935587
-0.34307146686533885
-0.6596566418246336
-0.20327424657338652
-0.11877926172829638
-0.7989665335501965
-0.1131816861922172
-0.4089034938783066
-0.19564159330773492
-0.005083537010847667
0.0056280903050195345
-0.0698426856301962
-0.48933277234489697
-0.15830479987984497
0.30573695420384994
-0.6370345018721907
-0.30310882097660513
-0.4901057194068782
-0.4293163654998385
-0.2929936531240254
-0.3089106797430841
-0.3016113072788101
-0.478723083958824
-0.588251125329192
-0.23171370317144666
-0.258659583765812
-0.4937407274462546
-0.08231872638256321
-0.09128094629854953
-0.31214027345648276
-0.12504020759292364
-0.0992567439179869
-0.6402400788605028
-0.6378508550745987
-0.21696133971975864
-0.4400256708003256
-0.211562670633931
-0.06466588012833878
-0.24070857240261187
-0.5555849598283964
0.02918394342630067
-1.0049758566170124
-0.17271352852405775
-0.30910827982229244
-0.4378916722280227
-0.6844248487068463
-0.02085806874947181
-0.1384938414178883
-0.5731657401840375
-0.8672653851423776
-0.48738417973436954
-0.4069311291901603
-0.44416266941452714
-0.1896139951257875
-0.15545127265812464
-0.6724005534905922
-0.07775788244295054
0.07914057006747939
-0.43066921727100616
-0.4796737785345412
-0.4135725674390236
-0.044625262556923895
-0.5647586747731617
-0.5130674690337467
-0.4181904292646738
-0.28923158007861494
-0.4884747114676026
-0.4146532717103449
-0.5411825420458984
-0.5021957492970204
-0.38018525908376916
-0.4877978015887895
-0.5082580200672677
-0.5091267550397754
-0.7540780444626582
-0.4818379655615266
-0.3352359919222835
-0.6372887821645693
-0.3473491846624738
-0.6599234584177421
-0.4400609075062449
-0.6989753760615419
-0.5676478178577122
-0.2626327086257946
-0.2683338739999759
-0.08417900202188086
-0.4615807076932699
-0.5386968523299133
-0.4037447824956927
-0.6593928763760086
-0.12658484508738682
-0.3107526766946384
-0.3067759986568337
-0.46876008849248213
-0.6234847317348303
-0.4897238130366683
-0.45841413591242125
-0.26287965475904734
-0.5887186230723719
-0.07108864305701061
-0.841869626964328
-0.7935708289261917
-0.5889253031463977
-0.5493724141875421
-0.3510956456586812
-0.40733779171679263
-0.8040508164809238
0.15895215971440785
-0.4222462639839373
-0.4627126522157893
-0.2361776816145809
-0.34223870329366274
-0.8442108271783801
-0.5986869913176626
-0.19606091707950632
-0.47052966990794226
-0.19574286728989765
-0.5002245982406271
-0.3450081240171624
-0.4342924787358553
-0.44637422503488217
-0.496923149460015
-0.44914556450546844
-0.7364988351741791
-0.6139133190512606
-0.8628235397187602
-0.11395892652567116
-0.23839293095986958
-0.44129144188619474
-0.34947094867622636
-0.3760877002863531
-0.3967496332465402
-0.2118744844868167
-0.11076388580184716
-1.0101131559320833
-0.8464663912672183
-0.2941150804714164
-0.39042510691468757
-0.6398589499978545
-0.09320302753931284
-0.1102728213556681
-0.4099799159242102
-0.49642035301875664
-0.18551260929518043
-0.39259386548344377
-0.9234459824197481
-0.9606335242786574
-0.6782855611964621
0.27512456578426214
0.17708260666084277
0.16170677105673598
0.16410881205299085
-0.02423168697117306
0.014022387581266416
-0.008120866642368534
-0.21096416909206248
-1.0755259499710796
-0.7968354792848541
-0.695014409952809
-0.19836899436553368
-0.7050136352938063
-0.5789002887336386
-0.07709912607934173
-0.7224344650743497
-0.3951770637751028
-0.0692903678432823
-0.5044163930778887
-0.5695440292883511
-0.40916934848882675
-0.27590739121139
-0.16203032156621275
-0.7041448626748317
-0.7034768422101413
-0.6664968494745195
-0.659115399668542
-0.659115399668542
-0.659094002403372
-0.659094002403372
-0.6580272724591307
-0.6580272724591307
-0.6507014224172105
-0.659194077001951
-0.6617917162821684
-0.6656344618205542
-0.6656344618205542
-0.6592554293845142
-0.6567464783763179
-0.6661797399935674
-0.6661797399935674
-0.6581051103703962
-0.6500375509335029
-0.6196216635012842
-0.5596739646613975
-0.388487495842846
-0.4116692409317703
-0.47277515406078935
-0.06361979501531682
-0.13610688780653543
-0.01529099882277314
-0.8121521448723269
-0.49285954490266554
-0.41958878004857836
-0.682175206751338
-0.11951693816906167
-0.43562008998253265
-0.5613663540129814
-0.5169659820545685
-0.24712315575665966
-0.03510175456435018
0.0032892596480674735
0.007545205905965942
-0.11319431330897328
-0.09992954604193457
-0.16877777440027403
-0.17157435656764683
-0.19522050342619574
-0.29277584896841036
-0.6302187890222627
-0.425452895289474
-0.5607021916585564
-0.37621469339883173
-0.49623903034157535
-0.21773667830461252
-0.5036952911513395
-0.47411380627437044
0.17831494019436028
0.05512010759922417
-0.19016339856937284
-0.9036752126688824
-0.19812500110117903
-0.320999350038557
-0.39508161998611707
-0.6254309904619132
-0.772568309422135
-0.25253063986600777
-0.5923985046449057
-0.2600884676993092
0.03844748092820414
-0.21135412600284248
-0.37874722877324846
-0.4929155873174711
-0.6211979705560169
-0.6866732930988663
0.03288889793399805
0.07241886767352797
0.12377366743376321
0.16093305235448951
-0.2368032179598123
0.02494860365720948
-0.019085341213973595
0.4547703250474604
0.08979853546260694
-0.6300662465779798
-0.29234376808490636
-0.49042452531635994
-0.5351367238911005
-0.228759616223404
-0.260389608304029
-0.15258478782754809
0.04354091137753081
-0.5387207564955501
-0.17802476987373433
-0.3115839000879085
-0.40112078257009975
-0.2404106795359484
-0.3903572660533837
-0.2661391054866914
-0.5752247977127511
-0.17838634662264835
-0.5543234346853966
-0.37369079278747597
-0.5528601856467388
-0.24345954236413264
-0.20521712448891075
-0.4143105494994744
-0.4877723858511216
-0.5252425770341981
-0.2803131431974758
-0.2827275065016483
-0.46637871000794795
0.2565530497090154
-0.886121185129588
-0.16619413742118525
-0.5338995125860978
0.11085838138851917
-0.4649661298043757
-0.5171417892323698
0.004396974796501387
-0.4782016091829696
-0.14404678588593575
-0.4637407066659893
-0.3489421343924974
-0.5571509613474012
-0.1789979144485109
-1.1288143847152117
-0.8146358266073281
-0.11486997050608075
-0.353049933355156
-0.35645719925922176
-0.7837302011251445
-0.9179357617422909
-0.9385776505875414
-0.6930406383166008
-0.7575789787806784
-0.7069624593824283
-1.205515592440982
-1.0945296829867646
-0.1594192018616197
-0.4798339160871943
-0.5474101498329575
-0.9902709905037292
-0.38197209696396944
-0.3741396020319051
-0.18801381132933337
-0.08452397582038695
0.15190410493662115
0.1107528181858362
-0.5998454462652018
-0.3675884157597923
-0.8128319878501872
-0.5982447769096413
-0.5884238015652589
-0.546771395050899
-0.7352586505667387
-0.4019602166247315
-0.30690131795423425
-0.44531104733703547
-0.5470903649082817
-0.24609365286371315
-0.12262040277120301
-0.24971385585029762
-0.35765328039805544
0.015586343491139052
-0.3998589628207936
-0.5857005035488502
-0.23336645469053333
-0.2636665139860132
-0.2747794441359688
-0.29012902760596443
-0.17623284598442618
-0.6913108920444809
-0.32742090662959955
0.17504996536347803
-0.14022202980869292
-0.18937470612355467
0.1456281547604924
-0.4157455661907768
-0.8450764950060545
0.35765481931348453
-0.37849740139407456
-0.41670716027796223
-0.5438778665896215
-0.3308239625906396
-0.37176277416538006
-0.6253441782779242
0.1815834866068828
-0.23316669934627826
0.2368190664263244
-0.3621440766612695
-0.45764816042113665
-0.5191783922960761
-0.5500737522669126
-0.578153830170459
-0.23869683385857512
-0.5946457290047386
-0.39712329576585925
-0.3912367994904472
-0.42434969999178285
-0.35269108789880416
-0.06514555709065703
-0.14647284275639175
-0.19473226534802013
-0.14153962301124973
-0.4859462227353201
-0.5957147223426803
-0.33796733694458153
-0.15971994416821492
-0.43890273047628947
-0.4646048618988256
-0.5805956164552903
-0.4260887265863365
-1.0108321148792128
-0.6023646949352016
-0.5915029582164629
-0.3003756266288102
-0.8976279834395545
-0.36916579948226996
-0.3944043403688715
-0.19467285701501463
-0.14469830375860357
-0.49927701250884776
-0.217845063115101
-0.21572495910697997
-0.2183658930556102
-0.10842239048733071
-0.2836700419534897
-0.6242444931199936
-0.8414187340395528
-0.5341025998795307
-0.552662473990733
-0.2598546073234154
-0.49212691232947264
