0
0.032839238625320316
0.03322769347540145
0.03053992006049792
0.07245264288489517
0.035503400258128474
0.04013669941538339
0.040784469879412734
0.03941576353648552
0.05895992040125527
0.06438734463296056
0.06196210098965636
0.0304875237929096
0.03004442005877627
0.037052944217988056
0.02055587841954741
0.0387683458138993
0.03848737938472551
0.03941502358255835
0.039795193412750694
0.04050264195298484
0.037759190718349565
0.056263558575264654
0.058834248127352815
0.05924203377553994
0.07549568573738734
0.04616586439384068
0.054213289120499684
0.048330771294968135
0.03193599951184359
0.03839839603917553
0.06717950123542306
0.07142048485190368
0.05487248336862899
0.03045548906158619
0.04002407882909296
0.016296137686431816
0.06841144738243682
0.0804745677394361
0.09638391428142892
0.022895412798840113
0.0261185148410796
0.03789768980508994
0.037248632320236376
0.06438108379486224
0.05559732414076747
0.08615245817099941
0.08615245817099941
0.08523103123929537
0.08686749315315999
0.08522133249379892
0.0583967924348439
0.048577803666451064
0.03013625642539162
0.024191546641283597
0.02738975841333367
0.02211622210585189
0.04374602105259169
0.03881992744454213
0.05218777398751868
0.04725123490172999
0.04830522216505868
0.03338834427684374
0.035979437053583134
0.04757026905482446
0.03473193481898834
0.026483406958212233
0.0310667362379788
0.015776162245878717
0.019169762716573772
0.03365835756080089
0.05385137485549987
0.034254241993332546
0.059776211682752496
0.024705640002366632
0.03736455492074099
0.047011700850287656
0.0418846446232569
0.03253845139702634
0.03910261700948946
0.05025919081068578
0.052226759548186445
0.06019064740673584
0.06528939037773526
0.09341674675121522
0.028427716660601322
0.02829090307989669
0.04313285337469681
0.02447114198328645
0.03470274389603722
0.01672909592095113
0.07558916690430699
0.04544879493298214
0.04179446638468826
0.03726931640263426
0.05040944297204114
0.06797794727910297
0.058261922636757425
0.05193610154911723
0.06109342330878605
0.05852529059037497
0.06037059098102633
0.03206242682343424
0.08732728629680177
0.06061838206473884
0.06696613351052841
0.07159326086744759
0.07082074950923432
0.06529083521691167
0.060772935388100115
0.06487577641892114
0.02249210571860147
0.028291319995619617
0.023975386244558073
0.03709973849244838
0.049157590649980445
0.047357325841695705
0.06018558803316995
0.057059915375901625
0.053544602000955344
0.09689395038724563
0.0899360788226259
0.06429346700821091
0.036972911209435605
0.03102005984266458
0.045763675717186536
0.024410229156030343
0.05435366038284628
0.05354811949466293
0.04287559424800749
0.05229067560977978
0.07226729142630704
0.06624013559174279
0.06758645912260984
0.042818295039865346
0.03881717661896828
0.04271053458491738
0.038574537255445164
0.039225520525913896
0.04745250099578956
0.048123275750532726
0.08345069963750155
0.06104266490084461
0.0535105958530776
0.051170309393981046
0.03709538491534669
0.04433996676012061
0.05793180049322348
0.08330660304850539
0.06079875853595911
0.04271716513990142
0.045341579401261975
0.029013386574065297
0.05752588624213962
0.0615297648495508
0.03602150807852784
0.046309465856421594
0.04250700391215526
0.039485905351084365
0.05500269859979698
0.05857376740105563
0.044471237833583595
0.04675867841668463
0.05360001299515317
0.037106589205362285
0.051664670118098235
0.05493001761503464
0.04064012612568485
0.04232433734597726
0.03134960040662325
0.038789193632742476
0.04510145758846167
0.041880521839227136
0.0396516036587908
0.031984295126939434
0.03173566164516535
0.06167152914551156
0.03345112219763783
0.03748030063283048
0.02758730932781312
0.039996811206757805
0.036197300409763614
0.036058485226145874
0.05196324696072336
0.04966501537856115
0.03402892592517206
0.053248059357455586
0.03554562342399929
0.03843341339158143
0.04631931425704024
0.02860531787291442
0.03675096130551432
0.05394109106884267
0.04297920688827738
0.03281588486392902
0.030019951973256232
0.029174849355884987
0.04366526609264099
0.04206004351145171
0.06507922815058016
0.043813426708636145
0.02766357641183066
0.02899601985753196
0.026172633018894026
0.023719759675562724
0.023126965429402166
0.03720634311082556
0.03106666400000277
0.04632999390023153
0.04632999390023153
0.044339097831175914
0.03143244860603102
0.0429280860521252
0.03734757467412335
0.035749715071286735
0.0344957943443885
0.050975567485161216
0.031499066570778306
0.030795510864330827
0.03134092528141334
0.04530462863980715
0.048449850000816495
0.053494583436929095
0.03315742962055531
0.04050850914537088
0.05813557630148876
0.06005265030628052
0.036765259662381894
0.029177547861426616
0.04976749005757243
0.045226643802839264
0.0455283551048441
0.052146734401228176
0.057330622989682736
0.039924826140982646
0.03864966846448652
0.061472086199830536
0.039540592988109066
0.05119323600731209
0.05295556242520103
0.044062857196313795
0.059793380767225304
0.03573227559471569
0.06388650039081678
0.06263135900131896
0.051892434600599904
0.05050667822220435
0.045642368084656486
0.049628456973416966
0.05895383927624328
0.04630052974907507
0.04612738384511889
0.04349908653166815
0.03386102383611186
0.029853563683394094
0.03473487759546899
0.04171612494058808
0.04572714778001392
0.06983456653837057
0.05706928520497337
0.06177246488285849
0.0651779895855444
0.05827976314291455
0.03673527906405749
0.05242890912475751
0.03909648428076943
0.03140870434470411
0.0308448909565408
0.08175354736001501
0.05041378785414288
0.05818602062766756
0.0637343783254057
0.05546038073539856
0.03860096222648954
0.04568584100487204
0.054513632373446134
0.06393771048701366
0.07748137772337707
0.09656825987863762
0.044197034605519644
0.04571567827193126
0.04401702825155062
0.040423487690382905
0.046322256999493175
0.0410122937849546
0.029456691052247796
0.039478715562319536
0.03965260006708191
0.04558256489005062
0.04523201728859761
0.04271244350973869
0.05041858860610536
0.03972800260062145
0.03501412462941271
0.03304101703026513
0.0326251184337482
0.045797744745777136
0.051659626782958545
0.039206751513867946
0.04326426181212667
0.03866714121265539
0.04490169981839318
0.043197015574275854
0.049146876086483327
0.0535033284268423
0.061618591992271245
0.054892181364252314
0.06077868847341489
0.06088519829025375
0.05409642938435064
0.04751310869576311
0.02917731481900374
0.07469890508260539
0.06657875370435244
0.06820801647341994
0.029511076012768714
0.050509533789148256
0.03598889909109444
0.04868803734688298
0.06528718907694157
0.06734712832191186
0.04234260313632301
0.03709520167420457
0.03163339319051092
0.034418257013615054
0.06033001823320914
0.030696047638010697
0.035552025924857567
0.022924533400581527
0.06126048532554199
0.06806173102768295
0.044282017864328505
0.03157300645298623
0.03374743283829938
0.07587895741288228
0.11689579997142936
0.05315525594909066
0.0438478229471995
0.04302394555105935
0.042980372072266404
0.03947237043047959
0.039861575094210525
0.04279246135508524
0.04252557974723109
0.04408861037399639
0.0353002198652611
0.030030972806908075
0.024751548388484132
0.04102904174868611
0.08066054239920925
0.09934476169140055
0.08019539655269724
0.08308931032301332
0.08239085830058705
0.05274204259520973
0.06463282691329947
0.032120506054911825
0.04523121370739102
0.055788672237829864
0.06189923789070088
0.0843388982967739
0.0843388982967739
0.0907632262090686
0.06465536748200092
0.04988845496329204
0.05526788416610729
0.039179911542448514
0.06067821171290859
0.05372216877447863
0.04354047102201097
0.04942363643802697
0.054104092551349146
0.025024125458150123
0.0273305687118805
0.03201960470153352
0.038054562834197
0.025661863628141327
0.020025274045973165
0.024554220189412675
0.033148541234115515
0.04790942686593148
0.04718185284842937
0.04054610823995718
0.045595894242214136
0.043202509746423506
0.03376490872540404
0.06883450600858222
0.036716557981652694
0.05517571395953714
0.06236699108348247
0.04911115095535216
0.04169046193039148
0.06322184899607299
0.06733301296089386
0.048930995782489974
0.049847087104569095
0.07698668988893904
0.041169417491256334
0.03445721707715849
0.03606821138149802
0.019727055244631107
0.021964440634069167
0.020718303415725163
0.03646526880085624
0.0352957033643077
0.03555952311675017
0.03792436005725437
0.04347348976197836
0.043038872262286705
0.044360116096949766
0.04897600311201497
0.06685870716746169
0.07283496429649383
0.058657768115546176
0.06344410863694742
0.06195095612016034
0.039775539506853724
0.02994071803390882
0.03071214292008001
0.03492464343248308
0.052650599374929795
0.061080345439968826
0.049653339918465926
0.03880242977651994
0.0460616098924262
0.035194698018838795
0.04650294619950709
0.04525594502265741
0.03840528862215665
0.04010516498835974
0.041309341562686806
0.026538360731639878
0.04110915174743798
0.04575056865737126
0.0186871799355739
0.03107350318220467
0.050932279598679256
0.05224420211517522
0.0651734163617238
0.048531446809160494
0.041087301737216246
0.06399249802267215
0.030192116525773815
0.02679277403682498
0.02131830487886914
0.02651221292730304
0.04727678145524875
0.03940033749152423
0.03909673999529325
0.03061915563516008
0.040160642431914965
0.04278704179430529
0.04221688866142343
0.04247109720815156
0.0384928642178558
0.03248861302670578
0.03991336682467494
0.029592057972251153
0.0374545978125646
0.05680236983315972
0.03582600329766024
0.04399950639735036
0.03595200763955514
0.04621648274434415
0.049869475135792284
0.042284468345751156
0.04110505818001786
0.071282885495309
0.08692447523864083
0.059010939288676185
0.06118542772816523
0.05882160454959266
0.05801064072880857
0.03914180367551951
0.03111979454278711
0.022042104998164374
0.046759059745496136
0.03983582318390704
0.036432951257962226
0.0548103619526426
0.047591668095914814
0.042567831300878524
0.038214653706981364
0.03613812533647182
0.05919813673187872
0.05712863973845262
0.022452833221122376
0.03405622361024073
0.059863271383440664
0.059863271383440664
0.059863271383440664
0.047714025773735284
0.03221508495300696
0.03813239685216414
0.03613556161209249
0.031243145388416323
0.03572052269697147
0.03192439111592665
0.048458970018159304
0.0759738575124314
0.06934066810357338
0.04687131382058352
0.04433742548197857
0.036395758787087285
0.03339462640245149
0.046185868517163706
0.057379177274673794
0.05787175852626737
0.02842814511662276
0.07425244440405411
0.027665112922171393
0.023486902098986934
0.02601465508180392
0.04069922860987455
0.02205007333930679
0.03251919190640456
0.06310178865529238
0.06186521684493587
0.03462306289268279
0.04090002040067
0.05944974313081615
0.061326899021829584
0.0520384074245706
0.048517016110528034
0.024956192220706476
0.06266806752322714
0.03958418979724143
0.07217984767648357
0.06675035220200855
0.0607214027918392
0.06684163200594632
0.05458934716198846
0.0684061271316422
0.06262508221557522
0.059062532586658306
0.04039503890440497
0.041539952541405994
0.06644338793109263
0.050365447937334794
0.0366531279447628
0.03468640859773196
0.05024686267473516
0.04118191400181199
0.040906983339284456
0.058149523766696486
0.05636487981762503
0.04995676003690044
0.03736492754735419
0.04891779746447497
0.04060592529486027
0.0345496831790794
0.03920684455178849
0.061368333673016785
0.04617322513046637
0.046020476612608906
0.040810000088398524
0.05772837193780621
0.03379282586083538
0.07127286682878506
0.06203771139378682
0.06710937233485716
0.060713231120897826
0.05178919472292214
0.050702303049299687
0.04876817122869671
0.05587775246897013
0.10630162079581218
0.07676007012010942
0.04406469415651367
0.032477236059684916
0.053979526407318776
0.037663156462965634
0.04083310921589416
0.027209240747665037
0.022820589497768495
0.030879807056435348
0.024423744090923672
0.0512607217241702
0.05444284783269983
0.038313669808575125
0.035408752666502105
0.045436140814398555
0.04234668210242448
0.03535993045509115
0.03236509323148976
0.05871238265475277
0.05243407272811389
0.0986163061525305
0.09033399517026125
0.0576931332406991
0.07750422499332414
0.029200994433567162
0.027208597127913712
0.054454125608364976
0.06203408718470393
0.05882650823592182
0.036449598295232026
0.04380714500790398
0.05561878845696521
0.05543791375639605
0.0397385383211078
0.042784155859967615
0.037560788546672275
0.045692517810862136
0.0528860557919331
0.04020884632945156
0.09838025501849647
0.08935485388136846
0.06335763469468783
0.07050306870002536
0.044250003141477014
0.0645854304223944
0.02668543207973939
0.06289096140406636
0.049648424247672934
0.04944434950348114
0.016431108080163792
0.026657378044116626
0.026307705966281666
0.07482256178271106
0.07482256178271106
0.06847216879816186
0.027544764623297916
0.036030856271495
0.04555347025738858
0.04426602003429026
0.035807185866051666
0.03211310109723677
0.037538984216035416
0.029406400312323406
0.06606171886696169
0.06567585507565406
0.06445604234789751
0.0338305195854476
0.031647944184450716
0.046811604710013235
0.04376272565668998
0.05073587180250441
0.03185768657790312
0.04662558471115491
0.04534525396612421
0.03832553449090272
0.04572609215471035
0.04796604044172826
0.03210525324782005
0.0456271426738672
0.04746008350249824
0.06032818899591836
0.056567834083427526
0.05454543182841608
0.0315774580236499
0.029882794181307383
0.045731118377412804
0.039751720871497497
0.0528301462253904
0.06598363539580063
0.042606609507750116
0.06195534583452089
0.04384160005933235
0.02445252975158244
0.03828337029162806
0.06207149960919012
0.05622019969478254
0.017736643232860543
0.034910385516839025
0.06284707381378625
0.05502861829470383
0.07117785611420745
0.06693132576202664
0.040906246128835755
0.030012155079235058
0.03440237937125687
0.08058885756555938
0.09355799991346894
0.06668401999291794
0.07188052268897242
0.05535268163293191
0.05393401113345827
0.04862045331276666
0.058957721442918
0.05369150549479556
0.05054624029906474
0.03512690484453644
0.05345066451264169
0.03489574857083479
0.04007650431939849
0.017337276761718656
0.01429149294878009
0.028456905498491718
0.04073602720101641
0.04791302294366062
0.04454832064176148
0.046444396071506654
0.036307972215874305
0.021603618910236887
0.019243537021946183
0.014717456578040642
0.014894823041024685
0.04528642098534421
0.03790864843280538
0.04897796161145077
0.038815232067518184
0.051418506484654236
0.05253725570755397
0.02869463868897454
0.04709903727080179
0.03514870340638651
0.06625944017681175
0.07575070033754469
0.07493729896765816
0.03153735218887466
0.05021791271278576
0.04247477439007558
0.02676139542147987
0.0786851630524532
0.02881500157029416
0.04922871116314577
0.06395569254713392
0.07247660826481571
0.045513306121270816
0.04027967394211816
0.029066046365656257
0.024090354501086517
0.04263923552443631
0.036021901707526
0.05878834277272377
0.03883507653195602
0.05647125921455292
0.035898056640402215
0.027406669147495566
0.027433071263191968
0.020091375032004335
0.04765399449515293
0.04129679474884536
0.05163585023335732
0.03795073044414666
0.0513333718328636
0.04843628621434628
0.04829638182246238
0.05650611553646278
0.10345425749971189
0.044781927258142555
0.08271816927864754
0.027598414204455076
0.03191081677816139
0.03845755158601056
0.04712264038828304
0.0721961484372142
0.05422999002421088
0.02188840175755599
0.08917137414839085
0.028388006483706422
0.04149329352830422
0.02842871895905818
0.04673817640038619
0.03904914420803904
0.04449256237635171
0.05267915231718486
0.042438185253933856
0.09172087641078479
0.02327401377521065
0.030187782738776214
0.06633249369934018
0.041538813288346514
0.05210165985571512
0.05188493325432964
0.07011075308916463
0.030808253186556174
0.027787441395750036
0.026433114246817917
0.0338601234995885
0.03922948488272448
0.043251238964018016
0.030455302419567582
0.039278870447045144
0.05942447937569589
0.03525729731987587
0.03221066737650494
0.05599764742820298
0.04303668603985902
0.04629492828788536
0.059138759823268085
0.05586978434859679
0.04104533193194618
0.046359790921768895
0.028635483053752735
0.07737893127290169
0.040090673265375305
0.03208378335925766
0.028849191824135246
0.047947856044537746
0.0475212705029018
0.06580865139839759
0.053273363268474115
0.0374831176420937
0.03668993659875197
0.0504004012803116
0.032638203699875495
0.05791893051742173
0.03387831714431749
0.04696093461435865
0.07267195070410543
0.0575316595494289
0.06184081156042434
0.054363389180195926
0.03392985634800815
0.03104291317545697
0.07318880750739809
0.05382290714767151
0.03504456353174142
0.06548792674283516
0.07070798745923414
0.03536079273235294
0.028403840911950515
0.018375409781493095
0.04593660193458597
0.03676284176839829
0.04324355693769204
0.06632782084054373
0.06830947336813185
0.0675090791307271
0.07071764417025171
0.03923329199101906
0.03513193764567194
0.030033412382027846
0.03686697121814908
0.06707126860285646
0.05097788432330805
0.07029641700904642
0.06948310692584521
0.07587387205468561
0.06255226448051465
0.0374359507341883
0.041422175593285836
0.05500747541076181
0.032347192797663786
0.025812552014473265
0.023164827164162356
0.0230885135681698
0.05265771502776997
0.06418104192050363
0.030113387347250886
0.06517148396292717
0.06482010279228495
0.029226565254847105
0.024526405830988734
0.02089692286629991
0.06740146318010697
0.052277648981303895
0.039975174471553944
0.04185162740427082
0.043539169490862416
0.05171910260471817
0.040363402385004306
0.040747055613609674
0.044902482196820886
0.057638898417802696
0.03910208795237419
0.032167812901322146
0.02663769570297048
0.09937635276131196
0.027005759412008914
0.056811171197437234
0.03434195935310994
0.04598966498394191
0.02870587321295146
0.04582289994017456
0.04602395659800823
0.05264180411613723
0.045577496528519355
0.039669316862543935
0.03714607881094311
0.05415294190866448
0.025493612527356758
0.023966911289800382
0.0342392266438446
0.06400334095432815
0.03940671429052519
0.04317500490339995
0.049308523228928994
0.03423395628791133
0.03827701395411892
0.03546429182366054
0.04440787616234599
0.031887965823717807
0.03943627413079729
0.06160227816730465
0.04138831037273611
0.03837246407058833
0.06472145094503169
0.04175869451456912
0.062091095623132066
0.044907125908432835
0.07306395010296741
0.04023789114244864
0.03290358935192409
0.033173585909623514
0.047786758656127484
0.049159999756953406
0.07076576010610884
0.026725701016390005
0.04060393699600313
0.056144540951683954
0.05511215249830767
0.08799446989300982
0.04704997600708223
0.04767843041571679
0.030992049600201802
0.03887749860469404
0.04571400406768213
0.05350018356148854
0.05477599893584955
0.06506480047292856
0.0304050202314491
0.024048595236996255
0.034050787418090894
0.035551219190063446
0.07645601981480087
0.07294153306137761
0.0368528007638565
0.0358677148228894
0.031599440455854826
0.029955544292163634
0.05119585296971548
0.053015235918748446
0.03352559184862391
0.031087406861804973
0.03765141882598165
0.031556835399014355
0.09325107051250862
0.06990988309757415
0.033004314137420304
0.029575680200375296
0.07037756053968731
0.03265087692928798
0.030061151091494945
0.05754426262674468
0.029983135860802167
0.03858550713605804
0.046420174434934715
0.03923492048993552
0.03874975226199612
0.038475788818609566
0.04538680172572665
0.06558863331987873
0.032498645211348307
0.028627222492340825
0.06640638905702065
0.0608940662390614
0.04513702761485339
0.06608964231721765
0.03593249933713098
0.0473687363820635
0.039403792210109194
0.04352196767714242
0.04335670419105546
0.05046154759011844
0.05227983938243101
0.05952109365269507
0.05514259901972979
0.03205400523409982
0.01833379011516127
0.019356596257663092
0.018939981171773625
0.09477353636887391
0.0727693194929102
0.048721308579518736
0.045083084994560305
0.06577877669599215
0.05312421616052272
0.05960131542223769
0.040625612598016156
0.040846867885501986
0.05993162024118145
0.05150745023358222
0.04779380328063767
0.03241186199457232
0.03650441240275245
0.04389149511494519
0.037360062877705845
0.03195533429273132
0.05480679228516052
0.04837061368428301
0.036749414610312905
0.03292423645539485
0.042493776546160746
0.04071556363174357
0.03901818413809725
0.03883486727050631
0.04930992826674903
0.05749346290876502
0.041689137031344754
0.04568635854551194
0.03721818244807178
0.035754120284858505
0.041675649747713546
0.04516147942218987
0.0439637173483828
0.03485502677791684
0.03405297250405414
0.030894901612213577
0.03542137335803577
0.024940285259411926
0.07606091191541606
0.08121964153925601
0.07894756415755175
0.03713107016114898
0.03726587003472509
0.07818351434717087
0.035782988555925745
0.01966777124960887
0.020851532988111408
0.015782650764918815
0.04631521774310105
0.049774783395372904
0.02982464105924411
0.043947673034731655
0.03740967241907647
0.03527838969965343
0.04265164166535082
0.05177007883417072
0.05461462427758506
0.04762078521822498
0.04933321306641999
0.05436735386798233
0.07591912861056614
0.0589788680293363
0.05886686227598862
0.02917277552985469
0.0623138843367657
0.05339860845252066
0.06933942478359616
0.07454952205647944
0.06589397089068937
0.09236328814658319
0.06371288480434165
0.05307758658327182
0.01658147381007564
0.0626541484983399
0.0344097637702452
0.025903295457699555
0.026129946904850546
0.07543363907636629
0.09743655792226918
0.06269207595585245
0.06013231035499595
0.06039301856392586
0.05685953099626184
0.07259116349836103
0.03827926301942769
0.03458908728152029
0.09214807741438041
0.07097338048152664
0.048003542093969176
0.05729501762916708
0.05093239591356223
0.03454145790013828
0.03851958879080502
0.01915828881612485
0.04166501324214574
0.02320202835907236
0.03393423156039533
0.03237112461328302
0.04041416940219838
0.041872505846492526
0.04484298798776104
0.045736517719743804
0.05011387936076643
0.059248212548169
0.03765296796019283
0.0316103274008006
0.03502167861942103
0.05935881579507277
0.055040059752187544
0.08537586617410468
0.05230914360175087
0.024496762289323484
0.05270882093663541
0.06142223218867983
0.03589337288918396
0.0720418742465904
0.04155808933652393
0.042599067573968905
0.01718005658072875
0.11103381205653853
0.09571311063103308
0.09457985074886911
0.09457985074886911
0.09339618488260064
0.09373676757348702
0.09244554441679631
0.0906593208628823
0.05385704112605531
0.05246178257005395
0.0219648084355115
0.04680748801784931
0.029076539472186944
0.020545959588657098
0.04040510479289098
0.03717243077160055
0.03705873202794541
0.05651680903621253
0.022087846991393774
0.05284072658507636
0.03732890765819701
0.05318406301276797
0.06787396305804023
0.051611883673936085
0.053422221514380336
0.049889159598287575
0.05308242579834911
0.03171226606700495
0.03876685514387084
0.054860708057682867
0.0439184034835848
0.06370753655830341
0.05150847387762964
0.05098561580198572
0.06288860966723192
0.04991447153361805
0.062461121727710935
0.04094705469305908
0.05750964920533462
0.04990629186098352
0.0491807789681041
0.040668861100813226
0.04014803406702897
0.040628139320259715
0.05080446938397162
0.04518309281493115
0.04964938975481913
0.02534071278515863
0.024602481848585364
0.06623865777956875
0.04681074233427257
0.09067592403634828
0.05391172544333302
0.04518686680958368
0.03651197219478056
0.05844619302332585
0.08606717299195808
0.08912131622953977
0.02682361941227635
0.02392933050278265
0.02375965172228109
0.02159473787543248
0.021149839632141856
0.02030630696185396
0.038236957292907166
0.039352103684589974
0.03954845378777073
0.03096403994283585
0.06024835934713039
0.05692446480605527
0.06038789767801727
0.15940074972834636
0.1291145016959148
0.08726149157803573
0.04301621346872159
0.07764054437039729
0.07992323457639978
0.06319982676796458
0.05068928534347979
0.036008658386885745
0.03253233900227565
0.03985420040207265
0.04714562062002796
0.05817989285977861
0.045055140658383085
0.06437449518045478
0.06339011099465766
0.06289293418951017
0.07114761793996764
0.05686792219745624
0.06282108370873142
0.05202657928795162
0.04234446762520961
0.043444267636272224
0.03755010189472388
0.052755922917127884
0.07064958245342294
0.042592196070598894
0.0362633674845875
0.037642256728229614
0.03623191044750928
0.030767723664994563
0.03409129210574402
0.03335914831279513
0.028698925379542037
0.039449383306616834
0.04018053546193915
0.042624803584141224
0.03315254730183547
0.03469375706929656
0.041475791263321425
0.030323853769885716
0.059696128939155
0.05934999345323148
0.058428245564092436
0.04388718704064862
0.06165498970378396
0.0711259214224399
0.04828092713908367
0.06568597834451678
0.06137821745485145
0.052973549477010634
0.04928896573709799
0.04879221182387493
0.0396632290842779
0.04998010107986294
0.039972125031179265
0.05173228090872059
0.03383112551476375
0.0435195783027618
0.05257290395395985
0.03636118990142539
0.030915446628111184
0.059672413456781086
0.04471292715319119
0.054267874807966264
0.054743652701906224
0.072373723363228
0.0758881548265835
0.05536608622197781
0.06810788317050923
0.06735722865749066
0.05352368634345304
0.06339168584119033
0.052604927227844996
0.055364564238442576
0.049885785066081496
0.058629673931051604
0.04808076638974439
0.038000041409962965
0.04017179605759274
0.05362839396205929
0.026665070297052958
0.03638907778922736
0.058375945107233755
0.09265454935741986
0.09746019151643465
0.0935757526196353
0.09656131287726868
0.021075742529014646
0.020891586243982182
0.035302735749051475
0.05059714633046015
0.0381623621970818
0.04356403239794683
0.0621892264431209
0.05327229266957922
0.04109139868835187
0.047025244348072225
0.033900297556863676
0.033879236654241744
0.02518904589174695
0.11303284932732294
0.1158494040405111
0.10448473040575623
0.10608268698672979
0.11870282863846988
0.14127233880604456
0.1451940652260766
0.14654601483339494
0.14654601483339494
0.14654601483339494
0.14654601483339494
0.14654601483339494
0.14654601483339494
0.14654601483339494
0.14654601483339494
0.14654601483339494
0.11924996314235108
0.08995958721372938
0.06949013300951046
0.0428416430211071
0.05938213522052625
0.0431339024612733
0.052482883736135855
0.03191135419815827
0.03557058883576881
0.03898298344413628
0.032343040779955534
0.04949695197881792
0.05304559093989369
0.03838902375882732
0.03741188217639592
0.03683032919098352
0.06050736076361582
0.05295208517646469
0.05306457692008113
0.036318827020802094
0.042372764162666526
0.06078369472264899
0.06341644893743205
0.05401431905540882
0.03779748378251702
0.0771995564290785
0.078041030542892
0.06498385824654467
0.07595654858437416
0.053172562586770146
0.048944854612786276
0.05016445664332227
0.05237389375708924
0.08721837670398283
0.0628557071789899
0.06237598469202565
0.061938124528815405
0.0677461981562144
0.03392903815453417
0.046551082320492945
0.04956453129970936
0.04800412264001336
0.029017786521700676
0.05573505605173018
0.017571584968097603
0.019540563393114777
0.05382398094347297
0.019896066961939917
0.06322007014793583
0.0672716305165238
0.04361228523250034
0.03599486850774481
0.04511764443994552
0.04463664586019154
0.045724602147065835
0.05290456985206286
0.07291579572763111
0.047327497142612536
0.04197669667411791
0.041009774355538424
0.037037337872400086
0.0505121868005368
0.043339377917624565
0.05115397480508136
0.045431294219939404
0.028057597129707755
0.03312747450459262
0.05631366935785819
0.0394988108384593
0.04540835651655406
0.049383770757681224
0.05962154812396806
0.04370296261155915
0.04464444082181739
0.06169707241370064
0.05752596868404961
0.03299781382386907
0.03691405352145522
0.017023811074113115
0.04854709773153742
0.05400943596637675
0.03658702586622878
0.07531224568313061
0.03844512731032886
0.037212600780319835
0.031571706225515264
0.036593840054775464
0.04288174505416262
0.03195738727914274
0.07576344084724006
0.07055010677733609
0.06527423461799997
0.05920059102421322
0.06188419206985678
0.04314008494143425
0.042272139422717535
0.06286408663920955
0.03118605525162815
0.06713959363497371
0.05372083010520568
0.03652497960750586
0.05671695251405722
0.05018592321553548
0.04621877268082736
0.07024746523633663
0.06921470668877891
0.04706958139284313
0.048219416257038655
0.03704834077363029
0.028941841476436542
0.0535828413591909
0.03791970582514439
0.04600368715485078
0.0435242717833589
0.029465472657814375
0.03747695974933068
0.04104723263244293
0.044390295247786676
0.05783586810785979
0.038628165370687556
0.03681001280533737
0.03221695710339594
0.03036125820989586
0.037694348796238494
0.029944750506314254
0.0331743134856269
0.034085609952188387
0.0459198521101225
0.034291192083428415
0.054878126072298465
0.08470939708268634
0.09384119376988294
0.0891763511428596
0.08595328957679077
0.06305035369108927
0.04677085713436766
0.048406717114587515
0.04147890432850422
0.026685037251899694
0.024348941401291534
0.021393973198993138
0.02385871712093204
0.022178099548358633
0.04805959043014758
0.05129336081572182
0.0292345588285752
0.059278909478875014
0.03463516931211208
0.04561320649867477
0.03918385037038921
0.03387676793948728
0.029876476747629756
0.028074190513135564
0.018262483931722907
0.05746382302728355
0.07258525306804707
0.023635988071938032
0.03901293769754887
0.032813855657150344
0.024061474095193883
0.03144281057491866
0.04297214597714567
0.024611620960355778
0.032556418473324376
0.04812170138881384
0.046131341118920255
0.06204706282535436
0.09524076742227189
0.09400652019566007
0.06067675504220868
0.04224344263092963
0.048566966168150115
0.04620559917131238
0.041634465493030674
0.035716136929192364
0.012369849157853602
0.017063051883754454
0.03657659578794561
0.022926457471286972
0.02339003606389229
0.033586941319573654
0.06642878604771513
0.045337050872664396
0.05601420780184462
0.03617149894945754
0.046889304959156816
0.03971331044373873
0.05434350242315679
0.07095259394829119
0.017521446208081024
0.028268607272382264
0.02291800686925067
0.022071927603112943
0.06821703747740998
0.0679287686909805
0.06961214121951328
0.06913251301592016
0.05561333084451022
0.05033560052248864
0.06445578025986615
0.03099501896046411
0.03106958876394816
0.052185575346286615
0.050896743278220954
0.03489818241477827
0.09660856939813263
0.06749511504414261
0.06669810188459986
0.05527986593554978
0.04123716120335572
0.03850808601517962
0.06433550026970809
0.05366704872039138
0.047330711438234176
0.03713042203181301
0.03805655348211543
0.04533943537262679
0.0503264170816812
0.02741072483379285
0.03251793271380636
0.03919644994877007
0.026123415986147064
0.02239846550988132
0.030316231090785357
0.038112150325852814
0.04576830338491794
0.06067059070064556
0.04520349244736898
0.043021637808590474
0.018432148356769668
0.01998305785744636
0.022415431427789314
0.05060478174767582
0.039506715733883035
0.04003026395341818
0.03865805010501698
0.040702708793290195
0.04704661560958547
0.0656788983422554
0.07813592440096298
0.02384821838378676
0.0426594883659273
0.04798863226977789
0.03376941849130634
0.04825442935585806
0.042232218735336724
0.05521602389523754
0.03648073912654446
0.058262846494484884
0.051855748200197706
0.05574507207272136
0.08617931986404218
0.037911812254733515
0.049942614506377825
0.06584857929534707
0.0423092736014168
0.06735440463307374
0.040057332367046714
0.04292897646071442
0.04086410612851916
0.03852991892532303
0.05845658925724667
0.07031815540001181
0.06074195083382275
0.05570828907094879
0.05359609656496324
0.05191965249598564
0.09243367168087466
0.05843507543895733
0.054255232263387645
0.0479428851070589
0.04362576213734952
0.057903843717584245
0.06866957105301663
0.05158849077719309
0.08294746680969042
0.09711578362122361
0.09489171055093483
0.059513987064521476
0.027688830749216523
0.04158910048101679
0.05746225477736543
0.049469084708992105
0.03487906738749457
0.05349645032797309
0.07333218057680294
0.020852333067219526
0.04145440611115753
0.04361170029080336
0.058213385553646343
0.051872816404550444
0.04713330090160914
0.028526599455176303
0.034740897062841815
0.028666137085462284
0.029561195406943592
0.03657662965438514
0.05300295959190335
0.03757440145698334
0.04565324144447825
0.05176502454618012
0.05565525259465594
0.05887917714119509
0.034045079959790295
0.03888893931148044
0.034383697270468
0.035026008804691415
0.0328594153929888
0.08244597499380557
0.030972551551997615
0.06460287343527488
0.07965023809826356
0.06935732638232121
0.07889770013714792
0.0659288515661277
0.06798562296715768
0.08510471349456866
0.05600877739577288
0.035684266265928695
0.03994304482936782
0.03424571017866277
0.029637496227489124
0.045130065297539865
0.039130325080864066
0.043036651875505184
0.03966741680517828
0.03617196872769981
0.040471864854902236
0.045334627299866585
0.08184649420382227
0.053738060741773376
0.04484179327383528
0.058998361498707
0.025859006739270746
0.0663987751793782
0.0717773329980615
0.08280150914681556
0.08620137370902782
0.06076295647464497
0.03748819944888273
0.037124816780646046
0.05084076496696917
0.05245287352079724
0.05281922651290927
0.06215522632358537
0.029249440939532013
0.06170316547396289
0.04004399356199364
0.04048235068524002
0.043951037136254895
0.0404028768940444
0.06659384822039527
0.06927815760881623
0.06923917979605362
0.05166953949533622
0.04992732142344819
0.03037285536868239
0.06694369847137595
0.04619118085715967
0.026228686308465064
0.036488803794832
0.058782932701852565
0.03072387116801877
0.023941547792500847
0.026167603115009246
0.04371619724407877
0.06398908883778139
0.080585402416613
0.021548932061937642
0.12742748998276454
0.02227674674369623
0.08992855339276257
0.029446027181895054
0.04085520367875056
0.04124721605691591
0.03342707709963599
0.04117249908883579
0.024682761753601682
0.02638773454140017
0.03325786957272654
0.08080332870687662
0.04525288527123643
0.04350372783385108
0.04649898472118313
0.04292747036233528
0.037871555845676676
0.034649598817923406
0.04392600050627976
0.0647849251154294
0.02410191184970063
0.026374114147906046
0.04014511135067569
0.07899636196933776
0.07808442452108433
0.02549760983804575
0.06907226421843664
0.0743155758188797
0.05378404205725355
0.08751353238335696
0.039766427220438175
0.03943847785910392
0.05451158014040489
0.01805018649612386
0.0270551140110651
0.03280568711619937
0.04674390363730704
0.0525197091827972
0.019541266142310644
0.023669689276012276
0.04084049934240755
0.033115998117794025
0.03695842975181206
0.044072016352291375
0.052310726516749714
0.06291715487927343
0.0230937457900604
0.043702617626021886
0.04664311349624779
0.050146154227303626
0.05102570050786986
0.04491515461216488
0.06016165252797898
0.044827860898551064
0.035037082036752154
0.03817869473196221
0.042036486056961246
0.043028892701236963
0.04838649699817287
0.022836946648970662
0.06450215246447798
0.058517374421010536
0.03146694296737324
0.04271568875710168
0.041848136609059866
0.030962487376186898
0.048473370946198226
0.03990732236205651
0.03785645189471117
0.04929926502787292
0.04842564226841883
0.031999908563167596
0.08470590448499259
0.052340624102027285
0.036902508183738365
0.02571827807431425
0.024765320810304203
0.03343905750334457
0.05347593508264717
0.05763092912032952
0.04495400793405723
0.03206204752481288
0.04261255776174117
0.04776974131560338
0.06800029761254714
0.04229673417815696
0.04649854965919597
0.0465712327147841
0.06888864896990536
0.05509131273158105
0.058016933198384045
0.05540571120925391
0.03428175185407493
0.04029470507852648
0.046545253843693936
0.04220678409910069
0.03524667540137519
0.07238758846897679
0.05737973817587795
0.030122155277760555
0.02337447729749332
0.0596467518604791
0.09672515854477438
0.056532497772851756
0.03945898603216731
0.035084913239392675
0.038046305903209475
0.024133481373924272
0.03032241832681587
0.026768602794543718
0.026215631778689772
0.01946938547488255
0.021333404023347196
0.03364512246189866
0.025600405585931508
0.04668009088349879
0.040402442215144926
0.0418117724212887
0.03436431899735347
0.026469558871870285
0.09859246220916183
0.029184633572127014
0.03689408791399398
0.07735967965635898
0.02835918740978551
0.04546592336589003
0.040251294192769016
0.05375700171085296
0.043184064729872226
0.08835689472413298
0.0897592757123565
0.0824276753815055
0.08238696400544133
0.08238696400544133
0.08085068111400939
0.08085068111400939
0.0806248930265599
0.0806248930265599
0.08079330297377134
0.07993128499755577
0.07964653497197836
0.07953416131927825
0.07953416131927825
0.0815965631355148
0.08272901950364102
0.0833460781927595
0.0833460781927595
0.08255339251199323
0.08271830914558169
0.08098058051416503
0.09523954553221549
0.09054781439793841
0.054269233578623476
0.06709146630149444
0.039164066635848004
0.03365210602546543
0.024879258352667917
0.07662832788860158
0.043700542996211206
0.0415696098034887
0.04097200088812183
0.05271529490769604
0.06358183986652968
0.06956075870850639
0.057750294665690566
0.04630711053920762
0.03144972160394182
0.03910873837745979
0.03751238120257212
0.04134183405580697
0.04699249651340228
0.04143746329491941
0.03629972303713916
0.028861402753545585
0.04456184242722572
0.046223742587975694
0.0574633424312922
0.04240337405754365
0.04704423752556134
0.06327729843636073
0.04638533486125991
0.06020619879088782
0.06879374739921976
0.030174865180569464
0.0240560446369788
0.042048886523030835
0.0436658642843304
0.04839436354910504
0.08337444298120902
0.07459404739949461
0.04099926573681788
0.04435146137703121
0.047261968026631525
0.028751849707162564
0.07050714571562172
0.0744386713648307
0.03920578387217183
0.046916495267038866
0.048613044840672
0.045797185029457996
0.039445109023603146
0.03225198736562812
0.03344632763021979
0.03286630415177744
0.020263855830911306
0.03183677224392176
0.06360508636188877
0.05594333255571587
0.0323575911856496
0.050823346058711354
0.05807866047087225
0.03462315240291862
0.03367481488510623
0.02866396247911754
0.08563432158227587
0.0826169740004953
0.07098164539490484
0.05152391295249144
0.042623061983874534
0.0740533733425683
0.061251151272851995
0.040617915374465956
0.05895010479588506
0.03488559868109852
0.06853250458779898
0.02677220368394742
0.044834197728832605
0.040380058188918204
0.050498775079618266
0.041214297926648845
0.02762647932961895
0.03691839831956048
0.042434464580896156
0.05676032058961204
0.06842111587518883
0.033256659292945016
0.019945628987555905
0.019163737919396143
0.01940684163073673
0.06172261529019521
0.04611624435586998
0.07548327611022436
0.06494777631470144
0.04642465155486562
0.03043572275066403
0.07059880456852102
0.05654001543875637
0.06701580635459375
0.04727372458603803
0.049694107991192046
0.029802904983295037
0.03201928419015247
0.04172763244609174
0.03927967709562537
0.04643033689509021
0.04669730808740593
0.039231862284159945
0.040255199753023524
0.03842167201371583
0.04205198502261187
0.04433616391736154
0.041762180226525364
0.026084470707672305
0.027862083027332268
0.03209001011265903
0.01978167849954328
0.03598760929821391
0.057408989554088276
0.05707597985643584
0.02857392789597537
0.05063696260946688
0.04887992070804732
0.017697264903486304
0.028132352066316077
0.02529718400152062
0.03810067328593355
0.037525201504901906
0.03168080769564585
0.04967517179720507
0.07352598589186977
0.062401340368169106
0.06138974404818816
0.05871968988717135
0.0529661230778224
0.037274617231045915
0.04700766679941981
0.033364213185829245
0.07200514024545152
0.08622429544851619
0.04461429907366438
0.047568564490544314
0.03882259615738135
0.04636073603823411
0.04471712002116179
0.060817662430521446
0.04009303899779789
0.030147365662481208
0.03454009882167511
0.02971141986357636
0.04787347309381306
0.09127117954024608
0.06440949159296737
0.05582496045075209
0.08009879438202606
0.048428738114745115
0.05119729538254789
0.025116995705126065
0.10607328879598718
0.11148279579488064
0.053210290549575094
0.053970132429152544
0.04152017677642578
0.06424813197441512
0.056661699242852845
0.04588784927017303
0.09388729139055227
0.014425056263026209
0.014668191901469011
0.03607557470984525
0.03811529351733698
0.03788930020996531
0.04062671719677681
0.05596747944400755
0.07372931410139504
0.066515304312531
0.06608860321579735
0.04738584635331537
0.0170833741768132
0.06797743738710293
0.05764230755537265
0.03399344933923394
0.03822963685470754
0.05966979264587487
0.04433462106175341
0.062407533134358095
0.042944201821958114
0.045157648740452146
0.03043070430272462
0.033634965537419036
0.06594121069453385
0.04625130379210394
0.03698375492483061
0.025815123332572715
0.06080130948664263
0.027944890065577578
0.03546267255125081
0.0832855817763388
0.07651358555960193
0.06652696763760049
0.040053373513449425
0.04604251766852918
0.044304774798849464
0.05874935015303999
0.06625249123429289
0.05060026391947988
0.05872351266253076
0.03447801017117974
0.03416995828153645
0.045775551351677456
0.039177361456289965
