0
-1.0122960498759166
-0.8757556848385493
-0.6474518824781439
-0.795024819415127
-0.4523322764854407
-1.1383471222868826
-1.092484166378071
-1.1647597985443792
-2.45804396077559
-2.2113475026511207
-0.49367642994172023
-1.7337818221431414
-2.256403835166833
-1.1480862286717124
-0.8924286680284276
-2.048059647399213
0.6768175704232953
0.7331923477620755
0.30497809375516904
0.35301830594605715
0.19716128405444786
-1.1104506756760912
-1.0727450629426376
-1.3703201392142645
-0.146792030493695
-0.14520479116553925
-0.7474824733973637
-1.564281315711498
-1.3474728747123796
-0.8705708940786757
-1.5055132895785077
-1.2521003439094311
-1.0921005739181753
-1.7082586212326674
-1.6253719307170613
-0.9502731241867151
-1.6268955443574065
-2.298663598850632
-0.8016154327370462
-0.17608379576855754
-0.50659021045006
-0.7693718154545383
-0.3541743567580026
-0.4109600049579983
-0.4865454517350314
0.09109177417668442
0.09109177417668442
0.11980439039761959
0.13985994985953723
0.0855481888751101
-0.9028917684340239
-0.5959494304104741
-2.1132006571773103
-2.4970523571996885
-0.9457313231109539
-1.5741928732166524
-0.752160408275536
-1.9734648248576572
-1.6590336975296562
-1.4129838641397898
-0.7046403877923315
-1.0183911548325248
-1.5428633893705799
-1.39685651664248
-1.119387200825903
-1.6794772669643852
-2.0601307343704085
-0.03711243098952989
-0.6346773207853652
-1.5648494601218184
-0.9189540682355687
-2.6422717932521183
-1.0998515160054285
0.31734844336840645
-1.8842281471352669
-0.9229847395292908
-0.8786384929840645
-0.752793336327607
-2.2676170123708115
-1.7995867493877
-1.9379596065839377
-1.7355034307571926
-1.6574890210446016
-1.228309271360283
-1.2578309682035895
-0.9960182080979291
-2.09542447697528
-1.4529543134355414
-2.0638138391250385
-0.7159347454185846
0.352437285583141
-0.42796942886415507
-0.5517492546700803
-0.6502497743566127
-0.11720331948771534
-0.1985195148414156
-1.6295258780158952
-1.4188267814838007
-2.658683178081533
-2.7469361833353942
-0.0670717157656322
-2.6348297747062555
-0.5356622143171849
-0.6870380871926689
-0.7499905736214317
-0.7027981575454927
-0.6523835585833175
-2.0940222075655193
-2.31696285747907
-2.123829090339954
-0.9438480479334618
-0.6324497829812147
-1.707461377071411
-1.3589155368899712
-1.6529170186108497
-1.541662851023314
-2.0659209293599132
-0.6188763308991736
-1.010172619508327
-0.6566154521178288
0.05325937823672487
-0.409977269102258
-2.2340247330935292
-1.559787193912148
-1.0149304919803521
-0.06725342651952439
-0.6886530297548599
-0.7816911707756529
-0.35976302677743793
-0.11328003472990694
-2.49624052158427
-2.5151724891665648
-2.1758432289137826
-2.147941395694371
-2.1709192327572655
-2.4376476889440086
-0.9713126405723992
-2.6071025035331328
-1.1496882315452426
-1.4291941017723058
-0.5076338597393553
-0.019771577789661817
-1.8636429943475312
-2.103814392848793
-1.49275682978034
-0.7868974788304814
-0.863004886418346
-1.5319684170743813
-0.48365869645349474
-2.3660869355530223
-2.394256144730168
-1.2361729620428843
-2.0154350932018583
-0.37817329661958077
-2.0959630861403262
-1.80685687710104
-1.451649610504291
-1.8696429913526709
-1.4299136094577352
-0.7330933449844691
-0.3079254110701785
-1.3559840337710702
-1.7618279985376943
-0.10221572198959161
-0.5099569040760964
-1.7486663334911192
-1.8569359735152566
-2.4980239691149286
-2.1899324649766507
-1.631933835620218
-1.1888975379979991
-2.1937990216239975
-2.159204700646994
-2.464194108567696
-2.528691221976798
-1.2103084535690267
-1.4221178299401454
-0.7088254532012713
-0.3698493776943464
-0.8044470070800792
-2.744318597605208
-0.9633493628117576
-2.328907914619574
-0.9792688967692171
-1.2393321735588945
-1.6208126227839992
-0.40893857036149683
-0.664545968245372
-1.089614772418351
-1.363511063286054
-1.6602382049489117
-0.7893416238164764
-1.0179467114549565
-1.301606313659497
-1.2786096833046507
-1.5299669276166101
-1.2076025945729598
-0.931153608012838
-1.2755524619873502
-1.6642676501908473
-2.277219650224276
-1.5310590805407323
-1.340173949014531
-1.3828163757785499
-0.7912431397160938
0.1991773519575047
-0.8425513996279455
-0.5617424785206035
-0.5617424785206035
-0.5976188456903868
-0.9805417972156016
-2.367742911316796
-0.8030746614810724
-1.0833682546914385
-1.8253574408179891
-0.8653919779919648
-1.1552596350804742
-1.1548487317222476
-1.0125854196162016
-1.4731227337659059
-0.31662533827772765
-0.48831722240507275
-0.12932577337306336
-0.30785625364543173
-0.0004552657674716642
-0.2000063674346487
-1.4511359399303378
-0.9559474068451468
-1.6781139850652167
-1.678230618896585
-1.8929225255912365
-1.206012197688557
-0.7837550740565176
-1.593948351861176
-2.0182807525174185
-1.3286046457824774
-1.768698492732384
-1.6107986622223482
-1.5010137965372148
-1.6911950053566591
-1.2353646142287968
-1.336702008012343
-1.718769745776254
-1.3351076662506038
-0.7831847406867144
-0.6585410616538695
-1.4023054736828597
-1.7611597764834486
-1.16505777810805
-0.18866181710876967
-0.2719356924805942
-0.2988343523379022
0.08518975096524607
-0.2692598051423547
0.009271259018207807
-1.1491114413150951
-1.102065920235114
-1.3394398035616188
-1.6774291753793984
-0.6292611785632424
-0.6790730723694465
-0.7188436055503091
-0.8163826594779838
-1.2729048342608367
-1.2945313085714727
-1.6322143571478935
-1.663001316757834
-1.559944649103406
-0.26329733655766435
-0.6617646162172168
-0.8822208420367806
-1.2930980729316388
-1.4968613301053617
-1.5053660085374982
-1.5649496267641079
-1.8903729461540433
-1.6123277556259827
-1.3150810946785552
-1.2178209313261859
-2.421471168423359
-1.496584788753613
-0.8508983939132092
-1.2236433295963902
-0.8940817729908794
-0.963108634249506
-1.4770230608899937
-1.8790827749455312
-1.4853285420730413
-1.4289046819432578
-0.5038173881288999
-0.45828138208436625
-0.38982999580388716
-1.3189901114554825
0.09715370713748783
-1.5300695714266592
-2.129669467521287
-0.618572570565794
-0.661942392999824
-1.6478411550189305
-0.8121698885023314
-1.4587944565660664
-1.5748326559786383
-1.9516949577882154
-2.4748642560126135
-0.7713901055809618
-0.5309339056354982
-0.6506613960739618
-0.6462624656887216
-0.44343844208667
-0.9898695630380868
-0.276242530434785
-1.8469573280044262
-1.7907863107366107
-0.8613188941248877
-1.570629997998198
-1.103292211236686
-2.255311708922171
-1.302573600460433
-0.5701046368964094
-1.0386505733273388
-1.1791861724485815
-0.6192150613513367
-0.7532258416438128
-0.997038948942726
-1.0617438064622757
-0.2329021816062715
-0.5489725825076855
-0.05760287773785294
-1.540899989236584
-0.36533098271567843
-1.192927260529097
-1.229252211998774
-1.8553396337356713
-0.46837095565211506
-0.6426988817557291
-0.014059945292176704
-0.1068064814665823
-0.39634366228917195
-0.9744584077713933
-0.4335778451025955
-0.7654236014743359
-0.1696794360198861
-2.0884794638605135
-1.4330676292480955
-1.710243139158229
-1.4899696929363515
-1.2268773358918668
-1.0346713103539098
-1.078142407656284
-1.1209376808019862
-1.4517420761830255
-1.2846588470342062
-1.3431841745717155
-1.3119958787417705
-1.240247865051711
-1.5583914353571204
-2.0558124576176837
-0.34996783005187826
-1.2401034831657107
-1.3106858799593006
-1.3106858799593006
-1.8070902381948177
-0.9978126806067891
-1.9701939951870893
-1.3857167445021898
-0.9290204961693646
-0.9668012241544653
-0.17029298687963176
-0.7759691462778694
-0.5399261794252941
-0.6297381721952202
-1.5938565182763234
-1.5063060268293125
-1.214156974106529
-1.4599963522078787
-0.9949349417818396
-1.3473817338083862
-1.8221168766362672
-1.7021921349229236
-1.7367862677074846
-1.5874909603578948
-2.1429038628689945
-1.5766609672593956
-1.3704617222569295
-2.195606817370824
-0.7184029917799777
-1.9103510211425858
-1.982851329962583
-0.474822541725533
-0.3884747731749566
-1.1525501812482914
-0.4906242261680868
-0.19908117371833547
-0.16419550238556074
-1.7729017385641297
-1.3248724582771443
-1.3978095194077864
-1.1971564933919818
-0.5207196680569034
-1.2129025137247829
-2.21090135908781
-1.903017679625135
-1.0847500065473707
-1.379522252000144
-0.6608250630506903
-0.12909390024422587
-1.9696407134320704
-1.9816431950768936
-2.1481142853729644
-1.8633438846182584
-1.6936689054629848
-2.2213819560820744
-2.7300963216040337
-2.4391926736439613
-0.9910547800699843
-0.7598292052596225
-2.476433962640388
-2.587094496749345
-1.0143453784500847
-0.36406759120823384
-0.7325999127818943
-1.133793083656638
-0.887651840207019
-0.5550352989408858
-1.0365655344087745
-0.8896495252155985
-2.3010188338320003
-0.3593848323085405
-0.5615579739203204
-0.0909277798566851
-3.1110304232601336
-2.5895132024263146
-2.6749365282806314
-1.0539040296556115
-2.2113197258122024
-1.038247452830913
-1.1037611171122053
0.12025539926232966
0.5688008676704067
-2.134752760316339
-2.3404077091095754
-0.7800598434032636
-0.7941180667414224
-1.0572060737511442
-1.254746486990772
-1.6567855965857787
-1.8236986268406146
-1.7213458156224215
-2.1739508175871034
-0.4322451914633277
-0.6737086142800135
-0.7280895021519299
-1.8117134081958717
-1.7021736195112098
-2.020941009455202
-1.5825985562070193
-1.6883549916179132
-0.2058776425575623
-0.992301953500983
-1.2471445314263583
-0.9113293481578232
-1.5181158393107574
-0.4187945140812906
-0.02603518764964645
-0.6279598846928848
-0.3886312492137039
-1.383251186925929
-0.7513747956609906
-1.0524125361712597
-0.48308734958364313
-1.104566353780185
-0.952076913275029
-2.1323483231957754
-1.699032954504406
-1.8653060829834294
-1.3703452361278683
-0.9295996840019654
-1.619657099277454
-1.3269651900053725
-1.4492317941480806
-1.0415384555314147
-1.235517325224161
-0.8244366873638116
-0.8126337104036618
-1.2743739704713966
-0.4129168842347678
-1.9247670382080058
-2.1684110076167307
-2.1684110076167307
-2.1684110076167307
-1.0888613634253455
-1.6887362849862995
-1.6009388383226408
-2.5285861718132674
-2.737734746782711
-1.9669709016210166
-1.154431241720427
-0.6578918643105075
-1.4125656160271285
-0.4415447325296574
-0.21599675336190646
-1.5260178489803824
-1.5337196562828284
-1.6692465037036588
-1.2225726274861783
-0.9653741771163924
-0.6754931859754412
-2.4448171571822663
-1.1180292988780043
-0.8591603536162967
-1.6250948563343564
-1.346624775039658
-1.9431320319157301
-2.255888750408434
-2.3128618420175044
-1.7416017687758842
-2.015789375695302
-0.3315758916317465
-1.1794933237202037
-1.3220649245853904
-0.5797134232773736
-1.6676092670372706
-0.5256932092290272
-1.9344632257691712
-0.20602988363237557
-1.7690255187934836
-1.1826773807734465
-0.25559425859633633
-1.1272165229295066
-0.20109465381105837
-1.5061717056439916
-0.9107949926905463
-1.1056769856152642
-0.4190532026049766
-1.9523050074314081
-0.8977594895173518
-1.2056477374427679
-0.9576069005657889
-1.1517266231450567
-1.2505264976869792
-1.0300727218349948
-1.1725530962417745
-0.5107656227819201
-0.2256919282213701
-1.127445260654788
-1.360951590399826
-2.1130765819469874
-1.644979419672958
-1.8395287452306333
-1.2546051773331912
-0.9555915376936962
-1.086381092811054
-1.5779495655387037
-1.5568602253190587
-1.6190836373079829
-2.2920221419072546
-0.5851975634257786
-2.0339688222597516
-1.5191406566047112
-1.4795370256040297
-1.0067229445284804
-1.9382279860318075
-0.8341391723876708
-1.5786594476054467
-0.9265387145869465
0.47313265732265286
-0.03046559140465796
-1.2874701216884465
-1.001753605341931
-0.0005854400703401968
-1.3022285822275497
-0.5579321799340342
-1.0843403667233307
-1.6911203898213332
-2.229341982191767
-3.0455601811191575
-0.5692681526910021
-0.8455662032281199
-1.1889660043085464
-2.2089033080221823
-1.9038786669193746
-1.4977708140137806
-1.3090826044303838
-1.3549605794445483
-1.296266115087468
-1.7157466537190698
-1.6165014321410072
-1.6263380720863558
-1.8311400843478434
-1.4607303128696765
-1.3000033662244685
-1.6449374146015943
-0.5655673518107174
-0.7048976621987516
-0.5670422584691344
-0.747365329668787
-0.19100091146589965
-0.3705260211521708
-0.8543040315067851
-1.0853129539899022
-1.6083420754902948
-1.6016527855411558
-0.9084768815850333
0.33733396031055096
-0.5495690231079187
0.11572477138719219
-0.8513172757401212
-0.3687001977294824
-1.0362090661610954
-0.9744718323307388
-1.0610584291525318
-0.6176490224990834
-1.8215243644225056
-1.5819697392349483
-0.89297484625311
-1.6229867275671936
-0.05652025610728684
-0.11248921227517311
-0.7166510377692339
-0.7166510377692339
-1.2649222098519688
-1.7263659204544337
-1.0984480235504896
-1.0656626712955877
-2.1809663155451697
-1.6953402197270142
-0.49897258147384077
-1.033494362876772
-0.7463774346265146
-0.7399588354682538
-0.7308053045018106
-0.607136930439074
-1.1148257229618843
-1.4887569648238235
-2.250773116171511
-0.7663784320536157
-1.4226244308322504
-0.6621363888412891
-0.45779785472061874
-0.5989807539808014
-0.3064411400219146
-1.1074865328950125
-1.9679201828286632
-1.6624436890867271
-1.270064454544412
-1.366333440278032
-1.7316998899770093
0.41779475507695335
-0.8705520975804056
0.2952929125259828
-0.4236278177164651
-0.47527538706687006
-0.622947304622758
-2.826197799664039
-1.5901912521631332
-0.9184465135962478
-0.7294356607783081
-1.7078680258690675
-0.9828755362007515
-0.5246348975562933
-2.0592168806214093
-3.0436532641554983
-1.2478036990872603
-0.1979195943397911
-1.6372676474003882
-0.9185496616867558
-1.1757658326295928
0.52382827498173
-0.4530182972906491
0.037703623320109916
-0.5061667420761105
-1.1041169461868492
-0.8111827265720769
-0.7149128437609866
-0.6026646005872869
-0.09533959234361968
-0.8088754508033337
-0.466514831307432
-0.08588715525535304
-0.59283854552661
-1.1596800550024862
-1.326755245731085
-0.1457030674538121
-2.8787974490428963
-1.468485238904333
-0.7877895229533185
-1.058823795178898
-0.24572030311915563
-0.40082410934375845
-1.042105807005206
-0.09102402129887452
-1.4833606834840776
-0.671141622332307
-2.0334006631821344
0.3277421582582614
-2.696039269968701
-1.296698713986953
-0.7608969875454172
-1.5226134194017207
-0.30469377106952045
-1.0271962472932032
-0.8427545372495749
-1.18683273212982
-0.5160578947261424
-1.030562160939633
-1.8596427781204936
-1.0848508026175772
-1.4860015542682534
-1.939703833119569
-0.5199823336523034
-0.9667474678919504
-1.9818619938967177
-1.0605443092844373
-1.4282066946948369
-0.8840860380064369
-0.9466331063763789
-1.2178967109974261
0.38664708776989726
-0.5124368343408193
-0.7261021984565613
-1.559609251587535
-0.8688869393010575
-0.23148670336539248
0.2166163216381933
-0.48289776972564996
0.055721658577583565
-1.7389026662431422
-1.5411594034376175
-1.9035830240806944
-1.8171414264873325
-1.5434745755729489
-1.9231079587470652
-0.794211864416272
-1.290289385164962
-1.84238254629298
-0.4942707733887701
-0.9654219061750932
-1.1955672848665504
-1.024490015729902
-2.630127284180954
-1.1824059363636135
-0.30369265343279134
-1.662426757712833
-1.8273657969105734
-1.3238115649022006
-2.6047183958541584
-1.4503732669856904
-0.43516938503725144
0.07574700943937211
-1.8676406680783515
-0.6017586954150466
-0.5348218120302933
-0.6118951515074671
-1.1381817972620256
-1.9186972926434356
-2.703577346128588
-1.0969465892519494
-2.0566773373410108
-0.4755439374514854
-0.852731626105737
-0.9949351023073737
-1.6181875535409884
-0.5916836775787846
-0.30579015162540263
-0.9011134419361346
-0.7770401959734523
-1.165400259116097
0.1713048546104643
-0.06024189933557605
-0.7882209660427193
-0.4228468464257159
-0.26300381908824255
-0.8237931542221641
0.23993750586442117
-0.9714293331510034
-2.056607376661149
-0.671620191082435
-0.9042533144124809
-0.9797925140270165
-1.182384883841779
-1.1970453411134403
-1.0300040000628727
-1.859095685748576
-0.9658679319765952
-1.3830775774836368
0.47973359542297234
-1.4681686687087154
-1.003117564314334
-1.8902723623234174
-0.6495089085087147
-0.3223998208734924
-1.3701133636246197
-2.380004265954264
-2.25634224680445
0.24185454691445984
-0.947238296316443
-0.6235490405172714
-2.2239668075014496
-1.60230162849725
-0.6348764415660944
-1.4415500588306525
-1.518438379741505
-1.431770972697352
-1.4472138462714839
-2.1275350863715095
-1.8035460943774007
-0.5019009562926418
-2.1718985611876263
-1.3533885788855606
-1.4185436558116413
-1.3490301416718669
-1.907745409002669
-1.4085771293055898
-1.2069777809613225
-1.938615694161478
-1.3066740581856056
-1.6326341759062637
-0.8964317654508234
-0.8385891745269848
-1.8219466063508354
-0.752769012245564
-2.630645573097101
0.27116239195298536
0.35661540794968594
0.8644575037069877
-1.5380722014050796
-1.6075299517220512
-2.3499969616971503
-0.7809002414874989
-0.22780577442272976
-1.100055961571507
-1.1637634372745387
-0.77362470376463
-0.5116327428026628
-0.7602505266520015
-0.30615564999773937
0.0749290689376079
-0.7317828914421709
-1.6329975199275908
-1.4107934607263695
-2.517459731933387
0.09319547348177781
-0.46328696593122054
-1.431760767874078
-1.67216752624768
-2.389684903196774
0.5957842954080358
-1.7697821364010042
-0.9634905269320457
-0.5999003392110281
-0.8317696393722663
-1.3064675399358263
0.42085831726422623
-1.491834014594928
-1.8910253606749756
-1.9288547015299038
-0.5012089468859943
-1.4308472962848915
-0.7600308437055285
-1.358755856935957
-0.1786421068823593
-3.064722465617786
-1.1997091451627842
-1.4420837223796763
-1.1666334740176594
-0.499831451849559
-1.5768681579081296
-1.796922155596506
-2.0523491396563447
-0.5288093721469582
-1.207730052177198
-1.2872242984297448
-0.5270628792781953
-0.6818850800579223
-0.2957316728729407
-1.620220050071509
-0.22970212743195928
-1.2875426778125643
-1.5609889096162142
-1.468449240888548
-1.6771408953792621
-1.9510114034113464
-0.8863340904920477
-1.661781329866626
-1.7635837486495691
-0.7332292019015199
-1.5613464120090588
-2.0412317086202183
-0.8134893311370004
-1.428997709575695
-1.0996048685599562
-1.7992764105644279
-1.61991299127118
-0.6736713879711594
-0.5131422491395461
-0.5393229088493441
-0.09386629701568056
-1.596509363517186
-0.5618298096852421
-1.1659932310540289
-1.3015831403806097
-1.7795425379535397
-1.1435081446548678
-2.0520561403889532
-1.3046079915823479
0.07862349738856467
-0.5660284207374154
-0.30866530626984845
-0.7601605732099722
-0.35563773630759965
-0.2934406761410841
-0.19863489096227455
-0.5056112657140676
-0.7173745522075158
-0.5250641442552683
-0.4997620000610035
-1.3115009761561447
-2.3125396747371023
-0.5446816306801504
-0.4557400490925526
-0.4660378790203443
-0.86753470116789
-2.0847677382387952
-0.7527140885080853
-0.5672329009336847
-1.363934330782432
-1.51547775225201
-1.6076740714179785
-0.7855070101037808
-1.182356987528388
-0.46111754084176215
-0.3933427666299013
-0.12487672183909075
-0.9398170483551864
-1.480847816777925
-1.733109163476302
-1.389173675037822
-0.9310773510438243
-0.26571655772783764
-1.7013214257208074
-1.1612287718974303
-1.608505256643132
-1.270555383112791
-0.6890024697376756
0.18346376370559245
-2.2239897779593933
-0.629940036519919
-0.8804717602157348
-0.19825273042231079
-0.6031509608756618
-1.656142311332457
-1.8823584813790013
-1.6520582278117557
-1.3333778727766832
-1.3487806322520495
-1.8118730130958456
-0.8445177311529781
-1.5473585603040299
-0.8852427685020579
-0.7755748880107549
-1.988579247527147
-1.2768225143437069
-0.31486495625959904
-1.1662401876936828
-1.6392175443018067
-1.409928927277912
-1.8408180733217323
-0.5543791027571523
-0.3336911817357788
-0.8459950334430112
-1.3199731094074032
-1.5830009811819998
-0.6902389189563976
-0.325239729876022
-0.7158232877725657
-2.2276191464630757
-1.568185350949569
-2.7004015738811264
-2.7450076623299418
-0.7489425369987804
-0.34724027208151564
-1.975987361162448
0.4346709708999314
-1.4753860489160993
-1.1319949576225596
-1.9955013482751922
-1.5490084498289025
-0.6400665171654395
-0.6177016015251625
-0.5100589709573903
-1.1286199341945982
-1.671415009304334
-0.9663516133824853
-0.25551456049703575
-0.0016765040361741423
-1.937648790897566
-0.6953266509399292
-1.457202409069689
-1.6949170045672737
-1.5487739521878345
-1.2802734874093578
-1.9112759643801733
-0.390601055846913
-0.3702353606821057
-0.29881242765650035
-2.799905236341638
-0.3561176573169584
-1.7782056908142139
0.4127762356954409
-1.2426704070547767
-1.27687201303061
-0.5628804370492357
-1.223778651545911
-0.48773140370071033
-1.2522379605787237
-1.1063489457304605
-0.5545479502005197
-1.1251650601972214
-0.49584911894737904
-1.0112351910333508
-1.3704369118545867
-1.424520122541678
-1.4592246401400368
-1.3235597330099067
-0.8464590789953503
-0.1343915934158211
-0.37106747753209
-0.8625820427531518
0.5635617055024255
-0.8228458890702263
-0.8338916732208963
-0.49012281907887767
-0.5148466662902325
-1.2390320342411982
-0.5406468535771951
-0.4157979312659998
-1.6858567956988446
0.35201398457057825
-2.1505404707560136
-1.7251922009785152
-1.6874711601848047
-0.9680689706419144
-2.311027901094721
-0.35892449322001657
-0.07683014949754982
-0.7223176569336082
-0.7596547544762994
-1.5654292570111392
-0.6423936669175739
-2.6876785322775336
-1.2102031333711942
-1.7231692845791515
-0.42896031340016183
-0.8386232609748406
-0.4293968613676105
-1.9614778111391007
-1.1136366212709
-1.8897399399399633
-1.6541689247843976
-1.348969393287572
-2.1945510536636945
-1.5390799639070532
-2.547182094217597
-2.5606488936980067
-2.8440360670962064
-2.612609719208884
-0.12033085916576874
-1.8612496867739765
-1.6618837447730272
-0.9266496047258378
0.032209270203477844
-0.15514537550899823
-1.1319863429218648
-1.0942094413104977
-2.3031722223340383
-0.28722960365963124
-1.505115102893396
-2.288268882231844
-1.756432992234817
-1.773144319202015
-1.7812704589265955
-1.3356745482827639
-0.31055044830643896
-1.5796600843913335
-2.3811600842631493
-2.3604469797644914
-2.3604469797644914
-2.383514801565022
-2.40622212828639
-2.4124428189352476
-2.290910497344938
-0.3926803677794748
-0.14513011588824035
-0.2597362663483346
-1.2799266158102058
-1.1758624834493054
-1.8935460305191416
-2.111802996836043
-1.9023929224850875
-1.7568454745400617
-1.425744691541558
-0.9315492270116644
-1.5314018234609437
-1.4005389714569572
-1.3917661762681677
-1.7920526004005588
-1.3311970633035168
-0.8551633028844429
-1.0508624736968781
-1.0045268025596061
-1.5229577358904398
-0.9340916121847875
-1.8578290654187977
-0.550496974694262
-0.5159428864552185
-1.1203060412212142
-1.861513874242123
-0.3612928374366058
-0.8346701734960714
-0.9996550891079058
-0.9967524843265857
-0.7289093978183326
-1.9915305125720175
-1.129845598241551
-1.7384644007106587
-1.5806647365000002
-1.410541633957929
-1.147131415583675
-1.358649819671949
-1.0018155725938953
0.8258604329573395
0.8181167265488754
-1.6725256394950094
-1.9847425045881073
0.10188095056347642
-0.3516257076821135
-0.415101861039417
-0.22739588104804165
-1.7925149067981552
-1.0378530049141643
-1.9910572853037545
-1.7347467981955782
-1.8313350590114035
-1.7337824648791689
-0.5602892258223252
-0.5884930540948621
-0.2788867602242168
-0.9246276782243616
-0.5366470102158285
-0.5060299081631517
-0.6588702236305948
-1.8036642026608674
-0.5177708231972125
-1.9421824270896326
-1.0380873975190965
-0.916927535912139
-1.3085589280431653
-1.523925822066593
-1.150461473114185
-0.8397518110550971
-1.6803995578559907
-2.8070172872828096
-0.4414108515747382
-0.7076208690119559
-1.6141516834752196
-1.3931966762432384
-1.3486971871462663
-1.3159249990905577
-1.5922904668249858
-1.4083185280268053
-1.664247219056381
-1.48141500064777
-1.660614208131298
-1.6940630111966117
-1.6783380705077515
-0.1607536122796821
-0.47636122716364965
0.0518772202116815
-0.4613099808880602
-1.5034110507307905
-0.36263604828377166
-0.26797702295989995
-1.0572001022545554
-0.512726457716824
-0.8609083708355829
-0.9574685884417511
-0.4931191874883156
-1.3729444793693413
-1.7396429627442638
-2.124450394710744
-1.6514230157236698
-1.7642563764716541
-2.5757248550123473
-1.7698819953144802
-1.8539619510366894
-0.6209017863093513
-1.5914346040889082
-0.452054543714987
-0.6828552017703085
-2.3315712328887095
-2.655476620041973
-2.0136204586325728
-1.736398396418228
-1.2177829135949527
-1.5240831395665084
-0.7585299681566536
-0.7486382652183448
-0.5238311529346474
-0.5918476121488758
0.051905710689287995
-0.4042580293682686
-1.1882904414978825
-1.3968166540117581
-0.5090280344382254
-2.1053545333778194
-2.085564364046126
-0.3084086065879869
-1.6017013292345006
-2.184395524284542
-2.1071626069917775
-1.561482897225949
-0.47103866009048717
-0.23248023271280355
-1.5592486708490374
-1.6103113146412509
-1.438722120833097
-1.440097003427875
-0.22974100814243956
-1.1871243861269603
-1.7156383306086194
-1.2115616131514828
-1.2194942632999595
-1.1229198265633313
-1.9599289164448253
-0.8226869960116064
-2.0639445624757293
-1.211401629444685
-1.0560207798989611
-3.4944450430408622
-3.787543453647163
-3.7794504429792055
-3.6754318012288554
-1.6072796548194748
-1.4835603443408423
-0.8604771800018023
-1.6643586534925745
-0.7977887775048998
-1.235913871845453
-1.5532239749709777
0.13177232188111773
-1.1344893085901402
-0.7652937156023457
-2.1542635901604257
-2.102725728850625
0.03797440940086683
-1.5190808882405635
-1.1195131786581962
-0.9446951919141778
-1.1637695800577244
-2.016577280823466
-0.9072226370787294
-0.8564586371586305
-0.8654458626033684
-0.8654458626033684
-0.8654458626033684
-0.8654458626033684
-0.8654458626033684
-0.8654458626033684
-0.8654458626033684
-0.8654458626033684
-0.8654458626033684
-1.0384176567570342
-0.8774454020607751
-0.8433483537816587
0.4432797511678932
-0.46540957171175856
-1.0648937225282091
-1.1668063681557064
-0.6472187291053467
-0.7176524692575378
-1.124605675644948
-2.0071001129680086
-1.0456375057572627
-0.09013671684576985
0.013536733515798205
-0.007336900245668299
-0.3348912648878105
-1.5499596150117463
-1.3844494698515164
-1.8620379974732606
-2.6305331799617155
-0.8958993211253213
-1.4778667904574676
-0.2803802640383679
-1.6471063801561443
-0.3053627607517534
-0.37787075695772004
-0.6617645908951271
-0.577733740711558
-0.554497813469204
-0.43167352126036557
-1.9698792349496002
-0.8675068667892246
-1.4795817350150864
-1.0458040214856898
-0.36603840619322986
-0.6506441675790388
-0.902528772806653
0.054098164412460625
-2.462419448417094
-2.2577814454051706
-1.120125709895513
-1.3015924526531149
-0.6285250190224583
-2.4936576858417467
-1.5608473021048805
-1.1457554675010102
-0.6113304492591866
-1.2704403854379605
-1.099789666766515
-1.0186962614913373
-1.4716023141107244
-0.9143347158949847
-1.9996028426683903
-1.8689807609979245
-1.189111736196598
-1.3453022622926938
-1.2920962416024868
-1.4330353468626804
-1.835123306233505
-1.6833040084233677
-1.0769458430522016
-1.7441803751025375
-0.34862178085096196
-0.253318525771309
-0.03424673337253773
-0.511606144199936
-0.9918740923822831
-1.3560252383244105
-1.5574558138987737
-1.3690352717073178
-2.4797974199370385
-0.8907800325309317
-1.5746715573901597
-2.5653637959766193
-1.8188472467772847
-1.7172099799629594
-2.666352604866973
-2.8260948624148257
-2.2390722973156603
-0.4411604141100247
-1.5546148765520973
-1.6010789151002078
0.09465586464867347
-1.3200002456213766
-1.42341355254848
-0.7163127372984814
-0.9452071962934656
-1.1782564246128449
0.12530718159040277
-1.567145787898587
-1.4527833832172368
-1.199318583185621
-0.2698973721013559
-0.8838593335617451
-1.509299810836736
-0.7940835819909169
-1.1282220734419002
-2.120576849179248
-1.2670600219706374
-1.7900394713931038
-1.552250897137397
-1.8417197048150193
-2.8623504585768846
-2.595985546556489
0.061554427510045355
-0.044801859453349115
-0.5434109504507758
-0.13259735629006952
-0.7652183276560266
-1.0519066948507845
-1.23161880816023
-1.5977295273081986
-3.357113188287874
-3.409030872335511
-0.933064793999163
0.03282200784022034
-0.0875076042104834
0.17931923601134825
0.7041639454307014
-1.8452843222080484
-1.934763863270451
0.41544707013216076
0.279046494420234
0.1442420991927726
-0.35359070260533443
-0.6341172521910435
-0.6756719283977141
-0.3875504032152526
-0.4198063960186025
-1.39950661157664
-1.7003753040168978
-1.4768651505638124
-1.4343569864704917
-1.6430039024363057
-1.8142629485074309
-1.5047136797222693
-1.614383035266524
-1.3282005461224737
-0.3494708530177659
-1.1285511987828845
-1.421686907294489
-1.448455404566642
-1.815130771899191
-1.520782610791616
0.5326323831996657
-0.43574948171878164
-1.3605915398114978
-0.9794336411867425
-1.037471472878929
-1.6008065032402083
-1.427617213915115
-1.6358261221233963
-0.9659020640117165
-1.5379557997780369
-1.0092571584479866
-1.4222402481806322
-0.6397403870629896
-1.044521021103463
-0.6790339760891593
-0.4191067768009545
-0.49698494848431873
0.15113031162533683
-0.2799606870262431
-1.1635625716096472
-1.1028021597075166
-1.046048661061353
-2.0804507226103066
-1.133751854695517
-0.5543930355447717
-0.8946821793409305
-0.5565468483236451
-0.6753101019123227
-1.5025859128812245
-1.7220437610928157
-1.6286222355206361
-1.728500631157958
-1.1302936933792662
-2.4830046877439367
-2.3890574929152906
-2.432531099950405
-0.8242347479173033
-0.8142709366698334
-1.1411564619664285
-2.296067316365868
-1.3322153905679823
-1.0211830721963502
-1.905254143083567
0.1249026157945622
-0.3281800956778001
-1.4485398164275956
-0.22965282582050542
-1.108765531313216
-0.8917984307224991
-2.164000067396203
-1.9246933099272594
-0.6613002416888019
-0.2595594353475175
-0.42104202493344933
0.10090900436633228
0.40094259278544975
-0.938632959545802
-1.7075152996164074
-1.2289743915338092
-1.4767463581011215
-0.8764786223034847
-1.76807538623756
-1.8791652971318398
-1.2489687888343943
-1.0098601420099604
-1.363866584271771
-0.9119612707624971
-1.2049832973209664
-1.4956532593179626
-1.911248066986697
-1.4855574274890653
-1.7965146001231957
-0.4991430994209778
-0.6941716925157161
-0.1423991047758678
-0.4184581569801303
-0.13697099351396488
-0.4490558836740417
-1.3192310281053303
-1.2798975034949178
-0.9236133816460159
-1.2335768748672722
-1.5155578786256259
-2.1422142422272903
-1.9162732423200322
-1.6418317752774578
-1.951067977998849
-1.969783550008549
-1.6120673092367952
-0.5413278105281024
-1.676073486009581
-1.72641881336726
0.1527651681783707
0.41990706552187296
-0.09960129620840066
0.32458322653342375
-0.89604342458992
-0.5016355752017659
-0.07193525107413985
-1.2633370825727868
-1.954950851831909
-1.9236694490284485
-1.0735573885866982
-1.1126589450971103
-0.9598883574287165
-1.0649257061389452
-1.0500626219664966
0.6041849043738158
-2.177120670771156
-1.6022528724880718
-1.6939486509336321
-1.133452900409271
-0.42127410913662056
-1.2149082035936476
-1.2587219078254566
-1.1245944361830411
-1.2193126909796597
-0.5270184500724194
-0.7984530679795494
0.16838820350335162
-0.292474550526227
-1.3392159102342809
-1.2821917418811088
-0.8838158971867122
-1.5417324228781937
-1.4923882286510972
-1.1998200734742197
-1.1153167531085293
-1.894681565131841
-1.4060956770041795
-1.1238540531372618
-0.3197246678357903
-1.024284557180543
-0.7369093310183589
-1.2996156326633062
-1.6497234524753412
-1.5477588902238
-1.403156365542738
-1.5455863068423665
-0.33276827394548497
-0.8048253741667074
-1.035981781612181
-1.9649058313355572
-1.9612678019177185
-1.8394118814191531
-0.5969945759344397
-0.6986751192203593
0.4510705561942881
0.9749325465142268
-0.6211715407489702
-1.6190156697223057
-1.597712239777705
-0.8796293708797437
-0.5286650162125356
-0.44506144815021675
-1.629815692664873
-1.0282739276527153
-0.06369459369229759
-0.3612472508234883
-1.1001576517224962
-1.2198364644670836
-1.2928307726428405
-1.3722495043764151
-1.735568248511129
-0.934445217759872
-1.2506748911132528
-0.3025407402761323
-0.6354817883984608
-1.4518044749208967
-0.9503991994085832
-0.7955731376590898
0.05458075295094615
-0.7143870361206743
-0.004584499117163028
-0.2073136825241283
-0.31874334376188784
-1.5348054141623242
-1.7817268183552766
-1.5818024569578586
-0.6650538879199842
-0.7886840330870819
0.34365973269057953
0.1394703825814495
1.0419434779288979
-1.3662907524182386
-0.989462716504548
-1.2307462194422283
-2.511340936156158
-1.0266629543872412
-1.9606922221032543
-0.4047437675098435
-0.7290354868168327
-1.5280653896884204
-1.6499998938574303
-1.3943752878654676
-0.7226079566135313
-0.6633401121362134
-0.8525169316205018
-0.5784285134233036
-2.1455046669015294
-1.2082054234673072
-2.5922431064379605
-0.7903347018132113
-2.1289242058869
-1.5041736108171133
-1.8145911382992803
-2.0029728451919016
-1.5076396967810286
-1.292154920735196
-1.4665862247960741
-1.476507842613848
-1.3929257532070383
-1.5360761575499575
-1.3695276999663608
-1.6526741025762683
-0.47585952552869826
-0.927844974448301
0.19526820714240326
-2.8201051593799473
-2.6451043440290145
-3.1720417641445517
-3.5261190593190426
-1.3754062430954976
-1.5831680220518574
0.877725570634775
-2.4480579261793207
-1.4364154648529057
-1.3174465399894086
-1.7942581755117788
-0.7214508765140683
-0.8139213331474877
-0.6045312660749158
-1.151465627852304
-0.5551944877942049
-1.1259088972928086
-1.1045959236887568
-0.48036526589524947
-0.9426064975575403
-0.9138330026398763
-1.2341351466679722
-1.516456279944022
-1.4208426778013699
-1.218408526286266
0.2505070726981234
1.3284496271043833
-0.39998820135248986
-0.19096717056361456
-0.4414381555935182
-1.019965310142688
-1.5480378917512378
-1.4004452489030004
-2.01122049802774
-1.8624173946653781
-0.2724672498962229
-0.705646042683107
-1.3567686173111886
-1.5204123832164074
0.15668425787531887
-0.40060201706975246
0.24059634482008643
-0.16232978026402628
-1.1654209762622956
-1.1874737762753598
-0.9188636179063675
-0.6238913816714206
-1.2692902281391962
-2.3679741093983795
-1.6084579857529646
-2.2048021016734096
-0.7288766589012361
-0.6832528751470707
-0.5511731765372014
-2.117534832240155
-1.9520694999931247
-0.7111059188043084
-1.8851511706951303
-1.6030931268232813
-2.3153294150836703
0.08232034409115978
-0.1513501252889223
-0.27621227684916333
-1.3043420306400162
-1.6680984195556876
-1.482705162862739
-0.8934402866238643
-1.0915954548053635
-1.5714660762760062
-0.9805197496220217
-1.3694798795992504
-1.5525391181447032
-1.7626367857569891
-2.1825070318448545
-1.2661351385857642
-1.9637795717005253
-0.765649948880119
-0.306326560198015
-1.4280940838185452
-1.384392198954677
-1.1227488110190902
-1.4416521383030758
-1.2194077798168341
-2.027322905623695
-1.6528068910818154
-1.4685239614723942
-1.2375447146155008
-0.5218253399440258
-0.1758524325313244
-0.1594297429514914
-0.5281701357834643
-0.6060161541399445
-0.9311584933517227
-1.2214180844191151
-1.1390838089645414
-0.44583681715735374
-0.21350379853790866
-0.3010245711898182
-1.444296567922876
-0.4390825811725144
-0.8107062643296611
-1.6418280334629647
-1.2149846160452407
-0.9341945150461509
-0.48089237244184585
-0.2436744364711359
-2.1311109587626285
-2.1418759766926057
-0.43634381622068874
-0.56928606123502
-0.1962805740145959
-0.5504646303338564
-0.7462070835978063
-0.2500628309321712
-0.2278362232521164
-0.6743681676373564
-0.7502865498890529
-1.4764472792933407
-1.1339898739422065
-0.9967052110585256
-0.6265336809652114
-0.3328434026940387
-0.10773532042072723
-0.24765841093264965
-0.4810753556298321
0.4317840036256869
-0.6181773873833631
-1.662933437803133
-1.2712866406729102
-1.457124112743502
-1.4382622069558113
0.11922991437799026
-0.42806969989547156
-1.2513822896861675
-1.7490902146763405
-1.6965531726483345
-2.091734910819256
-2.028070316362169
-2.131233267558174
-2.123047713163631
-2.123047713163631
-2.1330361751242948
-2.1330361751242948
-2.122621504716446
-2.122621504716446
-2.1198497966506116
-2.1047057603636596
-2.1062962925201165
-2.101335131287538
-2.101335131287538
-2.004822223643989
-1.9992397032289921
-1.99414015809517
-1.99414015809517
-2.0023004624153424
-1.9895013189710684
-1.959919441459914
-1.9343517170776654
-1.4682889041186338
-1.017410501053461
-1.6640362098112271
-0.4337951061860307
-0.6297406992656928
-0.7246228936695335
-1.3967075535192912
-1.40049704284433
-0.8896525964187063
-1.169879715875753
-1.652839078570331
-1.2893683700755858
-1.0047749890960045
-1.2148446543938525
-2.383992836855955
-3.2904928894798853
-3.500961766795559
-3.3861385883073676
-3.045993925505626
-2.7885313739774187
-3.0124245479348786
-2.8162202526178413
-2.466394681104905
-1.3305729897252165
0.10383917540665759
-0.4203332878808201
-0.9571532078396151
-0.8236245553884496
-2.762335991976841
-1.5583877828322954
-0.5348524494155235
-0.8854695306664397
-1.3226355081509205
-1.4837040239628319
-0.47783433709100664
-0.7460526591027548
-0.02062072237376736
-0.20628081463431752
-1.1782158590960723
-1.7978946929606137
-2.1807179805013646
-1.4173210991256338
-1.794440847370942
-1.0285941476430764
-0.8829808675440282
-1.3804682113644138
-1.1653823112619728
-1.85736895379144
-1.484453081670282
-1.2003705094815529
-0.7796599700808599
-0.8281972660800404
-0.9404915328186454
-0.6597071999543364
-0.9430187156837293
-2.498609893004131
-0.395705946970434
-1.5809774805021313
-0.8361355436840882
-1.0574389294383408
-1.7435368851506712
-2.5329627589922836
-1.063963715771777
-1.7989043931193631
-1.653680502549991
-1.8790874351318712
-1.4501234062967132
-0.7336291909714456
-1.5682326441057217
-1.4679299264368089
-1.0648827774807095
-0.510986376665294
-0.9634399374658568
-1.9393857286810303
-1.5957624812186146
-0.6701162365120154
-1.9942404606317783
-1.5646098149190621
-0.6048890132891093
-0.6889120211987191
-0.7039753363395193
-0.8970352900284017
-1.6985752506486336
-1.4527508198705095
-0.5656470664168772
-1.981947660733596
-2.2380352071742666
-1.4498477273018102
-0.801271799815889
-1.3718213645598287
0.08822586148617481
-0.7769534094249452
-0.32918609619149597
-0.801952657323257
-1.0369713281408723
0.7555808837620014
0.5819908311205136
-1.2400618695714212
-1.5844442039676545
-1.3242337628945076
-1.7481673733954064
0.16895226451019568
-0.43214281933462106
-1.322036309594417
-1.6917600186193642
-1.5916812012723498
-0.5629157269429318
0.014139422784855216
0.045481272726217055
-0.3919823801994928
-0.5167027883799717
0.057634444528396576
-0.12231104591694501
-0.24544307278904196
-1.9981172081028071
-2.700205060569868
-0.7674713137387575
-0.007855221385088682
-1.5242866866285787
-0.16883205891674982
-0.7415236013307932
-2.043103043344832
-1.3235564266304574
-1.8283940037808062
0.014953618573875189
-0.22931297144604057
-0.5462423451181623
-0.3978673552478639
-0.23416764859879863
0.053977391642003
0.19484129105000475
-0.712852439311918
-1.990124593660325
-0.8021607147121262
-0.4757906673582057
-0.6300255735105221
-1.6366536158926064
-1.586257621959491
-1.533811573092988
-0.8758983521870368
-1.2474177130187185
-2.903784304204389
-1.1181739363631946
-1.878785000598364
-2.016211631240609
-1.5894775617899635
-1.8525126974426802
-2.0461452219381733
-1.3779833494211864
-1.4325969173983002
-1.1404642473967253
-1.4868180012624461
-1.0239917726670305
-0.7973736137653491
-0.6762866053785596
-0.6539915502234623
0.038431491199588455
0.11641840983991492
-1.0894374831469193
-1.073300843323112
-1.1134087832722412
-1.4929902262446466
-1.2758740742226422
-0.45011129704174385
-2.157687522394294
-0.6467700274327344
-0.7963426267700334
-2.628763128260829
-2.724125288331291
-2.7212317267995276
-2.1823304846312954
-1.4752766480249628
-1.9239813011070168
-1.2240818750928149
-1.315071575006809
-1.4092214357047121
-1.4590884314660888
-1.0113415505792738
-0.8690954560195718
-0.6903642691770301
-0.8410407650137051
-1.355148634661452
-0.826081360806206
-1.6993564681569782
-1.3498966285844656
-0.23526255804290788
-1.5203195772599276
-2.245450817852344
0.08053235024792574
-0.9923275071784962
-1.473242066467798
-1.5213397742914367
-1.1594376762479097
-0.10069579936019983
-0.6994053533136766
-1.2158162465427187
-1.7110676892030925
-1.2537094005717626
-1.328039424319973
-1.5949146325596981
-1.7956190377127053
-1.5951073043462165
-1.3996885052006864
-1.8540212101623392
-1.1645165955717898
-1.7880735705188395
-1.6906170462753014
-0.1120441000848381
-2.316734296235596
