0
-3.468387823863753
-3.54354865152757
-2.6766899031087354
-2.6826909726897017
-2.6866428113156258
-2.3742160434382287
-1.971126505532244
-2.895904034169513
-2.8573330993617345
-3.2843353963580753
-2.6491001214559438
-3.999728569712418
-3.407223545492861
-2.490413897869833
-3.290176643736047
-2.6910613506743677
-2.0971049250866995
-2.0899939194347312
-2.6221463233366613
-2.525133182209669
-2.8975823366138234
-1.6418119678842111
-1.8037383025284297
-1.6500092280985692
-1.8826044294962463
-2.0572760574391915
-2.675334815154297
-2.766797202674315
-2.6231526335484254
-2.8634511821595003
-3.5019592671533553
-3.50906950828245
-1.9642910824212596
-2.800101907710288
-2.535265029283203
-3.0438879761841773
-2.115795793490642
-1.1942105477130849
-1.8160861613832349
-3.726404200947515
-2.793302769084579
-2.2955194551941576
-2.6868788320358146
-2.082680487703729
-2.0663985392774435
-2.0957066512008637
-2.0957066512008637
-2.0781207276026104
-2.0914404907294286
-1.9756200091604252
-3.5899443923113337
-3.0985367405974618
-1.8052528705204862
-2.139534611918802
-1.681309915574189
-3.260296594371969
-2.713996099343153
-2.6479091644415558
-2.5759147941201146
-2.05801254317691
-3.445877872204898
-1.8424820643708313
-1.0958858744459388
-1.0244630317425525
-0.35478824895233163
-3.2086747635722728
-3.124420273151552
-2.7642653785295295
-2.9086674226747204
-3.5040488401859555
-0.7540640023340262
-2.9686861309985946
-0.9297793628474155
-1.9778285012156778
-0.7839353317272472
-2.9340243503171664
-2.6210833705018963
-2.490135406883582
-1.9036875335787176
-1.9856326898063585
-2.630008517055489
-2.289275597519074
-2.7712842083074034
-3.335833895449874
-3.171542698528429
-2.7980152576607917
-2.6355082735491444
-3.2870259038586687
-2.7903010142247187
-2.8005361511846463
-2.6556954528610714
-2.4278817491907194
-2.1879189395241916
-2.7875120859120006
-2.7952562938170775
-3.355859311258769
-2.503783897680463
-2.639720842174657
-1.3669327485909835
-1.270501742181004
-1.8805207545885865
-2.2721760615104376
-1.9909021982364312
-2.3141660582109678
-2.897785577107418
-2.7559323338982584
-2.6302864997786553
-2.808118568684513
-2.346054994897542
-2.7251062520061007
-3.4684376131944865
-3.764472687743852
-1.943129053078903
-2.1113441775286876
-2.6443785449349786
-2.408596142757208
-1.9785063399841156
-1.0722879961720373
-1.6310321424582581
-1.3807989843992017
-2.454156218822363
-2.754419877602896
-3.140989284923663
-2.2580060891638083
-4.199982465157171
-0.8077665281218352
-2.722347190548511
-3.1978439831804137
-3.774302926093264
-4.063947777216428
-0.6647276231520547
-0.7452368632497073
-1.0004856867385292
-0.5781038292151212
-0.6654913245811872
-0.3041414702012397
-0.7964087418011346
-2.023778053269426
-1.4375035180098485
-0.7530490868528237
-2.1491856378514083
-1.134143833394221
-1.8470014252765523
-2.1595304011821677
-1.1799499981892105
-1.3646201615570248
-1.29077864566745
-1.8049251827793458
-1.7593657098831872
-3.48144635809678
-3.8055978834871707
-0.9878957090637778
-2.488880200021259
-2.6217939340342125
-3.103486180044057
-1.9006683252910828
-1.4977228859589298
-0.13126747267594288
-1.1969914548276817
-2.5514070635354473
-1.7549985469938718
-2.72906836135447
-3.6654549370965284
-2.5609978083726235
-2.843850056314654
-3.439718179146106
-2.1195452851112666
-2.0335416827288024
-1.6902082703315255
-1.1841939627231246
0.46088917203547
-0.21993560779818366
-0.10996915454901081
-1.5463678210044736
-1.6651472521798536
-2.135874710005743
-3.063868752864812
-3.2903869922890063
-2.9137035283171064
-3.124034980024224
-2.0196243063408876
-0.845603220511907
-2.182222703432222
-1.9098306034718024
-2.1049404829383125
-1.6720866703845991
-2.8500689738424096
-2.9536940311815094
-3.6288459147802667
-2.646123410724232
-2.6294866597758686
-1.78150805743452
-2.5004792261520956
-3.096374575525056
-2.6437090409302186
-2.18613056438031
-0.5921812966129202
-1.5042555132644686
-2.5062289350127496
-3.1228116958044168
-3.601919112002783
-2.241239165799781
-3.032891626348536
-3.570784441573471
-3.3047208556560554
-2.469389354148316
-3.3687452762828847
-2.374558753822378
-2.374558753822378
-2.9994726542035886
-2.0782261170151495
-2.148492091949994
-2.5899698781349247
-2.557516216402656
-2.9735568242358545
-3.2444833198315104
-2.573875992882315
-2.6448253814095004
-2.5377808815490894
-1.5919413871610069
-1.9572723116639656
-2.1289090321664954
-2.1301564880795207
-2.5570553411267185
-2.3330275838145154
-2.130391563779484
-1.653276044869112
-1.615352547576756
-1.8342391205966875
-1.6681824503167986
-1.4213680294802904
-1.6272710104571972
-3.7268361876321583
-2.6554302580298974
-3.767069410623118
-3.0748273722144766
-2.7867959053235727
-2.250489335474841
-2.3519895202369643
-2.781135012908447
-2.652757785365055
-2.7978078293863433
-2.311623669547238
-2.022907173663435
-2.493545867154154
-3.343456965983192
-2.3127796802316585
-2.017771774866409
-3.172916091770161
-2.410723329727441
-2.218082863881981
-2.141893060538
-1.8131364248476158
-1.1998551990183384
-0.8903666045013598
-1.6425433529029756
-1.8969337346073099
-1.0739571748645573
-2.2265948840848586
-2.0125602231777067
-2.039349846059943
-2.0951017356681176
-2.7083163059404676
-3.280900474483429
-2.4406842936676525
-2.7645952065336643
-2.7052283368182737
-1.771424332757977
-2.0645068575826824
-3.581332816771093
-3.16714206918337
-2.7162323860095112
-2.303150654965201
-2.8181836938149845
-2.040887836516135
-3.055348165930499
-2.8493250271447805
-4.066655701919852
-1.9035791318679256
-2.5234530515381213
-2.0207187641974467
-2.8001723160056575
-2.309598377814301
-3.025640228878308
-2.976665458483976
-1.486692194313921
-1.5696042138440929
-3.2601490546891196
-3.0320399634171613
-2.5520808786090314
-2.5226544547593828
-2.4276727979966064
-2.51006752578555
-1.8876410500528198
-2.882022741760916
-2.193936608790001
-1.9398899328306092
-0.5342054952132061
-2.0449935414235
-2.619879812622997
-2.0166485376796057
-3.9237711828712314
-2.5572143249723633
-1.6336588606961697
-3.4730041633172744
-3.6797091884707194
-3.5053189792459154
-3.540499885530266
-3.467755296377656
-2.672411959742342
-3.1719738207445594
-2.9212785996738426
-2.1888082533030455
-3.602361869234459
-1.4615508378441837
-3.1584466372251065
-1.3251407092929717
-1.7835657333823316
-2.6800827932439355
-2.6099687308489434
-2.540373030149731
-2.9193270328994454
-3.5223575046187494
-3.9006443020378057
-2.2590195890234335
-4.2263316496776415
-2.7979220845822526
-2.9649578930687635
-2.146482083286252
-2.4655450422973155
-2.1257534841150294
-2.20086642591646
-2.3462642934586846
-3.311639509405083
-3.2519337496907776
-1.9740130756780523
-1.5200292214892528
-1.4864978794900865
-1.5535571895246991
-2.2677125622013294
-2.3896124021526006
-3.0202472195397743
-0.4337415208043069
-2.6072001565283105
-2.9762743288532163
-2.5277849337847744
-2.740032061445492
-3.5628257112335207
-2.4923640176159396
-2.6823976875617612
-1.8537520572168042
-2.31649592632163
-2.4315503306483337
-2.6543503815805876
-2.599319460490341
-2.825791765084123
-1.6445174766754962
-1.5974495189749311
-1.4716082326909243
-2.0766406033481686
-2.0766406033481686
-1.6899575643559916
-0.77841858691086
-0.8821692466908191
-1.1632653673321602
-1.8923934319869808
-2.31909964052864
-2.1724022766983695
-1.1397540246425506
-0.4098091700901029
-0.49000352232477806
-2.734494882021667
-3.7001912010230886
-3.844749474635056
-0.8090796445003211
-1.3238820009279708
-1.9934554643169184
-2.3894115110936567
-3.6687885181629083
-2.8784809077965057
-2.8376396610973966
-2.7720430292020244
-3.0264977115380987
-3.1427577238188493
-3.2389402288493128
-3.405748848114804
-2.880150940494892
-1.5326579711962058
-1.6186384175827866
-1.101148741285751
-2.5821530279457074
-1.6583695507517617
-2.194297535442671
-3.387541947953182
-2.3295570613210246
-3.6654950933073542
-4.022071124990308
-2.2084536374960413
-4.478174472434691
-4.400730445866911
-0.1790369610636174
-0.13557788063018134
0.6222452440424053
0.5337445627321193
-0.1977923096212943
-0.7171900896055505
-2.2747180149236734
-2.374332116643754
-2.2475737669594635
-2.39163674377627
-1.7229963470776024
-1.929884186954069
-2.090720254132604
-2.1423266360362554
-1.6400719115300055
-1.1724870464469952
-3.0195325314959507
-2.9404190448091496
-2.2904123020950182
-2.4951359175504058
-2.5898632209029895
-2.757769998198294
-1.402484848072538
-1.8360542658922425
-1.9131197871881418
-3.4454947700455527
-3.240448720824608
-2.5283325879754424
-2.308493975488482
-1.9765035196691918
-3.2691573368141045
-3.1916140797926458
-3.4503967287514574
-2.7372901850791425
-3.244585957679316
-2.627144848341878
-2.6251758233566753
-2.7778006778581847
-3.3305952641205714
-1.4858467436357188
-2.5747193697670276
-1.8521111170343398
-1.835521785520828
-2.092147147477822
-2.227457170501584
-2.491774428205737
-2.5640315264479936
-2.4942131321382695
-2.6501038456658064
-2.1559782517616646
-2.444957161497651
-2.391584930357645
-1.22080872348448
-0.5747042586896228
-0.565731532278803
-0.8369011794910932
-2.3197339448008356
-2.0050233399372797
-1.0544446776314542
-0.27615408036174144
-1.94673450626608
-2.43695100209123
-1.33562988305647
-1.9419272006070474
-2.288130647411844
-2.0158696400774008
-0.7642447788505708
-0.7519513007929481
-2.7603539328124125
-2.2159350533211435
-2.5582111337704667
-2.567692248049009
-1.4686788438211653
-2.369269264166271
-0.691653196316136
-2.1378157275365717
-2.3087337159818166
-1.6097215022264215
-1.0494538222453296
-1.304083840387045
-2.2507445226415843
-3.2444762968143843
-1.825481766441744
-3.157265895154157
-3.1462637825489788
-2.530852611454838
-1.4432929032098378
-2.8176834215099813
-2.8176834215099813
-2.8176834215099813
-2.6635928403705895
-3.1597474435444295
-3.0186264809814927
-3.302967412963702
-3.364063202033117
-2.572313284942283
-3.737790653023826
-2.2564469746074733
-0.8348023563642225
-0.9147497070324595
-2.8959827097081035
-2.51384903936734
-2.4265262524570526
-2.3867455078914728
-1.7306033399398026
-2.4740926438644304
-1.2269333436641094
-3.1055941476027877
-1.1052347182528774
-2.3450130682856662
-1.7769927225384916
-1.3167341612424146
-2.206195764081287
-2.611468082093589
-3.378324037391423
-0.764100415240693
-2.6246641625413325
-1.7911086520261115
-0.2021602998894057
-0.5258593938326711
-3.806771924483391
0.4571678686874651
-3.535978112272827
-1.3588924015232156
-3.0907588277810953
-1.2865702776787977
-2.06809681676125
-1.639493409337883
-2.433656505227555
-3.431395805502907
-1.9690322814385632
-3.4564042714129557
-3.4629723352378963
-2.9215792262784768
-2.428161666350429
-0.8138127376552632
-3.1728007002856526
-1.9786755513224241
-1.318242888801272
-2.873738661077778
-1.737383117150607
-2.4237780821979547
-2.4198181783316217
-2.412579539599899
-1.786853072543528
-1.8968863514890844
-2.3337088874511513
-1.6160646753898256
-2.6393230115860336
-3.3009471116515847
-2.379629520033116
-3.2800713562253736
-2.6221775036802253
-2.62404592803828
-3.8638693486665026
-3.0967394883213775
-3.312447941119376
-2.9249754996575277
-2.6347879795307856
-2.6558994184571842
-2.6167419365204627
-3.2102688155424937
-2.1893978170230435
-1.3137912546221056
-2.402341155567167
-2.976001172527498
-2.491202807824137
-2.182541562502257
-3.4563427592323963
-0.9414353639674066
-2.879077299584161
-2.843713423391619
-0.9256948812106349
-0.9223725769989978
-0.6893731402077761
-1.5713101938103464
-3.533852295157874
-1.0744578309936246
-3.048114931533353
-2.991628899898193
-2.8127844023434725
-2.4911944554039134
-1.8788314005447269
-2.2411960085992404
-2.82321573009825
-2.606237149239265
-2.556930291341063
-3.2634468256536904
-3.915713559075926
-2.3683808891949965
-1.6319521064368239
-1.4293653278513985
-1.0468011874352674
-0.9081432154203868
-4.0939788488558095
-2.084502668144008
-2.728684855607129
-2.675565018092017
-2.6928879841131494
-2.261022800068678
-3.0237542415446557
-2.7789625367393866
-1.784882365773217
-2.697839458654361
-2.693100623746741
-3.5845370016082465
-2.99243635789134
-2.731965723262555
-2.782699881975026
-1.8667717872087075
-2.94108571047426
-3.3145920587704434
-3.569269746512978
-2.276224346155756
-2.636620173010963
-2.325458492081557
-3.5940099441186426
-3.235009108943388
-2.2994926277436996
-2.2994926277436996
-2.073206246402764
-2.7656741432270886
-2.6956180525282605
-2.4641548912534605
-2.961787794431789
-2.1817717197687427
-3.26381847502162
-1.79172588695214
-2.901980440783614
-4.167886174300795
-4.146741273860586
-2.0309284323163657
-3.240378053791086
-1.411415315137614
-3.2952157873045715
-2.1399944873031442
-1.604966461180924
-1.793439603623622
-0.8455348139149165
-1.520511512700165
-2.0286658086907217
-2.4942739546635417
-4.374689484551955
-1.6656811956789777
-3.271173737523455
-2.767461607022811
-2.541137040423563
-2.3728901625280083
-2.257656276076372
-2.8167874347141573
-2.8810044987737897
-2.1050206096319184
-2.2674516290041327
-3.509176544154608
-2.758384051241256
-2.238442816512267
-2.4935268249674403
-2.5844652011797877
-1.392553517947452
-2.2762448039462244
-2.6833757795704103
-0.5935937704491431
-1.6954725111458546
-1.1942082775462735
-3.435969304755861
-1.6730267382026316
-2.3496014186301335
-2.465202464574459
-2.9456072460661415
-2.859886076888175
-3.182402824115636
-1.8115082372036042
-2.0617099882019008
-1.8171126120859533
-0.9399040292344168
-1.7742938479406056
-2.5748381883308595
-2.3854498488152944
-2.271657032116535
-2.604428244007072
-2.2804089402531313
-2.7358045381129807
-2.3728592727319064
-3.904107512112736
-0.09584635598190934
-3.9585705500021957
-3.143033156909875
-2.997303017805089
-2.528331838934737
-2.8754019969261884
-3.870152488675672
-2.968833665440207
-2.9471340137947792
-2.6641930742572533
-2.7149031568987234
-2.970444676223546
-2.3242866619430362
-2.685199425734088
-2.4842535635056375
-2.588925648349659
-2.4174595778644687
-2.7019929332868866
-2.584750754403955
-1.338153524692891
0.34012587313025094
-1.3031785694321703
-0.5524227312637601
-2.0414021361352463
-1.1641373671313175
-3.604606576063244
-2.3550964311595117
-2.8204344811907096
-2.2002502176262544
-2.941707937899912
-1.7758373901412297
-1.436481700394834
-3.3387261111107267
-0.958448061254831
-2.5837892786630356
-1.1415426608983748
-2.8105391359605445
-2.4106863154220943
-3.2722078992851853
-3.2580926272622817
-3.342225594405067
-1.6189069372312004
-3.2895708497886775
-2.471745898258576
-3.2078375777683945
-2.4247732070362766
-2.5559931292821565
-2.47270589213908
-2.9319520428187573
-2.8777680350404307
-4.049803007725929
-0.013217282463453457
0.44908762412636355
0.9610914869007823
-3.698054464597166
-2.240338442072586
-2.1368495710919664
-3.143325789890745
-4.108642814230134
-3.624300603371745
-2.7867735511035816
-1.4025090737973405
-2.7250212989489975
-3.057894099177861
-1.6083370120977276
-2.8953411326241465
-0.8124033264413274
-0.10286486357356361
-1.65349659341039
-1.9352706312972927
-3.4506483829772097
-4.93445553671208
-2.567804272856354
-2.9303043051375117
-3.111455916793165
-1.87839420819861
-2.8695623246512967
-1.99666432407827
-2.001723082825688
-2.791147025992975
-2.7661897947544616
-2.5488853017814286
-3.284201212025985
-3.4217800473046944
-3.2504234665183573
-3.298376209989874
-1.188224169405732
-0.9495721300383165
-1.418184935589144
-2.446455987637582
-2.3244379527297303
-3.008322746437735
-2.0670483661531844
-2.5696426376297525
-1.920872879573574
-2.2463020618622003
-2.374771293287827
-2.653122563422283
-1.2785547003703386
-2.6506137252355746
-1.6800354843351253
-2.9750747663569754
-2.3060566276779815
-2.9793456514083303
-1.8813171027542677
-2.997633528741874
-2.353800845258177
-2.9301400764928833
-1.513798343173059
-3.4470661692545845
-1.3717308453530808
-1.893174872854357
-2.80129132167288
-2.13146420076933
-2.3666809643146283
-3.0229402561280936
-2.4627817481368437
-1.9079661716515874
-1.4370351416229261
-1.9058785633373063
-2.784361840345524
-3.5462856957221045
-1.3683247713190447
-3.0652289088529763
-2.496493388080004
-2.8234965193202797
-3.112062798112466
-2.51697145261426
-2.800017928930516
-3.1353516398805934
-2.201010745518681
-2.873610188539004
-3.018222192041876
-1.8965435909825492
-0.15992681761963276
-4.331713055578544
-3.2593230786842864
-3.48364841298756
-2.711683149363887
-2.2620773776374277
-3.0647175312497246
-2.508824737963707
-2.1428041856685116
-1.8067970374927214
-2.0004214051550737
0.0718872002693826
-2.1882777217695404
-2.8181324981077194
-4.479214092074736
-2.179394368729523
-2.0210212143500192
-1.4258700862391755
-1.862633338869534
-2.708976928400359
-2.496035444622396
-2.901260221205069
-1.342523392303775
-2.5381278341308393
-2.2832051463356144
-1.8011540797472643
-2.595904361791756
-3.3252506304647547
-3.315519305482763
-3.034448586160796
-2.9288227547187726
-2.5884176467098823
-3.0238711534226437
-2.1281376852786384
-1.3127844583498363
-1.6688478388121755
-1.2722564790613204
-1.6206681981650508
-3.4510555157662446
-2.3654343806787237
-2.752205693351987
-2.2310528349650576
-4.247023940928407
-2.425660045561046
-3.248588448220432
-1.6992612043297086
-2.811973538540083
-2.350214320449882
-2.831190039994826
-3.0940637733668677
-2.7728893488393265
-2.753221935226524
-3.1756056029408026
-2.8078049477812557
-0.7635237725227586
-1.029999176553472
-1.0556568200881429
-2.7058671699142827
-2.439175940738399
-3.7740035267139187
-1.9671959947668327
-1.9955600232826332
-3.965434085898854
-4.059288574793063
-1.4664125643576016
-2.9253368078765325
-2.39547796356541
-3.6590750253658935
-1.278216882103834
-2.7169596556562414
-2.3572291657397617
-2.6725022428208836
-2.2517913142146915
-1.9681231524167744
-1.8418653955328823
-3.1386869368125474
-2.7026791907418524
-2.619387314533789
-1.5853943439342322
-1.2171816224115752
-3.2263379030029333
-1.021276772325701
-2.617695474669286
-2.0168663465437424
-2.6234778146431323
-2.7302383218109267
-2.8358663007986293
-2.3938734931485963
-2.932377940406648
-2.9854058322725567
-2.178435501794819
-2.4508542028838365
-2.430542928938655
-1.2832674978778926
-2.775878644598381
-2.6945495554625367
-3.3195931275959403
-3.0790879019404667
-2.7613313057784756
-2.6265156915796437
-1.9842781687792688
-1.397523309196786
-1.620543976405343
-3.1927190053172034
0.03913588600462985
-2.3412773131098277
-3.0761894481609096
-3.059433091501908
-0.6741578842719117
-3.0023485935051513
-4.324018257503974
-3.7032881000939386
-2.597152374480082
-3.1059903490608085
-2.614789920011965
-3.7287466673596845
-2.948880469287603
-2.8803182985910967
-2.3241061407424404
-2.715521700861897
-1.8611582652603025
-2.860766039698422
-3.4000538653242427
-2.784895378062513
-1.6995898183768356
-3.4457778285501695
-2.640384998096738
-3.3468935795466193
-1.2606397176626951
-3.4129425235187356
-2.7257596894992844
-2.835534831772402
-2.7353140046738873
-2.82669112465792
-1.906789464958826
-1.51421997623091
-1.5926958005187093
-3.270964119576521
-1.8944708958852443
-2.7969548144777314
-2.9830813696937164
-1.0280525606811628
-4.081563444861457
-3.9639212689163807
-3.0519469786185307
-1.6338040117136876
-2.52172313001289
-1.5621908841799395
-0.7572824669438987
-2.899405195616429
-2.9787179973771223
-3.1528820327326956
-2.1528931342977704
-2.037883363042261
-1.3726871541485908
-1.2983385814842618
-1.7506775058725292
-2.1140222734114156
-2.531586151145226
-3.0508764596192433
-2.3615357463228617
-2.886403001210724
-2.7470892626318055
-2.9445818645416284
-2.4665794516508486
-3.8336956270019926
-3.037402202140004
-2.0963582597782935
-2.1516240237309336
-2.78471660387218
-2.1734854508285046
-3.008840615033825
-2.392656003899666
-2.1820760793799354
-2.348942572359308
-2.1922331653885285
-2.6712719807901
-1.2763679158817987
-3.7959609549371844
-4.915556177423767
-4.845187392097769
-4.9189768271588505
-2.6737069546304864
-3.978627241367557
-2.5710107038848764
-2.5435125228147917
-2.456794731289125
-2.985763145591291
-2.71923357763414
-2.277633303044016
-2.9000819578225787
-1.5514339329319766
-1.7254824640652884
-2.515361007051045
-2.045175942527555
-1.4120167484438721
-3.5812358639803583
-2.8778486369836807
-2.190767760030433
-2.095658436697762
-2.702999185121032
-2.767251529018248
-2.089359569857443
-2.095717338366223
-2.0538171553184963
-2.34614561450856
-2.1486715238726037
-1.7669175542162265
-1.6081844477249427
-3.038657674824244
-1.637185442626925
-4.278476978833036
-2.156599472539855
-2.7263479078225417
-2.7381107109752554
-2.731650270166872
-2.2188889465928856
-2.7099875149067167
-2.45810758980545
-1.7981543773080007
-3.2469114572582694
-3.9229039019751726
-3.4502106499431533
-2.1579465282194024
-2.149848759804855
-2.5188478963496483
-2.352709070883066
-2.396591390500505
-0.15752754135005606
-1.0482792862965582
-3.2853165168049294
-2.5738198704523567
-4.314840759490998
-3.0986265766436936
-1.9942305855700784
-2.6749736876384684
-2.325419657883122
-2.80525775582553
-3.363172531355152
-3.077407654847948
-3.0116844650965975
-2.8567208005876727
-2.049709230311276
-3.537376935742887
-1.859578249623735
-1.727227482063615
-2.014875520149004
-2.2717130751507915
-2.6527936393334537
-3.052281460869065
-0.9638479403147205
-2.108568962371277
-1.2497585953069321
-1.4828357870742312
-2.675763284624511
-2.025327871110615
-3.298072902028348
-2.9070300527989943
-2.430057235865778
-3.131022929215137
-2.1460984699806
-2.3603593447057305
-1.9996489849416432
-3.4263423629684904
-3.3097914956099794
-1.3051231925213225
-1.376398384763827
-1.3657584014742292
-1.3657584014742292
-1.3600137641583414
-1.3672291683568811
-1.3807389013078901
-1.4203708172659282
-0.5127012180033164
0.635883506225733
-2.8940306022619375
-2.3155121567486723
-1.8747179908378018
-1.6184346406111523
-4.244086059375266
-3.7058342593054534
-3.0498765374491166
-3.1965434812957443
-3.3077504376313085
-1.7082387328594653
-2.0460149241510064
-2.25498586900518
-2.4695738613316593
-1.4623456089933335
-2.524326830978571
-2.6814165174706006
-1.9308550534978652
-1.124835194331609
-1.5864127890862534
-0.028064254039835063
-2.915262903790408
-2.9814307763199945
-2.2508064898302846
-2.6185252964976566
-2.6118425131253247
-1.7374121884019267
-2.3262257273632247
-2.6533526914001584
-3.4162312619460304
-1.8806530530516354
-0.5320079204804548
-2.855844471139624
-2.9774541158952315
-1.9048836627555867
-2.212112146305459
-2.1769987043501997
-1.4298977985469004
-2.194619687841514
-2.20343484383972
-3.324062623490749
-2.7519785365874867
-2.951207881569679
-1.5135331304158828
-1.7350461591892714
-2.4159081573896777
-2.529293213795441
-1.8064172645338317
-2.1031820683634797
-0.6469889043410005
-2.0743186927379655
-2.1332558663978753
-2.3962869450895696
-1.717774621313004
-1.368104488120102
-2.784381934788581
-3.187583286557095
-3.2066608685582905
-2.5282435545067656
-1.8162436705510008
-3.4365196376107257
-1.9710519127987747
-3.2252856642097947
-3.1280665111024617
-2.820427555620501
-2.7298068260125774
-1.5098665897540697
-1.5551714225118942
-1.2173865607208396
-0.798469640397662
-2.640112649064003
-3.2287565754907
-2.0628162373858836
-2.1318693555141346
-3.069862533149183
-3.3081073074926763
0.06322971046565753
0.18057144844158982
-2.025737673587289
-0.8079057864239637
-1.3499170721721112
0.10765135944444512
-1.2354764138233345
-1.5017882084906085
-2.444216391224188
-2.084834326471814
-2.2264729173356073
-3.518444486571812
-2.204669747352814
-3.2686578218425355
-2.801885190917594
-2.3725377272283605
-1.1805833026549701
-1.1520078085506715
-1.0230873753644745
-3.159500033805691
-2.1777143942986665
-1.9842026303806082
-2.8076212265421305
-2.631909227809748
-1.1729822903313092
-1.6353043916456822
-2.0017452657330677
-2.730387515091909
-2.7446469782383036
-2.0887499341709295
-3.571618943223185
-1.6403511479938537
-3.0130943496244695
-3.1339005939695257
-3.036317144957033
-3.413880898629287
-3.5439766821645002
-2.886054031210724
-2.7806085069731834
-3.053868150374907
-2.1276694859169654
-2.1066949001110125
-1.0284684264536543
-2.425736538591077
-2.153034882427989
-2.414457583250931
-2.7390132644052847
-2.4641583108949225
-1.639996219109069
-2.567577865053198
-2.5419523786388636
-2.804731002507487
-2.249167095744883
-3.260951418880701
-3.3964961684041413
-2.7456421717300254
-3.1186837291526546
-1.5742534993651578
-1.8205596787493095
-1.2421196263332357
-3.739180118984985
-2.213005330933701
-2.959846547599913
-2.027215141342052
-3.2079427488282772
-2.952896656153692
-2.3519965351698784
-2.8323213932389524
-3.357083381242125
-1.9397104977218007
-1.8053616511300046
-1.6120202141070643
-1.5918178166900612
-1.5349404617100375
-3.2396989600539774
-3.3931461377997034
-2.878538062941097
-3.749340066586917
-2.514590443378675
-2.6020186172131936
-3.326006530200268
-2.986896139852024
-3.933852575568304
-3.2048082793133528
-1.5546633791470674
-1.5605714527848973
-2.3056468695802477
-2.5092596414413904
-2.895275690738493
-2.3127243411900267
-2.4722897020783496
-3.067597407402625
-2.540205436185999
-2.6773045065114873
-2.5995301115031375
-2.5995301115031375
-2.5995301115031375
-2.5995301115031375
-2.5995301115031375
-2.5995301115031375
-2.5995301115031375
-2.5995301115031375
-2.5995301115031375
-2.4652057239665206
-2.7764652666398253
-2.4934063321151143
-2.6996537339098947
-2.329366415790314
-2.4605448079214294
-2.7859887636063663
-2.005402151990891
-2.474771015136774
-2.4894435977868787
-2.4374430795766817
-1.4687053505940606
-2.2796847288574114
-2.4276629656863777
-2.2510185094380644
-2.5354743827204542
-1.3419035936552552
-1.9771129291981675
-0.9239224458989741
-1.8700293603108957
-1.4512049096769173
-1.929035627077405
-2.650330903284964
-3.288383367775243
-2.799957172531228
-3.5819550561645883
-2.8746815310057743
-2.7447068420637923
-2.930291794931803
-2.455348135469402
-2.2201876968604393
-3.6081812313691604
-2.6876045830082456
-3.016522279020388
-1.7833477244322962
-3.4104118695693955
-2.8108261513205646
-4.145146868088145
-0.9908327713808879
-0.9311950033211893
-3.8747949567889033
-3.9021230396147617
-2.6671331241049
-3.130718405328318
-1.4817993519323531
-1.1181940656106544
-2.383093173273372
-0.4333154947367294
-3.3649943291469286
-3.366446734793774
-1.6810794189766403
-2.10825986781356
-1.8398354910890962
-1.7923216416087018
-2.3594515204046806
-3.076601640706187
-2.1123471142760497
-2.1149830750118865
-1.535083884847352
-1.8830720650801618
-2.1042074997304616
-1.5312276013298964
-2.1593546180003202
-0.602486306157075
-0.8667745141538142
-1.8711347653530574
-3.1726367980752124
-2.556746800523763
-2.9263671269604568
-2.8362144035303243
-3.0004900545051507
-1.8704751721540116
-2.1687075992159675
-1.82013589644641
-1.4983366486435938
-1.4592807751762402
-3.839990374448064
-3.221587331937821
-3.108702458107603
-2.8432120514770003
-2.2326107662440577
-2.640099060109394
-2.95190288961763
-3.341106935512327
-3.2356529223918318
-2.7886441965635513
-2.4719808082852937
-2.7052723462181136
-3.0534629508355153
-1.1927071969264547
-1.5896910688089714
-1.722402139203747
-2.3876833788288256
-2.1577722475829377
-2.9251181236293466
-2.2130003213905995
-3.1617215365476943
-2.5741601452653162
-2.2030229109479484
-1.8371018475844578
-1.590026184307105
-3.118886417698648
-3.193029209319165
-2.564592063352615
-3.290644680749215
-3.3701100928144223
-2.7272098906417837
-2.5805980334747747
-2.818623793815015
-3.5296252365590988
-2.258641995949649
-1.6499091227946923
-1.6531182953496666
-1.5849791336475263
-2.5239576840329856
-2.2987878640440678
-3.157193904627759
-3.600099135984088
-1.8944187527623313
-3.1345972157667275
-2.8886432687467787
-1.6027393212500491
-1.1237537627155127
-3.1082851451265077
-2.698539054622629
-2.642493437286164
-3.3147460920752403
-2.744730469343106
-1.5915905632593188
-3.839570616728891
-0.983757626197008
-1.0040162495469755
-1.4227174237738462
-1.2299543199761702
-1.1379689755460087
-1.3974936596981185
-2.134406164551688
-1.7889960883766913
-2.8934358206252364
-3.016208998337008
-2.7309230580575554
-2.584247244788066
-2.8936026396338765
-2.506385873011839
-3.1318810053724904
-2.9203743127551407
-0.8142423869086871
-1.5451291497928008
-3.080225406879874
-1.2589112404183052
-1.494402633101192
-1.8356088400733155
-3.3823329480238846
-3.209811432273622
-1.3784070563962452
-2.007440304852721
-3.0255433056661483
-2.3131578481717185
-2.7365493434912427
-1.5251319795227432
-2.6906845377112445
-0.9920077406156859
-3.12896552359162
-2.099429534165859
-3.267631966144755
-3.166667920304689
-2.5826425356010407
-1.7944229152324591
-2.3216593586764107
-2.5724593513791607
-1.933497723933663
-2.1582018642160823
-2.660815177740752
-2.964880325208691
-2.615506600437085
-2.997995301708942
-2.2795392303131
-3.5833285399918933
-1.794569583366306
-1.8946417608898187
-3.3561472630691886
-2.002011842669292
-2.28646263999337
-2.356899232290646
-3.3104856736051973
-3.482991177925117
-3.102552975275945
-1.3814103974043404
-0.8672608909914751
-3.045202773562064
-2.4447831298305798
-2.251894412751042
-1.4809268587585847
-1.7193909280258184
-1.7773945047987594
-2.0536893385193964
-1.9954602962049537
-2.929029454382294
-3.4118583935276927
-2.0075990654695692
-5.004526302245393
-2.1586155668510174
-3.595230224295119
-3.556006196694447
-0.4136481477505867
-4.054399314319619
-1.7487309732382876
-2.047796611787529
-3.1629562012467383
-3.001362730754823
-3.9610939345739653
-2.5736350604521765
-1.806228750087321
-1.049925327331836
-2.913069131184036
-3.308291498868298
-3.416643739513734
-3.0658402741376936
-2.9588464748194014
-3.604814904878583
-3.520063450361329
-2.90719797117277
-3.077965456389396
-3.2955764405868733
-0.3319572047402414
-1.915419941790241
-1.182825590903584
-3.0418374775815455
-2.7715317060001885
-3.438695837049214
-3.124752358847191
-3.3214090143461164
-1.856069271776778
-2.7536493306272196
-3.112223356563409
-1.769512064430852
-2.5506688189515936
-2.44601406282224
-2.154288510355142
-3.480190185958117
-2.627542854418106
-3.1196826795610195
-2.2578146408275623
-2.8799225857497515
-3.3330515442237902
-2.6365153816606672
-2.2603222738262456
-2.7675951932151968
-2.949092607822309
-2.4103513551946913
-2.46363998484134
-3.4499692257847805
-2.1722366578689045
-1.0126648226486408
-1.0860675781952092
-3.1647816771477015
-2.568854830785837
-3.0974581869629207
-3.267369786844
-2.4433421648572815
-2.50485024191221
-3.838540003287424
-3.3005331884561184
-0.8279135370869277
-0.8424654066695223
-0.9704126299433464
-0.8249886721728883
-1.6418557443689707
-2.2852150764055166
-2.3176743176263743
-3.2863797690031
-1.656018245731561
-0.8848831780283823
-1.0649841071252992
-1.2493707633702866
-1.0501963173625422
-1.2492087691506897
-1.3006724030265364
-1.0130794301941153
-2.466648777318146
-2.62059201995649
-2.652813046860662
-2.781432820955273
-3.050691959659284
-2.038273169443021
-1.4098403238642834
-2.68866275090187
-0.47798137150487513
-1.9749867499743452
-1.123138421269123
-1.4278295385913589
-1.2390275900307406
-2.925682720029817
-2.2337548491580135
-3.22406071429474
-2.990446407205498
-2.9881883832199403
-2.4912585133498117
-2.3835525329604077
-0.8500404173085481
-0.30114702842362884
-2.7064494543247952
-2.9891927125059965
-3.172714441958002
-2.640776313489762
-2.761293441333323
-3.6641460712434175
-2.807709915199117
-0.838663431327903
-1.5698848351787404
-2.0929208490497007
-2.9719068279571337
-2.1846774461095433
-2.4088812606758903
-2.7068569494524266
-2.871264551301125
-2.7322299193980992
-2.0407690697593845
-2.582755654798913
-2.6822255027700352
-1.8196278629883225
-1.8403252783142312
-3.765619155933573
-2.690749342388537
-2.7357313642160057
-2.4979095047017674
-2.499187199214582
-3.1694283153820546
-3.2412460703303463
-3.700695144372746
0.0926236076689622
-0.8147381886242304
-2.8096003129701903
-3.0029805724123575
-1.773886147009291
-1.895902299864789
-1.8003645010107139
-1.8198418171243935
-1.0338704041284579
-2.7152907350448703
-2.5406299132985324
-2.0507546433627692
-3.3278247041527287
-2.896940407908771
-2.5221591400118855
-2.516433976713396
-2.7214876745294734
-1.9569352344755488
-0.7244880741582554
-0.9017422818229066
-1.0412429753660934
-2.6130750983371915
-2.270020945319872
-3.02908475245177
-2.768459475152266
-2.6906073762917346
-2.7881925957326223
-2.759420939597965
-3.0717352587709628
-2.077603449377695
-2.690372816708632
-1.1459442095994385
-3.0055644989635857
-3.038021960560256
-3.8868165669726595
-3.6835352147809446
-2.332787548520088
-3.4269203715630554
-2.648494186073213
-2.513788218292682
-2.143682595203117
-2.2187937172648575
-2.506200332146288
-3.0921451648806753
-3.204936632271621
-3.1365613975335522
-2.7971849291351147
-3.5970589946650318
-3.3776861795173514
-3.1860729312320437
-2.1463884166171088
-2.727275038034011
-1.5882797961997015
-2.7878558390112604
-2.9110759397322648
-2.7475989965712246
-2.2948154761974973
-2.215959402786419
-2.170997378474412
-2.0509378043322113
-2.0004744396735648
-3.2925826188383853
-1.7022890770089198
-1.5078665443446413
-1.3450449511730997
-3.663447128721582
-3.6495747857285794
-2.6021995546170316
-2.716742085271596
-3.759016426526177
-2.509837078254309
-2.181998552564639
-2.358618445970424
-3.742308579622188
-2.4024696125260254
-2.6273874278199036
-4.128327735509221
-2.509508238333468
-3.099389409452662
-2.912082908004017
-1.5103126901853101
-0.4340170411379677
-1.5614597067834708
-2.684468950774297
-4.062396222392291
-2.915089057343923
-2.299297729553632
-3.066862412376729
-3.4876820016643664
-2.5711905495455363
-3.084190815349736
-2.9462423723048516
-2.728537282929993
-2.3109422236732273
-2.321901977107022
-2.35013260078898
-2.373162653944069
-2.4010170571184006
-2.975113777124932
-2.8216575478262955
-2.307295491908567
-2.803640647793284
-3.2540282266804472
-1.0194694155864192
-2.027024645690614
-2.8197104465987284
-3.035890854115857
-2.143342259895825
-2.983583808268901
-1.3841379267578195
-2.6100052758641525
-1.6607491044899274
-1.9852560225934563
-2.3856162411729924
-2.5016490671791143
-2.690483037147023
-1.5426418239492186
-4.265173313712508
-4.390925884507504
-3.221669791855743
-1.905064210117344
-1.8283014123120707
-1.6583545132559345
-1.5634775344949272
-2.3779826834314988
-1.3855277243277788
-0.7730638013388018
-1.6545013105765711
-2.119306435289305
-2.3488226987349274
-2.334061643769424
-2.878355458409601
-1.1127379737375627
-2.3058618491404883
-2.233281875945319
-1.556829095995681
-1.773524337783654
-1.8947175335845177
-1.5801993023878236
-1.916938818715038
-2.2680256170093984
-2.915295507985736
-3.437215394734966
-0.48550289206511554
-1.3339592674885163
-2.134606079675581
-1.9833501519604075
-3.32559331653425
-3.43419620192723
-2.0303916722426236
-2.087566857941869
-2.0590783634518304
-1.8391893315715635
-3.212231250104234
-2.954555108646256
-2.6834853171363164
-3.446567894175683
-2.3368206384813743
-2.8163795114554886
-2.8961000757088375
-1.5552165808415246
-1.8885557769381036
-2.7191634816370205
-1.577597373132542
-1.8179052137440253
-2.648749260383356
-2.3009295413493573
-2.3217859869616295
-2.235330497167596
-2.1818521250544665
-2.1346016371856105
-2.1131291039814064
-2.1131291039814064
-2.0965520623571687
-2.0965520623571687
-2.0872108871901407
-2.0872108871901407
-2.1058784399049992
-2.111822183749739
-2.1079852407552426
-2.0786791787957752
-2.0786791787957752
-2.2063017274419505
-2.188396574155841
-2.178764617924591
-2.178764617924591
-2.1852255479600684
-2.185227944176598
-2.2373308583167257
-1.772292379737397
-2.0929930133171784
-2.6367011023810987
-2.2555473278571796
-3.7768179098662387
-3.8366298316860514
-2.954862748671804
-2.863434990659951
-2.4840730089628433
-3.2568429598070807
-3.1582506443100327
-2.597841030159356
-1.9014119696768175
-1.7263087560797
-1.5654578648201847
-1.0017990839630235
-2.1399381693307404
-2.3047512178016816
-2.3879901746240457
-3.195520826021678
-3.2973722930192064
-3.2177129160354756
-2.9594609224175468
-3.283722829056321
-2.76430830978594
-0.7766029798583517
-1.6896395297662636
-1.572935853390519
-3.06024843749789
-1.9140002265069895
-1.667205887281434
-3.385223956253733
-2.9972970139116697
-2.3767721086273004
-2.64932237717207
-3.0421943692636058
-0.840665641688723
-2.0536515669295943
-0.8360345013685958
-2.7509448596512276
-2.4517659654745025
-2.7075676360529153
-2.839808610391409
-3.1342877486925644
-2.046011136419217
-1.446410716461776
-1.9409927851212525
-1.3765610436764701
-2.557715366823533
-4.093431584140622
-3.7547099089446747
-1.114701702146433
-1.745713617114105
-1.8304689633557136
-2.5906883391894104
-3.2615845943457495
-1.986094015275024
-1.051271270428071
-3.3373569752291834
-1.8891166772396686
-3.0604528801845126
-3.0969208332970335
-3.6145756030734533
-2.931103763771901
-1.4915771039117467
-2.001476790085084
-2.2811204744706934
-1.5258779335340227
-1.8970909755507783
-2.751828601626204
-1.7240466158768861
-2.7744676939641404
-2.3848232283962334
-2.484396120421328
-1.7606798552528247
-2.520682555985851
-3.566065424624057
-2.728985617731325
-2.4910378890540796
-3.0499836687565476
-3.032260337948597
-2.4171135463098476
-2.7317532177470474
-2.918242440551383
-2.5919573894737957
-1.5772862182019334
-0.8673584619266396
-1.21745321609652
-2.9478581117315765
-1.0346811469942736
-1.1361619882497622
-1.9778036694342354
-0.690117944750673
-2.600864987657214
-0.683825837826171
-0.20167872171595974
-2.5401598389697364
-1.607882509990923
-2.5840994890262214
-2.8304264009249964
-2.9693415797236393
-1.1774912179749666
-1.5649262860961135
-1.0171339652379754
-2.7454618350341975
-2.105234398266243
-3.2793457476453995
-2.7575595908025226
-2.3599999711109465
-2.673053858040522
-3.3553549572490335
-3.224888909468918
-1.4537373103416995
-1.3182252706244064
-3.512569344183931
-1.2928825758950722
1.5116973131900597
-2.576210641871494
-1.943824479091639
-4.1456224148626095
-2.8488405611734446
-2.932175918473305
-3.0531207216580962
-2.8883833727201496
-3.3572780210402646
-2.744903464526156
-3.2922653556050627
-3.2758013037882017
-2.5255384180859273
-3.78592620852061
-2.606996955117424
-3.0674435762733845
-3.922686001266684
-1.36878606878543
-2.555903894268435
-2.5420125876315445
-3.0826807719546663
-2.688742695855926
-2.764654543287525
-2.7241789623385513
-2.363306135993274
-2.484545203327168
-2.744462557221309
-1.7315148372264146
-1.0657839553167117
-3.615681223368893
-3.69925808738708
-3.181550166248911
-3.201907787610108
-3.9199629056292484
-2.6505042400350547
-2.1816164071245105
-2.5657399003301538
-2.9959016058034367
-3.528359874954454
-3.1267080539708254
-1.932173336436829
-1.94989020510502
-2.0337397964159716
-2.5436611083951943
-2.2535733186789613
-2.394965409553436
-1.5196656532868378
-1.2888365357681244
-2.394422639471912
-3.159231589089805
-2.574108273523091
-2.7633255825851437
-1.9778745323555604
-2.131617036364488
-2.1621301047900108
-2.2432957847732706
-1.527138824830225
-1.5626196523531073
-3.407437249789447
-3.3930433212595714
-2.804914607060836
-3.0343553816647293
-2.815588584628987
-3.371900233353646
-2.374735322300941
-0.8125944420665233
-2.5980549521190075
-2.5379704004042214
-2.6481939972950634
-2.2228613781517628
-2.355399851200878
-2.5744344374072314
-3.032490153424833
-1.8165366322072363
-2.047535899013553
-1.6673576394296106
-2.1395206647439315
-3.1379729787027464
-3.352146753284326
-2.7539307352504756
-1.0794889039466526
-2.218155490751747
-2.36307776431465
-2.5728602645787806
-2.7342268192959973
-2.728474728630764
-2.495220658307711
-1.7396023449832072
-1.313999695483767
-1.423958603163492
-3.2546627199474094
-3.158530790225021
-2.0678886798661744
-2.518783274190198
