0
0.8295361051757124
0.8578286428907506
0.7913912290066906
1.1877706074929049
0.7548487874654822
0.6716468835529412
0.8377169066019926
0.46165913385618695
0.9301528368508563
0.7247976167036344
0.6358676480382366
1.0911345125154663
0.8656896611361309
0.6259740961127065
0.3721502998838842
0.8293694611100563
0.5018353404409392
0.49692469084049845
0.6478130276100041
0.7106875589964509
0.5612044365675048
1.0642813659782575
1.1533788027058662
1.3035697159170092
0.9757386944614379
0.9197152891351724
0.7769288283949158
0.6700586400834934
0.9699326498856813
0.756285616854984
0.8659066694481309
0.963719936694781
0.7096613817512583
0.6911034914844186
0.7794077876681144
0.5517705328782206
0.7001761293156664
0.7142056988292916
0.46795772442734934
1.4895472152806788
1.50071911661893
0.38237605501229727
1.3068166304893647
0.38448347184858384
0.37743300684731823
0.362417130439339
0.362417130439339
0.36162350438644303
0.3609068646856108
0.37104327621958116
0.7866019640932886
0.9939051018663279
0.6047252429804781
0.47944858972179394
0.663428719333427
0.7972070630543717
0.722734625023837
0.8879426995524023
0.4455669730002136
0.5790741283262651
0.9381776554027424
0.7070396373092842
0.4650854182527258
0.8352353505683645
0.8371997413076296
0.7212536530050047
0.8800058453974414
0.39844035429908337
0.5262983752154798
0.6053711549818066
0.8737872981434539
0.5796211341263325
0.8782708403322423
0.5576416932229155
0.6279368692398872
0.8545433082310667
0.8528026651872493
1.0677265673296306
0.6595511718932159
0.6113114009241142
0.6176442393091846
0.6130915587262248
0.6574229588674146
0.5727003879404973
0.9061711817413488
0.8965108802352799
0.5789754817029281
0.651066412589437
0.7149391962896564
0.6060216400394677
0.6204094766719592
0.9161136715857152
0.8152968648677054
0.5190183432613196
0.5057168298730241
0.7360368742517521
0.9144035641190394
0.6785962683257678
0.8899262046179586
0.8902275611878657
0.6451485605893459
0.6536194143737204
0.571849095287612
0.7434527352572029
0.920549962335713
0.8769886485587128
0.7988292552458863
0.6839100853066659
0.5862493688381731
0.6317183984236502
0.7667698053236469
0.7139792180086468
0.6805649088973227
0.5314640561355513
0.7524139136555014
0.8423548750913692
0.6175389896072871
1.2431231759859482
0.9093878602041175
0.545703914386736
0.42773936345063596
0.594567640963083
0.6944874286184599
0.5976559517113074
0.7524054506675713
0.721358483476053
0.8938401030690728
0.9392433502533034
0.7413905506537246
0.6065820022368796
0.9293299768064822
0.9733405880198013
0.9870979561469115
0.8114657466658629
0.6898790718328084
0.7466010622163415
0.5379159023588199
0.6329808715246402
0.7880168053458618
0.737027156497751
0.7154129978980054
0.8140173329394281
0.6003738675235145
0.5458256637812642
0.7506115667746684
0.7706252509749263
0.8641613328002689
0.7146967746659657
0.9125886053577753
0.6491688430788438
0.6813135796447952
0.7160888838156303
0.6118892719249459
0.8295007578760846
0.606203085224873
0.8415821070942701
0.8706401728682075
0.6389336549900545
0.5853132002865684
0.9061906082272616
0.8291577254189517
0.6228940482414818
0.6379922733061789
0.9862178424525868
0.8764762089582093
0.6701308935578765
0.7176584361115763
0.8213080055617237
0.7922792819608635
0.5177931134372704
0.9044498495436893
0.6657854569286358
0.5845139777446516
0.48402521975853346
0.4933409394615543
0.7038460481374931
0.6715615138875366
0.7860021587797055
0.5363660032202966
0.6118088061461104
0.6964649500595251
0.9295270384385992
0.6150333235738155
0.9609171149215446
0.5453992776276074
0.6609105943428303
0.6283067856592477
0.7349842790468977
0.6527652779753846
0.548105193539007
0.6871002998282438
1.2047560863758697
0.9562005748474991
0.6530722608442955
0.7357900411453995
0.5321857562820206
0.8171999712824285
0.7785346964724393
0.6685533721817497
0.7310851947327596
0.6156659208607711
0.7319818021135747
0.7144775361224656
0.6019963696736276
0.6225927047616892
0.6305039009761474
0.7412208651054223
0.7286087128000206
0.7286087128000206
0.6891586170976667
0.94453804023374
0.6327538096247127
0.7683886946455123
0.7178223612025267
0.705592683024884
0.8560511715319152
0.6360380950027293
0.7030372257075095
0.6253420493644131
0.670028690130576
0.5686898818305036
0.5294197690129886
0.46964949027279496
0.3964875187702756
0.4940670109444354
0.4997442653269343
1.0366028471368272
0.5150704797043081
0.5153207671304094
0.5167340715898227
0.5871627735396543
0.8196588869196773
0.6369310800298945
0.7157657027482601
0.5577365453081238
0.5528313587904826
0.6793019028533286
0.9936300472644022
0.6125133743772714
0.6572123763062201
0.807963214953111
0.8049452422403325
0.8677094997404684
0.8104051500228497
0.4348913968733233
0.6752502583426329
0.6429101429807079
0.5788042679462689
0.5360466474425757
0.6179538670170154
0.6046357447001428
0.6119478666019083
0.4576477660396403
0.5048064790646146
0.4982242535414388
0.612616176291629
0.5634842087648452
0.898935729076708
0.8402840134500726
0.6529214615734399
0.7028678990258415
0.638731774951738
0.6314021133328205
0.8111937095560604
0.4896347565542652
0.7825809994255555
0.6959528292186825
0.7920891068427073
0.5945579036626112
0.6314746640914859
0.7219188614469905
0.6041667548447343
0.6494543857243354
0.6469198547165825
0.7241984387680169
0.5806618866534912
0.5473520465962743
0.6910792896474443
0.680693335168495
0.6904300513849222
1.045359458714046
0.5011881189735969
0.5983255490163016
0.6949092930537109
0.5559439889968806
0.8050704790445949
0.7318642202876348
0.6756320250225847
0.7349480197396103
0.8338644312033885
0.7389606971490066
1.03227938951766
0.4823140318904024
0.6164795960639625
0.6747110923150357
0.7601708300123798
1.0533629037873489
0.4635139777904789
1.0102943150428152
0.8512936748514731
0.6413192296908451
0.6146976247482882
0.7051475730789943
0.7133178996333623
0.4151629461990943
0.3858443559328648
0.3964492940136246
0.4154328064421155
0.7662124638953969
0.6113295536077585
0.8177708396460152
0.6493378601222174
0.643489955732584
0.7805979336590952
0.6032042153663097
0.748784723562776
0.5857590944052822
0.7311053931033366
0.9615332350751167
0.7705180703229028
0.8057741440255632
0.7441725736328269
0.5115937608977028
0.7371090765641197
0.7292064513301961
0.6222696133533248
0.758643324849682
0.5937773470269783
0.7759495118371504
0.8106297896280905
0.776918226539366
0.7295024094992546
0.5290083762462555
0.7956392218697182
0.7731163629030924
0.6347273774194725
0.7992957855415547
0.7193972486357736
1.0035794950128516
0.5934145903461725
0.6684949891795555
0.5413995483366066
0.880248391840201
0.9941228120340336
0.8192180419903882
0.6192341043628352
0.6742354837979263
0.5408148871322329
0.9414635722830291
1.0936383689696054
0.7540288176850444
0.696964000929214
0.7161824340229636
0.6300138011518629
0.6724990946996559
0.6469121338070575
0.7508766410065877
0.5305780625839727
0.5592219697464653
1.0355829644586574
1.0355829644586574
0.7051265183111888
0.5281479320042516
0.6243725167167494
0.5521577625686516
0.7658014335478297
0.5375511754858563
0.6009791589870724
0.6141756158960464
0.5436011879372588
0.6531518350496642
0.7446680195583395
0.5388832116211036
0.5066378877404538
0.7440274158904325
0.6382389818890903
0.7202137155495338
0.7193944503117028
0.7339799774031851
0.6026510367188287
1.1233741120249339
0.6690484837994821
0.8868158133062181
0.9565707497442704
0.7715636139942186
0.3666136640705989
0.6356192776844586
0.5739884421720111
0.6351410953036426
0.6756536310517277
0.5840640680649509
1.0553012918272013
0.6059685307700273
1.4157870208467183
0.5675845568529267
0.8250371661058556
1.0245805364271594
0.9826074160612518
0.5286745044420513
0.6986168322122215
0.5542269358288539
0.6526790237314832
0.6090104799927601
0.6440248812379675
0.756915598999987
0.6671705464139867
0.6742637299658337
0.6626770764890911
0.7212156814798351
0.6907931302482231
0.5662458411252548
0.6360619640777482
0.5502142454282694
0.5902394389950061
0.8820191946028024
0.8134249513281617
0.5954704198437017
0.5464852450896125
0.9298145655135585
1.1710883204153875
0.9227331777134377
0.9698594912476033
0.9664466187295415
0.7424729526431819
0.5493357048038651
0.6476035111386518
0.6509876349816821
0.5357285355084418
0.6290475292373301
0.738058204159205
0.6977432131434634
0.7328689795835703
0.6538882805767475
0.9358971482037418
0.4676573983620863
0.8597429723206339
0.8659698109750836
0.7572864418932602
0.5622774441815398
0.72078773901928
0.6839409481221651
0.6504728360866586
0.6639331580689161
0.668483281645282
0.8743444372800745
0.5673297226798844
0.4995279524877997
0.6333805351527656
0.5963327576649078
0.7155206532178572
1.1677048708172415
0.5547463646729834
0.595127888752639
0.6645087700300419
0.6459231018580477
0.6366403697601567
0.6398602559111161
0.6544319947418876
0.5878554415910608
0.7784258524750359
1.170295763758237
0.8657795807924096
0.46759588730552537
0.47755444633370525
0.5390893509928846
0.8350245516670516
0.6040989224534669
0.6281064279346
0.7188078235758766
0.7945748300511153
0.7433293622543483
0.6039224227477608
0.8409631063649526
0.7349528595664994
0.5487870395629322
0.7280677241615132
0.5708339060775075
0.7075352555054867
0.6330489314342538
0.7649818519458722
0.6787995075306937
0.6737176213133103
0.9426241747211846
0.531544297123797
0.4714264773899815
0.7384670719288066
0.5627103388380531
0.5483528507990667
0.5483528507990667
0.5483528507990667
0.7589585813783996
0.8451318142817281
0.6389776244499932
0.6773431202279835
0.6701567487862088
0.5800042002415176
0.7548536883360232
0.7116980666976566
0.7723906051740589
0.860729394330182
0.6305378889188552
0.64196316562495
0.5790490754569146
0.5771822976364072
0.5017675654172622
1.0252729326050816
1.0114416810993276
0.48179780399645217
0.8071654595118873
0.5157968657016583
0.6646614016420997
0.6672305659217846
0.6730033560620438
0.7074814585106894
0.9087085369753426
0.6568315826157145
0.6794860812060445
0.6206327516880401
0.9070660758866205
0.895927056544919
0.5472272593031163
1.2490610989546387
0.4241996020476435
0.587810278444204
0.7421104052206835
0.6633948178636442
1.0896705518229746
0.9025977782259528
0.9358780610285868
0.852993468008261
0.6533987518322244
0.7396959453457299
0.7297884273971766
0.6142881185315507
0.7136879245171583
0.6817313878898315
0.7345167993880586
0.7884879098014596
0.798664711270432
0.5929649705303959
0.7246636148690607
0.5179759700413175
0.6163925674575078
0.43835209064303793
1.24825872463632
0.9294660686310439
0.5746859877856489
0.6641359167676617
0.7819185101662935
0.8019844323097174
0.7710858335343295
0.925262841271799
1.2738713215921502
1.2919264462833662
0.6538758815603631
0.9052850547249586
0.6905577941350541
1.206876858675873
0.784525519548287
0.7489727827207567
0.6543137565883197
0.8362453427479718
0.6603682288875076
0.74094295918381
0.5980042972991819
0.8703525437980552
0.8495604563981664
0.7640766828541959
0.6123373739568598
0.8969950927681665
0.7113422635538711
0.517385650820901
0.5615464074039579
0.5873202648524379
0.5521478999082526
0.45574267417815517
0.9715497395857511
0.7121599731595262
0.5656799144337384
0.6927093642501908
0.5750171518763325
0.4876280624048789
0.5829295612554378
0.6587061750889069
0.6501967784046718
0.6333105709007172
0.8558911658587017
0.5761321755796437
0.6551005962336632
0.7044288670467421
0.7047153046880861
0.6681919809336178
0.6815252001584633
0.7186324038006691
0.6478207717590813
0.5504621622413346
0.481016736872099
0.41753211616580965
0.4230066022235702
0.5777021112907961
0.6332925641929787
0.8975798587878148
0.5499579666425508
0.3955367513207903
0.4515760095550203
0.5750754370421371
0.5991828871372953
0.46599551602029105
0.5035285205170705
1.031748041825555
0.6647097178020157
0.6733531908611546
0.8295080566693009
0.6619776717023612
0.6249040725190815
0.8436994146387005
0.4192002161230561
0.3531860988349891
1.0455258532794998
1.0455258532794998
1.0701400744674265
0.45612815074561347
0.41179453842693853
0.6614636662235749
0.6175037144026663
0.7938339555024219
0.509620220640817
0.6979177177509971
0.5024735627082084
0.9309226021046243
0.8957279369521486
0.6986527305947358
0.6220275578682097
0.908170436251054
0.6452964102012734
0.8664656927302683
0.6340329459212702
0.6409725820863621
0.5641072730660374
0.6232347539041565
0.6676462357548383
0.4806511438490698
0.8454140783540315
0.6655546364606277
0.5978467460412462
0.6138656930403518
0.9464831604272974
0.5910117984431469
1.2165509844739668
0.63740831698138
0.7657073282483619
0.6505507001897365
0.6415588044918985
0.5183809371195305
0.6309662258444881
0.8667904407415612
0.4885124162016435
0.8884327850158604
0.46415965505361717
0.3090578816113289
0.498680786113838
0.7844242348821129
0.7467555849733724
1.0566888563755141
0.8689782266757548
0.7144727471831926
0.6542343999387201
0.6285817069920219
0.44851097036491633
0.48152355118988494
0.533533341117358
0.7710463435154774
0.7545587497424263
0.5402173415861364
0.5306108985821995
0.6943148670218782
0.8447759176379899
0.36792075188556866
0.4341088785826712
0.4730304964211091
0.7358485128843583
0.8933396184489469
0.887390848668763
0.4182025033759041
1.5759063964230573
0.18547452868220946
0.18614084552245028
0.2519748770584709
0.3369997102758034
0.5837225392044965
0.7341147646559019
0.5830501668276992
0.7518802455067405
0.7377701450699878
0.5561652035552981
0.8474891265376958
0.7473216337000737
0.4978979024351778
0.5438097679041684
0.7882322885009639
0.5570827945030552
0.7243915098002804
0.5605499901945439
1.1214380714544196
0.9866519654700683
0.8923877052486027
0.5281096296916649
0.8001169523715045
0.502127098902333
0.9129526205835788
0.7928437710372997
1.0460247446479944
0.8097294729768285
0.9403078263668504
0.7410589693501741
0.44194364809533737
1.0360603676995899
0.4733650572999016
0.7267658285915995
0.6552890219568698
0.7149632039973326
0.6677946826822068
0.4883948709925846
0.3359879671723182
0.5117950896259589
0.47245785808950663
0.9327263914767169
0.621129053141455
0.7219202164904841
0.6339139614188236
0.5307823610415608
0.9632781415070292
0.45064146169858527
0.7590158935199621
0.6194131630225306
0.7545157745166096
0.8267551619684436
0.8841709494496226
0.687096594661201
1.1602212609975346
0.7012507788650986
0.7661499416148189
0.7419710907155888
0.8038423722110821
0.7047403448907799
0.6978404724132736
0.9681450319218117
0.408220401504442
0.2688168171956016
0.9961004818314995
0.19455195938652567
0.515956129650504
0.8045529298516086
0.526126461703404
1.1284609734177127
0.8809881565372778
0.5737596850509137
0.8001229435207692
0.7918708832998317
0.6306769551927413
0.6347822737828365
0.7144647412682492
0.5330327814068015
0.42941250047266716
0.8305918892806944
0.6352582756952925
0.6832449132187248
0.3700901878073656
0.36354746550741995
0.5231051383072263
0.3472799666301864
0.36044161098014366
0.5800900633385889
0.43867056633724444
0.3673450323305405
1.1533063896044775
0.5695115370043423
0.7781116677323942
0.5758405079624318
0.821984589767223
0.8293277898163682
0.8439031609026746
0.856615604384885
0.6289202918839679
0.6178853025718963
1.1198077214117472
1.0289943399445214
0.5457192227946462
0.7229724317923384
0.7021826916628197
0.5835223565214381
0.8452767672191256
0.5537756206043829
1.0524820156719616
0.6958065616083442
0.6282085326414718
0.6597076347844436
0.8468376709804326
0.5990375202474717
0.6284322126456884
0.7190862334110858
0.8897181831432556
0.8532663928843903
0.9326887307282258
0.7322627555118748
0.5439500265038414
0.8504619011398002
0.5375792321921936
0.5080356660540267
1.0387746200780994
1.0012778244872345
0.738122406080688
0.7773680323141903
0.8231047837650258
0.558136092294563
0.8359369446308401
0.725747357508434
1.3542409501163213
0.944571638178802
0.5626175019046991
0.5332058585323899
0.7878103918378724
1.5708482186022295
1.1597117006640787
1.0085563912403441
0.7243783537416952
0.7888180000601649
0.8147511123287103
0.7744762649338613
0.6230998943896321
0.8412550503204704
0.6259452173580585
0.678951180500044
0.4638636469018488
0.9704160652112138
0.7661151419240078
0.7671266495814959
0.6988619042462713
0.7779523166614686
0.8168104354872241
0.6466887535987308
0.8100699055099697
0.7525957719745041
0.4490092189099179
0.5132220728193155
0.9106337989501688
0.5864481548509919
1.5454625219161817
1.4721476396116189
1.0821406174780834
1.0744575351680141
0.6230273063945434
0.7847217341742272
0.5001995170957562
0.6324276562415666
0.7064535258679624
0.8743425900908868
0.8652989655138026
0.5282818361497527
0.8200436454617991
0.5896149983422514
0.5111933504704828
0.9441813681168246
0.610668671246146
0.7013182889099759
0.6972264854038006
0.7630171830153585
0.7242571345485274
0.4847632296396244
1.0609117663409036
0.542653972879291
0.7087939326534224
0.5598158884219564
0.9225114197979535
0.9947077091052876
0.9206391136638424
0.594213369675349
0.7542888320258898
0.5198881457504946
0.5949247857829472
0.4995930288258344
0.5219218029411706
0.6112255167178441
0.8205179664440295
0.5478429545220096
0.6537800094974674
0.7715094446242914
0.7056875787939351
0.7248048587772459
0.8737168457586472
0.7881211563359268
0.7519966508295661
0.8968673399256214
0.4964076737348357
0.469530801086807
0.5362024760585372
1.1799041573894262
0.9784631641532847
1.1709421814767054
0.4430620191734193
0.6745400127155002
0.7420244382682808
0.8378900213580754
1.2094129556798627
0.44510535292810505
0.8371282831225002
0.5809650006968418
0.652388552870802
1.259896895040539
0.7793136085606163
0.6588887835929392
0.4042135803440916
0.4934122876538682
0.38805896626411573
0.4681058580302147
0.6033229671756625
0.653901417253176
0.7416645498157706
0.5465985901829088
0.6510083469446162
0.682656998316897
0.7748720068529238
0.6016366240436533
0.8030316053435969
0.6210861535679757
0.8855158865058993
0.5593013066248437
0.645221592627456
0.7361124175966782
0.7063979129368173
0.31583965936670677
0.3495498523239761
0.8819217806288184
0.5081420636927123
0.7027310875219498
0.680775010518333
1.5185099963897353
0.8884160841019054
0.7787246865967161
0.6981801508285246
0.7451626669379066
0.5349636931768413
0.7585789968706167
0.7460865062793778
0.7105469485918521
0.6674157899902187
0.7034375692879088
0.6725294838264292
0.6018815916693434
0.9681692752736593
0.5769088717447431
0.7587364940967718
0.5280442211264385
0.7800647376284298
0.808493064990925
0.5702284258307647
0.6505823193587552
0.6147115156276819
0.9981172485724308
0.510664599904031
0.8152867376924108
0.8563882046818891
0.9557627811363603
0.5756078032476776
0.8561677502237763
0.5458843852755795
0.5809049679496444
0.6385814269617939
0.6483304143912182
0.698832482406762
0.7477122369278503
0.8002002076191985
0.4466174201278694
0.5566855852753054
0.7136479221168733
0.5062907058510551
0.5990076966602952
0.7894472798201554
0.6954110528033692
0.45556026349719164
0.6217984332283052
0.6097155236735995
0.7135614240967683
0.6591809512913277
0.7196800989461561
0.7593541678250223
0.8503663224943695
0.8792922685052144
0.7352765529090785
0.8329289452551282
0.9916621335981656
0.5874305460108808
0.8985617994140246
0.47726014563585767
0.47023297156984445
0.7321410070411746
0.5528290919855
0.6453548372705449
0.619752526301797
0.6349935970448726
0.7047608992529121
0.5581900237252538
0.5528443346690327
0.557187932801848
0.5226970351833029
0.7170999128909346
0.8135087411390731
0.6364247920453323
0.6584616377098197
0.6332994527254744
0.6678725996502407
0.47763610883347934
0.696492511154389
0.555426472493432
0.9630970041435988
0.7099206226409843
0.753474765015411
0.7683160470704472
0.9895263657602664
1.0925961641147488
1.078012776362155
1.211522066178871
1.2239795643722964
0.7716769719686349
0.7965657752294129
0.8417685710070077
0.8254298842326122
0.5733294256636057
0.5503682067316543
0.5303800760343669
0.7998788823899375
0.8951682523779475
0.7967800997208732
0.9058565628054519
0.8131499808692481
0.6958884444039302
0.8920795514736242
0.5970458751807898
0.7389415585266945
0.4719734221497117
0.47017701577103654
0.6032129435493172
0.6090108989595875
0.8268940810983008
0.9048252357886809
0.8721860544342158
0.6060364517374655
0.6658962031961156
0.6030869780320925
0.6899726161454125
0.7363060126749862
0.6863456379844284
0.5565320604608719
0.6209102314812027
0.4991134425066621
0.7025743687172704
0.7463012507698696
0.5608416108830229
0.6769117311418533
0.556795198952175
0.6832195789849849
0.6839890618045176
0.8695497144931618
0.8501175927968836
0.9888397043931642
0.86497502071459
0.4603250900733775
0.7966676520483889
0.7033976954533719
0.7360510825544088
0.6779028115810385
0.6085786134887466
0.7610708866055917
0.7762929548636727
0.7710567752537849
0.6085380335626682
0.9159087508284621
0.6808351156571905
0.6042602095514016
0.4827820035489711
1.0592458969852734
0.7140234314983677
0.6519076347235637
0.7136080575383206
0.8753370766928266
0.8755386821199763
0.8755386821199763
0.8740648159750105
0.8776472094925855
0.8663632603122965
0.8642620788264216
0.4944445607410997
0.5465142321437941
0.577369384114165
0.9815274652090513
0.4859298430503226
0.549014756936647
0.65560184470727
0.569862913210535
0.6125199596356002
0.7312089170066998
0.5869196481631692
0.9366150534356331
0.7503658933359836
1.026546982135831
0.7298786607633765
0.807358573428043
0.6547389362789778
0.6732135088580476
0.5467430776054143
0.5265251396387591
0.9372558958038262
0.847652336380947
0.5186668441140148
0.253152172135986
0.6497020102135505
0.5868143693201072
1.0940639736523414
0.8030615730926745
1.0042118612276394
0.9244106339499624
0.7127796053209575
0.7309343746183317
0.546657815364862
0.8490709273732023
0.8070108966901147
0.5059016109563681
0.5606523738730766
0.6406294451759355
0.703760880232152
0.6033050545187542
0.6371874710086002
0.5810940746316532
0.5112478031701551
0.628973049810478
0.40771177590225083
0.38176585902173227
0.5607435299182862
0.5166258371554341
0.9652450740760339
0.5882021315963709
0.5931815674803106
0.7537752665183557
0.5591194438710533
0.5592853312520512
0.6377439961976237
0.7239944646556846
0.4659541152616881
0.49780496273600344
0.5210920109015909
0.6883631212502913
0.7357900939934191
0.7455797408259526
0.5936245376813235
1.1478906866023322
0.852247955354312
0.6136536102065411
0.5329855158834341
1.0109278578698382
0.9508501027292877
0.5549095576600865
0.5942491465167342
0.7018775585690035
0.8092466705276508
0.6492488810265274
0.7975968266829573
0.7834178793652332
0.7874571565319338
0.6064973387709794
0.5567971643971987
0.8600079220824048
0.4920175239517361
0.6189001274886163
0.48379823894342877
0.8034444537939172
0.6805970367562396
0.4715689391266225
0.4963369226657918
0.4708945385812076
0.968228957988113
0.5740186029991076
0.6720095914757396
0.6043418266063448
0.5461182108271793
0.9841474062945351
0.9470692087118557
0.9058942379878688
0.450944764187509
0.8331295964403155
0.5636414865511508
0.6698502289105968
0.6897423213017326
0.716351996859224
0.9104135143741189
0.9325786625902054
0.5813850743101094
0.8819044652939746
0.6145963226443332
0.5320993835618064
0.8137168247976423
0.7703246893739146
0.6760829038635647
0.6531379231104233
0.8183805790061675
1.0500285403719072
0.6741189167128435
0.45061968529301205
1.0803145515036598
0.49144252321755993
0.6385550735768498
0.48315284446708007
0.722120836462087
0.7927003814322459
0.6237660735276642
0.7052602394421813
0.9539382402323231
0.6145353530208744
0.7718507393458865
0.5800868803036533
0.570654929217256
0.6796339751704326
1.029804489377308
1.0505694360311286
0.8018698153267685
0.8405778796461585
0.6091877238536308
0.8414949326802126
0.6731583067879358
0.8282351413960852
0.6730359784225413
1.00673131803793
0.5266019188147085
0.7447705446836718
0.5282088404711586
0.6172495012661643
0.5517520412324463
0.7648185273731434
0.6694613990355591
0.6699704311490093
0.6865879205347185
0.6795945678280739
0.6942557943827663
0.7263949764416676
0.7370098296537946
0.5031574047610191
0.8351915850433568
0.53863142596798
1.0336296731250902
0.9112029144808722
0.6658675037157489
0.6471808047233503
0.4807978632538713
0.8974028515827828
0.8577374432143602
0.7345956909049975
0.6163452678104929
0.6088343106916319
0.640113070676
0.7251156976609366
0.5750848186241636
0.9314574333220526
0.9568137688532653
0.9502638860194189
0.9502638860194189
0.9502638860194189
0.9502638860194189
0.9502638860194189
0.9502638860194189
0.9502638860194189
0.9502638860194189
0.9502638860194189
0.9217696387099796
1.0326997694182218
0.7635402194374007
0.6479911485306823
0.6485599941285626
0.7106207937016004
0.6871857988663495
0.8446357687159811
0.8918904053699237
0.7343159066826205
0.8321124907561722
1.2637092307580267
1.2622919007249367
1.729167461373546
1.711242401005951
1.5343102542342775
0.515756808389504
0.5941453926764868
0.8304197675836815
0.6910020269831814
0.6709079841359669
0.8253473161079309
0.9729903639391787
0.6342547360219899
0.537645929311911
1.1291769854994471
1.129157535233083
0.8714021011565269
0.734225696624132
1.2187544020357435
0.5654802549859086
0.9724498449718966
0.6727409800267135
0.7695616352332254
0.5798807430009841
0.754943801462835
0.7185514598638363
0.6023213334519288
0.9747600397404913
0.8896505703933526
0.639000363970962
0.8099142654435534
0.5986977088857932
0.5552130509814353
0.9149456900835109
0.7851779449326424
0.6063302983340519
0.615223211927619
0.7928234478927559
0.7687480473151929
0.49253030472926324
0.6625789699680031
0.6527105321564203
0.7249549241982907
0.7834890703149641
0.7450526444031678
0.6193134333162257
0.8222623842880976
0.5583645431559621
0.6194286784723402
0.5912277300147726
0.9146745165021434
0.7413685141220837
0.7240684537316147
0.697381536758384
0.28482455058736483
0.7041776993509297
0.6255363517687141
0.7633104525978135
0.7988153227561767
0.7256642944677292
0.6853992517156501
0.7179860042851325
0.596225496163059
0.7232487002291974
0.7375366556785071
0.6480150922779989
0.4494592128723772
0.5910853002039286
0.6629846897064992
0.4886400069177118
0.9282561718232203
0.6934574614867469
0.8321107442520153
0.785031106943225
0.7864946190088784
0.8251979193727198
0.6830973282199291
0.6209261467063221
0.7855106408744924
0.744343899550708
0.8043557874102569
0.7569944315329761
0.43476351786713857
0.7588222436873931
0.6201294606443828
0.8547967026189631
0.49622124393365935
0.6183120678240963
0.7264323019947303
0.5726519047507186
0.9708987720589118
0.7195136503022123
0.6420392740455311
0.6011021812724734
0.5997355288537984
0.6034380487635487
0.7460542762358809
0.6621491564909874
0.5066215538530457
0.9045117850163981
0.9073757027783076
0.6523350670471046
0.5775812271040274
0.7846864942160826
0.9961617416919648
0.7171561423158732
0.6904507835990401
0.9642864814793756
0.5648036565431532
0.6908809221649999
0.5995965510663145
0.48526211264915164
0.7560191871596225
0.48006407274567564
0.6412119140688869
0.5675286323825932
0.34731627692305733
0.6743301416098697
1.0731202622197216
0.6499554477166727
0.7750636146618641
0.7717761815963542
0.7106372813948468
0.7733441728042395
0.6274427650802389
0.6301392804945094
0.6234048808923818
0.6648203299200814
0.5652740207095043
1.1306347058871302
1.004721042360664
0.9223380811862663
0.8036273965754406
0.6134637158755132
0.6883383878514637
0.78278978482353
0.7192925174679574
0.9060441972467025
1.3871492708185391
1.8390001408800791
1.6272958358771903
0.39116554079619154
1.3755583709069157
1.0934567569314744
0.5823121179731463
0.7166236599366299
0.5255086075688602
0.723942312892755
0.4547439500857102
0.37790286579139987
0.5960481350688447
0.6022506221652744
0.6210560621445177
0.7661458190510553
0.8391830880124644
0.6458430802948916
0.5890301978786581
0.8384666773391664
0.6864984784782338
1.0772972078053058
1.099158755701381
0.5208150846665147
1.0650227483372896
0.6326206842147005
0.9878689793735705
0.9537242245267813
0.6373154512962428
0.5792340867323025
0.6928099914151684
0.8657109452859936
0.5616052989783443
0.9687599813407046
0.5630114952981028
0.7483756829957692
0.6518501823210522
0.8150853124590889
0.42439880643472944
0.33374887154633154
0.8119333332339322
0.8896523769569832
0.6208134115966104
0.5811780688021433
0.7891701511076592
0.7429416726999389
1.2298415028984846
0.9941855853756902
0.540495217814463
0.6506861446375631
0.5713333646891879
0.7975458791243226
0.7144671643517201
0.5900589511627401
0.596640448862009
0.760288629749005
1.1708922283769998
1.400819137673302
1.2535098336005321
0.8725772760881253
0.7990437483989411
0.5039972149183516
0.6949133476570474
0.645302417413099
0.467719220845365
0.6315404925775342
0.6752086656079377
0.820031775153608
0.9207370886382823
1.2956929895349645
1.1557797922863386
0.9670424723244034
0.5578894448252668
0.6475566265407849
0.9260121188024115
0.8426008972903952
0.6053527578717954
0.6354900105635136
0.8990555090946483
0.9439850870603983
0.5454483249089717
0.6412678906536462
0.6264782663115482
0.7085304741861507
0.9068404130345741
0.7226733283095593
0.7704127287722079
0.4416598930507203
0.43987608332910305
0.4924872183627677
0.5906249629402641
0.6501754914958924
0.27078589652641916
0.7681472956535732
0.8434528757055333
0.7760902103145981
0.7433130646961525
0.8839831584729954
1.800968620202433
1.0328812087774972
1.080959025072994
1.0866453855554474
1.1601688180032923
0.6073901155141261
0.8100620129714571
0.6479577074955393
0.8247236286800901
0.46507582311423157
1.3091522761796635
1.8371775959586123
1.6580703099569498
1.6386825931299205
0.49574018056850816
0.5185785462559115
0.5476393665844593
0.593726574635873
0.970608621413923
1.0418340107259503
0.6086613566904872
0.7371127390309336
0.6440533186364453
1.477536739046253
1.2033932337389137
0.592315322613855
0.6505144546107936
0.5640818398337619
0.5565499439962831
0.6152443345539017
0.6084754195505432
0.7871031448090785
0.5955880599477428
0.7129967679474121
0.8667719685810241
0.9027102618710237
0.9235796467279784
0.6753801560689824
0.7482738427855875
0.5169169919122012
0.8276229104482116
0.7253067394763688
0.6355331399961746
0.5675206917056795
0.523923746625236
0.4325648583899797
0.44756622391745543
1.578397959210025
1.5095080560050507
1.1773072231568913
0.7411393543481871
0.6002893274440657
1.009730886603291
1.4391895950162563
0.5023684201847043
0.6923117571518997
1.0006284615005465
1.4799429449114718
1.3033526665447093
1.2261663129018259
0.9797719185532167
0.7416452187677
0.8937131549850607
0.6431669693185028
0.5822602664547843
1.1776334138512896
0.8986823189582581
1.1094551212023833
1.0153007511489331
0.6350815330334658
0.7531760631861533
0.2909455730364405
0.23858971457479006
1.2181802726858793
0.592810805661843
0.663581273336291
0.572962831474784
0.5257465129922938
0.5485882426447639
0.5019132375535184
0.6354259337150646
0.7095874977539037
0.5170288300933852
0.8160544106087891
0.8880037955524751
0.4497935705627966
0.8929884017140047
0.664378345805986
0.8223069021664646
0.9949293622961313
1.0056439577591152
0.9325405103900937
0.6130352918556092
0.8535895683160917
1.3576251419882863
0.5288584295849633
0.7385187256685843
0.6125616311088022
0.6509539572274903
0.7460268756222487
0.7342463501700389
0.7396254960714383
0.6195740309276109
0.5552975818988745
0.7931731737673626
0.7720858088564083
0.6103390067311955
0.9209783718070255
0.9127612379821238
0.7318788578503993
0.8824614202217149
0.9055101939415678
0.5271658474735198
0.5284268704886435
0.8049610887247284
0.6440198883649783
0.8093185589562075
0.9373806085491041
0.7860706756994755
0.5737365501833405
1.02961396777861
0.3660534724665091
0.8413786112962748
0.7341012773667576
0.6453956933481064
0.5043802411144931
0.9793579562050369
0.8706686133367522
0.5637379629279163
0.4200987882923716
0.6142310125031735
0.6656900353346465
0.6413610825094311
0.8272784058161242
0.8560287879200922
0.5104816671954108
0.9251884037841687
1.082356458297544
0.6500739084355126
0.6189852851601999
0.6612835449858961
0.9563557970178942
0.5684973229502548
0.5986563994743166
0.6582368689262166
0.7488387691802207
0.613561539199792
0.6605692790589117
0.5820595353620546
0.605200331511049
0.6837347294089146
0.6139770056677502
0.6015425416896625
0.601020187572742
0.47044414343578506
0.6176471337634001
0.7151692922602835
0.5287239684050001
0.7065585657631136
0.5168908966246881
0.6439971956253768
0.49709437774130066
0.5668572232233057
0.7690243014381581
0.7646524409104721
0.9192666907705055
0.6302865588507249
0.5835081544260738
0.6678145374809997
0.5171652224217078
0.881099389417354
0.732895115498465
0.7358154060875594
0.6257776964191601
0.5360731079759519
0.6127956169753714
0.6322855698173186
0.7688344173070816
0.5550380422043811
0.9313793281574004
0.4309041398468302
0.45222708316490084
0.5549233387545982
0.5773120095396205
0.703916424085734
0.6654193791795113
0.44751249651635117
1.1722818630400773
0.6555725755986721
0.6295735130730828
0.7896403568937418
0.710178662489014
0.4298964870011775
0.5495327038176837
0.8219621616186993
0.6246713110455779
0.8222236280887422
0.6063944492904587
0.7082145998968647
0.6477227826376613
0.6399442440886938
0.6083997378629977
0.6381731965665454
0.4787872976639346
0.5412287188008078
0.4219689525881152
0.8922946047692973
0.7878930426929929
0.6432052223106992
0.7050610045222638
0.6865421204614515
0.6725023767937829
0.8090662415582018
0.8951500816224732
0.3641777683650977
0.4289279206655394
0.7451907296081687
0.6767691141079781
0.5273668038861064
0.9110085217004475
0.8955897659493869
0.6636635790720903
0.6087057160019713
0.8306783612462287
0.6753029557391244
0.3971481149253457
0.38265039085710445
0.5074863011712772
1.3166946797581285
1.1937296990787183
1.1755154956121912
1.1783425259865294
0.9760595432797408
1.014121162404291
0.9919120185162706
0.809803082341139
0.34111829695365675
0.45075312714029314
0.49906725639770766
0.8200671971269848
0.4941018369864919
0.5605144317919792
0.9257980783241422
0.48556871582107497
0.6735607654777506
0.933055711365234
0.6038578882544953
0.565783360534209
0.6642017412362334
0.7588832067615782
0.8504154182218823
0.49453128565306115
0.49486175303950625
0.5135043134894958
0.5173087436358178
0.5173087436358178
0.517319812746604
0.517319812746604
0.5178719477187074
0.5178719477187074
0.5216797305419054
0.5172680447643797
0.5159261126552603
0.5139473442743894
0.5139473442743894
0.5172363101109179
0.5185356599936461
0.5136671763971344
0.5136671763971344
0.5178316392167791
0.522026173822824
0.5381480001148351
0.5713953285521475
0.6780817006670213
0.6625433820461848
0.6232701951963302
0.9383617015128477
0.8727493412402193
0.9848253148940874
0.443901696708816
0.6108770638380474
0.6573170661379145
0.5055161933302383
0.8873489776247592
0.6468634291565968
0.5704291230111612
0.5963270731107163
0.7810444974818772
0.9655071664978665
1.003294675198673
1.00757374269889
0.892977125916385
0.9049011696592166
0.8446965957378135
0.8423376323562248
0.8226532401970892
0.7461893810724985
0.5324752885137818
0.6534737629123554
0.5708081063998516
0.6864549398765104
0.6088160981591041
0.8043372132219624
0.6042934883782461
0.6224364113676665
1.1952016790156825
1.0566675208532514
0.8268240210428741
0.40507817222206555
0.8202673124118001
0.7254237224874374
0.673625055737324
0.5350307856546761
0.4618254332453021
0.7768324104336978
0.5529993213670542
0.7709833756609632
1.0391961493076005
0.8094873555967229
0.6847186679713387
0.6108428297715295
0.537300381854595
0.5032474441826059
1.033435716019745
1.075105576734999
1.13175968793445
1.1746063290533957
0.7891465626100806
1.025262424431231
0.9810956307778296
1.5758114170558992
1.0939538685929762
0.5325565197912632
0.746511864904066
0.6123663739671021
0.5855892206343795
0.795519740562229
0.7707512362160485
0.8584861016989463
1.0445027254832588
0.5834942063172096
0.8369216927873648
0.732286169053976
0.6695691838668696
0.7863048754279421
0.6768150282649935
0.7663325190282524
0.5625783882562958
0.8366191360646256
0.5744607899941712
0.6881896721439837
0.5753019844812991
0.7839111905842218
0.8144704557302835
0.6607957096218391
0.6139926105445642
0.5914118840241845
0.7555471099700295
0.7537251450807715
0.6272696857520776
1.2924673289967499
0.41225170359071356
0.8468818067791426
0.5863141666014365
1.1172366741438866
0.6281563806088314
0.5962222437460936
1.0044066556738394
0.6198972074133832
0.8658472376814556
0.628926609804108
0.7054339494529677
0.5728387810116592
0.8361076431407574
0.32341647671959256
0.4428005541824036
0.891482055331209
0.7025421122165875
0.7001524378713229
0.4566992499466961
0.3993425289807442
0.3911838399533009
0.5000532739595854
0.46880002903684276
0.4931398570935941
0.29953752041122533
0.3346969836229194
0.8526388562456357
0.6188861703077229
0.5784459605093427
0.37147601090966487
0.6825140971551411
0.6878808755577696
0.8286032630410985
0.9189496225416104
1.1640486045650145
1.1171187412872037
0.5488964635371157
0.6924021048440084
0.44360001581688563
0.5497757688364564
0.5552017034807355
0.5788155636631047
0.4793814506542785
0.6690073605318105
0.735723199995574
0.6406249803445545
0.5786309683870418
0.7818489990988697
0.8845993903132857
0.7790236642458157
0.6993154993690327
1.0157084440853075
0.670414592751242
0.556715743834356
0.7918633383139483
0.7682296908003317
0.7597396697869095
0.7481670271501343
0.8384227372392035
0.5009189877628374
0.7207802979641699
1.1913057391495832
0.8691652333830078
0.8274763881269709
1.1567659701492896
0.6598481368030057
0.4295245004747644
1.4299719365849588
0.6848897508113284
0.6592139357070961
0.5804928083778252
0.7183316111468613
0.6895177945583709
0.5350772348618295
1.199114642543677
0.7920215330472918
1.2672118158692534
0.6961820570293085
0.632770070601466
0.5950092113498575
0.5769072605931673
0.560932988787668
0.7876536360934708
0.5517580031038167
0.6722511348042027
0.6762200085251637
0.6541950698928444
0.7027942615000587
0.9369310764899649
0.8637491890633946
0.8230549889006148
0.8680207813063111
0.6151148856201027
0.5511684926218701
0.7132185834159444
0.8523824702243099
0.6447434904720586
0.6283833543455064
0.5595649811797523
0.6530583959078815
0.3639160335997359
0.547515397206565
0.553494779754117
0.7405400018873872
0.4075351943858506
0.6913107819781608
0.6740814427906195
0.8231038866779307
0.8652833064566898
0.6069693323509128
0.8042500400097499
0.8059569425091667
0.8038312715722936
0.897248527135805
0.7530150670999916
0.5356659750104246
0.4310984752836877
0.5861951057345239
0.5754157396343436
0.7711636992074475
0.6113247762575568
