0
0.09424359228396677
0.09122570296077082
0.1191897526435705
0.13549556347058023
0.12157692147217468
0.09913022078327872
0.12120933047956005
0.13072270836557995
0.12914918888159566
0.13980012878683842
0.14111454232216533
0.10479874042378887
0.12608685611521794
0.0907224636755429
0.0834130999852103
0.14559236877748116
0.10579028553205984
0.10740537865619326
0.09966812921500944
0.10872322738258221
0.10202225727844644
0.1876105052139052
0.18246329733687772
0.1922738487882928
0.1572517228958794
0.16262544128184309
0.12099016755105413
0.12303170760910609
0.1207291093311438
0.10499519978449996
0.15401393875198285
0.15149170100387194
0.12922073520290675
0.12128470582660335
0.12348835113889044
0.08193050487789846
0.18457922724242468
0.18417575606947237
0.16896484396177225
0.07847313166458053
0.08880764045442625
0.10523506719156889
0.1218434359298356
0.14299433900769462
0.1594162388850933
0.16353762869527508
0.16353762869527508
0.16402208764149548
0.1640748763285792
0.16659463018985365
0.12384639121339132
0.14087777397520038
0.09587223684246765
0.09147115134598131
0.10727939103318464
0.08784734144599075
0.11705225975078853
0.09697845466796268
0.13321894886604746
0.13834147009650752
0.11562294571727322
0.1230645949438771
0.09118546453015365
0.12401446776815489
0.10660036226734217
0.09864637570186616
0.09830060100913666
0.08636841220113024
0.08203306566898347
0.09501839612737635
0.13747036973634771
0.12955055450316583
0.10827109415131662
0.11316354245835375
0.10598845359363394
0.10517411394502245
0.11757100902272145
0.11993785837990655
0.11343859492479605
0.14498182260494522
0.1455130786101969
0.15013714780597154
0.15778109074417415
0.18196857710231884
0.10336860365008779
0.1019585509931025
0.12913425119481847
0.09539855552563206
0.09458198185204067
0.08998993178916603
0.14821893661460586
0.1371063874112481
0.1193582223362028
0.11156808505981404
0.12965269074648528
0.14024199703436036
0.15848345478843154
0.12063903558915375
0.14161235530072072
0.1507958806082202
0.14125767180840013
0.101734479686767
0.1755614138197453
0.141974320841295
0.1487289194320088
0.15142438029503313
0.1542799057764759
0.14239345221683053
0.1577420621064449
0.13548717641355817
0.07863523177757088
0.0800051970564336
0.07863717653248531
0.11093096183595912
0.1211191053062098
0.13900857056157095
0.13028475772040551
0.12115231467535718
0.12841913704331626
0.18797405668585696
0.17900600888311796
0.15023158862638294
0.11964147210727115
0.14739281089565726
0.11020362684185402
0.09975579175186422
0.11790220878630564
0.11892843558346969
0.11200951163942421
0.11844035952601281
0.18547284177856954
0.18610576876696672
0.13380731710796842
0.12820583818397646
0.12226044024748453
0.12416572721300435
0.10051576562649563
0.12163009296202623
0.12883920777440264
0.1204085573620707
0.15787548041935093
0.1582201504370874
0.12623602750339258
0.129820107849973
0.10873453132001672
0.11725083767003215
0.14327222397128012
0.17127794604713117
0.18204938574255608
0.1406143371889938
0.11254952098681485
0.0893911760740226
0.1342975300726089
0.14643672295318225
0.10462191454851161
0.10560590689209966
0.11491709137503857
0.12531095880658702
0.11716458237070593
0.13493460274506994
0.1282799242945231
0.12034708488438227
0.11876529154753082
0.13883314512939218
0.11928050157798294
0.13957033748726266
0.13251953276825612
0.11288215953564518
0.10577788272619185
0.10187022871532025
0.11870375649135713
0.11091477688602934
0.10281059582344806
0.12267204889634063
0.124509808223049
0.1268432257265725
0.09231543011578439
0.1259668014118836
0.09072902568963066
0.13623663548240436
0.11075655254239454
0.10324394242044853
0.12991227090603308
0.12939426275257412
0.14203707398846455
0.1416255301699432
0.11910216284035503
0.10958060408023178
0.11932615653259088
0.09126539994480166
0.10588530153477022
0.1405648850111428
0.12178032016519726
0.10946692878283254
0.0957599898580986
0.09514022294412726
0.11145606466705783
0.11755890235924098
0.150230375428927
0.11888992784785049
0.10296310312143911
0.07682703994132485
0.08335428248505664
0.08378473587629302
0.08024940817447773
0.10455578501030692
0.0985860863104304
0.11582727918119406
0.11582727918119406
0.11931480211723214
0.10888745827361371
0.11762859978271348
0.11781472186451665
0.11606389500931777
0.09637895105837677
0.1229906756807453
0.10278753082469617
0.11047329027719627
0.11088403408973632
0.10448159076360086
0.14436272886074614
0.12121697432061727
0.10683256716823109
0.10884101257235586
0.13782313679203057
0.13759512880479624
0.12437080239277573
0.14669936172916181
0.12537377931064714
0.12418535230495033
0.12311814522681544
0.14637560919658027
0.13499094577962895
0.1120070949882109
0.12977349502521263
0.13610602318859685
0.11694849200146978
0.12668118904816683
0.12722484566579742
0.1347771096285876
0.12530580588472337
0.1173753704204995
0.1458199599062769
0.13451787035295143
0.14114194405982894
0.1221454969521458
0.11911391764580652
0.11787299380154623
0.13392929347059668
0.11985421413509138
0.1165848026618868
0.11953241731000165
0.09896726385006195
0.09713820260621892
0.09306368615029767
0.10971817684318108
0.10139802470605977
0.14530497073980378
0.12773268702715482
0.12887436439454114
0.13302300185823115
0.13047144356435525
0.12041418420156359
0.1232910811968093
0.12159408112815769
0.0955399089806728
0.09061471496662607
0.1632973884095969
0.12145650222595177
0.13358972219977264
0.15285067338693573
0.13469528106559
0.1035403369981829
0.11904221032998974
0.14291660625288824
0.13878279756733727
0.14276833658681487
0.16112091920366353
0.12664702533618424
0.1310302280276628
0.11067294764487513
0.10782144768271425
0.12495194142303448
0.10592188411640772
0.10391412799581234
0.11147684207456586
0.11134879938619495
0.11952578459613573
0.11652612305866404
0.13379955048854728
0.1278923798038849
0.11034679784702116
0.09603185167701589
0.10628336703728401
0.11499369311403772
0.13032318307851418
0.1257341749362561
0.1215555101291464
0.10782872030345864
0.112767958250701
0.11345695120551108
0.10526470976127535
0.13515601832204027
0.1496614594691709
0.12653752298100354
0.1312259354848917
0.13541415562192316
0.13645387364692202
0.13709085470483665
0.1323543531085233
0.08335539098798453
0.13923421527221574
0.18215068631929612
0.12851681020436206
0.09128025075133596
0.12617729490889198
0.10767430253966731
0.13348501114915867
0.13476979251943438
0.15663352240316045
0.10518508177543434
0.10476206615084983
0.10253477325631016
0.11027944212212148
0.1442404873496889
0.09412347173541516
0.09459270324046765
0.10582894725256917
0.14777576469365922
0.1534261684711291
0.09718650845448049
0.11100959931679588
0.13741464608475434
0.1644010346911233
0.15481350235022287
0.1281447781212012
0.11779328793044705
0.11450404375694888
0.12044433875448805
0.11104137898783994
0.11259846138138387
0.10764392761737826
0.11193370836267569
0.1482593703284777
0.13126099030428556
0.08359686234133977
0.0925197950024849
0.10347074375442127
0.16652466449585604
0.1817955815105627
0.1649891926673872
0.1505077441934547
0.14687026539566117
0.11603743644100538
0.12658462875275703
0.11319347876337976
0.11912081012260758
0.12660691095874826
0.13909690281377313
0.17345406761371265
0.17345406761371265
0.16709314716322185
0.1390743299332287
0.14616896085077025
0.1283129975477348
0.11388478844426651
0.133350873134365
0.13042805026564475
0.10801437573204524
0.13257304943849973
0.14512524459709228
0.11029639084435425
0.08642551227309285
0.09659007039383748
0.12586637028532785
0.0789832611635222
0.10390352178155833
0.10423139052699498
0.11547747947276973
0.1277937848662423
0.12102976146017491
0.11586556720891485
0.1277179840876253
0.13052670293568433
0.11872533313717182
0.123593704461817
0.13128513538669284
0.1426110986037584
0.13360977558698958
0.13144461929874227
0.11537200361680426
0.14171690736304576
0.14678677610711213
0.1336890354135432
0.1375863238230144
0.1386215032502671
0.10252726775849912
0.14275470418507247
0.0932383010100558
0.10575823991726355
0.10492973679997389
0.10689769318004316
0.09831004342708093
0.09819593342606882
0.10948531669372934
0.10512849577772443
0.12144436326712861
0.11939808195125327
0.1184978032744334
0.11470878176536739
0.1507945516721339
0.14654262633729168
0.1311074572770759
0.1269894567336312
0.13589526882773356
0.12979962392632238
0.10724602305080333
0.10477158898344499
0.0993264842862958
0.15297882196348267
0.12299905437251372
0.12165349337966869
0.11675636751289212
0.11689891110245265
0.11419199146295161
0.10557417083236278
0.12004225293142241
0.11194524707549879
0.11947354536515882
0.12432004157908892
0.10591370889506635
0.10625788179978057
0.10836957973864689
0.1146169615007026
0.1036800433517378
0.13991988304681527
0.1368086160954666
0.1445084175675525
0.11196612458976991
0.12584771476114454
0.14323506748632256
0.10428078259796068
0.10455124287665234
0.09046278311372649
0.08007696340718519
0.11555497830651919
0.11589143438201299
0.12700211439593645
0.09050760931627003
0.09919631997397028
0.10861625337024004
0.12750746248370498
0.10747429591199191
0.10770664528929211
0.09889213408833983
0.11037935357951494
0.10049130472435999
0.11497713529829473
0.11601971991029769
0.11826689061702977
0.11395967614297586
0.1139385063714946
0.12227300634729849
0.12548004943485688
0.12546619449822188
0.11430345464512702
0.13771442206326565
0.15841077427864986
0.13179048866325863
0.14377914539683798
0.1283857327000704
0.12266807993664257
0.10435150506277115
0.11716348162970877
0.12276475663688571
0.11393930319137842
0.1211857497173811
0.1161451533040686
0.12563607356751652
0.10599353815951401
0.14334166224170894
0.10831353002151753
0.16186046805392154
0.13181830378816656
0.1268212316002549
0.0965000832152889
0.09815299033213257
0.1380398305010204
0.1380398305010204
0.1380398305010204
0.12986391109932238
0.10090454284110692
0.11114006929141404
0.10599048151879294
0.09863373632829459
0.1256752771073988
0.11865086253027111
0.1335884151298453
0.15912871527964537
0.14175745180777263
0.10751600600514374
0.10792744190456413
0.1102302817020163
0.1015043557788325
0.11813996563095923
0.14419441840621325
0.1398407992046661
0.10288599217244833
0.16650945641950912
0.10035426107664035
0.08716860092110502
0.09058904548751798
0.1046412088271275
0.10950467289781526
0.10888945042250679
0.13384710974531422
0.13701768846563536
0.1074251836751695
0.12740951058762343
0.11923418428964816
0.12083991528832662
0.11228249411646563
0.0935071756979347
0.10317213107573654
0.13212336813454045
0.10025827256605632
0.16385556918312302
0.16006613897194208
0.14824204888828624
0.12711319695363876
0.134663685480113
0.13807228520641304
0.13369443395429695
0.13373624616029425
0.11801006971294939
0.11025274024602348
0.13984496515800068
0.12138441147562476
0.1106543436028243
0.12410197371393969
0.13041465015306955
0.11774783371267356
0.11430800164339533
0.1477153997884745
0.1357569997399328
0.11934072987129113
0.12119613017538172
0.1200933783119861
0.1044989704406859
0.1308346409917038
0.12019098815151197
0.12230935688508324
0.1319526228217391
0.13123212832317627
0.10426354090507216
0.1358751720981605
0.10007103326394963
0.14867937603411857
0.1470243415745715
0.1530274427998724
0.1444671137015488
0.11238949328356843
0.13966420092328433
0.12232025734778071
0.135761275531942
0.1748810802744715
0.15849856900131062
0.11409217500877451
0.11312734926950396
0.13941351763914883
0.1256073258561763
0.11677774935047434
0.09877414722307967
0.10199240552168336
0.08976277420479553
0.09592733688098289
0.11365643843398214
0.13895504339724188
0.12168768381747325
0.11862109434400768
0.12026629527862298
0.12080771882974857
0.10922166085550879
0.08682482384587462
0.1402213361263025
0.12532614835589523
0.1995111573050523
0.17675478984611914
0.11661864670010405
0.18112902432721628
0.09285393353763423
0.09397733965597625
0.13229649176680108
0.1334971254826008
0.12760564933674048
0.12394476649875973
0.102952971176376
0.1256542621563992
0.13069733609939566
0.12941335913200172
0.12016677748059328
0.12479966504483042
0.11904043176645279
0.1233382002922275
0.11268779171323726
0.16746727875454223
0.15486569690080965
0.1492970142998172
0.15791255468690887
0.12122559025995408
0.13848337608660083
0.10735615115140165
0.136089975666394
0.12183645847156241
0.12350042691264161
0.11359378131094348
0.07364674609072815
0.09325849918325782
0.15247297694213263
0.15247297694213263
0.15443713796809566
0.08990674421503889
0.09559007121490899
0.13245486932586598
0.11125036339848245
0.11872831941641232
0.09349020255270783
0.11675063863220556
0.07626755050425361
0.13679140485462896
0.13593160375036356
0.16661358232121504
0.11391482444128331
0.10100378403303548
0.1390639102047137
0.11649948696215938
0.13843189207244685
0.09982863762096277
0.11861580017306816
0.11607900024607648
0.11939369418021664
0.13073691323029954
0.1151649348384676
0.10985941097473505
0.11148765020072846
0.11942011302214098
0.14066361910068564
0.13164354360675115
0.14539443150614567
0.09804076369916523
0.11529282617608495
0.11885053335562855
0.11812997274797338
0.12302578410322797
0.1564955158365152
0.10938430628144029
0.1473904128434291
0.11389917697921138
0.10561654815414544
0.10278749145088115
0.13988219653603862
0.14757801866246897
0.07321627165524022
0.09894100114252564
0.13754889414321617
0.1427580953550787
0.13860679266259981
0.16573130567839756
0.10489036909854083
0.09808537769398491
0.10233833158519415
0.1894777633308083
0.190719954704832
0.14485335627610296
0.1559061493202642
0.12583291734426202
0.14822297228629813
0.11578700520349137
0.13917347588479362
0.1385584199622721
0.12840847519238713
0.11514414002717609
0.13851153497141536
0.11356778578316909
0.10970660724675878
0.08628025706921605
0.09081724917049531
0.09685673073982445
0.11299889452120764
0.1092189429597763
0.12461368390072321
0.10907523012569191
0.12307358836016863
0.08316966121247416
0.0949540168286661
0.1042105750990172
0.13206048600067538
0.11701544841103476
0.10937933679447591
0.1403557783151377
0.12544273347486112
0.11437317019930929
0.11545911772227226
0.15361545125967244
0.12262509362125357
0.10469600782937377
0.17545733407984426
0.1506431312275048
0.17309027111798542
0.08916049906466282
0.15502265731382053
0.12471457235803386
0.11264892111297475
0.14545774534700828
0.09996225743844868
0.11612339934222275
0.13372508120542126
0.14844471004266097
0.11112901840089692
0.11298122454850587
0.09814065602407271
0.09340207900233966
0.10611501824885436
0.13172560156132096
0.12618073254831258
0.08796290985833949
0.12240284852775903
0.13168663144300038
0.08458844149099795
0.1100861062200231
0.07939275502528345
0.12451234331175515
0.1119786298019555
0.12567806230508266
0.11164787862768018
0.12265012428375874
0.12969966754869622
0.13277452436154796
0.098069382737094
0.16603130401449437
0.1594664693075288
0.14345839934393376
0.10149449235092305
0.09950030547880692
0.11183603572081213
0.13691892151979548
0.1585884711983112
0.123620741919902
0.09742142143745103
0.17186325302919678
0.07729952778986819
0.12308227682662143
0.10000602016700018
0.13300603680098214
0.11387632321979013
0.12097058593056918
0.1458610163421912
0.10789424212209821
0.14330293050063694
0.09108914666546786
0.08521373437661449
0.161716808003506
0.11114887734991204
0.12902263994316324
0.13493510457789204
0.13731874065334596
0.09749489717200109
0.099442965328921
0.10394583795851856
0.0911009757395558
0.1002206541175118
0.09989223597005233
0.13107138276222596
0.10368818981768436
0.12219541459012813
0.1341115971401824
0.0981717649591854
0.13435506815008472
0.12480549933534185
0.13645173909436176
0.13888677253521065
0.13575084531846332
0.10434672350182303
0.11798618291766473
0.09836941684908819
0.1408038074359511
0.14415285359052832
0.10708982878474789
0.10083433164182144
0.11152121283225279
0.13791192652492298
0.12963897871747743
0.15633268620549784
0.11164529411683996
0.14692581920197814
0.10914137342383272
0.0938594984431834
0.1475256201990477
0.09532743359487904
0.1230192686194368
0.1517386049199792
0.133130641029669
0.1300037053313934
0.14394160566074374
0.1010624321553457
0.10701191638870025
0.1484171754386657
0.1283939555562098
0.13364462698896012
0.14992677360495696
0.15436307598916263
0.10250205021153239
0.09124841114570953
0.07866493927948885
0.12804250804833808
0.10005386432260328
0.1268267348880849
0.14833746330173508
0.15219991875591482
0.154034934461117
0.1585900669691974
0.11016544176176048
0.12133210669197589
0.10821385655307356
0.1081373331392406
0.13687413162111828
0.13710216008735795
0.14661485040189123
0.15347937114166635
0.15459053391437935
0.14520606884058912
0.1086851350996826
0.10454714633221214
0.1227605718107831
0.1073014387021037
0.10150412386085442
0.0973013683335362
0.08455799387244654
0.13087221639484026
0.14410887108598833
0.10367922013545733
0.1305378470008835
0.1548368117549712
0.09336522953503545
0.09328621586491172
0.07590210541381172
0.1564188968852012
0.1309931397641666
0.12092868852606392
0.11149502434957745
0.11093746354550744
0.12526873990810952
0.11676135935475529
0.11533479489956233
0.11181875311174137
0.14135509996862575
0.10213283880543246
0.10512095855343716
0.07454186343273989
0.1776962328069698
0.08785256141879064
0.13162648723752324
0.09464171957847164
0.13240376097029924
0.10479939740657701
0.12980359273206668
0.11505504912985672
0.13076140522148266
0.12119734711755634
0.11369108337610596
0.11837928906842732
0.11978922744047213
0.09704202219066657
0.10956446142674421
0.10544629292056482
0.12765634988066982
0.12861998886281945
0.09882731854092042
0.10875308639746435
0.09479242313686687
0.09618471915183112
0.10129077678327873
0.1097870092479582
0.10924577461804737
0.11458409651193742
0.1234609840453042
0.11036167576281114
0.1156174304360004
0.14984802521429438
0.13072280738088032
0.13833801748337765
0.13508927101597545
0.1282544360471473
0.10123701227872273
0.11776055494405699
0.1119131604092832
0.13192813603653616
0.12405121013842757
0.16779003788320457
0.08609797340263314
0.1235202854482584
0.13025479689924405
0.14118118489002573
0.17484097828642084
0.10591777862700757
0.11780754406486448
0.09335273284954644
0.1104286993756489
0.13449046233082212
0.12279876182115175
0.12216731095310779
0.15347242064122144
0.09920980592175278
0.10159529701317956
0.10125042339562246
0.10582610128858694
0.15370688549406963
0.16972293754933232
0.1023772718746734
0.09267370591755711
0.08518856192309116
0.10570881131112064
0.13456509670373398
0.1207240992499488
0.09703611504876179
0.09075087332162424
0.12055738332929437
0.09761593856587021
0.1491741450846171
0.14547859312360364
0.09935164975149291
0.09496766516764268
0.14312165983910727
0.09933119371121159
0.09498074964953336
0.12386750110635349
0.10603564786289131
0.11382425976977587
0.11056673661487784
0.10879535004585032
0.10539483665308845
0.11323700613901946
0.12966283535689047
0.1362436829847741
0.09925640590929793
0.09989922542449742
0.14629028540745062
0.12101046060608779
0.1250676825402383
0.14656238570871355
0.11818933431804324
0.11165057140976699
0.10711364996200697
0.10493397973476339
0.1040065874445907
0.11226797557220014
0.11583537305049349
0.13812580040734349
0.1305453569964414
0.09643080081277156
0.09795954279642492
0.08928608933762754
0.08365501901864998
0.17027469200065942
0.14273256623562552
0.11575009480011064
0.11941726215923973
0.15261080493623638
0.12875866346066422
0.13700397317243035
0.11495241735908925
0.11002757879373236
0.14835893546842102
0.13510142983422033
0.11418564815684903
0.11810024262837383
0.12838768174004142
0.10211266724117118
0.10186169489406262
0.11364811482357369
0.1287007182857819
0.12470538172726692
0.1264705179253194
0.10680301904841223
0.12447012381407971
0.10890664306027344
0.10854876057897177
0.10550780672074289
0.11050116649639556
0.126633364368424
0.12110220868893949
0.11946626768872769
0.10559122945527202
0.10573634413339855
0.11040543638675046
0.1300686850532831
0.10918961111671951
0.11699640377006741
0.08118255685703255
0.08397887480198112
0.10572294885784218
0.0863578952627747
0.1532789426352252
0.1574816444099169
0.15751873315425705
0.11529913196963665
0.12233082328590719
0.1563898117282682
0.10600185552391925
0.08103321829056064
0.10403406074005898
0.08424136186022554
0.11592327106638474
0.1430871910437366
0.10303051736257306
0.11213399474432538
0.10012084513916106
0.11796273431945767
0.10917339653897647
0.13931565622452236
0.13656206365407672
0.1302915754649762
0.1290262476892695
0.13776034564587294
0.1418383492744916
0.1478458916041962
0.1495997238476343
0.10327472681289755
0.18350354372156952
0.13891166035941474
0.16054886772230811
0.14280981141317114
0.1414436235215245
0.1808848408304164
0.14429070552325698
0.13354263891646734
0.1332750188366656
0.10354423068632358
0.12462048181924314
0.09012472705131282
0.0871338655849903
0.15664890258070632
0.18078573119445016
0.14242020686237866
0.14255391259049216
0.15174096043533794
0.1384397858109927
0.15750559958736748
0.09676196943206676
0.13508122971988146
0.13103612671700698
0.14595306040815442
0.12637497450741358
0.13576312213733038
0.11612733313332381
0.11237593183882134
0.11065595739436128
0.09831854253258396
0.09576953470355241
0.10158184114537352
0.11188551878310471
0.09760026365240097
0.12100886061938948
0.11914220375242315
0.12315697742162983
0.11463059692916212
0.1155904116071541
0.14659427600263
0.12554872361190544
0.10143771816343203
0.1204474075147873
0.1552669593535239
0.1279341419846215
0.2006613040592714
0.12405021052881632
0.08577178052418731
0.10717057926229498
0.1230723112919995
0.13471784654568203
0.1347974868996627
0.12736107827192802
0.1138249407428845
0.08907017340340119
0.18808199181657223
0.17746971340726433
0.17861419608748427
0.17861419608748427
0.17828519183949076
0.17836481171957883
0.17764652463462083
0.17548595116370772
0.13810562811664262
0.1438604876735007
0.12260269027100344
0.11217522698265522
0.10066010252346534
0.1039673244826131
0.09721250035857172
0.10479524832512531
0.10816601890395844
0.1332013199849373
0.08483801206268661
0.11083186259632828
0.11956665218021384
0.14061629491117048
0.13937224479362428
0.12081397103822625
0.13999196706558398
0.1290147900475679
0.13699313301185234
0.10499324962663142
0.11948934589603445
0.13970671587118672
0.10428474415366927
0.13868099426844882
0.13763313258931373
0.12654538155894005
0.14487630548959105
0.13622534567745803
0.1317157463340224
0.1139773799259263
0.14161950040664423
0.10903824519996276
0.12229050244710364
0.11517766888744597
0.11820485643085024
0.1198479285223397
0.12116380929514914
0.12597852375122087
0.11969495541669029
0.10442979582621402
0.10404810886265545
0.13663345165168458
0.13138344393285384
0.1697330640639116
0.1211867543020726
0.11917379455659496
0.10265128327936446
0.1268723224106307
0.1773181280472276
0.20955812468889515
0.08819276883651024
0.09492478982114069
0.08157163353903701
0.07547635951027336
0.0784510506230178
0.09486123398475706
0.11507961781328377
0.12597433242099604
0.1245845273298552
0.10053870009673493
0.14472043389084127
0.13781938261041082
0.12507560940902174
0.194850398488156
0.19511944882853255
0.17478203212359913
0.12770964552122643
0.16460869167880218
0.169368671248844
0.14313198632522975
0.12090794171801406
0.10871099630392447
0.08094595422360872
0.1284291156825193
0.14037160107509838
0.11434836911628608
0.12014740665591238
0.12447802674021843
0.12521687061292747
0.14072597166949796
0.150279373079962
0.13775078100187504
0.1341250712081791
0.13142459130054973
0.12203618653277684
0.12128588814953982
0.12932655406385465
0.1282974555464867
0.13745984887647575
0.11436866870291257
0.1107507701134445
0.11593585309360686
0.10951715233857574
0.0971281598901021
0.09438027934631639
0.10231735692385076
0.09775387676648677
0.10409050506528521
0.1304687231520952
0.10607119784252642
0.09314275295882403
0.13415671207070076
0.14544989159725738
0.14120724909072427
0.14228354017757164
0.14559788159959897
0.12830861781680095
0.10530059207079205
0.14141562746056266
0.1576652365830541
0.12588691847708597
0.1410477229678999
0.14074466628614427
0.13648461269868745
0.13468588987583777
0.12399772287504277
0.10981083967641445
0.1302349133208004
0.12278455958305881
0.13197838266627493
0.09650870410692651
0.12814056481675706
0.12869660007752914
0.1046454716808026
0.11571106234056872
0.13703432197002713
0.11691073596124191
0.11968237190927734
0.12297363814180068
0.16162288110106268
0.13032670531813004
0.12235431787697831
0.15337886909742426
0.14952443365510582
0.14293746579723768
0.1451980335637819
0.13661716254952386
0.12702030679858298
0.13472472938900307
0.12440533374395676
0.1168724455671982
0.12141562587954736
0.13259904120986246
0.13251655644332888
0.10259669070443653
0.11774184462686595
0.13847809719320792
0.17691337978491353
0.16011531887123323
0.15956922248232724
0.16152955637292363
0.09666199638639025
0.09605174595521564
0.10910716795726046
0.13747838048754915
0.14014851567576783
0.11919421965772937
0.1346995767703309
0.12340305953776469
0.11107588133035105
0.1163812775027505
0.1297104454896572
0.12621608812923488
0.08323087466427886
0.15737460461251443
0.17345010447048811
0.17495519288553812
0.1881381030519961
0.2032824092349739
0.20286014615871437
0.21608357107101964
0.2151671111175772
0.2151671111175772
0.2151671111175772
0.2151671111175772
0.2151671111175772
0.2151671111175772
0.2151671111175772
0.2151671111175772
0.2151671111175772
0.20385396734259764
0.16985414704667962
0.1540152783124417
0.12484216555429326
0.13996782321926793
0.12491809305769533
0.1390138863527927
0.12392455838229208
0.10214053033664433
0.10750497512901505
0.11772056107068374
0.12833405761756833
0.13304660175656827
0.10937893175357356
0.10662341167269904
0.10446012497962426
0.12802686623157325
0.14221924953091972
0.12213595832394591
0.14839694535018486
0.11704038046492331
0.13614959491549888
0.14970845537364155
0.1269978799316401
0.12375335109968312
0.13447595504720583
0.14586070760310174
0.15425418587887826
0.15918476102017318
0.16310818735903748
0.11480917056995128
0.11064615140998761
0.1520370330037511
0.17756153628914867
0.1646659400632075
0.1386973278300653
0.14311625643465362
0.13287284723287396
0.11500100315824473
0.10905340544259882
0.1306045087339423
0.11845217133205635
0.09730258012772529
0.144830057933847
0.0725218318349086
0.0966091198701038
0.11844569181978817
0.089419778941004
0.13682884643738957
0.13398364025189394
0.10845753344889983
0.12129038739872025
0.11491855739369536
0.11569673018694125
0.14352881971536666
0.13410841465825601
0.14870038983367367
0.12992055163713584
0.12823348438414992
0.10254928940173477
0.11019805579169169
0.14377542624572645
0.13952548459513292
0.108063029742912
0.10540744346762566
0.1180929818358164
0.09625833188896861
0.14363444416737212
0.13009908998291647
0.11410177628621086
0.117909769612363
0.1326548429362025
0.1243414241493983
0.11227852885503477
0.11480660119507947
0.11807047870780153
0.1091708030263582
0.09857251896929915
0.08693114119301484
0.1159612167270005
0.14824683547023704
0.12054168586748233
0.13630014186830805
0.1278385451903553
0.12203982471821787
0.11522990614739156
0.11973032720809479
0.11451893025847394
0.09629216236208149
0.15220295258189992
0.13970509684465512
0.14837526995625658
0.15106252390818029
0.13232497339457908
0.11881045250031097
0.11778028833855508
0.14335631832434476
0.1001710428705529
0.15075780794626062
0.14827636188842913
0.11026686069239733
0.13067920009532039
0.12299220856608135
0.1220992076436827
0.13243579236887099
0.13441995237415147
0.13264528007737103
0.13070738515700606
0.10430137718094275
0.09429227508497527
0.13271876803664281
0.11715466622473306
0.11724389367725715
0.11396743528671827
0.10622119196007626
0.11075996486926001
0.1285874033392731
0.11872220320025391
0.1370600065751351
0.10776734274696913
0.12400794605505253
0.08861692378518803
0.11044539994049257
0.10319256356501902
0.0981823929320896
0.0879944221651151
0.09774304685393943
0.11459951786085809
0.12069918416344359
0.12346539254485789
0.1580866585680733
0.17902069435660745
0.17084946982282898
0.17137790202964928
0.13586117292352537
0.12874850184932815
0.12791138230020524
0.11598089618681838
0.10481296956633934
0.08226759651192364
0.08143110297533236
0.08687868922850531
0.0888924522826897
0.10912210824982208
0.1259046775536351
0.09794088493748439
0.15810542588122456
0.13255009706773088
0.10659025053484623
0.132489327809535
0.1293221439618721
0.12388747068101748
0.09712094160689093
0.10752613290436341
0.16240700974227518
0.1613833551853941
0.07849812010240213
0.12104774252217693
0.09941568721125421
0.10720727432239587
0.09334563292811693
0.11584827629009811
0.08536214451277578
0.09019249576741253
0.11845221389531976
0.13111688821316997
0.1375570738133498
0.1755086389022949
0.1750721922496453
0.14740721986971184
0.11856812464230852
0.11917928250588117
0.11040362516823646
0.1146366255606167
0.1006040354805116
0.1256572095150026
0.14705020477643357
0.08452882969227522
0.09401669181244705
0.09153038832690179
0.1036502747509276
0.14596592970101493
0.1376582650303268
0.12849461481463162
0.10192980152117312
0.11049184547522856
0.1250256917663371
0.13394058805853398
0.1338228339603915
0.09449245490373398
0.11692492758056694
0.11113600319127928
0.09913149607796753
0.15390058999867462
0.16202967988900416
0.14018196661028834
0.14064035782952752
0.13042763080492073
0.13302812244631548
0.1679221063190407
0.09405509773121351
0.09643883391011739
0.16821080961214518
0.1522064491416137
0.08674753352279747
0.14144408824807578
0.17716880282121736
0.1768681548451322
0.11638835291408722
0.1369220080082171
0.10318203823815024
0.12899372509179724
0.1642581329152168
0.1058710452571518
0.09525431810380676
0.10068021842861742
0.1246931467036809
0.1177592826763986
0.10809398135245349
0.10053611795922912
0.105069223081799
0.0882863491644484
0.0817865110343711
0.09704562647082768
0.1189082152755584
0.11317043227316373
0.13471208422103137
0.10590448558989554
0.10059720334487636
0.09380032748398491
0.08802303961767906
0.09073349666483976
0.1340712770436272
0.11606438508289234
0.12294660534199374
0.11324126337362467
0.1340517849667239
0.1260198199022721
0.13883949550058056
0.16727573290230777
0.0987554551282747
0.11564588688636437
0.11611012027050531
0.11205274586315815
0.1257046728721518
0.12665036481933686
0.14030814592982513
0.11539676762555291
0.1282712789781978
0.14248712168218586
0.14438773872839483
0.16325284004855023
0.09885903700515362
0.13134690271629443
0.1449207228621327
0.11403222530700265
0.13789176660375527
0.11317144856576507
0.1205332230694487
0.1157680516299923
0.11206165296905746
0.13401868315699725
0.16004572907533213
0.12669066347440328
0.13058078725735184
0.13498598574788642
0.1337447170667067
0.17710466788943474
0.14500918667549864
0.13766463831832268
0.11542953646021593
0.10885973246082162
0.14830996923437792
0.14437640214131942
0.15575557491169334
0.14593858051946593
0.19358861033232364
0.18815924081408328
0.14941625156312766
0.0926330831660987
0.10344738816939542
0.14045088023076377
0.12394933994670392
0.10746293170958322
0.11917710501543283
0.15176906041692773
0.0873350207871242
0.10669333352385005
0.13631434561429268
0.1453034112990436
0.14365635328225523
0.12858486335572733
0.09828563885664289
0.12483529705729765
0.08680094061402736
0.08446440165230512
0.1164261780314386
0.11966172837253576
0.11054634058585751
0.12497600396307985
0.11230861624648614
0.12597877168826363
0.13696823429050858
0.10724646910883397
0.12426741626131126
0.10949394805499656
0.09973646537479543
0.08599954562672596
0.1638985057401853
0.09351495566702069
0.182508283697525
0.14035567638305835
0.16793473813437124
0.1785598440431154
0.15478662471294943
0.14685817129633913
0.1601160316411376
0.13466709021059856
0.09364955991503755
0.10163208279388154
0.12858298962358017
0.14420828139986952
0.12538604193645356
0.12378855172482132
0.1049432313652243
0.10715914388664773
0.1309966345260436
0.113402873815251
0.13114695829119544
0.13614934522708305
0.11351762881621205
0.13264495722922517
0.12482714013699776
0.0936507135596032
0.16500090512773027
0.15002632030329274
0.17403902966297313
0.1743195454336925
0.14558163705572236
0.11029214630581527
0.09494802837014771
0.1375196006635608
0.12375911061382054
0.1310614618314803
0.14523278609821472
0.10830913718946522
0.13782154967767246
0.10911736885197341
0.13532602113271924
0.1148039197079995
0.1093580051965204
0.14610324765526697
0.1446728416092101
0.13387755193197337
0.12959392424371663
0.13527551876227353
0.12815746017649518
0.12646144784482752
0.1394927055059381
0.09073472071060447
0.10841240586653134
0.15683231933338684
0.10038298094937714
0.0900755937496204
0.10146371042376376
0.0975127712060263
0.17410781852928073
0.1322534664729958
0.07914948802008555
0.18738715496658967
0.11277119557928256
0.1743211815793439
0.11860315487927801
0.1336496724564787
0.13596109005676635
0.1154600967350789
0.11866375566157755
0.09415437934883449
0.0992485760542318
0.09565438642603952
0.15682354479070323
0.11730369095109638
0.1143429266927326
0.12232135522249805
0.11257829473386785
0.11073194829543724
0.12052608625137336
0.13311175613459175
0.14727721543367323
0.11209293472423444
0.1212237412542283
0.10317466969077908
0.14489893078566646
0.16571766420879663
0.08078357301781519
0.1380623212132618
0.13768032892791163
0.14079471404111052
0.1582283819741557
0.10557328034237183
0.1205934937993416
0.12211916226707441
0.0828285287765452
0.0889148060277996
0.09938790258417218
0.13971016916291398
0.11315918461479468
0.11576193706786982
0.10183134183441332
0.09755466935708963
0.11586877765975534
0.08867015224818484
0.11110161446068038
0.13778942020424265
0.11389609146744539
0.09266638519143874
0.13217182999515
0.12116850196576268
0.13468526252568114
0.13944104268507382
0.11024987895327673
0.14024679413620272
0.11502033510325015
0.1104105429199741
0.10985077734740484
0.11750468097688567
0.11140963433077046
0.13034417095441533
0.09700955554816987
0.12630285192906185
0.1651494275020781
0.11608040176975644
0.12435251324793808
0.10245911313499631
0.1508276105777568
0.11942533689220355
0.1130897853044235
0.11123685422416066
0.12116679528766185
0.12596775131015583
0.08620755398012318
0.17075727037893015
0.15372972003688495
0.09707168149304522
0.09768833663684927
0.10450711784939645
0.10240489000702027
0.13666322823927782
0.1345200840910135
0.12182883266822517
0.0984783859764703
0.12551080549820326
0.12128428308147116
0.14728909209876298
0.12077861949409747
0.11096258059200623
0.11600741626178167
0.15078068413945858
0.13056857377796235
0.14037460899353324
0.12345784422973145
0.11608059390478044
0.1121327157105423
0.12174999073302606
0.11960973539655843
0.11997917343389156
0.15933367627414702
0.14745059981317243
0.10406872775044326
0.09979205190469675
0.15318493538977038
0.17091571564713712
0.14376772942621913
0.10187144732982883
0.1169289217343073
0.09846419378169598
0.12935510705193087
0.08304043225888218
0.09217505395091807
0.08627786713367183
0.08061729356264212
0.07215431033473155
0.11729045129010379
0.09011466998760218
0.11795305213593871
0.11927631796944652
0.11279750222531955
0.09510490471299765
0.09968569020171121
0.1592995130164333
0.07983969445130591
0.10632578220661906
0.15242807598389613
0.09965751117251873
0.11182363028977291
0.11272617617133639
0.12424105821977588
0.1284632117029246
0.1610303265595796
0.16153281407003706
0.1615619765893408
0.16137645783942436
0.16137645783942436
0.1615712066963142
0.1615712066963142
0.162142878593707
0.162142878593707
0.162880539164693
0.16274518897618487
0.1621454461503388
0.16197555912731199
0.16197555912731199
0.1599411070582745
0.1604949502903896
0.16056726916363762
0.16056726916363762
0.16043679808533481
0.16151927935337299
0.15731601696235997
0.1814427982787568
0.17322723435386508
0.13771258808460377
0.1459592907247729
0.1184159352141189
0.10856085368835179
0.09818157388826323
0.1318424546458551
0.15029949786592292
0.12611858922443853
0.11851488563909168
0.133158689917996
0.1439656368594663
0.14943874623819253
0.14406352872521408
0.11089211217871231
0.10126126187723328
0.10065208175673421
0.10355270313792062
0.12226094021380089
0.11763860456472552
0.13460143203574373
0.12870209990386705
0.10791381854433225
0.1074909499428694
0.1274579885878003
0.12246149033608618
0.11114381670486906
0.11044473223797201
0.14868199931757287
0.12190000745077517
0.13282518513395475
0.15329920191105015
0.09161150616023118
0.08396501636941785
0.11211220811857277
0.11490262696724358
0.12990828980797592
0.1474665253558757
0.15550267102513032
0.11437450701951898
0.11607230360804867
0.11525390779559803
0.0991960183958601
0.14746051575519004
0.15915689937060434
0.10263891430668351
0.10737874199241718
0.12201715045836126
0.11106847712813728
0.11312958528948457
0.10461850555997916
0.09568491924334298
0.10024372589347645
0.0929838665446554
0.10350443742507719
0.14678098806663323
0.12627691977912606
0.09470946024724029
0.11632280760905879
0.13479501634814484
0.10171493397888917
0.10233997012591518
0.09533860963820959
0.1657351637063873
0.16800752347132059
0.17237019226424427
0.16673106430625803
0.10420779037706202
0.15985201360259524
0.1480817475499282
0.11741275478495292
0.13288683843707316
0.09697477271899213
0.14305527583276995
0.08621504093326497
0.09856261921393403
0.1398627822621691
0.12763068450187245
0.143172480080785
0.13031250260982843
0.12564671140025196
0.11676246655987343
0.1204750643408002
0.15781696949421112
0.09369177784814241
0.14028248401973042
0.13324406006220618
0.10866736981367016
0.16273443303917054
0.14539828119552892
0.14363837246838473
0.15738753173684222
0.1233782010710633
0.09907679335956521
0.14999352450762685
0.16215930933758343
0.1336382669071629
0.12799572985344038
0.11641686477124583
0.1073317305488715
0.09456644289985906
0.1061880452222057
0.1092754455172019
0.12988508123640474
0.12497169417095855
0.12323660726605887
0.12139360100797035
0.12586394491173247
0.11827821535139582
0.13573626211358944
0.13007536785182247
0.09853125716782077
0.08191051000046178
0.11298087746361994
0.08477436511383221
0.106416577900616
0.13101367260390262
0.16182854636678015
0.11402507112334435
0.11144833845432764
0.1282196830151508
0.07722967373794866
0.0928401545842163
0.0979471625293066
0.10502644645204683
0.09940011212990049
0.09971414850923893
0.11654393469510668
0.1479746323167428
0.14246155874212557
0.13682544126281676
0.13834518817011618
0.13679858889410468
0.10566790208088948
0.11180558424582393
0.12435616164731057
0.13222836385141057
0.14663961591350258
0.11188688810701915
0.12285425080002446
0.11050528503289564
0.1320349357088276
0.134204940007306
0.1267751102649838
0.1001103603818647
0.11667908217624337
0.10925586517796615
0.09374983346635776
0.11528467583906092
0.170159648485833
0.15081371680450664
0.1500460655980773
0.1558753339924063
0.13615995497551225
0.11948730627588064
0.08242881000152617
0.20408938959131
0.19503440343309472
0.12757179509109795
0.12338144533166616
0.13454057701725178
0.131517641485228
0.1618725472613383
0.13008982258278992
0.17684783970952997
0.09803635363173763
0.09701360901231387
0.09050797258271878
0.09418968426701421
0.09541455995116142
0.12250084827836892
0.12932471456961256
0.14714214515710783
0.14523463105252182
0.13793983850594613
0.1212452628881369
0.083126455206713
0.11691530537535981
0.126336722327409
0.14217265709843274
0.0984404185334492
0.12740772111073004
0.11135876798102487
0.1441628500897028
0.12338818211386976
0.1278612516268319
0.09952353029951555
0.1168199256876398
0.147451572325021
0.11996777089231123
0.10218355976249008
0.10113881942087422
0.1268759763107063
0.08839274817634551
0.0957742567238477
0.15763164249281603
0.15610794506574335
0.15219256268765802
0.11585526300935345
0.12265999249388942
0.11192314762563652
0.13543079098987096
0.1434119769393018
0.11758005576310812
0.12905573637474319
0.11608037513067523
0.11359338263882593
0.1146837464006827
0.10012093536989594
