0
50.99534423026836
50.48280502482422
51.25758561883059
50.8259696578821
53.5207267495643
49.70075254230528
50.107115566897306
50.134629154804756
51.5852981989788
53.374617547346645
49.75811002975441
47.56056184874937
47.0896149099367
42.71366688370015
49.200774935840634
52.455535863544966
48.02591331496239
47.87011077482289
49.49089735504248
49.55607354173852
47.47885653822283
49.48020280953157
50.66701371670368
50.328454318672016
53.09330231389583
48.83813770308949
49.53371620595613
49.19106052125563
51.28586216590931
53.73702234931453
44.366913458592656
43.886637110711035
44.1084345374448
52.17840742792703
51.54926489055809
47.103319512994126
45.75003392351026
50.07972487639516
44.24932654656548
52.83290350035628
49.72918563109656
45.719466928031025
49.84520273476391
48.80010213466992
50.498098445661604
48.1863978341365
48.1863978341365
48.1093401547766
48.18862771249573
48.15600692904992
47.530461452888865
48.13541188019169
51.51316530290653
48.63344680306763
48.9303453157096
47.30313608022708
50.3567171777425
49.80446058250364
50.96660456653357
52.80994898803674
46.08137064759329
48.93537207399732
48.03175669574485
45.694871141259725
46.780701683109974
45.91147085033466
49.18121938127853
52.84039662214027
49.15510858585157
54.049024088691546
47.006221556584464
45.30246632582335
47.99852117474224
50.06591878461172
48.69025799179001
48.96959237065977
51.12832485209128
49.27642820720622
47.94940897547456
46.99955856647208
47.819547965453104
50.56858964019534
48.358132161878906
48.740158202786546
52.434153086120055
50.383068038551706
49.20831463838938
51.37557692786521
48.073854463599034
53.35534811052024
51.55987051774962
48.54184709727238
47.906803216491035
53.28626746608224
46.90442297889605
49.43361002797182
52.28673277917901
48.607050125622195
48.63732179761657
50.8129666141654
45.4218732813835
48.969028129862274
47.08045333426517
47.23715390785784
49.443021035185744
49.2977968367134
47.349991235558264
48.83203095503477
51.439542775422815
50.73313132518014
51.106096182469614
48.470299335003396
47.608160361126906
51.19538331128699
49.94376158600017
51.0655310029099
46.830238787597146
48.85914330753273
48.78058540526488
50.46633272165228
50.68455332094989
49.08286685838729
49.79902062816149
51.15729252867492
46.22927923100775
49.58777956541089
46.660960511539585
51.6538901484306
43.76104158155396
45.0932021500745
47.103630700346834
46.52143144455434
49.70909670459225
50.880864496388845
50.59223415152093
50.46177144945294
45.58124860046344
46.87022827715963
46.75005324621137
48.39498669366577
47.87592378377035
46.90846958772947
47.94969818020216
46.912667693950105
45.98855195505236
47.66337175650686
48.32483398270982
51.01356122839708
49.025035619784205
43.8384108959148
46.43300769091158
48.48767653913829
50.69052746823989
48.725904204295254
48.08035164116816
45.579133321831506
47.374415306590755
47.41446990330471
47.69046156518746
48.01013720884442
47.20450581645742
49.76178812176687
50.750964405633425
54.77815771672115
56.60884400022391
45.439899370750396
43.92928884189033
43.91018819674667
48.87630518143326
46.60005062746074
48.546581409593855
47.597100314771374
44.830091810941056
48.19683150242506
48.26224562536909
41.84248980985074
50.96422708027269
47.71908329083214
52.713298369932225
57.83015728119441
48.84132384092004
46.39757737167927
47.66902697284895
47.823284758196216
46.31839188413292
47.87951527733415
53.8557797875
53.755955735050584
47.85243267768033
51.26471282445482
46.43909377179749
50.22380314194539
48.993784881845635
47.63519449858222
46.70375393120701
45.87648870983919
51.05722929498461
49.448638502155454
46.630529887911294
54.93515884177304
53.55398004182968
48.88718650819466
52.990703158137244
52.48923091919122
53.26422042489604
47.7516235340663
50.129614783247504
50.283186591579984
50.283186591579984
47.27959841683631
49.21956009434248
44.262891343494296
51.22371000318365
51.850447523279975
49.73483234058451
49.08612567748882
49.60248821625981
43.89794320878346
45.15505328974431
45.5005150454556
50.89197487671997
48.14081219280835
48.330313732147054
45.56533888194783
43.79965781038015
44.47966406305695
48.10964121795717
49.24131615829767
47.52359451155649
48.718778040610324
44.72913223801164
47.16230712920694
44.25962319662773
52.85024097521384
42.9812156360205
46.35459959699192
48.21950998405693
48.94243845816882
48.67582948320294
47.0395478442964
48.91203951843191
48.97636004683698
49.87578761191049
48.933046140174575
50.03427849888016
51.171304782731035
50.62853070590665
52.57211297658413
53.20647421875968
45.068960553475094
44.47975605251184
44.44290372999366
43.521348187204396
43.96687055101021
45.923732225590015
48.09318415722793
46.86758137883983
48.9760321044064
47.91701700356043
46.936936693247745
46.311562989472115
46.8530218335475
54.759291377086505
50.67211366809778
47.536334960823034
49.12576307779197
48.73017187392051
47.98522122171836
49.2510641605225
50.31820518017207
50.07705118873673
49.71167644444143
46.83191580468071
48.28331840621132
50.32486615908873
48.241506353506715
48.871308089377905
48.447049611420624
48.65901969259492
41.369471456549135
44.91207633097931
52.397325437146336
49.83115858974182
48.71847048540536
51.88721830472322
51.002471936391544
51.35444945382509
47.435242099731845
48.9112181188242
50.62456317736319
47.6445458245678
48.424687273292314
49.27188355145169
44.946959887577215
51.07354414144003
49.15133279984713
45.5981727171509
50.474973978322865
46.75092463860001
43.722706918847315
47.98411987628057
47.23149577696405
50.302787738577216
48.60448814323177
45.874247250701316
46.22596978865844
45.82199310040553
45.92779620975001
49.54333561666477
53.9361899741172
52.978885665611756
53.088159192832
54.06724305085639
49.54430343787132
47.33692942676212
52.25106311766741
48.88999629489472
46.418215541596304
51.14451700704275
51.20681259678887
48.57043064413218
51.358772077221964
49.80689314961939
53.104228195171174
50.287095695666466
54.08606387835924
50.55788479779097
49.84082927203692
45.71321668722766
55.267712636815006
43.549888516185284
45.423773762253695
49.76263968708598
53.131600927892016
52.224790696933546
48.75542118853963
50.18889438791807
49.71293456427221
48.16368849224084
47.9752154339717
47.30113457019098
50.491118197806266
46.435528029520235
49.78246454434243
51.4283037129681
46.4997309435098
45.81404459208476
50.91003060334641
50.964470721270075
51.12571895914917
43.73677163655492
42.34702989690258
42.43422045327911
52.27547976338456
50.52486848696869
49.15179760674919
49.62433420607022
45.15044603250556
44.96208956122797
48.434943770450595
48.434943770450595
50.32707420739026
47.2103321149228
47.675394788015176
44.91539144549108
46.843895164920156
47.10501463702238
45.75013389801065
48.0661234799613
47.57394719971961
47.87356799827031
50.26696105264035
49.68376512477698
49.592019299072135
51.44265880306012
45.47976729351346
46.10404673266484
49.62972712794302
49.7886145417342
49.667427031141344
54.67903387822805
48.670305757419015
48.878915956606285
49.2358707313843
50.48945318930854
48.952704343535615
49.73518704114468
47.66353884535444
46.59968547990795
47.342543045704225
49.306660499358856
46.5215169349537
51.141116943816805
54.91866455978232
50.266054464947494
52.6977103999582
53.74235110064178
49.70522702313469
49.62669047012688
46.69562127486283
53.05320081342435
51.861568115077496
51.6423081689524
50.88945235538749
51.51781188587004
47.69381856700072
51.038556594831064
51.38708905792323
50.77735939254154
51.07189132947056
49.192450487323406
48.971246754509956
48.43211136806938
48.02661785937699
46.73504029539026
47.85926995354132
53.2445269581122
53.60959531440247
48.21582847563108
52.81649911178483
50.530553443034925
46.6819845407706
48.66367796865913
47.62034770355179
47.30447320722007
49.41318025958442
49.422266326603584
49.12341486398622
49.92073769096003
48.49757517064099
50.758531747177756
48.75007853736308
49.565596319435805
51.39193157316958
46.62177390726146
51.79558276737646
52.37665226920318
45.28455355029889
45.756309195984635
48.983966191312696
42.28247535939222
49.80047051240198
50.93908678153616
49.018097487560816
48.549654350627925
49.24347778312602
49.9856708189376
47.14518042770864
42.58171474660631
50.58498671278659
51.2391448296761
46.39821593176887
47.97042214929634
46.35815829826771
46.129044514397805
47.08318078370594
47.78826611604441
47.464903352941846
48.24208306788834
48.018633755153346
48.35559093767926
43.41985514602325
48.90271289679155
48.653478184917006
48.87100152058981
48.35772104859516
47.27430939280802
48.41760265184752
44.74867560986157
46.99790722655086
51.33314069512273
47.167200799049894
46.329803370232966
46.14934577562647
48.95088585512828
44.90351049007257
46.90861829216879
47.98531742208649
47.235957144773366
45.8687357487522
49.40163487902781
51.781364757851954
52.72410540282487
53.4570123025512
50.346027791917535
52.22057822814298
47.36892788725784
51.750250815800236
51.750250815800236
51.750250815800236
50.22897761993788
47.259427683702846
48.93407159313666
55.17577591334539
54.14987381800006
50.410840747685626
50.621851437090676
49.63587926681374
48.67434453992238
48.90957901209437
48.09403085267361
47.36712068223685
46.63029155881143
47.10293361361278
46.6105097775398
50.99183286268458
47.14647312120438
52.77557387537358
48.3557482118666
47.115081019565835
46.39450030608456
46.258566284650776
45.08582754686856
45.30476743492228
53.79733443397122
43.376038984957
50.53252162652997
48.5258316805669
47.970248084483416
47.102718827302844
47.164009456071135
48.026068299017034
52.66532522175054
47.786449460386095
50.80778954289663
48.29776875923394
46.95907910282003
48.49827225686201
49.148696430509474
49.2740047782894
46.2632386560449
46.58872970770175
52.897376014867376
49.16177473696871
48.21141389181901
48.90996146203436
48.73894317639227
44.4146077478321
39.59609242871405
36.884440676488516
51.69832708169541
45.45297866736418
45.35976885746551
50.253251882211785
47.273817760895014
47.13415512140074
49.60253269704933
52.226847590375094
48.47214338142393
50.96753050561359
50.580152452745125
54.74156398716882
50.18739044751781
50.09523992840511
52.7796130134857
48.71997985658491
48.656355568005985
47.812947755738335
50.744171118553076
53.22623050743341
55.25061070384741
49.28999386698347
48.998492853741176
46.126702407162284
55.20428048938053
51.31368138884436
51.299685863888506
47.0043254751886
53.27038698203806
49.29384539429508
50.695330601148754
50.64204588200901
50.08391097636534
50.56505463947097
49.120254776345114
49.36077222351235
48.84917551534029
47.00601928546896
53.04855957785083
49.68834926893864
51.98648027344141
44.579985937039794
50.32844718756119
47.49908158374541
49.00311285131994
51.356019691493934
51.82356470900121
49.79226641931292
51.94523512866622
52.56882707850997
48.38117195775352
48.37718424411869
46.919617309406966
46.91852100431542
48.05156717430988
47.96575437425385
48.20742584322261
54.714149041298946
50.95338760629357
48.794359708961196
44.05403683194402
57.09537130409285
43.25766363809422
51.54549048619431
47.81280842005032
54.48680673821825
52.908133522801556
50.89054181081653
49.385161681537674
45.647535984734404
51.760866891814715
52.00753479032323
48.196783707732294
47.977119163344064
47.40537666640349
49.356356035773835
54.42485016724427
53.64320740580147
47.762009521121975
47.762009521121975
46.17328721254905
51.48926190316238
48.20774160572934
48.19299150740222
51.70327138279231
51.54846579449208
43.81622015639092
50.71766337552275
48.2767332445949
50.82411495938737
51.01932769617757
54.17039633110309
50.94746766993503
48.513145502778244
49.20987186227893
48.26253383683356
48.40097507856654
49.81944336615254
47.6220802777157
48.393449762654505
46.90507662480086
52.03706336622108
50.56292023019849
50.97556608202287
48.176820034495314
49.253657841968305
45.16502354884953
48.43974099892244
49.55878668127464
52.311055852210615
55.23108538266248
46.88728097438988
47.9795712623134
51.9345954763313
51.584061319082835
48.51327025773023
48.54070079838041
50.718330815796946
46.88741733745213
47.55274060564449
42.28901742355772
50.53694014287314
46.18819077072243
47.53533352333011
53.84189888962087
47.58657031642009
49.48364700935495
55.665912592744654
54.56910697627634
52.30605023513936
54.75154052725002
46.044120475296396
46.71581961520902
46.1044970193304
46.89183390845743
47.00640481098051
52.56040822558872
48.32529122048135
50.69602747068596
53.54277319685993
46.03815677942469
49.84936378576322
50.886419393586515
50.17341033942392
46.642342410586586
43.34927608213992
45.048252972945505
49.40067548899396
50.134123725685626
49.93410695261328
48.61748291666287
54.0093470107768
50.264177849262055
49.445223123489335
50.85922104805353
53.7937213378781
55.843146954366446
41.229886605118544
44.631286560512784
52.689442666067286
46.25841111556861
44.71393938027399
41.88786827372974
52.254702401214104
49.16726470773148
46.2783067535182
47.262557829847275
48.23343996967718
48.51097068863004
48.40555363478436
52.64838302659373
49.47219278144513
53.24448395879485
52.35530791880705
49.58604415502236
47.34066922236435
51.81276597396286
45.138209221390596
49.16095848000091
48.98754607143722
49.39451453389513
48.65290280698223
50.793435853352634
53.93077089350779
51.62444557742894
48.11715424045536
45.8982270794313
49.76110028621143
48.3621763479532
47.99398909485036
51.536836202083435
48.72364985906257
50.93675003761173
52.54796281790068
49.21071721609743
46.6426426174493
47.06154004293791
47.505877402108226
54.24126979299046
54.166807745671804
51.755521300755156
48.44037958493247
47.326578524009165
44.8260625175384
44.63605788108711
46.91876197231465
40.9818344106396
59.629483334151374
46.60117232846533
54.98126104926232
47.55009693895021
46.45445447005065
46.67625497917514
47.23526673777657
48.01185233321541
49.014363579657584
55.97446566216957
45.441169344660594
52.614479310796916
49.49562204801537
48.116897472042986
44.20346001499112
50.20665261264796
51.18963501139987
52.61952236590381
53.10970332639867
52.30041735843458
55.20646900951578
54.95013311542887
52.75456999697449
45.72096367382827
45.252657005294346
47.61729117060413
44.039935853318156
46.43516398850171
55.28513223894638
46.996186247526666
47.03426493612304
47.258078151008895
52.11406420576284
52.29107693576986
52.86187451398753
46.09448986418489
47.50940354099453
46.27887779693203
49.33304289052368
49.56364002980828
51.503965036330726
45.289447609886835
54.35960759837065
54.58585909979864
55.73107633507954
50.52550879302286
46.854311346315725
52.80780093603886
45.27811340078878
54.30416795919225
47.25417345773123
47.061938161248754
49.013590475705655
47.7379235122561
49.52755739405394
50.35147650248246
50.85048215975082
46.13411406619211
53.39200074419868
45.73730283823392
50.398720252711946
53.27944007641416
43.36456498981393
46.456617921098726
45.58798203375727
49.08711341828901
50.242380392787574
44.18712411089479
46.13787252320273
53.12907671695616
45.88069987626835
45.49322878001021
45.727780161230555
47.20978276285845
55.4457797735967
48.371378826670906
48.79789739633492
46.40763326726763
47.487429594743816
45.298694426025214
45.60311446142984
46.466012215204536
49.56828591410729
47.841435747614966
50.174548908604706
49.276897863928895
45.75500602910752
53.149983293205935
52.497098325649965
52.63090977486158
50.2637131362468
45.55796792176649
48.97541606535362
48.146546602870316
48.15121535523
47.089138142541486
47.23612944234023
51.28987140110044
48.97491459370628
47.98387153275816
55.043185506965536
52.580874425379285
49.077718545050224
49.877686683774755
46.39246022875294
45.43297852293488
48.78226240822592
46.33869105467702
48.587470260867995
46.996062953257905
46.6260633643631
49.5228321238172
50.86392002151652
46.118591457915976
50.20334187257661
47.49412082701055
48.45553224653319
50.943376193945284
49.80563626780738
45.95766067602002
51.9305652171521
52.60426291636211
47.11011899438287
46.99989791876933
46.279374454572896
47.07261529850307
47.08098819715708
43.884757133877116
49.088125248167735
49.39823265230566
48.56900241653704
48.47900800721837
47.8531528177844
49.720171933837435
50.24719074960855
47.83171608978059
49.37535094748916
49.93208872218501
46.87411341311284
50.47743194097069
50.73174068145103
51.05424125720923
47.31780390021895
46.02157055777778
48.27127459441425
47.52382720018643
49.548288270087696
50.36304612550358
50.47116330981637
49.297118421251724
45.717012310649
48.029542451748924
46.927245154248624
47.37814885034836
45.029844099315305
49.10103183409475
53.130794073645646
49.112025023316534
46.26063070952955
46.272909327659846
46.73183189806997
49.342536722662466
45.277090354106726
47.22290605481535
46.47174183863604
51.984353662995304
52.22187321158977
50.8863781908794
53.32888164316644
49.357606531516645
51.490541929218935
46.28315687338725
46.755838624557164
47.469487191037466
45.36283440301615
45.7774388054511
47.58514811660688
45.60246567696248
44.53352595792829
48.29849016825195
43.546916852597356
53.75244941396939
50.19518318550601
48.03163167103213
48.14816852550772
48.54882710143584
49.361112685152975
51.0822302209921
54.33496837139578
49.68760595842046
46.94003452602058
46.527293194687935
45.44608804697188
50.52027751406581
47.85279759210219
47.8941574159394
52.46109170157375
46.17715039913502
53.30733392270195
46.809857438070665
51.59795231132637
54.45155691348848
53.650911086429424
49.41718391521133
47.542021100463046
48.169860738919674
45.33016235579126
45.38802344561064
54.14119239095043
44.82600813371136
53.420773625828474
49.644982347432254
49.04454897401411
47.11803642269442
49.317783354671995
49.71894227398333
48.23033883791845
48.877805636427745
45.995391171934074
47.54053462681993
49.62426793705759
50.30431937890826
52.14475031998651
46.97807777672983
46.02003510111997
49.59558911865331
50.293702450229446
47.247848815248865
50.44636587026917
48.918659122498745
47.058090408744114
45.78567148360637
49.024437499069975
51.250772372814424
52.810940641095904
51.38041038663264
58.75643328791816
53.95907030708384
47.08132205609705
46.42882448836184
53.141937247535914
47.96980514144013
54.592572568843686
50.74193799308455
47.93975886745585
48.12191358764539
48.76294742996395
49.680015908246396
47.01034605757208
46.21486174987743
43.664761402573895
40.80864574595792
41.232607863675575
52.80096911205743
49.7205487105501
47.666794850266655
48.430252629513966
48.37474285924932
51.69665194060207
51.231332885835215
49.07816599160639
48.2824702707882
51.07562360962441
47.618611806762296
47.694333614196644
45.00977850465209
47.60618295555548
50.86208742022579
50.80131596988934
48.815488759063136
48.324435342890695
44.44834331503177
46.40560519332545
46.37522388077125
46.41783637794593
47.013228966331994
44.942827188210806
47.502222708016625
48.982615893584715
48.22121027187875
46.92884647665376
50.4523913530223
46.40147484023917
53.43327218116458
51.4455911699269
51.32736297498074
48.8557032727506
48.219911631220114
47.60009067538439
53.8136255410092
47.18009245358669
52.906736827746286
49.88197559928079
50.01320662042999
49.72988583764834
50.37398788303
46.63140832769659
46.02744191312592
44.976716952466155
52.729844108775744
44.821966282056664
57.91994662039393
48.27339803048596
48.77618093846152
52.246009842990965
45.4787690428136
52.50757556235053
47.07264232437081
50.29404339362586
44.94768491557711
50.86390763960852
51.794936255744
48.314918693411414
50.20190699133508
50.084717665311636
49.71950790009011
49.11015586649633
49.68559630909292
49.39244321196239
46.990550456896436
47.41098673213376
46.99708290112526
49.04773696416774
51.24149735387118
47.50273710768933
46.26967747980556
49.08913922050003
47.57561493729813
46.273372448381885
44.37272520838445
48.468812126736545
47.95644467734074
43.29664251145661
45.95343993377917
48.48729945217408
53.84666852378999
45.183762398009385
45.905199828498944
45.8996237064014
45.8996237064014
45.819762109681676
45.80383339821126
45.79198503671239
45.47224663778277
48.99103998717139
49.96885640148726
59.56447745392679
51.75852658356808
52.50143048798015
52.04708223094534
49.7531491709414
50.73662095123559
52.05483481554561
50.38532041786355
48.53775485140604
50.3108282840465
47.95544583879282
49.74083720299036
51.22619232364067
48.40816496920097
51.2415719663003
51.767994598117504
44.11614836311349
44.90273391995151
46.89651123413852
49.78901338795093
47.38224723996542
49.75847241581529
49.919542998863506
47.37962607514888
48.660643548048036
48.961927352041585
49.6518567402414
49.333282973985625
48.64300613747859
44.23183537114028
47.59877038585123
44.28899183766859
43.70365237361772
47.238375370126974
49.5550525404439
49.62036655669324
48.107665844915104
48.65692936936618
48.679838477750785
50.27468533462192
51.52760295350036
55.868064920585525
45.27561964166249
49.10917415827244
49.2119360764934
48.04871400066186
52.97769532926916
53.48480932246223
47.65914218420073
48.73220513088081
45.98914948643169
46.759810882990905
45.63869180207961
48.92879332859065
46.02090955899413
53.551729084017275
53.44533371077604
44.62673385849754
49.721659788564224
52.589330918411015
45.55351536436564
52.94807546250066
54.02233518239961
51.421561699599685
55.2829940727827
45.02888990957829
45.98947112620283
48.04192212530692
46.96382313502631
51.9170036672372
47.14087624811123
52.81017382215842
45.94159289857717
47.35698849061347
49.050824802819434
46.910128504853965
46.814234942297105
45.22159370649662
47.38211584930678
48.019182494762774
49.214187585093036
46.87990178724814
46.22608019921065
47.81172253055595
50.80883107252494
50.27072448635907
50.889498026735275
46.105169995692265
49.92768813812545
51.53204913801963
48.10005713141018
47.20648169045364
46.69881641638822
48.21369611193044
44.13891695756586
45.72732183363584
51.517860067941754
41.71204806962408
48.727756677838485
47.66452582142
48.17756284545785
49.03590476116607
51.02823327791615
50.91611037193363
47.82563382148309
47.51852045352019
47.85478281893536
47.57389905570975
51.11364218595861
51.973978597295456
48.1186881338275
47.72997198524512
54.82212070445803
51.34037173838501
54.03469665737971
48.532650890425984
47.35446585181938
47.14459961823694
46.12256855136308
47.724396346975446
46.139692816735035
50.34529944508446
49.93641593692009
48.58479596668524
48.29903165431014
47.27473759156089
47.469460865526166
46.32660042636876
51.93756125986916
54.58770294058899
53.57716715168694
53.31391951610474
44.71337672462088
44.535445968656205
47.160390443309154
50.28054781616039
48.47147635079729
47.02795131522714
51.93192382336381
47.33562028941215
49.75028519599251
47.17183994825414
52.98848634597003
42.92110748169205
46.94386032525199
47.70163838459637
47.48588488778311
47.04541870994918
46.905857679478025
49.484963720302595
49.540973594612645
51.965744782623375
50.17054479133357
51.16139245326884
50.678675818329374
50.473151752579035
53.624278581220175
48.74118127584068
50.38787259078592
48.699720936536245
48.464561387617735
46.55950054505547
53.044120925446066
53.939845450123194
53.89088760800145
54.780075919463094
52.555125676683794
52.2880758091509
52.47673342402831
52.5391436424373
52.5391436424373
52.5391436424373
52.5391436424373
52.5391436424373
52.5391436424373
52.5391436424373
52.5391436424373
52.5391436424373
52.29312750477365
49.87210314030009
50.61421403022944
45.67159898049261
47.19874089671749
44.09930647062016
54.51595429486626
47.91301485628765
47.09153014532895
46.25013672649624
49.09441521053428
48.96822668448299
48.159256484450246
49.54290065439382
49.48109281942963
48.351985223883425
48.22819087165332
49.238898662512646
40.78885343475599
46.51802387684314
48.11980389199165
47.20252550542482
48.77725395137381
52.70977341609325
52.114106280537044
53.50379476484633
53.3698760804538
52.026307414954545
52.693872331113226
55.87351299149355
43.08081171622438
52.783094974331675
47.615852835752115
48.65754921802964
48.98465895439534
49.00654294960038
53.1580620353602
53.429285255781664
45.842635627412726
50.104505446017235
46.10862434761103
51.31021269341857
50.97761859150153
46.836545536092764
46.57758151523634
51.08449576066837
48.39974368169488
46.04689226590063
50.85737403748172
50.23086472611213
43.37202025931717
48.890363618039544
46.08053316409101
44.73793100164295
50.23653208867263
44.093066883140594
48.42169635932951
45.26745948455567
47.90417608290356
45.14303735401702
44.11762540095669
47.49336080581579
45.0854055459427
52.47369930036238
52.25829948594124
47.98064859704248
50.01771972976512
46.687066961792404
56.69055241676553
48.363263377209165
48.92652516739048
46.280135348227184
48.01323905069703
47.812813798525326
49.74425238320612
47.632265097276544
51.538714812901055
50.48159770360447
47.26189159273226
46.06118760381415
53.034763852567636
42.45857657157653
56.72750447722811
52.88335041413098
47.6685409504764
50.56150213167011
48.225002294698086
47.41697396853757
55.26518213193744
43.452979219129084
44.86200719450677
44.0277512456031
43.73392778669082
41.67889696964911
54.42476282163557
46.64254224294493
51.781734152250024
49.70614775048417
51.07739303383779
48.0029172901202
49.622958031415294
45.35865961703765
48.46448034101159
50.527585322596565
47.74123828772894
47.848764704652424
50.72146958615529
48.944132083077946
51.956214893697414
54.24366989147839
49.37233845866969
48.42355920934545
45.92428224780987
48.04753615860494
45.21078277265991
49.45121339401157
48.74110014103759
48.78608787873699
47.621820364735
49.24362224490229
50.59017028236893
49.9306665348457
48.53779186127092
46.364254322168684
47.7699771344272
47.4649839573443
48.27115600894189
47.01265974171476
49.08820430936956
52.32932316874061
46.7029896705575
47.29261860181008
46.68756392001201
46.76893697549535
50.630388578095896
46.15925499539842
46.15744661413024
47.607025790661645
48.331597363281226
47.87206347357154
48.61347744574012
47.90128973614431
49.42287859473672
47.03689088586555
43.78442893498115
49.823112587250876
47.12008302914293
50.7119913935303
47.405540409090314
49.407158975252386
49.99701174537316
50.62307811222707
48.030917120975566
48.32972996530795
55.17581837730202
51.63733273791544
47.94377035255686
50.5997894884376
49.341684680558124
48.213861928651816
47.25816702601717
46.35573933436895
42.86023003896148
42.70343994464987
55.54574085443518
52.20488570006561
52.16143462963504
48.70003092575746
47.78330855790777
48.495339891199734
47.65204208060085
47.51944136178726
44.63797376920117
48.669361678726226
49.484062222934845
54.962643033563204
54.10602899531555
52.810419692087976
49.146637533247194
49.2345766634312
46.97581633931231
47.492072585535716
48.0195120879228
47.90109400907455
52.2712667191301
49.26089644822065
52.62697789839179
48.37866111387966
46.79716210285725
51.132231739869624
48.512001993802635
48.74035180221479
46.925543783579236
50.20834767775525
49.67361796025313
46.25845222946767
45.36748830471317
53.028502712125764
45.84407579245072
49.340555085853524
49.64777951091086
50.02022537998744
48.07426015947899
50.11008189230573
49.71289536251973
51.56247829705167
49.509756270998786
48.642090184460514
50.030440939110235
46.93594267389076
51.404314994084835
48.30669008881155
51.03278230063836
47.674483512638716
53.94712200323846
53.23940469381709
50.15129465393067
48.76558326311926
52.15448740331319
50.1430093441689
49.94484688101976
49.46680983744258
51.03933305544254
47.242901214690754
45.650888616053486
46.78122759733257
47.76726373465134
50.17234916145239
50.14194148768139
53.6056223953153
55.62769286396922
55.78246612243254
42.1991364644648
56.30327759564874
42.973070751953735
44.347221851175
49.19823355735105
49.17647715098686
48.58876899247373
51.04483896492432
50.033874493502864
48.34210945091341
48.574887417811695
49.286696711818465
52.265065428913886
48.89519578252869
47.366703513627556
49.82377447547627
48.63278771206354
50.014452871313836
49.876237712906864
52.22811288897656
47.07465232892618
47.32954067573576
46.38403750055618
48.27538062942589
47.683333210240335
51.220982148955756
49.593857518001215
48.54215595138102
48.60172382700067
47.03939083496077
48.9389038166301
46.3156540326384
46.814364878528586
50.4813467568772
50.975146019646544
45.77201866274445
43.93474926746818
50.602270386246744
50.60327549322838
48.52983298077591
47.859609404752064
47.06016892154387
48.634886687239614
48.034858435195495
51.618568722301006
51.86828262781587
46.9934394094224
50.42148509330912
53.29103662899762
49.164847869462434
49.42722532332488
50.27032362511201
47.12518160348162
46.33870702795507
48.52000354043352
45.37785930234586
48.17843628063625
44.331002370088896
52.212763509639416
45.96857878169106
50.94067512433428
51.813162487420065
44.50566688570554
44.98423962409757
44.94562696620482
49.042761317959034
49.00409856537221
50.55464873335779
48.74347292054893
45.994400892105986
51.02529419694838
53.22225458300424
52.72032649233826
54.34245344136926
50.80856057203437
47.32686780564838
45.666423931829144
48.551197850437156
50.00171779278027
54.21651799989647
49.22974059142673
50.13370622555084
51.38935575963097
52.520982553697344
50.05874796404326
46.6298756604131
49.195451838963336
49.65465275936957
46.58591437102273
50.95478865783868
54.802441827517846
46.715647566729
51.609611038270145
48.10086064284368
46.70412043711207
48.483587367848315
52.247407338650895
51.555947413947365
46.20704545300578
50.51554262938583
47.3188368236789
53.70691067242974
43.285367785313085
41.914837566958376
43.32334054102223
43.82191169944175
43.989770749231226
47.627342049957534
47.30999317205261
50.266850963400024
45.58899275875332
50.15749668487653
47.91344957704765
49.84684059385538
49.54703733004539
47.94559443978864
48.22430446501505
46.94515573400446
44.32508993565531
48.753238213726455
47.54861290922371
50.29991269333804
46.99988899073144
47.22260143127765
52.32502110619396
52.32129649925221
49.845486949821144
47.33624680390392
48.33516125751778
51.64380737830347
45.71444678659042
52.04084332767731
51.290965022002645
50.51762983332059
54.91270480876981
52.15088259538428
47.4656378899086
56.559994992649564
49.1996277416116
48.47191589863598
48.28906317457627
55.109026672443655
54.710069898026454
46.7566277206699
46.18654678315176
56.85437759173461
55.22573193566241
53.30686859937808
46.981673077135525
47.365024384652834
48.394137382354806
52.43057787898798
52.502671421931595
52.84510612015785
51.25144121895971
49.65391674313965
45.76268534234501
48.40431985297736
47.96388135524505
45.523885159643065
46.869765589484736
47.298982546483636
46.49864227741272
55.51426683056905
56.39048172760101
50.34430575725332
52.51763752951024
46.89656387200148
50.503254837437126
46.951340149541956
48.923546250229215
46.772355795667046
46.574451529279386
47.9212505536264
46.56112228837107
50.36438984876066
51.100101483107586
44.54832592457026
46.28140530074594
46.410419654068
47.43579425136061
45.563387367268255
47.18691309869293
48.04667345314834
48.827214595020656
56.16441632456291
55.29922273191983
50.43180454946189
51.77536550407932
50.258842224422324
50.23498105868862
48.323563894165126
48.41353629860281
49.45189519447729
48.80221642816045
50.20070454129223
44.7173689932433
52.46516265285334
51.84106773738153
49.03139001358413
48.27003683212474
45.067492387505744
48.05593543301605
47.23936719462169
49.65585999141027
46.709180333701134
47.33037156097321
46.07450861689937
47.063871600954975
46.15663826318548
49.43759544814492
43.636972148203185
51.127780511702106
49.835579260234894
48.62778716369477
46.285047910857855
47.421296248023125
46.65054111753848
44.57652218276773
47.538203290160126
47.2736965018528
45.3007940673955
44.99961600648137
45.571377083812514
45.52038568429233
47.78844273228804
48.09447521007775
54.28616512197118
47.971019983507816
44.028411602954016
50.64922383624936
43.31336236556042
44.247050380283554
47.11553508328029
47.84488040833975
46.42366422880167
46.178349093126315
48.53390507242572
51.44350317890946
51.529176708109155
50.66791410626319
45.36869709725459
48.836117244419036
46.73439450224825
51.149601353030235
44.902635963676005
44.85501371508631
50.35117421895807
48.049250381898936
48.43369991650035
49.31053894453112
45.452472973643175
50.95705378123559
52.40255134807861
52.90441729702112
49.162538238479954
50.054653527705355
53.70668104288035
50.24263927707454
50.46372819351582
49.43131508705537
49.58486230923357
49.68588326640188
47.44805590752643
49.47689444216441
49.89470451936582
48.05511120885648
48.693464563004525
49.05149764171483
49.01981449870711
49.01981449870711
48.94505217584817
48.94505217584817
48.9048220051715
48.9048220051715
48.895071265942285
48.98849634262509
48.85293843572126
48.81860287689547
48.81860287689547
48.6209655776993
48.63459193965484
48.58823482215176
48.58823482215176
48.77815520238467
48.89015151846275
48.300898241085825
49.25714557787256
49.88575791747054
51.33712040564164
49.944107978448415
51.908022351779735
50.770353662631074
48.5789567772074
52.38687781449251
51.72681676817072
50.49946021364627
47.51225898794942
50.998495925127976
47.40513333265281
45.6342835226274
47.228095306220794
50.091160627642914
46.4297326110851
47.35234520136539
47.49251168799364
46.74363260894106
46.525380608429344
48.84003558336108
49.34297290554615
52.85273439308877
48.45796195257851
47.92550277091117
47.377598540516495
48.350744553981905
48.838494519355
48.36627311691219
46.780015404880494
49.77375079588466
54.18728543821064
49.15091460529495
49.07493450753405
49.13810254831545
47.204551249818806
49.20448925085459
48.117028695713444
50.71457965310354
49.96893087078579
49.208635988595766
49.48795218000345
53.06023276091801
48.386160200685424
46.03651713438379
48.51511730277554
47.44570652754382
47.858433702133944
49.52025663676577
47.819668766973805
48.04883521479318
48.38992017771937
47.00759118589416
49.95282093784346
47.8990054203594
47.38697217861109
47.69286702520244
49.293690933380866
47.48032557947531
53.028016611274445
52.36519673783125
50.57728379703268
47.30885353374573
42.68517562035271
40.56482762016833
42.216975381932286
48.31246950721752
47.15159471594615
46.927715435308755
47.69415287870184
44.591881865845764
49.665991349025965
45.59515934191453
46.80054942599565
44.84544497425533
53.9907900686799
54.01733174053922
46.32627639538109
54.31601287537988
51.15529505883366
48.62764964073189
46.17647194946377
44.47446941692329
52.85163741661385
46.553223695355925
48.01458949232897
46.98974395630984
48.56655350897166
47.134904641874805
48.71256197719492
46.36117923122467
49.45863597161821
44.692515285215855
52.595650839793194
41.219261495480744
49.52016139142812
47.33329851189064
51.369145672198385
50.77801169955698
47.92350007395448
48.87928172799663
47.310538917099336
47.70740311797382
49.527876676117664
48.20004712471392
49.795096288695206
58.96284414914669
49.02712142789913
48.845669503107565
47.76438626305118
48.98365945130155
47.64892471144946
47.147295781015565
49.703763196897484
47.68775831967486
43.24028842291148
51.675774741647565
49.49807009292658
50.75148102710352
45.52025792267274
47.84530937355476
55.869980094609325
50.21759028286929
51.038533679363105
46.864304745578025
46.822241485238756
44.627202785642964
46.07156458169647
47.0882373111992
48.536743163122544
48.464521555560346
48.79019940799459
44.19684500912385
48.12728408045892
46.88689165798596
44.037459972356636
53.98035201626133
53.372448697876315
43.4984719714518
50.83321004045031
48.009889632203866
45.409756274955384
49.71217106882932
46.332074145599215
52.607014410536024
49.33390492523049
49.268748594266064
50.172975803989395
46.053826438123686
53.347364284098724
49.537840171929446
51.45649153469402
51.90171157510444
47.441872009412215
49.97599479349319
46.62557526681611
51.62867153397726
50.90049905792221
45.897938754225954
46.930005125319234
47.602804923855274
50.25270687179374
43.20214111327635
48.1209223407972
53.078279222410266
51.1630845602065
54.8083652044195
46.98542243628559
47.10566290491035
46.89463697901779
47.0204083403384
46.712687591993614
45.243139253505014
51.65557555343372
51.5055818786899
49.16287990729357
50.748377522787116
48.41785346050864
47.062500996567785
52.55216124120211
47.06314500479349
48.38001474810902
49.45782173956357
50.97062181575708
50.82013224967694
48.29422070875359
50.01774896469007
48.03427316978099
50.33642561073744
50.04706564748905
47.12391293850343
50.278202785657676
49.68960425313779
47.68095090591267
50.87713902632812
45.48077983994235
46.76790803965661
48.635290726054954
52.35451708406611
51.522594052547355
46.51661719164613
46.01101079093064
48.02532387210607
46.769555373091315
47.4333730977366
49.03297831866364
47.8272380857142
46.835143408545235
48.09246664599765
