0
4.221334221475024
4.426247161292321
2.4816650757632472
2.5869342854362727
2.1745703342146903
3.491989960086869
2.7341556062523455
3.5315690327005482
4.572990765990388
4.833179271613059
4.06085808680119
4.979085981754345
5.308934822459013
6.476667896625646
2.7465041357075033
5.3813549545494945
3.10064296344567
2.7779054503772764
6.039238372865078
5.273335131876171
4.221434428619272
5.163684991042655
5.605987499234418
5.1377455401962875
6.185641518749058
6.323074119398376
4.210001511198693
6.669064593935237
5.271507858023503
4.84992336528686
3.0632299830682985
5.075684551628018
7.116209752045855
1.487601399501615
2.001153064204045
12.247815124116155
5.220147207325445
3.35396609231211
4.409796255646852
3.5196369531721716
4.485707030722702
3.3886157743873513
6.790908179510325
2.4206006749141133
2.574250546398825
2.5046162979802395
2.5046162979802395
2.5039188865104935
2.5199460983116513
2.4133425997808646
4.775538466125819
6.499454664391318
2.89217297437765
3.665319341503129
4.151572215153774
5.484784759034286
6.912630541132867
4.1210964867069535
2.9842840005395055
3.814402335978657
3.234931259771942
2.2524413495501707
1.1430560999754724
8.343081203033892
4.2143555782221345
4.80704180623433
6.887229534742378
5.019717202812747
5.27556973908525
3.6686167175185815
5.236035496234582
1.3167434962474884
8.496925494638376
6.860163879433165
3.8485516219978737
3.661613207887742
3.0434015145889437
1.794312669585598
2.089640155999106
6.011072322701052
7.582916023346503
3.796678672492754
4.316757669157841
6.6716623513525795
2.068533029933225
1.9050012281900537
9.37616728285556
2.3121771949029544
6.045672451158596
3.538146518888611
3.026373830955895
3.755744494663717
3.941524058254676
4.409676984825166
4.042767622007161
4.7628640392180746
5.021603241350822
6.055899347695212
10.285967758986267
3.965767075317654
4.054089258384339
3.593910506919759
2.7631805180293276
3.5885941020842456
6.137124056752668
7.296582778230208
12.363604198778091
1.3603632351159576
3.764375803392606
3.7574857778085957
4.993617232660973
3.1230740838952196
4.729519218051184
2.800777732103755
2.1014086737328808
7.033923244948382
3.7981274936489853
3.8253548298232567
4.103568108948278
5.394868512806172
3.1942358651248504
4.886584848530303
3.799177806596709
1.8736666741387962
4.947730361953465
1.533488656592847
2.9710633151933403
5.756224170955261
1.9165838578797392
3.5041675296354136
3.4104550501537103
3.3246730716235797
4.463659777842425
4.446810152620705
4.826429792713967
4.581454184667174
4.956610237752955
1.6686841921104403
4.545222488119805
3.410878594260935
4.210040715086624
4.824799771214253
2.435023529767253
2.796980218873069
5.919376582869761
2.7212083113017247
1.620712045769913
1.6204589752640597
15.144473545292453
1.30926630360115
2.127491923218739
5.507388199771
5.934068060936332
2.3796913280759266
4.1032490368270045
3.040693025277566
2.8105253721358947
2.730308910364121
8.841167913776506
1.455035108249838
1.591530588785706
5.098527749302413
2.6999873441410527
2.6040575214637562
2.281376858009133
7.312016320631132
4.630698017404307
2.8516413772752776
2.914737790774801
1.6814542061383306
4.674541084531132
5.258473850897224
7.429066017442928
5.137413977170766
5.64911206310296
2.545774784023117
3.8183373854385234
12.798592892672087
1.5702939960082967
4.030318413724041
4.448314045030536
2.833603100977186
6.2184722806947965
3.2598158690560513
2.8583951716500136
2.305100424928667
4.15679426060498
4.115640318171337
1.8563849392248746
2.2470849630023535
5.435718988371334
2.890937025846787
3.712275327579572
7.540244383650158
2.5410925750148947
1.3975262030948323
1.725352228943216
2.8035052474671276
4.841717111440577
7.114474902180804
3.3795795799343096
6.770794171377584
6.351696339510529
3.163787599143471
3.7608463721730194
12.402442978967777
9.912353958912444
3.0067095652833498
3.0067095652833498
3.6818841124599637
3.3956145905208253
9.007161026670392
2.0446123207992466
2.1115005466069445
2.080604747110967
12.234596559814891
2.018951168212252
8.558017139459482
10.096080783371193
6.549959943555879
3.3146953332779856
3.3954666598166727
2.443849825410449
3.505054743178571
2.7209614592031697
2.369313703209115
6.192299248678611
4.914591928238657
6.008128420848917
3.320109494741979
4.995950814529514
2.618936300148255
8.669169136455649
4.479008894484427
11.93887239746137
6.595400484458377
2.7440930998664115
2.4081157540766003
2.761832388471689
2.412287174108839
1.954704760205716
2.141003020284382
4.424590979758937
2.7361323241755353
1.575692975210928
2.0431821793620695
3.3906667031373883
4.454288194201551
2.027491801663445
3.7290099435968895
4.22112432161442
5.284137789582228
3.2638228407927485
2.402505986057774
3.7699000024864806
4.338846933331134
3.717955779837508
3.7968879520184435
1.3306384045712285
4.172777756159712
3.8190230388419604
3.321186400999099
3.6281998909813487
3.3831081711122106
2.997862984335706
3.62359650967796
3.0447365406388225
6.307175485373998
3.929096710483403
6.631096921181878
7.185973442769664
5.585973400976342
4.45099011706273
6.315270114075322
3.038783149281265
1.9696592822749337
2.121950340398384
5.919067403926632
3.673393605776561
1.6940887514054408
9.422080945053917
2.7710069260722845
3.4101627809503907
3.534524237761678
4.082340296260097
4.9183907196269185
4.936773259383645
4.824815488819835
5.256192071182091
8.720040341850362
4.508085892988789
4.6327960631618765
2.650457857249355
2.446630827248636
3.9449915385219487
2.4518651508715026
6.111190921081405
4.475046318004151
3.461971338848023
3.2028315924306505
3.2875035967737625
5.792618742078188
2.0244723476544126
1.3426729513681
3.1118063068536896
5.253277479072506
6.994520546207866
6.9228936627910835
6.0172131691768
1.6164530541414297
7.933493637052336
2.4078563743043997
2.1737079420981735
3.33003929221433
4.663927025516281
2.8723628731893225
6.450507790794193
3.7736335464398927
3.1061330302640364
12.523584029398217
2.752228802568749
3.803445494871894
4.72463602551721
3.538314296328436
2.7462033935096475
2.368820124954399
4.626044962694641
4.206562995434416
4.722195610669623
3.5013963129839754
2.8086836046162507
4.636137342158882
2.516044119703913
5.179522703358764
3.597486623065353
4.41375473122998
4.128048070967066
3.94850657743232
1.7293867827232041
6.097705892359751
4.701009079461272
2.7149240028112174
4.90638884146917
3.2876077634525274
3.6818096643685667
3.45735560040437
7.466621694204703
6.132832153041777
3.330312105958151
2.453038471193914
7.301931054697191
11.397069687466772
10.963613818243731
2.4554015682536874
3.3218157443254164
1.9331449552977171
3.612619554838487
4.372872308819509
3.6895847618361017
4.36759041762764
4.36759041762764
6.910358855143816
2.244973011663649
2.501559986141602
1.714646570910402
3.9879200484917705
4.84940377120211
4.727492698109834
5.466195998779757
4.507047447285909
4.109247330724518
4.209029399751609
3.9052629584974166
3.6199339061656963
4.76261089712772
5.14184995741851
2.687948553830241
3.0421460571036607
7.063327492356129
2.1422075774033313
2.984977103489744
3.7217013890765833
8.729796882952579
7.959378620158172
4.697005473574625
8.149001759074217
5.157868348733657
4.812763944175398
5.544145980879464
6.2517202822685745
8.630413704330708
3.135948268730246
4.415728739145958
5.674318828556788
4.959683829888455
4.394116530793902
5.9984057246069025
1.4168789206066443
11.26089356935327
2.161058944890635
4.145238394745979
3.7640755370801307
3.728847904310742
4.225013831218387
2.2579560587539196
4.462647825190642
4.273576332921131
4.36076042124798
4.602063418686397
4.108986972748719
7.295314072436967
8.505671969885187
6.002166953473996
6.149120631223586
2.6962676400405083
3.6590829187892333
3.925298570457732
3.90401477515281
4.056934393340777
1.776821843116923
4.97288599721135
2.325384238554268
3.684475784106762
7.199352404602555
2.9446905816153115
4.1566009824466885
5.681141556215505
4.098264313214275
2.981818777886074
3.9064894028705845
5.422124356974367
3.5898330908079714
3.575880924842069
2.1810304642984533
6.907045763559592
3.3857682736792736
3.32619239985841
3.575255517798497
4.81874017072497
6.070241682881983
3.2950272025263887
5.035427917846084
2.883829332556471
3.5610636329541365
4.7280797713479465
4.124349688461199
3.1305066984150884
6.634576640772032
4.877554954262371
8.912703891144947
9.525374892843885
3.7932260942189
3.7961956771045666
3.1994768248285315
2.08060619604153
2.2723695358298395
7.690601928792096
2.4798100291702148
3.7421639010860526
3.4474213783868297
3.0193945337887302
2.502446118157514
8.688608736310519
5.9648307117250825
3.501825835310233
3.4185378844013488
3.9588879034634794
4.785437154348629
3.4228034993112955
6.958580973821685
3.9773881107041285
4.528177974488775
5.216611455480212
5.267517191441181
4.274415406337432
5.1402381374111625
4.957306010417388
3.724204533475834
3.9418108249143913
4.355890284312619
6.381778547043017
4.810060734318221
6.2369546402589116
3.1821589506938524
4.075731889561784
3.10793978404889
5.220817523918113
8.635645774510225
8.635645774510225
8.635645774510225
4.108110226037827
4.500442758213669
4.100673035997195
9.773044900375119
7.233586227125853
6.302841790312895
2.864938663183
6.965004196001471
10.34522026303186
7.313822091666653
2.0067268913226863
7.669571130598461
7.136172434258295
2.906308126207296
2.505741243205383
4.790363975770441
6.754898522729754
3.3232343791108394
3.779312535083725
4.311516278389665
7.576849132732884
1.9867800465579584
2.3730645717748824
2.2868906582067354
7.662886770752724
3.5408147511965105
5.944319860086092
2.772760440857285
5.093796623836154
8.212850498880854
3.1469504056457174
3.6132547562428012
6.686558156260069
5.416599241329975
3.495733857746099
5.670420696293013
2.6371549788365
6.315345541137219
4.484062395860395
2.795092575141091
7.300756973441739
2.582423977705821
5.823505859258323
5.453656505706988
3.1838277060952915
2.71534669822852
6.314827376772442
5.353031973046706
2.5222676303911187
2.59725013868146
4.536673133149401
5.638738809884231
2.1114760091850133
6.190519823952417
1.7812417921620427
1.6853133233139017
9.604339040778214
3.4016363739927615
4.900861705152776
1.817375808358741
1.6557311384625903
4.336417891031458
8.021420345164723
8.278688082573773
2.0967870039819148
6.791413662180595
2.150788989483765
6.957948168835994
1.869048592037543
2.476584593234512
1.5426035461168455
5.339048970181196
3.1124318802055844
2.8417041291768275
4.097839562691442
4.299885569881069
8.369121107358465
1.8399311984398965
7.82150326530683
4.187057327727271
3.0292522780430753
3.1915034251756116
7.9423126840005684
9.212529352756187
5.230232578916666
3.251055876413857
5.03999814579198
2.473080816718541
6.803421920924184
2.2446292554558513
11.98135905028169
3.556756873835758
5.038692228125766
2.8741026470931863
3.583484494395491
6.325479215204475
3.189418655018733
2.82524314787298
3.1358667833684026
5.674206236151758
2.961949987877887
2.492779329325463
4.573035193763201
5.399725480318289
4.118311562953669
3.6807939564636
5.8048259499611286
11.367741670500196
6.791662782330645
2.3825582539846195
2.0951912576523726
6.2042197537034225
4.3380334559945215
5.766300953930879
5.966523874051515
2.7449679017662265
3.9442672936983887
5.11930008013902
1.7763367427319485
9.194387093000723
2.9586985767860434
5.878338958653341
3.0761897096481694
2.399467203779021
2.6669884568722786
5.656436917380946
3.0065269885584267
3.0773251417495295
6.614414142660052
6.614414142660052
6.390301848207459
2.1711742438654964
3.614300508189662
3.1382802092387214
2.105912919877854
3.7863925569418635
3.9467051296666225
2.7875109354411327
5.456586223210331
3.369679008708391
3.6966973315429845
5.115391024523018
3.3499996211021497
5.685509700623633
1.5293438521495528
9.69831259773339
2.0593409344192604
1.4685916613311192
1.0934169236462128
2.6434656422532923
1.9682093023501963
5.307004449451865
1.9233976628060403
3.3083846921943203
6.788799777084133
5.678058732351018
2.7302300749336568
3.344690266846899
6.435854268147889
2.642469908791112
3.427367359144319
3.9858957566890147
3.0353650856154313
5.611781738137407
4.349237986872318
4.436232868495054
4.382927695495585
3.8550371373634307
5.1013375717967415
4.177573668079517
3.553344356517194
4.986879950603703
3.317763206810203
3.470543050666667
4.083589727776614
5.896738218409884
8.527116967057982
1.068070298021083
1.6541197562313816
3.258856461402108
3.267602942478449
4.552950586519026
9.51243649393955
1.8554648134379745
2.7306454454850333
7.530316869416792
6.678606452228253
2.5771883164804477
3.6128730546141696
3.640317192039128
6.783501683352989
2.715659723163341
4.351952295663115
3.797905780333728
5.537506433085888
2.741523429474407
3.970606055756343
4.3966218150507475
8.459264094880968
2.2362365799511363
2.6299949598241072
6.586621729017075
2.6375773247759287
6.747681433773962
4.424340675308186
3.6724832124771556
6.003112909243428
5.388144764609493
5.155913628714386
4.159468521414615
4.329557120778093
5.118974271966129
4.137039551891103
5.192199128570759
5.2023486066665034
4.16907192328008
5.542804787836973
4.691354570163619
3.393389807694255
6.301307114202061
3.966222190051207
3.922118429193685
4.827896688112669
2.3640807932115733
3.789427421187511
3.0958424538878737
8.067951974619618
3.382244181411436
3.8630884292599212
1.5429731282310248
1.905236960351691
1.4513168679560524
5.268741378367499
4.453179985836163
4.15388423867779
3.9333690580359204
2.2995564456337263
6.663371858944166
2.044651947584945
3.2485992424728387
6.729336384254164
2.260970943560479
10.250257133937438
7.2889126514654405
7.610764782730764
2.021567753627212
7.199667777623635
6.154156014228389
2.103124998899815
3.3854335447809154
2.420746215188716
1.9594941048533745
10.1318679768361
9.850971489157972
10.27346319408737
2.1768197799851547
3.839964600634002
4.851303083386898
1.7599753325111427
4.252835020846875
7.940288981709652
1.7975885014258193
2.4535933687388853
5.936661003402636
4.258575901370635
6.407928905275197
1.8361522098766097
13.643158737784473
1.3078550913315776
11.708694407672443
6.240762305122168
2.417576253193995
4.1883268237167
6.971804209823434
4.304422832200118
4.054210849656043
4.048286402974947
2.935387129970399
3.092225371198611
4.67631783476174
3.6583674054743245
3.5571550883831433
1.4051865876138463
5.8056498352645285
5.9950997252369085
3.83758587749237
3.8796677876645025
4.006141659129715
2.7056565215853445
9.049837151372376
6.498255873567406
4.675485984831725
3.5902895708046367
2.964102292718953
2.5293538370040087
8.342724262798784
5.406623222995694
2.778018308210193
3.9320689718670283
4.441123304054955
3.506670526802563
3.2558216261534536
4.7969243111174995
2.0689361880928328
7.47629737138787
1.9984214711268449
8.38988555086498
3.312233261532312
3.5077712255640208
4.474594708804181
3.966736442674701
5.230821889287128
4.0037838795030645
4.244589148108639
3.436508916663142
3.845112746752994
3.126135114413291
5.417738889309704
5.413809944555301
3.918917418035582
3.185729627052682
2.421898477117683
6.263280484641425
4.241134942594664
3.116050876768143
3.4689831634960786
2.6587519001798543
7.210039840690077
3.2646111852942044
6.4445951025148505
7.899722721463342
3.2129466237675905
3.4298558655520828
3.085581014366476
2.9536123756759944
6.6340870327457075
4.289115334768215
4.658209483707823
4.0367819223466395
2.0093359123935386
6.1079299243847895
2.138975110407931
5.939215180776081
2.0298632996506454
8.551399118699063
10.666387308326854
11.875035499349236
3.6610110955103727
3.8679161257420183
2.0797441397008902
5.810042325517853
2.6362385194808295
6.990358312511898
2.5281620362119686
8.57806484754211
5.2802477741419755
7.5131485170217
1.94941323296481
5.207408676467505
4.56424510334602
7.671250595234383
6.009347892032653
4.220726657617516
8.573085784634007
9.220743666599168
8.016392839372184
5.266121662664218
15.561999655738264
3.059767680423359
1.2809257598543085
10.834232757346282
1.8274328048496957
11.178821827564278
1.513496332760164
2.519843822536906
7.313191851592445
2.9747624399720705
3.232625631608618
2.9478569968256734
5.88296991621772
3.282146587265925
5.552134141902358
3.0304926993505736
1.4097348988946012
1.642538385446461
13.75600983304952
15.845267415083713
2.171554740795278
9.035897971958487
7.966880726725603
3.2564377492348395
3.708360204287986
8.123244120254855
3.3234113263816782
5.692321280683834
3.8501074623784
4.9064707279154085
6.653596167674464
6.799700042202776
5.099732900999173
5.952188232149221
4.319135989447455
1.8448461685603943
9.47567482920001
7.229593469871278
5.518797180126267
2.2068283814585126
1.6308812778605832
7.752462015298552
3.433275122514137
1.6203439637306136
4.2536889871794346
7.695617749566343
6.371336877957739
2.787750442008546
2.682189219169094
1.936752152268451
3.1892585259122423
5.9791353781348855
9.970577136079275
8.40220233418802
1.7175067482984154
6.546090606441758
6.707009799893844
7.382147462101566
4.372257422962953
2.486322037189411
5.353880718875113
3.397316332916419
2.924737413189635
2.359818992646258
2.8824103188601415
5.483501724474261
8.131500254928772
3.5861232982921
4.61486350441928
3.382628735383544
2.2890528217707873
2.593204806136757
2.2883514443365396
1.5822790906426687
5.0516152053867485
4.130941080166543
7.654395800980314
2.965720657811055
6.187440399504026
5.670216796166079
4.635745269057588
4.428728937798626
3.7938103807286283
4.79977275252221
3.3210358881100577
4.586815109648992
5.80595977537745
1.9931348151250097
5.024332879592989
4.978617992076171
2.8035149975191187
2.72778690418018
7.262835541583531
3.3188691470193423
7.201867356737687
3.826312953037694
1.8597133348266373
1.8436710503112712
8.880356581785035
1.6748844687328728
9.853956243432746
5.252789003604777
8.927879716580113
2.55222787911654
1.5141624061139487
1.991673533013004
2.1810932784766925
7.859327666874151
1.697338203499889
2.1336558680845257
4.146596364959097
8.4860654590762
5.791893961974928
5.333050352361206
2.515230274611073
2.769109326555498
12.015166609567869
5.524584296445986
4.727936587214168
5.780724559641392
7.646606983078606
8.874712783414656
8.357806634323097
2.7466195636033914
3.084428409667603
2.6549034337596065
8.48298579135819
4.2097699534055755
4.833157511556674
4.496035574878054
5.637110691456299
6.120039213481341
4.6287527192120015
2.5959648521731142
2.133941288154797
2.6845401358321963
2.3491867691748882
2.0538512508639655
5.371964399502132
8.712754240832625
11.498603714969668
2.9856009180003107
2.560163130858535
2.3886895715417755
4.457235501406559
3.5408589444174083
3.4456865702875046
3.199176846847752
5.694042927312661
3.761563376130547
5.551512375298685
5.548646860665381
5.096420913623498
6.948105210026836
6.2666083499041445
1.1278479942694226
3.342899326847491
4.20363710953339
4.777229679972102
2.5481846738985663
6.074617251715273
4.316405357921563
4.026611209795682
5.384788877094784
4.36963154078218
4.775027765717282
2.9794604003778087
5.222561930851691
5.48470145744653
5.789177837818532
2.5970816427448318
7.0691073167102525
1.8970529408362387
6.616488068354077
6.422580263729599
6.396077209888947
7.087418490780438
5.400826579195339
4.231391804907545
2.3596098431678176
7.441650354404884
2.366066206110219
5.796484226954609
4.639652429749669
4.012273912541078
2.8933864662033133
3.2679267097368294
3.4181675531586966
3.1484005249379003
3.178093147189112
7.2497583062049005
2.552968975465051
5.498389367532515
4.3924151053925415
4.767007226981513
1.7958955347979886
6.997098980463508
2.5280729089242597
4.485458870194368
3.090280047280864
4.993937724340876
4.996720778973979
3.6240388224484397
4.621126534340074
3.719019112769305
2.813582659570497
2.958715259675302
3.0316281918706713
3.163635344251802
3.106497979404202
3.4499849841352597
6.631930738816757
6.673345151691642
2.462051870773172
5.890080674659598
1.6085663815865465
3.3921651305042344
4.102449189015495
6.584325316690748
4.732168739283343
3.2919786750116153
3.504737542229449
2.091431642020099
3.2237517563763545
3.5728653385455225
5.050488932400677
3.747714326391091
2.9199922884402385
2.9606784660829097
2.9606784660829097
2.9104328620081965
2.917642264315753
2.8955965326507407
2.8715260199001866
3.8265535547424996
4.189335690768003
2.5016256681467457
2.8139160597672284
7.532091998932847
3.8559516172301014
3.469880884155603
2.6377998464306103
2.790813082585466
5.729227596828926
2.8122950326809044
4.3660892235126765
7.512229190701345
4.9864728639545435
3.7165372251984583
5.889082968843731
2.9555769809528787
2.9378492424193
2.303768543994618
10.874514259155893
4.964963044069496
1.1684819750901765
8.84571456967642
6.359586928918379
1.1866288909094342
1.3672334397756554
11.315622710220541
8.050785705621442
7.463848061064802
8.76445238999654
4.6148481885299315
3.8578647719228987
7.323964483045735
2.4175730699548725
2.321208941226527
5.533659320671214
15.466537050284103
14.195338437613076
10.914740728821295
1.9210158727510982
1.865237655853665
6.480208730248532
5.3767452816124495
10.859933914800818
3.3002656360540588
4.005653261531297
5.395401063265364
3.1179716835337588
5.163620895139584
4.767538242422518
2.9993063791391594
3.9503959212219995
3.1002192638712653
4.6731213486840035
5.866404478356448
4.972708668433635
2.4888573287691824
3.9084204952268466
3.8910368212493562
3.961351492091629
2.6527852725969097
2.8323362647543533
4.786259105195568
7.959094515720752
7.961454540302444
4.157510418024799
5.769418436276852
2.6730548495297644
2.5611066539848775
3.3436316564729824
2.430218870203226
3.8963041772480875
1.679927140956981
5.933935950884646
1.928554222351813
2.786889192344426
3.4784124677692674
9.244215205800435
9.469560782763628
6.944491253057669
16.691364697436992
4.256307524269197
2.297487848395151
8.040627348315429
2.2338698645326756
2.10630949507024
2.7568568380367906
2.8343140146248786
4.636553978393335
3.4298583837618843
4.959512541548876
7.759545523878737
3.982751124832304
7.772968101839209
9.251901653172002
7.848689395296804
2.400245676814376
2.107997455919007
3.095958388639309
2.0895722442211366
3.4084048352450744
5.745356739396424
5.149332967874899
3.6316725629987507
5.312003486873903
4.556204492426142
7.660362680388818
3.9707203880968267
9.298948125357725
8.294945969366667
3.299894447012724
3.765116231700575
2.1930650191595897
5.1373600293903205
3.4203716058626403
3.8077416716216477
3.148866698331933
3.943190637414764
2.111895118433587
8.467875653624201
2.5814348830822667
4.174501261244986
2.400252919063643
6.5759590857312284
3.9023770178468475
6.892413101283086
2.237148092235383
2.12593088392296
1.6620534547743495
1.241014436720742
4.713632843273955
5.527061832616452
4.349331400999101
3.7216084776025964
7.311378780572272
7.737540761106791
4.953102839162341
2.1347973413259234
1.5226800803800107
2.773128568830976
6.412523921465965
20.550213796367082
11.585165800118121
1.8756908828420444
11.962158954987084
2.5963271858863077
2.1075677250174074
6.696783689714595
7.849308115058339
8.026305016343711
8.392190179051381
3.0495278214190202
3.279313055042531
6.943367826965158
5.796315674018521
3.566990731314875
5.636022535347029
6.0224286380885435
4.734440275657919
7.43871183057999
4.865440866727912
4.326641948010616
4.057981312303123
3.0310068413318687
3.6286097397284065
3.3303489699088287
3.245017948187199
3.1993499606828886
6.923381279660868
1.4176819274882129
1.380034375068751
1.4069349810288625
1.4069349810288625
1.4069349810288625
1.4069349810288625
1.4069349810288625
1.4069349810288625
1.4069349810288625
1.4069349810288625
1.4069349810288625
1.4327787712474997
2.903506416014629
6.94783543835093
2.427956124026365
4.020298407835166
3.8867613805133803
3.374925942881924
3.3784006162841194
3.1018344229465713
2.2702555713021084
2.0045050646614344
7.302014852422725
8.096543889973477
5.570653885053657
6.54248983969788
8.716271461534351
1.92219736497295
2.849284198217997
4.148471828866036
6.3170631194826425
4.875858800001199
3.5595040102715885
3.5815568052092455
5.724323745313301
2.5655619680340926
5.73588799791705
4.426001642154827
4.87723830006946
4.848085264996546
3.125387774188687
5.400116184081976
3.4178190854399646
8.54691029100602
2.5389180410786847
2.8845004155778744
7.834229744143429
6.548310144564442
9.744705634033373
1.989065268391825
3.258285299953463
2.387826992494073
2.0821655442924802
4.727200052847421
2.7235553970171744
5.033570739979732
4.769013275444116
2.95513342181078
7.663407017502014
2.1385575422343854
2.195266119890523
1.8981567605585243
4.662258739859877
5.856024030252091
7.058208971157519
8.812898239285095
6.2568192952200645
5.169067362687367
7.938658582328699
3.058006081077737
3.5204126926779598
3.7443224814777514
4.219601779586977
7.484188503147868
1.1893585665769812
1.1680108644062621
3.632658649223175
3.11888650924851
2.8659688847509037
9.456975324164215
3.738255947911584
4.0435978824364405
5.283114211918918
1.9664832541010502
2.1168639190408878
2.975030855852006
4.5533502133344035
2.5795753971989916
4.525998442235371
2.8397982078405666
4.777940734070454
3.250690239327707
6.376205476343127
3.186840656058028
6.536576679274965
6.619080496317724
5.949754124422372
3.4996139372404613
5.109540624936883
2.5451610134190674
8.08835556019746
3.7340912073940875
3.606892647558136
6.987231786138008
5.186691563945823
2.538461410771776
1.9352628419147149
7.653924830618462
2.034986558176015
1.8703831682710645
3.300107546238178
5.287346738057415
4.399977904665492
3.648649500130048
10.467724843673958
5.297447529736745
5.240914938222258
10.07609005526698
1.5981282031330666
2.5400506216057477
3.7878123425994135
2.8624716080851234
5.5064835527006775
6.480836579225438
5.748157152331036
4.884295900861385
3.1836859021120296
4.311344876074802
2.9835124663296586
5.1257508137955945
6.6102416891624065
2.43727231512723
1.341132911447027
3.734823759036165
2.595388717497379
3.6835244989957223
4.7524930526022615
4.8677096384538325
5.224552821424995
2.78626270805269
2.7628968007307355
3.9900391489057485
5.479643941982859
5.185505408185171
4.50100247865942
5.421522355718419
7.3068481792047875
4.72899209175414
4.1108628574280965
2.204912522054298
4.0021728297337
1.449441383365415
1.4966584197162212
1.2351359079728075
2.0237522831551082
2.0581647650835198
4.388544424855171
3.7365407575105003
2.8465327079698586
5.813871956765267
5.8745085043886
4.644315884756737
4.649217161394695
4.23600140684586
4.226027138973158
2.8318487584089507
2.9802099431291227
5.153724714098175
3.727126304113247
5.318190449637781
2.8189767422608427
4.0372482433951244
6.135362561039463
7.825605271373759
4.343017275410505
3.811427160263173
3.2107176257610965
3.570631328375617
3.2472837918395157
3.2603566826950074
15.16396718938636
1.280286538251248
1.6444828531235351
10.676999075965655
5.201279820073287
2.5883283812659696
5.783977302305051
8.033552644890234
1.6737267020670568
2.5256752399595173
2.161111496742923
5.512148911582202
5.07357735812339
2.6450332779730505
6.293091622589433
3.152579927423789
5.221138435960319
8.204452100665137
2.423658765564864
3.9826576527897926
5.4279729281556826
1.5199720211622534
3.04062172607914
4.858137802577119
3.337125571335588
3.3762083481032774
2.2254612620008545
2.9335832215889095
3.7239895065101596
2.909630812674525
2.143269236917335
8.497726235196144
8.95005591609666
1.3779303711858526
2.023361083887689
7.005449115345736
4.499310649089089
5.278369371349803
5.027191976945514
5.356272864143695
2.7262817498612697
7.37766371875879
1.7835252922624707
3.471340819272073
4.85889446526038
1.9773302269420392
1.9496899812644801
2.4366616298647075
1.9864471879916368
2.2368646134376307
1.8477683528452369
2.210732121943246
3.7853886666901335
5.61071291008144
3.551421704674207
4.226056943159742
3.968679938220106
3.146734405028072
5.767938124314633
4.376071564676502
6.2995398063929064
5.423784176898372
5.811242756412833
2.766968402297287
7.202444497065682
2.2307442408287925
1.7935165314242447
8.884908116423
9.757672345640387
8.084003514468824
6.464249981952399
3.641102498227116
1.8538029001817002
10.965611173781403
1.8701716532671167
3.354723248414634
7.069102097660572
12.212032504979755
2.167272162096877
2.7296310390747602
1.9884990942062504
1.9838551593913765
4.410275870239646
3.2918291637173236
1.8541736567557163
4.2243053219200535
3.521179050109883
3.1923179369162304
6.347100495878092
4.067309513302948
7.205524915947888
6.781788993317184
3.84981124364653
3.389571447133326
6.8184503869336455
6.9549923078601665
4.846597288180585
3.359398540208623
3.6260876806281264
4.798714689936795
3.3546617100110927
4.804029859718821
2.8522835741361523
5.912885984391863
15.663232442247427
2.067079054965558
5.021624401826675
4.715018606686854
4.220941534759272
7.084944401220337
1.774796602776305
3.015321340785229
3.744523294757536
4.144596556009584
6.5352481679234184
2.566357228233048
2.3969226263941383
3.529987714974338
1.5365160487518363
1.6017603135348129
4.007666610933189
5.808472643681657
2.7415799431999974
3.598363575857026
4.214969512292608
4.8912156944566085
4.620092860465392
9.586495585326604
5.186519320597942
5.928817977514028
5.2208543979478845
4.039458543826867
3.980913285537561
4.604971280462624
4.678324685522031
4.304246594476266
6.14786167811707
4.2809195809127925
2.3101079304737175
7.6952356272036955
2.637742827512978
6.217703999744717
7.721751082685561
5.213490191281046
5.536992423495582
8.264648489341313
8.860947027802554
6.508925550185347
5.276171443206353
3.049228741504686
4.895072312346852
6.547245092281814
1.3970019081295664
13.54542753221456
5.875991039339686
3.776090374973682
2.744074311863827
6.45794597287735
2.8317106896620055
2.4525136094478
4.378377449292254
6.108897984477398
1.7622365006885259
7.665086282673376
4.19803687230015
3.874658585828702
2.9848219318598583
3.7324511050975664
4.4802789403425285
5.860682015046947
1.3833318624325417
2.261544416059369
6.225362134935954
6.279209929285194
5.370388044671206
4.480999836980619
2.5195558175674138
4.9765923115551605
3.007267215409539
1.7295571275966226
3.549921500006947
3.4449499894768745
4.260700182531419
4.187689189521623
2.7045656292763303
7.456210124962263
7.953702925273207
2.526950321409077
3.9405655934539148
7.328655453087569
1.9834963449013012
4.378891455565446
3.1263841115308013
5.469586080439052
2.3911889594848432
1.5773455398157075
2.4448987318912168
3.8393938087923845
3.91963873688272
6.479130803243572
4.364681993224783
2.0735992833721606
8.574512914720513
7.9772627636627265
4.477643262170827
4.881528757788549
4.640100296386599
6.866549733858777
2.0468897681841174
2.6140840678324304
4.403559884456749
4.364724737744974
3.0785779158743964
4.782293399422017
3.921454837443731
4.334258895781075
2.268175096940371
2.2330382101962525
2.8138704037971354
3.624037503600126
2.5919634564483243
2.6845811067836935
2.997040354411244
3.246125998801109
4.488556205424643
2.6646645073361497
5.93987948676834
6.199689296230166
5.422072166927512
4.329489109199276
2.34239586877091
2.934147507770596
8.877923257910533
5.15565363516273
4.169311515312672
6.104513001232599
2.072505131309078
2.540050024003467
7.07683901138238
5.6551170171734
5.460238242410906
3.8616407560683186
1.8323581474951598
3.469321746033893
7.436792608954218
5.335228142085962
7.53002339997541
1.5810842301460775
2.335606500612335
2.9758707507316435
4.0577190440359026
2.9887493086893557
2.9952034892614123
3.14701751622268
5.4710992593381915
6.195239458760577
4.099167692976713
4.088986027899295
2.640708831030472
3.904114795047696
3.7338205907615674
7.819643267167808
4.220237194571156
4.783570908881086
2.7637846243879993
3.889947263444531
4.435367434595059
0.8899931252922003
4.47050581419569
3.453263546153738
4.953366701237145
7.645391872271372
3.7651660158643203
5.444866786631098
3.7606991139463988
6.368096089976677
4.255932568272044
8.887655076653528
5.914108722180811
3.162866070643126
7.866616509415166
5.436615995555063
8.378620185944708
1.8067835676955368
3.411227586354644
2.3275483115092346
3.8376690704277276
3.4747884341847093
2.046570424985315
2.7813002852519944
1.3536050990568504
12.034585452991212
1.1641611917967252
5.509119258794879
2.545282369831783
3.0855727433155073
3.1687055069217562
2.8075296737922675
1.8807209135908736
7.386614598882599
7.169221382211729
1.9965848604717293
2.727872493310074
11.018660601696467
2.612532396502324
4.689873975927952
5.304056119256767
3.744337791890947
5.675977784920409
3.5977455242858785
5.81077148772757
3.144096315427012
2.9977938002684845
8.077994179639974
4.730872666768613
6.073235864704485
5.032129029372622
4.353231051371716
2.151263755758807
2.092927506884353
8.278607676374712
4.129123088768217
2.4733370677341715
7.693761768299342
4.488122657923823
8.307270377414145
1.3258234869750767
8.945137059315195
8.079786053556091
3.7776537722719286
4.034679261692479
3.5730433961331602
3.5804103508580587
3.5804103508580587
3.676771422134338
3.676771422134338
3.6954770572300775
3.6954770572300775
3.6595587899535493
3.679856568413198
3.7149544876034417
3.664880392195867
3.664880392195867
3.70810270325587
3.770426780963765
3.7157151826702273
3.7157151826702273
3.730364333805396
3.7660727344434757
3.6646768480508136
2.6179946691797693
3.357421202825565
1.4995224208173075
0.9036163827182169
19.559414168550834
14.871570853042627
1.5576688580231053
6.944756590577643
4.420297296261206
6.043577665315225
4.886933139835823
3.0735404027045328
4.713297782279791
3.461475403100643
4.450125359473472
4.481836721176684
1.9616922318684207
2.059993224325749
2.07463983264301
2.4307928811460973
2.4747515787032444
2.732772599931662
3.1144254186142497
8.947897707853624
2.9379369526587946
3.858454824186331
3.348741361785182
5.999841486476133
5.886944933052592
2.2312410518178103
9.300345462158404
1.8757970780640958
8.10181189501633
3.1883333715794047
3.205805424561604
9.885891912362423
3.1375759148770532
3.364416487510756
2.3089407320677955
7.037827524886662
6.149776191892864
4.19871921246227
4.015997913061867
3.4024599172859413
5.956585426794288
2.542967640316915
4.194601428024354
7.324245806315296
3.9889910488446407
6.558023659425866
6.766232396009855
2.112559090223973
1.9809809681284936
1.5164236253618628
1.3616879940652726
1.6367886715935571
3.1579897128679146
6.238391319767379
3.4298174299442308
4.185455093559397
7.08958178026497
2.1925142114057343
4.190940534970414
5.5575477379067
0.709443016102235
1.2398135390571312
1.3063041681085004
4.242907495907654
4.313862927388893
5.446203321707054
7.15614461359248
2.807553708167606
2.6429066356788016
9.150405074715696
1.7137264927234028
8.825621990340407
5.758467956561862
3.3254748103406233
11.087428679119745
1.8903005588748627
1.455032528959239
1.3250113346217827
3.6430502964589975
8.52545094534277
3.633932123662064
4.687663750242431
1.651421028837852
1.5510917544398255
3.501120149462422
4.601971000138632
3.7818618299971933
2.337684584363155
2.25634350150446
5.474298759191354
3.4183301550409277
4.684851210659295
6.2485795453013
4.985940587737538
3.905783033667015
2.9689449909222447
5.865426880347308
3.3620778946135332
3.2440264568637596
4.267594690238648
2.5934895284007897
5.905341001755268
6.949813740194067
2.4831454801059416
3.293898397258117
3.0637483571234596
3.470703094170769
3.57161542248788
4.046421306812355
3.902358585489341
2.5298625130778243
4.783792796166044
4.420017253756443
2.506001973843075
3.881077013718723
5.7532398129352424
6.687607849573865
3.8258462945903506
5.490517668673812
4.152027317722763
4.54269636459408
4.344695489286837
2.6632891807547927
3.4436194164286444
4.629102482558625
6.5313831299937934
8.51328781892834
6.541557025867443
5.373599745116498
4.2461572408272765
4.90945955538671
5.2416284758570555
6.0675699291557175
5.484960993906058
3.3717609122838796
4.009641953516302
2.174757730661749
7.6967294927138035
11.128573445797779
1.1726046191250779
2.1051531247056867
8.945285188166963
4.8311652412841966
5.121136471464752
1.4852305176618774
3.0018702309244154
6.695774790175844
9.674839368622484
11.18269529329836
6.039711718857628
5.653528382468765
2.764621843546682
2.23811047785498
10.118239017870415
10.756717679156758
6.932565773827021
2.301006944723501
2.6477300833483346
7.8749938424732
2.072364880008169
6.807167123418628
4.878252451748477
3.098467189931672
6.451379363422889
3.348453922216183
3.6012456286466654
3.9069030570598002
4.083232875469345
3.9718727999088603
5.225905637757492
2.9016385724966827
2.993287077397888
6.466937407392229
3.749027557627933
5.213293306169182
4.307085455639867
14.229708183256276
6.134706163986898
3.9529608179557565
6.146073091677873
7.831277986569707
2.0953121714274094
1.9506862217827887
7.257144782043763
5.222215966599068
3.091602684471136
3.8425641911371367
4.461761299784059
3.94908969640686
2.588367185400144
7.250705226825489
5.520507049292456
3.4602666146439596
5.6873016640691905
1.6911163379153593
9.884031060671262
13.001181711113293
1.2297472019596554
2.4990481140788647
4.490157072540303
3.6655435357453543
5.491554744785593
5.635635006166998
5.648411552432049
4.349169220467338
7.4899966080660905
